429
3.62450100681510800626 -4.27333310893900009120 -0.92037723435743279410
-2.07405936580958272231 -1.74194611704956203724 -2.17393486053107976019
-4.46664902819028153402 -2.46099129687844664360 -4.19221602792747027877
0.71048349439772806591 3.51503617797394607436 -0.12341218867183023633
4.11939754024042326108 0.75421518495123152093 -0.34026167326670364588
3.76929449222465517977 -1.65911402601242041754 -4.12346336195299301153
2.06565638585548594364 4.47444277497376941000 4.27711408659028702317
-1.59306400711705897777 3.95904563201004844331 -0.06463143158323259030
-1.32945436276269601805 -0.84046598614879908240 3.21164629972951409798
-1.33701792646659578523 -2.75441137623551357549 4.15313672613525408650
3.01934800061517893965 3.61551525719635780121 -2.07239660151004922994
-4.50039845062909460438 -1.99072021216575123503 -2.23127536310734120306
-2.99216392485153459546 -0.79448236605156097312 0.97880514567322407515
-1.57227623166993657478 4.31751650574009371297 0.93904848844970700839
-2.10519742311378443844 -2.61309752294161912189 -2.98514248264485981821
1.78613070611958324463 3.23746600419648355995 -0.64432416998704455935
1.56569891407011585471 -4.52562005655238674962 0.41221113457690794490
0.65810714306527717810 1.85584568363134039259 -2.60373247744299041173
1.15438684564320404036 2.77246548009076310137 1.33193549690055590418
0.84379240410708966635 -3.74396634196659716665 -2.31247758764036515089
-0.98744761976999351205 2.54673049714412780276 -1.46666304147985471218
-2.24428237606047398245 -2.40985034353891958148 3.68630187173560397440
4.28708311541755104912 1.94466545773678234355 2.87405246935858116331
1.26402693699718327025 -3.28680697437095181712 0.06217122942017816456
-4.32949295704569259158 2.60318367208700696125 0.28399580290609005573
-3.48129182607998544086 3.73850808327419681376 0.42739357258500643155
-0.12307243624796448955 -4.24179354130368579945 -1.81035290984765273592
1.51068220842268896575 0.19471929607278593011 -2.02928388682266369614
4.00304844791884217869 3.10987936673940179588 4.10422211242779422236
-2.17866175650716842327 -2.77275371950183258107 -1.69116345784598642865
-1.79694171419436443671 -3.25832738771001562128 3.44109978769329227788
-1.38844087446391029061 -2.03035281319087390628 -4.06766387592909772764
-3.08730447473993496743 0.82923538209516411968 -0.82281743258420547704
1.03223412841572059762 -4.50665003168659250576 4.52622750509977667122
2.28617686598544533894 -0.50023371279735062700 -2.11867030042871284934
-2.71222263956955789155 1.76268617696951057638 3.67768070732942309320
-0.69620640915796982995 -1.69203172378769828299 0.51262017247660196517
2.43629508778796033397 3.40672156124271463540 2.62624333718894131806
-2.18897034884234154006 2.63736398337418975757 4.24795057064429126825
1.42243535253902475546 -1.86804243585285956186 4.00865975579215838565
-4.35176427677874055888 0.16906589882689360138 -2.96438242839645438309
4.17253002077003909420 2.44636436054422201636 1.09458380234353835903
4.43963060522443608846 -0.84283651190486041926 -1.41970172922003978755
0.73344254860446689293 -0.44994241327881123738 -1.59291511578028499585
-2.43123283357907737923 -1.36324061586671252400 3.39225819433405639813
-4.25226084072943599779 4.43413439192482794482 2.45266477787047154635
-0.41821705055176838783 0.75309168996633513160 -2.36450065316316049291
1.86445622195410098954 0.76380156878040139645 -0.34697410451627508365
-1.23106881573526516505 -4.16627291712865854834 -3.52743101982004070294
-4.51901598705632245867 2.24823504656498585064 -2.70591333126978028645
-0.10278773494251680631 0.21424742112287198381 -0.85888073552758648077
3.82377544118237278070 -3.61574122667698905076 -3.32769771252543078432
0.47376403252514798226 3.76856634741919105380 -4.14808189117526193712
-0.28130868743502901452 0.11489870946950730968 0.20269167285713773907
1.32500735431966276678 3.01159967578992660009 3.74470450597005655169
0.52536596403419544288 1.94947945972679992366 1.86582035043308902544
-4.31612858239397745308 -1.32986694472750910379 3.32866371631007584853
2.92327114849988500822 -0.52697924900463011255 3.06541071191491454329
-1.58312115251838658736 -3.76100185035379297460 4.46011165572435697158
0.35085041789547588564 -3.60284976999143413678 1.57998880703352373445
1.17860119578698618881 0.60656175492083086453 -3.32731148006647359239
-4.05043179782521622911 -4.50364402310500988591 -0.22825583055453790848
3.75804579742946121002 -3.32640122927382320128 4.47697912607225756432
-4.34233127988688405452 3.75844145768103832239 1.32848895291394786256
1.75270623654771906530 -1.78938165975458440826 1.26272025782805830119
3.15192796370794692251 2.69141815548432372651 -0.62372090290267445667
-3.79381363681435157531 0.43071536396567200455 2.05780152340386557341
-2.98829057025416400251 1.13398046448319345103 2.11627793693700549937
2.94358674850005108681 4.18671885499192075741 3.88052225668123806912
-2.35935306192378790868 -4.26436240794644394470 3.31368664509512544925
-4.15081656453695746478 -3.18483332616430558915 -0.71096250251163572997
1.36925851315740043646 -2.47474891062553226107 -0.71216912034509638474
3.29884868642181494636 -4.48900368802649119004 -2.04539309517563072660
-2.88151478122613324828 1.78697150535109461345 -4.43374256511990427754
2.72164474898919817036 0.57210674451587895106 -2.26989123705994355618
3.14908137038706481547 -1.40226706395707623187 2.00817195534599779450
-3.78501665885375349063 -2.04642990122076939841 -1.14947943980067091019
0.40440331932757089817 1.98819927186071598868 -3.78974362101915485113
3.96187725602863505259 -0.99284359308862768501 -2.34328692305606933743
-0.07391560153314102877 3.14332958057814426667 -1.91066316349141152031
-4.01294633346697260379 -4.25322538979369646484 3.48831404198364314340
-3.52371844730756045294 0.52452989008394634851 3.07404770259877313521
-0.05436500622418094508 -1.66707911061517499718 -3.26812386777397989590
-1.78187208840019506439 0.85650379155487765814 -0.87360860602716972068
-3.21098057735298292314 -1.28018078934782497669 -1.85406363664971562955
-2.24817105990877585953 -2.94516951669273963077 -0.15867449196963612223
-3.83612102002848276427 1.50837128822858890231 2.70312359351505904215
3.34002721495266019502 0.90459547140995955061 0.87808724375781910254
1.74648910161929826756 3.85612879910044537013 -3.76421673535909473429
-2.78492205488977395689 -1.97986844414826990146 -3.45883287602495048674
-0.82189410636651061282 1.70435682172519964439 1.41661118944479635928
-3.28467135798584175532 3.97541561409500854296 4.39131095778053204270
-3.21825007522182771069 1.56080828888985845282 -3.19650450291447540963
-1.13603374140638724299 -4.31043944005433221633 -1.49823356083222414270
0.76927393530924526033 -2.48649916504862966704 -2.83734818542281530540
-0.51791732559013858861 -3.40746537850685671245 -1.25385847065339017803
-2.12060776711635234903 -2.12583974835364797329 2.37031910763426623134
4.32051020108288863497 1.30764956498047535405 0.67651074219986906400
-3.46794810298153244332 -0.82243893078699237265 0.08553257258313351485
2.94061728584504766815 -2.21459581649227876810 4.19609340425946708564
4.02709571475957606168 2.71053977213304975180 -3.42948127756530718457
-4.29109811076059255441 -3.86181883698015671058 -1.97656291940094241966
0.13755413844314379190 -3.66348906073417923679 0.06024302568670503177
-0.52566823244116456237 -0.41739377347529238449 -2.46273475144472486775
-0.72719549379945824796 1.77772396116454878268 3.76826896778597042470
-0.94356655480303963657 -1.78391196937091844887 -0.93455013244353413171
-1.31098518532849261931 3.22196559086905320868 -4.14358358554857897360
-2.82541598019474848869 -1.02859774747091226033 -3.87405174206791258484
-3.24913564466839321909 1.45958428677454410405 -1.69107349802074669043
1.04063227312414507963 -2.96278388033847095429 3.46881830581116279433
-3.79611427114229016411 3.08655068536272114699 2.23664231287440085083
2.85240033972999373901 3.90992696782324511418 -4.11268931448798191752
-4.44771434392742204267 -3.57004283785670750717 2.79980550397630789661
0.37709420764773149415 -1.68850389126390387773 -2.19166113964506159562
-3.76981890528845253741 3.47847129930898102401 -1.98616708764405158760
2.27881240429243181467 -2.99995960973251962756 -0.67803890158339275018
-1.78556434735131164260 -3.58170817708324973339 -2.21183910567534613989
-0.44796996915159148500 -2.58719646644843948025 1.37055007818862417679
-3.86018876924043352616 0.07700157219253700447 0.99077880734235002080
-2.17453300134503235697 0.91849613873597046876 -2.15024274208013732590
-4.21296627869768247621 0.60064070548745895906 -3.97808111469742753386
-0.36339006740292667530 1.83304738073536110932 -3.00560257880339065650
-3.98892332821239481433 2.82935367657137337716 4.31333531221907673370
-4.24949525718305132216 -1.78103196157443344205 0.90442033352642070554
2.83473461185921316030 1.16883352037577026294 2.01815441449004229213
-1.70596784059909989395 1.80657602655444637918 -1.47376997983318114294
-4.22571901302044494741 -0.85396235330566394595 -4.16246496354393435979
-1.80756927869022820943 -1.04391286345887124298 -2.93539602462618143264
0.93682223847071632861 3.41559709211760509362 -2.40364295111126358151
2.52935372335786823328 -3.03191560907565405003 3.60498418223492134160
1.05482296383414375640 2.56318499469317284678 -1.90168423800700914228
-2.24650599131788641927 -3.55659968078527510826 0.82669966592445387477
-1.27184365753547323763 3.66364929597742783329 -1.51587846584244401171
3.53850997502946729156 0.32382470455870837611 2.04992306730957007943
-0.79442909016997198535 4.10145912670161916225 2.60240414877285530793
-1.41142174015883004046 -1.62958967813887189990 3.96599800980446648424
-0.32303513935895100673 -0.18231177898448791552 -3.88813633315764795029
3.27745686618116760513 2.18848895720497083062 2.83438299994783537983
1.59617791981797729761 -0.26369701820554070082 -4.06727398480090318600
2.67465311049194287563 1.10366100586671755934 -1.14258623527779379359
0.23925569650690547974 3.20771309252437397674 2.43792786000492700538
3.51550225961052031920 3.59019328401537674011 -1.24342969148723225814
-4.41325104189723038672 4.47694411489456545183 -3.00312287199370731017
-2.12541947974584122250 0.61667044423622741078 2.05838163403213236791
2.45299930546366340423 -2.46798019772974441821 -1.69715700505564814904
1.98334773653164742058 3.32887794368844769366 -1.79251169413630329075
-2.18474093131586233341 -4.40955620149178084688 -0.97821799074721926814
-0.02243878834242973852 2.50173516559362507650 0.05561258536487123649
3.34679868894172294347 -3.38435896046014361715 -1.07147705078175947691
1.96512516830366390508 3.33138726127355777606 0.78233268390902388489
2.76836934846703908164 3.39822852214744308696 -0.00019077719123217207
1.96950117094155441322 2.16094631715663521021 -1.45551502432100487994
-0.13174165043935825992 -0.03944932388411803714 1.21970980847889887144
2.80575255921362298750 0.80928293890123903509 -3.78670973754061490624
2.08193372645458030235 -1.97508041326203631627 -4.21841581810827026544
-4.17403743255494408260 0.76922349429396152942 3.87376759305091145080
1.67575799616556952998 1.22269659918862583226 -4.52521499915316649520
-3.53376927836961574059 -1.66515737686202314194 2.83035872718122494263
3.34345643018910276822 -2.97887238244252694486 0.67150704798487925729
3.06743878977821982090 -3.44474106976819172132 -2.10765849287184581229
-1.17022457738164620267 0.32832251857822569718 4.33573031513059614639
2.79880758493544501420 -3.27792818210865899431 -3.49261446740163128410
3.85812514942941664486 -0.08410766716190032355 3.99776199272134125096
0.21123305904461275873 -3.64474471281067424755 4.08404114860098399475
-0.15976181732752081643 1.75724090353081496829 -1.95932392798297927428
-2.06320197067755195519 4.45377831033256921245 -4.21613717390340259072
-3.28778189437169432452 0.36396503530787249758 -1.71944478895893126946
3.37676354691693259014 3.36939557284649016111 -3.08529434823757631179
-2.28062421783581603663 3.92741903714492845978 2.25589159453255483356
0.47358287686563205199 -0.67952520083334810863 -3.09402583503048989044
0.61838864338689703004 -3.22717286555983484675 -1.05609703921099473689
1.62314956871035764863 3.60714906469651896970 1.86609116920077600099
-2.29616634166320299215 -2.52855168836262311771 -4.30311123201495249191
-4.16564738749611152002 1.05452793318998949701 -1.09310251400636548880
-3.33156248876701566175 -2.24375280430736490089 -4.51130147963804706279
1.33062719355171932278 -3.88632120281555692998 -1.41260686877372876324
-0.03848133679065135482 -2.42509949374261690735 2.72923732009378738894
1.66849809467572018917 2.96396774547821095780 -4.27051411887325560457
-1.36268676071779148984 3.12481420966317458010 2.28934294242631874994
-0.72254652092520155193 1.57210879556427052250 2.78494630645410090608
-1.42050016693272196378 1.72801527704949720032 -2.61345068652120238184
-4.21561706732249952267 -3.47320150166440910766 4.29801933808861758024
4.36660236194766060436 -3.24643546386525905234 0.75534529222772839319
-2.11912725232175480627 -3.29129158859934012327 2.21914856581236197286
-4.13940437836107122394 -0.25102076875382373089 3.83145948868827890266
-3.95006677418696261483 -0.02502833347713462331 -0.65514711547716464324
-1.74795574601672765169 0.81413811010925485334 -3.27723072838829754261
-0.04937804352516206308 -4.28156256623787889737 -4.02827096187622668566
0.04821426593158317786 0.53885127210116490204 2.86683068067102819754
2.34404527655025152200 -1.84055125242680617248 3.27878096654747963612
0.20855483566499621872 2.10615820248530560832 3.27067422094435489299
-4.02176739164079233291 -0.82004797714106736350 -2.96784506875461806530
-1.05225729011047430816 4.21650167709465062416 -4.39218331306011577908
2.17949687370521072438 -1.02605338579368199348 0.45808184831195752906
-0.40925279540926151611 -1.08040644571844790534 1.24914378150235272358
0.11299120885135049974 -1.26114226883870772511 2.14992842500804393069
-2.11936599295586924896 -0.57442274575339080656 -0.85263489610918741235
-2.48198350599425898722 -4.07355044399614918404 -3.23410042056733315619
4.01297147619561567211 -1.43744694924172788930 -0.18721155372639142200
-4.51345318915879367694 1.70627091104280914635 -3.83440954494289920618
-2.92780658360795476014 -4.25793134227627056987 0.10563076749646160835
3.64634613619884984104 -3.95727546342555847048 3.42509001075578201068
0.48575912103495877403 0.69303793445816808116 -4.20657523975800362592
-2.58141945550841533930 -1.34109259279004922050 -0.19842176994848426119
4.35456182659083079756 -4.11340080632497606672 -4.09669477091086609022
1.46999395892608575309 0.21810754611144478332 1.53282863636341826208
3.09673384122100170401 2.51946291711230063726 1.74975008796373288078
2.04343725627883276985 -4.38039965857358915002 2.19197720226554793044
-1.61510075658655161135 -4.30905032950231703381 2.46174451421517925809
4.03899240686116112187 -3.88962251552323712289 -0.02961816585236931587
-0.13790765866274412588 4.01073260069707604458 -1.05525701611877309460
-1.13947885898476819477 2.88331358829331829696 3.97627679129864208818
2.49832415717110212228 -0.67864145387593843850 -3.40696596204641322103
-2.21557859287594460795 2.68511663113322107677 1.76453957638582448197
-0.01477549361328289734 2.73099690009499607157 1.32605201611372169879
-3.62524559063959506133 -3.76075580578582213676 0.78612819120213295321
1.46588906979434341338 2.89936286039282364868 -3.14999066048222653436
-0.74901507947201251270 0.39990108639634858179 3.41827911358445479806
4.43744888974687423655 -2.09435420398549165810 2.39813509673012337231
-0.91561932228946840695 -0.40186284475705846830 -0.66481653848487143321
-0.08415759915874243546 -1.03351278592110462640 -0.11473030137996609312
3.18040096179072673266 -2.36116188732219800528 -0.80999898597901243136
-0.73380759573303722121 -1.30414769929293328232 -4.05392853986866796845
1.97873032226232048458 1.56994599425547587401 -3.61293356235044926805
-0.58642605359926225361 -3.76445518607992646309 2.29253448706826379322
-1.83564556689853697335 1.42211181214654658334 -4.27817914492409645533
3.89244799898410942518 -0.13088149525447700938 -3.88850602685723023555
0.75867547004633539842 0.95566855269835393472 3.55136111751358907185
-1.79816311522074512297 1.17750708796893466257 0.30341250714051160031
3.98345978265761591075 4.14160544421368559398 3.91540077441419054338
-3.16380653853345705784 -1.86295473602696715076 0.49943527443871982285
1.13350480242395956765 -1.66747417779984274944 0.37745251599188378577
-0.51298978997730504403 -3.07513746622984385226 3.39819381606268411389
1.39611396483237459876 -4.04546387673891505443 3.60845391721308228483
-0.20129483626980171351 -4.00961634364257069052 -2.96808863424006785792
-1.42737307802080160002 -1.64755602077045626430 1.59809113333609875696
-4.24959120333649842394 -3.21434787631315543877 -2.89075826571329885795
3.54410950489706966238 4.39751529069020019591 2.60844122147390145017
-2.27566568378198708089 4.42268334332253854058 -2.29088413799078116639
3.39164416731397988514 2.20302449764734564752 -1.79478408886836682257
3.15912708763421523628 2.58369369391941372527 -4.31785776258231468461
-1.10392355027440292048 -2.04316588831056433762 2.98563586543480763424
-3.42181500861014331605 2.54716311186884869500 3.51053324264915911357
2.15282683732193547144 -2.93220378682247417856 -2.79515016339648569854
-3.88729495643177447306 3.58614311851966416356 3.58333852849069511848
0.92818042258357724705 0.40741089061429569540 -1.16270824059447841492
-3.50927423628008883227 -0.08268392988125849996 -4.37045697128369159401
1.39585173604606538333 -1.68336295005339131592 2.71399551907632829995
0.76139008736108415576 -0.41186348982173548450 0.10780362290803058301
1.85114629035396571766 4.53665191331317796397 -2.77048945697199577864
-3.86629423425968621331 -2.48964181448420607268 0.11373331590883495323
-1.50142831907410023717 -1.18423635482469791214 -0.14565978224873532554
1.41527386213375105939 -0.74253056301863962219 2.96941739105666346887
4.52150439751455035520 0.13145469702239331866 2.84300253039166950231
1.35427570462651125638 -2.88606058765453976633 -1.87858014503113457394
0.59311092656961328373 -0.53748113947724540651 4.46526322938232755888
3.45100226831818623907 -2.70976693660087075699 1.77674246208593533680
-2.80709583297692022441 -0.08712765600671268373 -3.25605824124783094220
-0.92031301331977521940 3.03311110804502348515 -0.19566675779082309816
-0.54139329429144034123 2.50828708385771825817 2.59634447257918044016
-1.59522270071655469792 4.04526850552048866660 3.34730419086631503234
4.53080913976450982972 1.91189164710705306049 -1.49900872078076785598
-3.33468083343829446719 3.17880726656055134782 -0.38690420164636840639
-4.41366117644256661379 -1.80954681146626938926 -3.31652709335743312025
-1.47735276003274851320 0.26500687356684959894 -2.41910623155577386711
3.34420558271927959026 -0.28104221410440910489 -2.02854101275366538459
3.99300260223463876486 3.34053429173710991762 2.86480900612994293652
-2.55707075492945135053 -0.24127748863647546784 -1.97361765550297318939
3.35591072318265215557 -0.60899395068532591324 0.54317283860349530045
-4.05140066965715117675 -2.75331557565407702981 1.52039072809561481847
-2.13042468744340007802 -0.84277343458136488863 1.47016376753162436586
-0.50758838374690995465 -1.98000303765354779273 4.11690418934978286103
0.25298439451846377324 0.87771462892770291120 -3.24912903033017474996
2.48730304537706903290 -0.55681453264063485165 4.49796221234148685397
-2.32275748447907393057 -0.38399205387916790500 4.42585730428217960508
-0.61382872047766223744 -1.82071143603515972487 -1.92192572083212809275
-2.53292788439453975258 3.03611411164769950943 2.93906891327568597916
-3.90433917296008559106 -0.76637615609303200159 1.53633373487134061719
1.53312611029364820325 1.68249820346937273285 3.20829454955124759863
-2.91756983904230171589 0.74396940859116167388 3.99142884047437274120
-3.07958154953886431571 2.36568155700533555574 -1.04808310201686349927
-3.37197808440444779521 -4.13577953390287600399 -2.43710925687235535619
0.58791080992934308114 -1.77892142895014782056 3.27271299495523138035
-0.25628798334581937013 -2.52144721578836117359 0.19564079874064699283
-1.60549657857469796340 -2.68918935445923912297 1.52766968044509976465
-2.89499898282866263699 -0.17120766051696545418 1.74288647293052267884
-3.23800794744206044129 -2.94794680278035414744 -3.62903306198247976866
-0.43303214847993487524 -4.50887717202067062061 0.41543989813954418366
-0.95953104382313192389 4.25175536573134937868 -2.45051148826381703927
-0.63655799646805766301 -0.29800365945022821990 2.05628676368294183163
-2.30566631086038098530 3.26265503581438398584 -0.72932263028283017547
2.57784203083807117451 4.51841077873433416556 0.77458585054824968807
-0.23953003092600688717 4.41763021439579883776 1.36452476142134848658
1.64470892682798730533 -0.98079903328868001111 -0.61428069218539604890
3.42766542209290481225 -1.45763040192649118154 -3.08105667200009847306
0.19857757733293901481 -0.79168002927093361620 3.29594196314658915981
-1.56738675973469820946 -3.50601646870008742951 -0.80365152659067629060
1.12846816476365052750 1.59768007978052573037 -1.48214478009217121013
-2.97287572789831910924 0.66225892511042250277 1.14849064401745071251
0.59007778161204971212 0.92800908062761866546 -2.22377732685275697477
2.20674839938038491738 2.15382158213860996909 4.33305338442613940941
1.59604255165791020232 -2.83482541733836423958 1.36367914934136269522
3.54699968083437244815 1.05507630592614365383 -4.45590787933331000659
4.08427281212897508311 -3.18447226722243303954 -1.95686438650978988818
-3.97056375893131985322 1.03407158564610046625 -2.33351180918698108968
-0.68085878045883330145 -0.56362330840243668462 3.86678838828567261743
2.27066610316985073581 1.77358016112928407182 0.37448875207179010971
3.74717806692269572721 3.58662668068362133766 1.18165436837174908646
2.50070012943806130323 3.12569688737264161915 -3.48666213597628704690
0.05835511164995743627 2.81452395639984409570 -3.07509082998360616656
2.68575305722081303372 3.53117890943606393961 1.55369232332214934900
3.47607346883379531022 -1.48729816048779994730 -1.29363108959597417069
2.76977248093601513546 -1.54450024731195645344 -2.09682242956583886340
1.80571956052498006073 -2.41841059195401708592 0.27646246493914095055
3.63734468850007797158 1.85315353723147779874 0.06455720455818703130
3.00423433691535102241 1.73086102404455033366 -2.60838389076410370748
3.35667196849789295499 -1.82446136482673626489 3.03903398353734210957
-4.32638057302471246146 3.41076776119555358235 -3.10010344927586078967
0.49773427489932586809 -0.24486783201871542559 2.06180358974139199546
0.14496265260299168176 0.17671356454527931135 4.05228600156995621973
4.27016460282761922684 0.22737555261984088162 0.55397919106161008784
0.69492700175640642613 -1.87487000853128860101 -1.26513367495016559872
-0.35696658753123156060 -0.85699922712522536017 -1.44408337135279918328
1.08647806253185574832 1.47329635809177350581 -0.40574384201711488629
-0.24574177353867465712 -2.55247738222137865449 -4.06549095011071326411
0.90066832505226024352 4.39737510160528710657 2.14279014664387279510
-1.35178599109044927928 3.05149056435018994904 0.85303760999297839618
1.09020961913719194314 0.92997622195102369602 2.28954804471382633579
0.64024525848010771512 4.22657851285956720488 -3.25779908570601683948
2.28519985620264964865 0.56293103048145631817 0.99701963977263297068
-0.54214504194971357975 4.03720230175230287983 -3.41071627216395345528
2.71086410219126516807 -2.26301110666486815504 1.34310445210579398889
2.02796400127255704859 -3.68740977850735740518 -3.92774916507214744144
-4.39673729367507526433 -2.51766045026537721441 3.41926600910797517940
0.81400647648239221610 -4.17949429608335965014 -0.59654505726819895273
2.28119300792033197212 2.38661157344805019420 3.25477565026713122620
3.75544098293547623513 -1.95844727716476096901 1.09308820808721574025
-0.81953946177708658638 0.29194482657034637185 -1.55559759818977250134
3.00119497540543278546 -3.74007373518391617040 2.49213914940865333136
2.46104494615282121117 -3.82948767431251324567 -1.23240372964271127643
-3.06810638382625411325 -4.07808370313126911100 2.43605219656378491067
-1.69693907596393067649 1.00631529364930383252 3.19094639580136796297
-0.24328203569030115716 3.99338850764518138448 3.77875209941550860293
4.44724803144882852024 -4.41823228509655496765 0.85100144652011877611
-3.16225353456050495282 -3.41047410825597507866 1.66174030874689293569
1.60456068572355281532 -0.79996037132751851573 -3.07615736524181349054
3.48071413290292408504 -2.44688282747758911739 -1.96843011158791103554
3.87240659556427413435 -2.68374410885485481515 -2.92017961592727237630
-3.20142369301455786967 3.94201657383549086688 2.64377363125694397894
3.59121102821142113015 1.09799208487876143181 -3.33759809187179135037
-3.30516294978536606664 -0.89044774428944872824 -0.91873895365212110420
0.47521113694690342300 2.61171586589013138280 -0.91166321003080419416
2.74510180113899071586 -0.22539650603842353860 -0.32654800148891194311
-0.11294408480364204195 -2.25687801629303708140 -0.88003576022683294156
3.82379136218561210825 -0.49073277430547435074 1.50372206690027265807
-2.50787308495039562573 -1.95071907783626485866 1.35589467681785702524
-0.64786498125515024071 3.52846630360904622847 1.62023472578260818722
-2.98858810051936396590 -4.39452115043754965029 1.43065533973405578649
3.29959451679353588105 0.19162792397673822364 -3.04717644466182857599
4.49394388316282356044 3.77713774961025716692 0.24416981834314110955
-4.48996245328344389947 -0.80843238289961272258 0.79481361040067710633
1.96510836956345169568 1.96273657889978281332 2.19337197196969224677
-3.21586256000690662304 2.96041911687534931019 1.11661495979192615380
-2.87253791896768362335 0.80782719452330908894 -3.99677209565408730896
3.08081271956326130379 2.66835246323917107958 0.56309420753854944053
4.06301789743111374520 -2.45007810786665691793 -0.14934468218797380956
0.41314479006000848216 -3.75864213974558714071 2.96947233748161032452
2.27807339490086047107 -2.46768553188667683074 2.24465297550778775104
0.93375451193405645256 -2.89415917157581503716 4.52141050516176701279
-3.07246353171185448971 -2.78248481414922199662 0.92600501261056766822
-2.12683022972215907131 0.04124273138038958564 0.18057150802271504375
-1.09303794134294696150 -2.01697163784430744116 -2.81350199116667809562
-1.54800467091459514890 -0.11602451485170917067 -3.52491732460223072820
-3.62405780446210279422 -1.90649879773264396832 1.76611535393992635790
-0.87363199081919962197 1.38370167237293451024 -0.70333932434698231972
-4.28586911100743961356 2.89103734650561872144 -1.12085029270341651753
-1.30044707220095645539 2.31558649461773669032 -3.49829724809313713507
3.64268330288566577480 0.15548002955436146522 -1.16884581309096802215
-1.70540930258718681500 -0.28068494435531299303 2.40860231105439481780
-2.45585611073937482018 3.91928269793580152935 1.13593937635792929797
-3.51348410723990989268 2.39812554813166745049 -2.14610898821122120239
-1.64816400993958778187 2.02181241805791955812 2.79317767562871299702
-3.94553927293806872001 4.28540028493966840273 -3.96261177067317582612
0.56593549181837943252 3.89737061016155106330 3.07730882007874040340
0.75039079907175754158 -3.62354605448189870387 -3.66396668527073954280
-2.26573449035763330173 2.52207056406568330686 0.65813968141385004174
2.35901653792184440306 3.45124156623331490579 4.14525017124265016122
-1.67278610568640573319 -4.12357505045348382566 0.00086348528401192226
-2.65110045743820244013 -3.56854753804913027437 -4.20339403081299956000
4.38132906511379527359 2.72580339642772706554 2.07587207317611177615
0.26350386654033552958 -2.85193627837448326900 -2.01323671293944528315
-0.85367980503306650775 -4.28066721297838981286 -0.55655706993859244136
-1.36190139755102279651 -3.02156536881859638655 -3.60330058349854720490
1.04184394858381335069 3.70851665176092648579 -1.24552999094922167700
4.18028227969254029261 -4.12221174861955486080 1.77305031235125643008
0.78522548613275944263 -0.83370514547295293539 1.11488182038073624369
-3.22913721778025220033 -3.45152182765396853270 3.24979127581760440791
-0.60238794060940437092 -2.94842289911342714248 -2.77145190741399227718
-1.47048156676454588876 -0.68638191230816847366 -1.85661241948215405273
0.39652809838065028458 2.85962761616002758558 4.41472329158205578636
-0.98555662979757752140 2.99561428315688260682 -2.59206233839211863668
1.02430800594549786808 -2.99331608695424922217 2.21324346702114649332
3.38316653911918141517 0.53576985716724578879 3.26101790423994852830
3.76687259577833177815 -2.80606289959774501952 2.86019283961115267090
2.13098826589805767640 0.26305815968303125629 -3.09750488518488786838
3.15169117695527578604 -4.17007299979823020664 -4.38815373076575987454
2.90965613238751341640 -4.31313868789420329364 -3.05123783877308074608
1.56307724065221620435 1.44158642845403939248 -2.49540862186996115213
0.54496646641785595477 -1.92600700902578036988 1.44635830288126765453
0.70210075224338286404 3.91185193353151827722 1.03998850562948419451
-3.03127223843166904160 -2.57055323891407150327 2.24411929634995210847
-3.10341590816643719819 -0.26116913728716362186 3.71103249703898807610
2.33686013465709851999 4.25873257898868029514 -1.44678918338287409995
-1.17335561937368648699 -0.19238744182305023145 1.09610749342192548283
-1.69994697111267889511 3.70212640573663431809 -2.83739725635242656665
-2.42936516217022946407 0.23204399932898489567 2.99694430386236554398
3.47313448080331443890 -4.07631953170137961706 0.93917776024541588242
-0.14947843707864283402 1.40753104564540976185 0.41776764919645703600
4.11520406759328505331 -0.40632018019063398384 -0.22642882888838844480
2.28836574703579742618 -4.45029060418402888644 -0.51814980212642147706
3.00088433122980990930 1.06667081081100167950 -0.14186830922969573265
-1.78165938998410267047 -2.07197248127335686974 0.64283064930639621792
-0.73163432974453623814 -4.10209465559797870071 3.51420507478136823210
2.95142316891800859935 -3.84375728818877648862 0.03226191653960963635
-0.84180742234161076709 -3.61029806291827393139 0.78504036002847854547
-1.11227255714289796629 2.06994832732329125946 0.43722952476630094765
4.42873883252579769731 4.14139305199236229527 -1.93793118828633392781
0.81305271353375108134 0.94532571873236470594 0.68124273234479915118
-1.15202374451297018254 -2.67659575375211522541 -1.59527397139288096284


