100
-2.68855680291050269659 2.96350049104478241446 2.13303054725417684523
-4.42963521353718281404 -2.55649465105827067291 -4.43571575159265929500
-1.81749348591767745376 -0.49211277174403456058 0.73256372146366821596
-4.11894129950660747852 3.80966802274888660662 -2.79345708587330543438
-4.44595873458539969647 0.05965206197191363913 -2.31534986932811381877
-3.11988668533772539604 4.28725798888667863906 2.32490233165989845787
1.75642689771966775680 4.42712717322960269684 -2.63535464610091185733
2.35901793483494248704 -1.79953234194574340776 0.15458303901487546739
3.64431379893007711956 -2.50029159254144150992 -0.53489300121196503568
2.38610835117800501592 4.30609277581150617920 3.98142479434143492512
0.53143799285340431737 0.28304991356621567178 -4.50539165761121740417
-3.25024697570376774891 -0.11641607701482659110 1.83858401049752906431
-0.02657590249034402774 3.62187253057265490241 3.39462634807838270490
-2.05625802885414366017 -2.74853314353644906376 -1.40102995302315314063
-0.67733687841384959683 -0.53295971721710166946 0.63176112387774363555
4.02692913776358007993 2.54367353925023742534 3.68302481162310879625
0.97017989721443331774 -0.21215065635394658727 0.84457182676576358915
2.14615558327339428502 0.91953914753893428724 -4.46019603694952238016
0.77774431341236027748 -3.77443492257508372845 0.53943852713468221083
-0.60553167569995114405 -4.12315496006046622313 -2.62054040405122590229
1.37409199873957099669 2.34047902015349063021 4.35154990181611101008
-0.31669422424842874619 3.20799003546359617900 -2.01842808537791240653
2.93933205514461892705 -4.08428400465342278380 -2.30288167003885835271
-1.97589761216899795215 4.46050064497622766879 -0.45394464462108174985
2.71715666010201140068 1.00186365392934728646 2.88380738140306913664
-3.55773266786275010887 1.59422597723822256910 2.74238394688503372976
-0.88541894169697155093 2.00309770177683077463 2.06110440641762071579
2.01404275069539639986 -2.25564360271185870843 -1.21577545937128750353
0.85817462108992526026 1.32234299916731590230 -4.17912914971455595747
3.15465293931759216406 3.93512381456504467536 -3.73406582942405629311
-3.52574469763865705474 4.24920633355208199333 3.57783131653152874918
-3.72456068419742081232 -3.31304887346148735361 -4.37767528274923378717
0.91778479234174614732 1.46292948873733141824 -2.73229642789841342676
1.20963748388705472081 3.23117065814112258693 -2.70496177802353177100
3.15589808796023163495 1.08011065113304116636 -2.04249956273859734068
1.50730312164193769320 -0.87362906572235132785 3.19319469303983360930
3.42399983741704794227 3.01139336681481051272 -4.28891372256065395163
-2.30312790448872206639 2.35326073823779591265 0.45797654035451706989
-1.40860587917270230207 0.42809755811611438503 0.58808750446743740525
0.70666304781719002648 -1.71799527524666251210 0.87258722696024459964
2.57238360660296816462 2.43871403503707551153 1.65284848960618369063
1.29035324549368279889 -2.17215197298410922500 -0.08911704074642834428
-2.73223051605990052693 1.08476913582582490392 -3.09477238429671386299
2.15140257899761788707 -0.69740684457292134724 0.28433030321903718374
2.02552651567951524925 0.31211474504275749098 1.64602060458441190605
-3.88529231451956036381 -2.52197022812574367379 -0.94116767414288249327
-1.99605426013286813003 -1.21962908096130373536 -3.44053076119623657547
-0.91905902584952148260 -4.00080518617257574476 -1.24659179639627470948
3.57484267899973406912 -3.31003401191498891620 -2.81220600857304692255
3.89175713327684302811 2.18814946596474246832 1.42229413682788230489
0.06025011385795142616 -4.30306311914751038472 -1.85145429178451292884
4.25967515852943545696 4.43731571866019880446 1.93668117136500139708
3.59294332935396720785 -1.82314769902449658190 -3.57532830409560631324
3.50351084373202592559 3.40868692056228450582 2.08991172032925920377
-2.58997528885035865898 0.04878513973961506878 -3.25524000251131795380
1.69667167056366086086 0.41446732415756670775 -0.13202495298360261700
-2.89716882350442350713 -0.45363617493843655382 0.71996754800792484019
1.83612471580688296768 -3.50637155724812643598 -0.79692509336018213517
-2.40180374690117837133 3.67714931874711137283 3.68056637350923576690
-3.65449695451260758716 -3.02151517235673550132 3.49499109563600374173
-2.12098129516249400695 -3.37327051008834866153 0.18215091142025752191
2.56183116334249216806 -2.65198469851365370431 1.59393388489272513908
-2.66421853373693373612 -1.45522682807741610134 1.49872276209125576685
2.16929785333803959446 -0.02279178564776351834 -3.64919293705887026746
4.07671782667593074478 1.78766585727266669181 2.89107795598055616892
0.23287990720314333259 -2.95042056699674093423 0.14003020033368152042
3.47731695797607454068 -0.25236716354351340641 3.39195558754768189402
3.11318973037261770287 1.34915059907149981200 1.17638194188589384481
0.11770300853770798710 1.86974963067556121388 2.49149183135193652561
-1.12629047724066255753 0.79494350660413637399 -3.68513154925407393492
3.36394722400919921057 -1.38875376794570115635 -0.61755703707904618938
1.37531001918455597632 -0.10600650495876884349 4.15810447216602074860
0.32254523888698116707 2.62254403108067712935 -2.75190737272861252194
0.75848585620823616438 -0.92979243696860081059 1.75638673428744329641
-4.45655861557871446621 -2.93731525460941300665 -3.32668586094212814785
2.77368070256638787896 -3.80855220923660731103 2.86242110926558090966
1.68158981665664608585 3.41181732962987460667 -1.02636509340780346378
0.97642534566795902151 -3.90264255887855959770 2.02419347170228913768
0.05664365195700327149 -0.23413663136829310218 -0.11841566088988475514
-0.81521867266579306488 1.19623395335053483990 -1.65714332398300889793
2.01212800585680273713 -3.89722360363303765851 0.16532468669145750084
3.90843934112710922335 -3.44460455244548668929 -3.94870294216712025559
0.98252637191647451687 3.71373322545431872044 -3.94756857731936650069
3.03436924337008040453 -2.72479169728645187476 -3.63278820293538728947
-0.28906168299338563799 -3.42900206731334966648 1.12269539219084979464
2.63922593519486792246 2.34972435883475139207 -3.38136265902559474128
-0.33071920460138848341 -1.52121977424119680933 -0.09088869606756233566
1.76153312154821417579 -4.33178215285662471246 -1.56986268743347956445
4.28561046469133177794 1.24697353015352607741 -2.36306748506762831497
0.35408168302727816013 1.43888137974469820790 1.18542323226840640160
1.76025009347298233564 -3.96921381098345715799 1.35737463858247320303
2.55504534721832410327 3.78463015756257536992 -1.41233927261378600093
0.36221437165231851196 1.05819694475238623710 3.27105566674565739760
-3.07539294176787425528 -2.81643934924469885317 1.28090325112847747135
4.15521267998278087674 4.14784400689176724342 -0.44710337254034460130
3.26120948874060534450 -2.29769270301981309856 -2.57467128853354543239
2.66782892813927130504 1.36488997560172631296 3.90146077905319099699
-4.02696151114568934304 -1.81401878332519528314 0.66593896976596855808
0.72014486280911960137 -2.32583006890390819876 3.05546163435884476911
3.87598216905420311917 -2.85090171157067606700 -1.73241757842863997041


