480
0.81281468074762042164 3.60465167654336315906 -1.14564269562170961692
-2.57215291260510525717 1.64244951287728202516 -4.25575316901539224546
2.73555398498463731016 1.64700794785350179694 1.12520697353103837912
0.03418901218400716147 -0.26517125151994314081 3.47738976007992750539
-1.18895305251023364335 2.14615735324354606206 0.92416856326032359448
-0.97832820685996724208 3.03640858788268452884 3.88802800424676409108
3.08039795635040203337 2.30759683889639788390 0.01910938059000333311
-0.39858184964178633436 -3.15741873606610123915 -0.08743674322900041318
-4.11264907945404178946 2.38441472914844432296 3.69321409369738962170
-1.39427865719839427783 -1.56302718698780429563 -3.48789455501066081311
-3.04190173796199614387 3.65001657481172170350 1.66056218077001549460
-3.23743712249956194782 -3.88486156595951825921 3.20537759150311085676
3.07833136614126434694 0.61276520653897481594 -0.31259971124515306684
-2.19303816055136868712 4.09890405341233599046 -2.10442846048642406842
3.37915292825037205660 -2.07533137953266111353 2.86643888403900692907
-1.41856051270926020180 -4.16749955871769017790 2.02560854727267614095
4.01446628767294111384 -1.34976443576586335737 -0.13652055512645588919
-0.73979333471985952997 -0.84384825727673895557 4.02768759252056174347
-3.21653146186918226235 4.29741540244144015759 -1.82113493080786748024
-0.58760677173142816798 2.54366743199584899315 3.09270281688545889409
2.95186016328667566455 2.42114897465409217858 2.69966039498561105603
1.88681184785739208820 -1.80824497784156790203 0.08715523938863434239
1.49399632924453662497 2.68635728236604176544 0.86615107193430418420
-3.18627000998366538553 -2.13608027829604463221 -3.09884127243161833221
-0.82361895317018518625 -4.15215998719890766466 3.19973180968193027240
2.36096454805920252795 -0.29220013117663867774 -0.22989261475468225626
3.91162009188621073719 -4.42907181547366057828 -3.65188562726880805442
-0.89738811920701078151 4.48009895612007280619 4.42871183227741926913
-0.55676863575364254899 3.89769931984678930093 3.58785673940699023632
3.13713905017708949430 -1.09112486238164496655 3.01746928160202010361
-3.66878542011959840607 0.77397331628100918266 2.16229250133701267345
-3.15840836201750496670 -2.93818970750157015814 -3.96038123186248958163
3.38583949236747461242 -2.82698858537023278714 -0.37259039063716059559
3.58490534848429565074 4.51269030814458904644 -1.10214836614838151974
0.49264672430875133813 -4.26117867519133053378 -1.89777066531539073679
1.43666307344014576586 -0.84143348727347788696 -0.93943938547754246571
2.83071345988266553917 0.31947046051364846875 -4.41553068057908415511
1.94352803760825043611 1.93163472274691816466 -0.01925627545544017494
-0.75398878735664887074 1.03075798601567747426 0.68230628105789747906
2.42050126398810228068 -1.90830126585390313920 2.32748238078317104538
3.89281794589532470496 -2.14459543174983302549 -3.08077483283015762794
1.29123483072850753217 -0.62862610168817356637 3.54574032475469902437
-0.44355382755600203382 -4.27390584545142004913 -2.49404221314505880613
-0.86891517790256100895 -2.03905857171676885287 0.92363642068579387967
0.83082847655263503128 -3.30060829518377341074 -2.92767959531112431648
1.70092913143193680270 -4.40184041510967016819 3.87961779272522289119
4.53639206918732806884 -0.49135861870038599619 -0.87635923182250197172
-0.19862893066480680204 0.38771594257264752059 -0.01701196130392990113
0.42950316979945579732 -0.43848531771196164186 -4.26174498604274987201
0.10438380443736772207 -4.50475113228165291446 1.81334125525100642307
-4.21588024733205468664 2.97632242479438513527 -0.19224955760515705094
0.86085778242564714446 -0.30504864398840858541 1.08420432466287142148
-0.18780376958584987790 2.09105784431890828756 -2.34009276317904424403
2.11968245096131813199 3.35882755842018276837 2.57936516875377908065
0.60487358907962640586 1.21434659068467265541 -0.71743230257988432896
2.45415890444311912688 -3.69506517629116704171 -0.94182230334212979628
0.24369396492874439986 -3.57194780496239117085 3.10211470439639658281
0.78623643821734034987 -4.03311254467339797003 -3.95891699030108101809
-3.54741082743925328913 -0.99539032319486597800 -0.72953637330051090970
2.97010419842021722303 2.68402689763784785271 -4.05416511669950185848
3.73767853665712035394 2.04323007473877371609 -3.10503763452741354811
0.57777081792008022632 1.68333056269527947535 1.48593329941104812519
-2.18172130413234865998 -2.10336311846963486261 0.97960494292663113924
1.04003032618817758959 -4.33346963384753980364 0.95502001636254263417
-4.16112671696678226851 3.60915026605653377345 -2.09944086420498354784
0.35683116935049952190 -3.29197517957183460879 0.73397350211791945185
-1.13062913349913030103 0.37099924420707619532 -2.63754638890970261045
-4.47568860568192494753 -4.17844861548057711076 -1.22277184452386089575
-4.01249503476346092157 -4.30000528571081996887 -4.36757103158445669777
2.40263582333309155814 -2.86807481810587061588 0.66025112375522887476
0.97381981564890374159 3.57396294436784511817 0.50388053257619258574
0.82146237634978724884 -3.17117002260503300093 -1.13797770623405547497
-1.83216158795878536480 0.18509680033139996880 -3.61830388071983044540
4.52819240879115536558 -3.62443657012959041808 -3.31113456410783779660
1.47158684206396817018 -2.43262002103696550748 2.33069813693881666694
-1.24899639608771417798 2.87040358767777359361 -1.50961901681812005194
3.82966812626172714573 -0.99377406213206187502 2.18647411194286345193
0.29383054653836193637 -2.29508097905790231508 1.42173811939796745918
-3.57290863493195676170 1.03041464898690993124 -3.65174948563083301423
-4.21546700297891163700 -2.96159082977765519828 -4.09207515328295645674
-4.24316360328700525884 0.07601718919007449671 0.32139447610177462877
-0.19623422051708327984 3.09319388310665210895 -1.42879970485349527820
-2.13907649078839456891 -2.16388958404482112385 3.01831622533658983087
-3.39079885549908954800 0.21953602668780991536 -0.76200168671852974711
-2.82515531365041550060 -3.04960793188613310534 3.89059511173268202100
1.52078345350424637417 -1.70798902354664772218 3.85230686449151260575
0.87960056310862988482 2.82539347296852039193 -0.22538941315328475667
-3.00656718765159824969 -0.27535924983324999715 -1.62271528311508017595
0.14927903624015481654 0.47417382800995433456 -1.46709868565079570857
-1.26158618511117825989 4.02703380320517378976 -1.84390953715522165623
3.79543749455851031627 1.23066714929544840373 3.30994669027803301020
0.44546682578111784778 -2.68914834452942619336 2.43382734604024708602
2.17390525355430863641 -2.02696822228368800367 -2.37190828706653400459
-1.79838579631951800408 -3.12197276053907923909 -3.91447501331212333042
-3.87266051837807223635 -2.66147204900541556327 2.01831749829196382962
-2.59999237770183544427 -1.20919494044742759087 -1.30847475666119450466
3.81389681048727968715 4.50179798467319525201 -2.01955277869830229776
-2.52978855981715122780 0.59532660292318162476 4.15690373354456088606
0.77086605683215214668 -1.69133588179020755149 2.56800231440122583848
-1.10653541203156802197 0.21376862540782504141 -1.13770034263495123383
3.47537439946832460436 3.68199271573211728281 0.03511375108986669602
-1.29263043038156233422 -1.29158009655851557795 3.11688225291899012603
-3.54618808506472582565 1.70642914235200482409 1.73531601308691474372
-0.21832081576092399189 2.75351248056819120080 2.18510967414537304876
3.18658389685131293589 -1.54993517264557256752 1.73519545476715997268
-3.48761932575482980212 3.10396773020040317448 3.09227431492411231062
1.85875930781205589426 0.28417258161713299103 1.12105725909043840716
-0.19909169843379981302 4.17086603551125900680 -3.44356563058513076570
-0.83978909749871366586 1.37332074535954529182 -2.95301251591448243872
-3.41191595548240922398 -2.22578974048641686778 4.41274294714605641587
-1.25626570567640083453 -2.50387952435938343498 -3.30659737711753232148
3.43366028035837178578 -1.51188666646026215190 -2.32046801218690257329
3.92683939574793949845 3.18910485475523319820 -2.31099715664500271473
4.06168412500651765384 -1.44732524750703772654 3.35380034726576958803
3.32062997739082899074 -3.79179127271557714352 0.46641758984618508777
0.95041118655027645445 -2.77884526672763287891 -0.18602401358419307087
3.69991853862740338599 -3.64519778385000270404 1.48106382175996298400
1.96887640707211541979 0.55702709375907311085 -2.42267005861794437749
-0.69408634112003309014 -3.40644735313994351245 2.07656498631634445218
-3.49938036532798069089 -3.82710290692380628030 -3.35967280341042418002
-3.71886903377331501375 3.21173759786512480474 -3.27627030737002833405
-1.95213811335130582592 1.31198697083563153853 0.35358297402932681308
4.36726702409181921638 3.40074420415034062160 3.46763259822339531269
2.94788915610753310403 4.46543805979288332964 -0.23997341030715269028
0.81644155118122174741 0.08208190226350176033 -0.37309762939831081496
-0.06400603927306747210 2.89282164786810458423 -3.21152864327588760673
3.95918503715989000824 2.18369736171416750636 -4.24880266475199785958
-1.96871491215848459788 -3.72549539985326338964 3.64739149755488778482
-4.11394110078844743583 -1.67358984887346773363 2.54052163673618647266
-0.92701008489698510928 -1.32112714861792168719 2.04655874646506585890
0.63010605553190135453 0.99412434028856466739 -2.60345643626808032067
3.46454912059870512309 0.02338793300951369503 3.06553388680318761317
-3.19325091927676929515 -2.28470914693282933783 3.14672571415018165197
3.81526065070466646745 -0.57505649641519918092 4.17664595094511792439
1.47272277099555370938 0.83015444118727099720 -0.07551194434453023518
0.87371790489379019817 -3.86626467466018741703 -0.01519160948002706846
1.24661509682270033039 2.03610889909158299105 -0.81163605777925429408
-0.55449447035831145314 1.82302174755132728734 1.57947186231448899463
2.41269973325179343249 2.29050974414010966029 -0.88231215204286117526
4.34584795591713923812 -0.55337741817613617101 -3.00214992759950893841
-1.73957589073048746187 3.95761326052940187736 0.71937519496641399996
3.32632585372769185028 1.13379694542889541964 -3.45974818541594641985
-2.04372160902783983616 2.17797774059019833004 -0.39943263349492585945
-2.69937956356371966393 -1.82972715260921381386 0.15162650450627612742
-2.23787010784121687124 -1.07741366342961253366 -4.12734337504857240475
-2.07537700060571328464 -1.13491489536549705619 0.90738935720514657390
0.93868609026601568246 -4.37787357311013192174 -2.90055154480251919935
1.48496464687060303334 -0.42555992091356831253 -2.07754172172613493785
4.19187989381115411192 0.58507436724048567100 -0.82296804180034843768
-0.34819962046060748406 -2.87925000287494059492 3.74055298794962975961
-0.04384210554161871443 0.80602240953343606833 1.56590495994153311443
3.58570420023020997036 -3.17242362923537646324 2.62108246354103080478
1.19726216126910767201 -3.59107584431954895976 1.77883548266528457305
-2.50293100034083026983 2.73673125402070294143 3.91114498876342775446
0.09877985517034115759 -0.85380959540390133355 -2.34992529079511314194
-4.05083519073356956852 -3.56896337190328027944 1.25163863504194328158
2.05265378563938849510 -0.78022604083662550067 1.88031191644484785286
3.66694330208779373237 4.32793677767890994090 1.36793070388602533427
-3.93633203193487979377 -4.52221659583576762742 -2.63605209457019240560
1.83919083062849875176 -4.38905281188513018975 1.91788389026430206030
-0.92424557601548817942 3.51590725039731299972 -2.78815811912565214570
-3.42224346983658378463 1.44277025699715988338 -2.43398964250223759365
-2.38971607405792418888 -3.27194735134510805707 1.81738425941544523567
0.29975182728939930854 3.46673211013284809923 4.50993211985463648972
2.74543215102797422134 1.98640262002271050790 -3.27278840566167739112
3.47305236774564729529 -0.97508695207843176789 -3.16472918179586004683
1.48492369719801775574 3.46570443738101108266 1.57648741035012829315
-3.35157776960377251640 -1.48596314438373466871 -3.80461326680388101096
0.00735983443935772641 -4.15499350725186200606 4.21905072404233205674
1.02276511040640816219 -0.54137798885228605172 2.35883597155272095591
0.11939095204681660078 -1.10504950781711608343 -0.20108315273239529830
-3.90595175690654317080 -2.94174823241644700644 -2.86103020463444845944
0.57823637316306353284 2.08887688959965700519 -3.27467404286159657900
-2.88287774192761370173 3.91568657202084313695 2.65443577568697541835
-0.56095765556838950161 -1.85097534837229638072 4.50365775189588557481
0.60378384733417522767 4.40782876352203256687 3.51057869131335475998
2.27854961785701082277 -0.30259390301239719179 3.53873377979873549037
1.37249157558092704789 -4.03457567197117406010 2.85699987440777736225
4.09179713380200471562 -3.78049299417495854314 3.49285305921549227293
4.38532447758647148106 -1.28716415538682182884 -1.56319206263611221175
0.01274263654491392117 1.23656571808992143957 2.68189088138556552821
-0.91831285636850346066 3.41073518828549371307 1.00397184448908038945
4.31567405409638649161 -3.97677222674125507851 2.26190761385228356062
-1.59493640116827917197 0.70306714329735342517 1.29783146834068663367
2.65056029126725789524 -3.09286078995976421169 2.59669375929637258338
-4.08713183941632252072 0.53418172739153391149 -1.48114033107457254701
-3.61715508470232283145 -4.23498414757569996425 0.06246986602496473751
3.77705196787419961169 3.06945564416794791640 4.18723578024287856891
-2.15675814829984657806 -2.20214677081266207992 -4.19144887371042340618
-2.07698015298484417457 3.33410514719600659106 -3.75176745705529324226
-2.28491695507779857266 -4.48442143995138664536 -0.02021396089307891941
-4.29220800431493287874 2.41746196283324277232 -2.46331787650239641962
4.52744860620703715171 0.14196200448589557652 1.66483834110087869362
-2.39734856731287138132 2.42336453382351102448 -1.34119075363283402069
3.06285161092778590586 2.06579171216588353133 3.81919269200169164691
2.82900799338492703328 1.20842613641059326568 -2.48545480265375129392
-1.60412175992691530269 -1.71005986317115388218 -1.10702854004621320527
2.62124152760442630239 -3.58918788583576020557 -2.59509913935399483265
-2.09815297828314983875 0.86002287852642300692 -2.14178698815583423709
-1.49190034385063174938 -2.83691856181223789335 1.40708340391058328578
-3.43902052209233710656 -1.34477458626657320195 3.77937785251200519809
-4.25122190570835467582 -1.91836863633186638367 -2.36791384466042531542
-3.34782035990556892102 2.07245965079071048365 -3.44476833351508693326
2.67878982111390762100 3.79521150309719157434 -4.51845610826165344776
-0.39275249565867564883 -1.99989583221859090756 -0.32772248075125798294
-0.33544915441647216170 2.60091200886583351348 0.40773286607076020260
-4.49918229156641213962 2.12918193100199903967 0.42141821048045802200
3.90505693430515687936 4.18937681309602982793 2.54375746469167118846
2.60307918111074432232 3.15156432191593172121 -2.63714183231951260211
-2.70656040982902146297 1.18673374824579180853 -0.59792750978631659109
0.10575838815357219147 1.67444932863487139230 0.16502340767769041463
0.71943042049216909817 3.07608791446683227377 2.79599269348916923406
-3.66157344616090218992 -2.77069772366482780512 0.08464398435244380181
3.57644024314557551492 1.14406504446816104092 4.41887460418322230993
-3.85464583965254714570 4.48814144264937109341 1.48595253781713410035
-2.97291441076903417695 -3.65971254683024316279 0.95959058773896366290
-1.40744213009680541049 2.65724863960106549854 2.17083707294210537242
-4.34349927839854021983 -3.14161333616498339438 2.77591099224003468038
4.49563142095931933540 3.53841449952204545326 0.94168295748552921509
-2.84072582628993508536 -2.31808372272805573999 2.08149282730347451320
0.33788544430901357174 -1.51312502678128213418 -1.47656014065621388198
-0.55544081156019053935 -3.64184038504824414417 1.00027476179928864752
2.72754188168901290368 1.73992060376185442294 -4.30977697048698971116
1.92143210450304380288 0.61303974875769817743 3.45861076824447444267
-2.48031795514080455334 -0.92406732994798668201 3.14336358928117132194
-1.52617080726594700479 0.97296172136109593254 4.23983032865898668007
4.44790417157390027825 4.38728367270208696738 3.69226129853589224439
-1.54944288342374658640 -2.12377701549597430741 -2.17444781130723630014
-3.09716928805713864747 0.74117824721290492818 -1.60828394883176173380
3.38322287083855233192 -3.64009104390084470282 -4.52850158542496306069
-2.39755189490297393462 -1.35698380681641106449 -2.59467736045033925407
-3.66862554621222081153 3.80583301636904369758 0.13932399384143767662
-3.36840537259030758932 -4.09426643057989192442 -0.87186879228518066043
-3.93789456512668190058 1.20064223487017951442 -0.27418484409687238212
-1.61111438594797107271 -4.06611086425235690456 -2.37021587239096698241
1.21268725610262517733 -2.38968101203118044040 1.02493028064889823980
3.83454079769020861335 2.28508058981218464822 1.25370900024649145621
3.41763577126189943556 -0.19518967727292757530 0.37943331817454328814
4.17822159397880010800 -4.47495713262902672369 0.42261366846321735125
-1.67572792210584253780 0.32915306915797870602 2.31676810668490507084
-3.92028974640785410344 -3.10748684569832178681 4.03434669792704081459
0.99688890015592512839 -0.58952172893943366461 -2.98738453165482109597
-1.13791953802108247729 -0.98171861492209000488 0.27070473656191129663
-1.59018889841892807624 1.44277058467858676494 -3.91849301371039793196
-0.81522694362885239627 -3.84733572532794276810 -1.60552054990206638507
-3.22918383051904145375 0.40838876510619304128 0.25264954928788885269
-1.45420314019031682307 4.43631103826110351207 -3.16988637368517123249
-1.85696948855025079084 -1.90581155517261535692 1.99810746498230784596
-1.57109448941892448914 -2.06838125355615209955 3.81552164973558216587
-2.17441562828948864450 -0.12725077620117719590 1.35715547729552543643
-2.21513676489845368067 1.89073294522534407491 -2.56475868666401396467
2.40509360205300470881 2.99369317681291047251 3.65522836347881519004
1.48670159064806384208 2.64559493081104246670 3.38360354523635908919
-2.21636988767459852667 0.79367278379396477561 3.06381438616373191763
-4.33798148292890139999 -0.12090989645440863853 2.77859934872263725225
-3.17471974634137454885 2.94183916619182728169 -1.91538163725142585037
1.83009546203258111063 -3.90634431125417647124 -3.62047374595187498869
3.97950065992361157186 1.13704989974239634165 0.01861170767260489356
-0.84474090446020877465 -0.44464902608110268289 2.56627277927154029413
-2.74958671770257678801 3.71962550179713868914 3.74773380501254660402
-4.50932616499884098005 1.64603822519725451201 -3.44397955528411081616
-0.39515291307823385836 -2.06159087742312197022 3.02986555489565301258
2.97978587481356527178 -0.72212779243946778607 -4.32856407796616249328
4.14954955121306401367 1.08216767981198369597 -2.58004389476931272895
-1.90260718489421076782 -3.53761938328177905078 -0.65015742337681103891
0.78657312163633896773 1.06192927260800917821 0.67116102066054672548
1.62287123981364977965 -2.09712675349065147401 -1.02494869191516668749
4.00103549808043101876 -0.97210909037962389689 1.07595517020789088747
3.43752816741169286985 0.29516525556091011140 -2.76535949496356003863
-4.16293697582845911853 -1.77253558886886253276 -3.41463188562318142871
-2.66938096402728408663 4.09475934943657104981 -0.96879466909101941141
4.06185772311459114547 -2.58302941322037638017 -2.13522198411065389223
2.14101037469676835912 0.62806331656188518764 -3.72113352396514240894
-1.17036798398921337849 -1.15004867097260099484 -2.23487259423676531966
-2.55061101510359122813 0.95118474831676813608 -3.45959670286655773808
3.30808400387841938795 -2.10685842192388017580 0.68805040182262899862
0.43483850536307855350 2.64490659478565870444 -4.03258192514873137213
-4.36578619001990375637 -3.65531469300658340416 -2.19004695486495570833
3.97341440475194129789 2.22953932890723471871 -1.79159257461157928049
-0.72530273203268968985 3.03640884394089027865 -4.09139382897433545594
-0.37164943228846958334 4.21847146448320220458 -1.10511876015400734019
4.10123259968414277665 -0.10660157340117404345 -1.96210870830405514909
3.20173508650386651198 4.26577738687329155454 -2.85767852168464253637
-0.07341578388700220614 -0.42395356297140551760 -0.95224360430037569003
0.84657579156535334164 0.38485879767315012145 4.35516616699443392946
-1.75929764405397426330 4.00054419160480012607 4.30872157914777798027
2.48340758581101717084 4.46107205651904781263 -1.44196269882996652711
3.42898972328705564649 3.48887109802447437090 -3.48334100616373509851
1.57644235588049941299 -0.71806909287536946351 0.32790913148138312039
-4.01620735992249855428 -3.35236404889153005726 -0.86336411412032543211
-2.97283197742664206942 -3.12482797196574857423 -0.77393412867159216972
3.52442715471184175868 1.11479743399803865600 -1.47376763642797392606
-0.15120594083303284805 -2.72128011696838001399 -3.22238852462136105004
-3.95804502487354614715 3.87729333106072093784 2.72103390264381150843
-1.66381689236953622668 -4.30680256352609092119 -4.12185986885348043529
-3.04751990570154962512 4.04970108189067712345 -3.13730590616966997786
0.52023988141973820376 -2.41146304696865820816 3.54956907729727877410
-3.55797429345773830178 -1.34231264458207366630 -1.78693649032277823707
0.07927743427161804135 -3.33059466858679931178 -2.26710434200287647144
-2.85593073786854168006 -2.19088077001431447144 -1.96538531139814942605
-1.65240728306937834091 2.61264437670817262216 3.21923545745890837821
-3.43024406990375885229 1.90255692161698863885 -1.11179728820092815766
2.70029724002658344517 -0.48115507619480002433 -2.56030019086341598111
-3.10464188115954042857 2.89870881941230162937 -4.06594433480719441576
2.91820852580537692944 -1.05938395074393731932 0.65348534603725916270
-0.79497017225841570820 3.23658416433421525227 -0.44375817143905749163
-3.17011750036201878089 1.73283295832275818782 2.57781127364191942064
0.81742858134623830324 1.45444351057647658365 4.44814630021031032214
-1.24818157157572784399 1.94368037553046235644 -1.90188609520716234158
-1.88808417419396690207 -3.60981125438188366061 0.64933087184020710225
1.43736919015874420325 3.68318145945870600855 3.45344534893274168752
-0.62259240145470684524 -3.69120975034940190795 -3.60058125324533007117
1.79071906669628244657 0.36634241602666772764 -1.20698460869055512745
-3.81866394648217211127 3.81220860813494244468 3.87680718555403114323
3.32405837266150161469 -2.50619592950101965911 -4.05101077928959796282
2.02284034111146659995 2.47166621052193047348 -1.99244457114584516688
1.99899809372908787708 -4.46002443946724014268 -2.57567975478551502988
1.67196476410660643808 4.01746481454221093799 -3.52763316534991400175
1.22324921306140677046 4.33575553172546701575 -0.36029164525086354587
0.70102313585518061245 -1.86331613982472177327 -0.50769731803075579535
-0.96523272386653946597 -2.77305416412747085531 -1.03959578019176657193
-2.50650153253073515458 -1.72951908935281917223 4.07812230019091526145
-4.15909862415243392064 -2.23366911223785047369 3.50069543004334615688
-1.19638504484825247687 -2.91986762884190831358 3.07359236144937852941
1.52771987291743016613 3.33624468440882804288 -4.51863757914421082518
4.51523527209941999416 0.55664374379771430768 -3.39046331454451488341
0.49923641432217991110 -1.37658638076264416839 3.50639722503190132130
-1.73830750630903230203 -0.68064611159775578741 -1.00548535524160964627
0.61509734337705168628 -1.67569559345213248136 -4.46073078409377377085
-1.37429459908273399193 4.05391367024911541961 -0.26627413420259316013
-0.37504525756848039464 -0.45003591984675583859 -3.38945136634865962222
-2.21019132964163800281 -4.43671400486059130941 2.84827412321216577595
-4.23632769143846488191 -0.87892175705633013294 1.77217310289219920350
-2.08133221177537608426 -2.64416632702696796642 -1.14864126642056518790
-2.39924458328645195948 -2.86043522381636705632 0.18219573105770336952
1.80117199857628751403 2.21213061250724063456 -3.78182952661491489366
-4.53214509580576052628 -2.07421363791319945946 4.53504762927260163252
-0.98145066699992833392 0.99184797039174998901 2.07778950585797961281
4.42855622039116791910 2.86798679341548812260 -3.53013744746486501924
4.28043641899843496645 1.82776757266389910939 2.45921819664677077100
4.34239046516016369281 3.03257066614782999636 2.53559944812956228333
-2.82587800294301194626 -3.94186889248409855213 -4.34871095071511959418
-3.73163509122016545660 -0.28116415093257440816 3.57983030425067294544
-0.58989658391826260697 1.75945289462479248499 -4.17266506232723344283
-0.44840551031293518491 -2.21630474441857749923 -1.83845899121092193340
2.86469111801795595085 -4.03967616308959520666 2.32820756452551247406
-0.46493100238902851373 1.14018991494920829410 3.78356553672451223491
3.13581104480998451578 -2.59260288865865939911 1.63173927615337976960
2.48310064000394259409 -1.35599421588862822929 3.73887396999112109341
-0.96606379965492550355 -3.31021766512417103812 -2.68882271721508736562
-2.03126468384080283158 -0.10533598369181973453 -1.88555176891156595076
-0.95338805382476188299 -3.59453420466346829087 4.20176805468403369304
-3.17366581037721973146 -1.32298988978296261365 1.80510053718277063695
0.75206422836344088978 0.53879773756026594356 3.00424480166578167228
4.03800909873500923908 1.09927709381374771880 1.26733400436184773241
-1.74266590639702068088 3.10341835575655267121 -2.33830156839927472134
-3.98621515496077316598 1.88438717755223894557 -4.36543448880948670165
-1.90417247068176642699 1.43154927299798462315 -1.29670351626105873066
-2.74802531263635696490 3.08821846214407091935 -3.02952963203215164256
1.22169774838498401692 -1.48980873420864856627 -2.00360885474938132944
1.61101402953681027697 -2.93787086705969979761 -2.46399837241611319172
4.24113380549847729384 3.63184544848739232492 -1.33927699203066419287
0.09162886671558201357 -1.00652331764344893372 2.23818779671712864143
4.06906483959715981058 -2.87868568708094763053 4.07005602893652440599
1.75801332531702936279 1.69194777470289903221 3.12177471600629274917
-0.69520571270665820762 -2.77340099928158601017 -4.25825103244599478813
-4.44156292531264274004 -1.69840842817311887814 0.53339343341668143950
-1.13371707617354999797 -0.36809023840659804705 -4.14880199062971399826
-2.80264179973301486015 -4.09173326199136777603 -2.53593078395662496760
0.62282347987141672974 2.30367311638814431518 -1.70265778792575295242
-3.01397382580037609401 3.20566963063268683953 -0.45844896786420363810
-2.96339459611820421614 4.32692865468749143787 0.92723554321498991015
-2.29523504030737068859 -4.08526717158459451440 -1.47544233230340715579
3.36758951846089082949 -1.70186353068976670144 4.50740683667831287806
4.31857664852530032107 -2.65732969852753919682 1.19347368324753055902
3.24906979523745764737 3.49562846796946136152 2.87041037917829999770
1.49456655883247790939 2.69105107057809522786 -2.95094969321526567896
-2.93102940925909294378 -0.30009207191040854212 4.43051621981138499251
-1.38988910618908301231 0.14484368941426861710 -0.10416097658093015355
-1.95289713679922716238 1.74309552824668223536 1.89843264435803416035
-3.20129092313895258215 1.82215864204194577525 3.86570474267515340472
2.51699906773161607987 -4.00544863785541505052 1.25581063145190263697
-2.41018776416438829102 -0.75730538044777206963 -0.19622265450575948620
2.96619340773372019981 -3.83698590479599754843 3.58317754730712412226
1.99119492101062167677 -2.86567335981321225091 -3.96161214548493667564
-4.16952617903109157282 1.64098876636393864459 -1.77920955283705239935
1.11600731414580955914 1.00539427037044504232 -3.68158451801482922150
-0.12694824183154373998 2.10953231369286431374 4.02430511361091713951
1.48438430958183964492 2.22259195744338722278 4.28142797259724527947
-3.82491276589054285395 3.76520565695246833826 -1.18406405252308255527
2.43700239075667735023 4.29615869403135430815 2.95987269046648560078
-2.33014247918779693336 0.20718189285754906592 -0.92540634823766865225
1.96432041454937778013 4.49217800070078165930 0.51744735669188823834
0.71443552594056480842 -2.50036677323532074979 -1.97345794249756512073
1.52028243656617068069 1.16935146687619262451 1.39566287772655872601
-1.45849811053875821898 0.07600023068274541771 3.48966852470406063702
2.57889172754771323071 -1.74925452341024456615 -3.34991327210339395748
-3.85840747509586190489 -2.63922739847529719270 -1.53416018814311083673
-3.20841678309684974479 -2.60366921790530492231 1.06576232669245563045
3.08501847771434789536 0.19694049324616358376 2.09331817407554243715
-2.33465116627364643875 -3.93714645689058029276 -3.39927331508356855849
1.51552299676323709576 -4.13481798172734471564 -1.58163764704571008224
-0.15024011045796292763 -1.11200284724229625510 0.96362857068918739145
1.76692821309241843153 1.57480581046725820471 -2.63432506343698902285
2.33610124358589299476 -3.64986843974793639944 4.28788819190529135739
1.62573453847012761031 -1.61254979616560678579 -4.00454932874394753384
2.96918693378189768595 2.11949393360300319955 -2.07048216298983778216
4.00971828461257029375 -3.71736715592676114639 -0.48695634003463084127
-1.06382698418985421895 1.36961539497409301447 3.02538256841085928528
3.11565996396753419617 -2.69598698601859432245 3.60143270533627113394
-3.15101257777057108811 2.14361391587541216808 -0.04003413111760778520
-1.02940791238915574368 2.25993767686142277284 -0.29676290177835262796
-3.51466033218855145037 -1.11977151058746837720 -2.87342496961050919424
-0.59846483139779671490 1.07094816180308871623 -1.82486140144778818950
3.30204373858409905296 3.39112890554911761143 1.74373217439212346846
-2.19086914743178651221 -3.11304977709451557999 -2.77299627737146092699
1.98985906444478022337 1.51149105569244035507 -1.65050178579745887575
1.12981638537262885080 -2.23397361618281120599 -3.30357639038731276671
1.70668246175744453552 3.70535551869441359685 -1.81781517546249649087
-3.43672827128959745835 -2.00488401218653500280 -0.73744362465261348305
-1.24728681556417742016 2.01655956498498500906 3.94188009755832791114
-0.49244189340175736902 0.22590828842090004969 4.42996400266839085447
4.33748362574329870966 -3.24743770660557862229 0.40010394834537166275
-0.88298633242565660595 1.19470752287174430961 -0.37328179212171885837
-0.41674756142914937129 -4.14490740245792377294 0.13517153228316924896
1.76919796147799512909 -3.19452571287494224705 -0.38976083348287815511
-1.93057803885248091547 -0.78874016953060843704 2.17364359498374426494
2.88518758503633154788 0.22525804099045654283 -1.62684849966070377292
-4.14080901044048843573 4.27385795841729621003 -3.53097508013981098429
-2.53454198991155399412 1.04926839484584188966 1.29289193098658738990
0.94486025555178976276 4.02230256651035755766 2.39390393998963180167
0.76254597908951815555 1.75549391518427011505 3.30705825597574776253
-2.44946372520116195659 -4.42284149195304099322 1.68632175487658386714
1.52936665065267529684 -0.32990885444939088700 -4.34681426665299408540
2.85147956832644400293 -1.94210758406187888880 -0.38986057050893130338
-2.67366753803350665208 -3.10137727514467353984 2.79683704583063796889
-2.13540404397288741123 -0.72445493379997794037 4.06001302983432221794
2.57812898358367625917 2.68495411974859976567 1.80914478638910836139
-2.64818633537313496973 2.52895589772421924835 1.94696624567930332006
4.17937067155434061050 -2.00022784878782422524 2.05818409055492512749
-4.07404951926388303463 2.71234839232197533221 -1.24493035629763637573
-3.68088245216583231922 -0.90729955418265184619 0.49602935959464122817
2.13152331310922349417 -0.42117214901265409566 -3.49549789288597301251
-2.84007961553327259452 3.97158855580420944165 -4.25868930638423215385
-2.31389397448848699312 3.21047375785043431762 1.03315968201883467970
-3.65610769633266441403 0.85615402433868226240 0.97128451408443794435
-4.10033864843319939553 3.10216979027132566671 -4.46910374129230003604
4.19970073878417249347 1.78309137242321025241 -0.86840817473126374892
4.29309908341318990921 0.38538005503552863473 4.13137327611001747840
2.28185106676075299958 -1.66726643961815579331 1.31421277646190759469
-0.21890083584508346348 -1.63649083360295000134 -3.33333089200189824908
1.25588363981498307709 2.54656480841069488008 2.01288760089806917364
-0.64832992398205124829 -0.18058511498815654761 1.27480270944482310114
-3.17636774361034346370 -3.32178059288233029633 -1.97329685186483549941
0.53250470465583799040 2.76769088339462498993 1.22799321056642529726
2.05404014682956681526 0.50942827638330889783 2.33752509717570067238
0.29862106291449563855 -4.00412648740825716231 -0.81183291242691568712
-1.67727067959983422440 2.61222848002691510061 -4.30975567528825909136
-1.34649785170902003273 2.57315781387480413400 -3.38362406424893258361
-1.65544912617396500210 3.75055878362171046803 1.77582747432948284683
4.11094512469539896671 -2.97701106895874501035 -1.18493565434353431698
-0.28385928725400244588 0.82192917371033047402 -3.72186536718962024395
-0.69283587363796428349 3.88032376116065069738 2.00404594400951019395
-3.45706985937369459805 -3.82150797280216902863 2.09037092014744718682
1.98134538799311155088 3.59461895842056922135 -0.84249497602231748772
2.60936590505283572128 3.24456743870723407497 0.45382867011045746608
3.42147246317437581098 -3.53675226061391168031 -1.75672410583879257118
4.10522644264570235606 -1.27684881601656519123 -3.87550969887086260712
-4.43086502440195140196 -2.21111376281932825449 -0.64738694404001950744
-1.93790086022473495575 -0.35399413386715128382 -2.78229681224376967918
-0.95215575258266804681 4.46378041889565846390 1.09540643034272910938
-3.24384479378672674343 2.75214865040102463212 1.11530766971738781734
1.80666764006591495928 -3.25202455452285921211 3.44377712233664912134
3.24414062904887590122 -3.42602959343442536877 -3.39695419863212055844
3.47853500874625876094 4.14239866326439543087 3.81274973152181662073
2.31505076286126865170 -2.84371786203255227932 -1.55055476396136482364
-3.75711502296337274132 0.45751245740070789481 -2.49208344305651108286
-3.89451448550003354043 2.78146099446996419857 1.88288224039065266169
2.79686275547814311437 -4.49252225799807014539 -3.87978028200747582233
0.40085856948287013068 3.82385940622321296445 -2.52310547216532699011


