358
1.94951787163997014574 4.33621192737975658105 -0.57894184268860904297
-3.66975409831178467357 4.43403548087825694068 -2.52613691415052210587
-1.77897771779354041399 3.22322240192865105968 3.46054707288470098092
1.19815487187021929572 4.40793327862015171803 1.49065934916517672804
3.96952605317345419422 4.13387909861860958216 -2.18320113975584106925
4.20821647021965095092 -3.00853337739433346343 -1.89594615098468199932
1.63985729005237335087 -3.15083636558589841314 -1.77190937367983458728
-2.55136589001899993789 2.89329243200722263651 1.01175320535693646917
-2.62439727095877417540 -4.45272768457466039393 4.53508534478572844506
-4.30671046608853647086 -0.18251817131415215556 3.72729526898330032481
-0.88557227843096875119 0.30950044177152147284 -3.03064186054573303508
-0.15963605331852637192 0.72756187179119979902 0.77253634851968033814
-3.04067626960554093785 3.48243034179405253070 -4.25181687183815260056
-2.53158644222665385470 -0.53772958896749134539 0.35365553141086802924
2.20821824984872261410 -0.71857203973177252720 -1.51779326086243582239
0.69937264176340185884 4.08366610250240480440 3.99137853881834114844
0.02818482857544868381 1.11463974283886368966 -0.88359036951132363669
-2.78870843646219901402 -1.19663396937506050222 -3.76650415493936385758
-2.68089122698841331172 1.08626408154606668433 3.67868567224259290782
-3.44159814259847385287 -2.88730232286371180095 4.21904242543436236446
-2.25420269377568738278 4.26246139163782711279 0.94084391743282758114
-0.44499854821623774370 -1.64083364040245172077 -4.36414858910579450679
0.10011691161809732620 0.55210377780249419999 -2.11308497786466764623
1.62893528886562766189 0.20488354898198224419 -1.44497189838878892232
4.41396220044897713564 0.12334843610045265194 1.89547575763451714437
2.76171988907738263919 -3.70135843951516907424 4.16643467739248318793
0.57049659182165513016 -2.70216178209571111779 -2.76787857722317021114
4.47278085525554214286 4.06716476276338045892 3.53266740129986356322
3.22867778696899687674 -1.31565565035246656578 -2.60969698942433003808
-1.14618410715083607343 0.56524827884832706815 0.57862979295275529523
2.65171850791523144864 0.24680184023063755916 -0.07515357765746433216
-2.58022872596763663822 3.58017130025144236782 -2.90875595595926883519
-0.77991181893883787524 -1.78314967625627929237 3.61268867786973313372
3.85029584797595436640 3.22682936960551547401 1.43106564357990606595
1.95002286712560035653 2.63407946142426840908 3.09842858843206059305
1.22098621547307661928 -2.01254441667345274070 -0.63244050735899826066
4.33400924111477880984 3.22126510384799313869 -1.55417956563379044965
-1.72065195533653270132 1.28990246640747585616 2.35946412497067381508
0.00066112043498822715 -0.47963265809504740389 1.51444974748546190568
-0.15372780495005322621 -0.41141105354024531948 -3.16868492362036668908
-1.83945262695067679459 1.83421319411418970446 -1.54867328712060148277
3.56587187185252663113 -1.58911647498907759868 0.71612549994073937398
2.65261270489631595382 3.70105019747088004323 -2.95367475567576676099
3.52363132325566663638 -3.67608515810558023063 1.89826478621235050781
-2.89904552988901054178 0.52472879233631708473 -0.00627983572630341769
-0.74758979414569814992 -1.84096105710510471454 1.56872279927183821968
-1.02027588815681324874 -2.67084532804903407310 2.49425724357719413860
-1.93376873916981129042 3.18696841093496363584 2.22348522048052466005
-0.82847645224289090393 -0.40740818678727119817 2.65791137365393126402
-3.51640160537456880618 -1.26639448181390834591 -0.40263616792315382042
4.25857599253630336733 -2.13988160822836981367 -3.71724444821646260451
1.00981262591184339783 3.42411697468289766277 3.34156915194540005132
-4.22979895525906623988 -3.16786552366341034315 -2.71988404244707915325
-4.33323253897380222810 -2.73472679042113719916 -0.20722341250553188985
0.30585226956929734143 -1.72163970950928080228 1.56299761375790335904
-1.67756723103981553180 4.35726778291133332033 1.96137201937496197246
2.55380393873375233227 -2.46570302945334551836 -3.27874924958129554398
2.20042758080924016895 1.77994557036070943923 -0.70156509456240012668
3.54332181160227488448 -3.06129750104759779106 -3.26912701653183068728
-1.04806248961961046007 4.18442445606051283136 -4.25691599450503943558
4.14768307391583501698 -1.09983417897992552525 -3.55651736250980121667
0.47553947884303848781 -1.53343918723313343833 3.57714312381709564903
3.71236139744314375122 2.15390190690168026322 2.15624400983369124418
-1.58361223517790961068 -0.87457453822098774054 -1.96532463732368345433
-4.21719068908438909915 0.97411380395578994751 3.57966511730556735671
-4.45141220964641970426 3.06283503670061207913 -3.76071534204262114542
-4.26324712273739514501 3.36452598375827083288 4.27098038225075971042
1.27312079411932455031 1.14098961289419253973 -1.55037745257213055439
0.36023855050870778882 1.12081436306679638193 -4.49679801036327297936
-0.37798182681019554252 -3.90305028137405818356 -1.94438170240624241814
2.67111719004782077747 -0.87422846483933502881 -3.35091705232104652978
-4.02323345706796597909 1.72261463826121818954 -0.62821570131381143653
2.50532078494496257548 3.87857517606009860600 -1.38221669130342617038
4.52462374999656891106 -1.56757092057373004224 -2.63647267631966331081
1.29945097701602207962 -1.66358129283549072142 -3.17363944868119007836
-3.41247853138973233911 -3.78064070799629670105 -3.11087699649784177325
4.29851967561318115685 2.16225738433021152929 -4.23735695305809034750
4.04777324928175108454 0.40149561192411109545 -0.33637161834799478299
0.07467595526960124630 2.92868973551620470630 1.48181098142660605532
-1.57182824156613820676 -0.56289631100176640288 -0.94775304798684922858
-0.42290573059425007330 -0.81476154178319548649 -0.40767265730198953833
4.08951807513445597664 -4.13760501325526597327 -2.95353278761402604502
-1.43231419495171863332 2.94068926037698918918 -0.95689722464751536535
3.33194004608524974032 4.33055028842878808604 1.13225521834898135154
1.06227614793821434347 -2.16526683758006166514 0.38172941684539019036
0.27820662640625926088 4.30651745633157734261 -3.53145146384060293343
3.21915596976236084714 -0.51531730706078526794 -0.29477360580720013417
0.03300131962497498961 4.02180732720748412845 -0.56817548373897475145
-3.57676400636055857873 -1.28251852747524575094 2.25901804166225605996
1.04804395475621081602 0.24372055186875574151 -4.47759874727163875718
3.41313196297080878594 0.30398691497950558471 -4.16911141691992614966
3.86066270255541876821 2.31631197501577101860 -3.03886145361272941301
2.44322956673038849118 -3.72021524661691849190 1.32551549670089574562
-1.30355394770293564477 -0.70907871326040972093 -3.05108691147253763276
-0.76289364098407341785 1.96413907734097126223 -0.44454108569214678681
-3.56163831309861400598 -1.67323490285413267742 0.90060609378685985149
3.32827073431932607406 1.93466380337888299579 -2.27973937675348192755
-2.24689480389751716771 2.01052067170463555357 1.76415835952952004817
-4.30715339511843353648 -3.87538861558769243132 -2.04193277932755634652
-2.48738540905137472947 -0.20865695058552446994 -1.38417814943964989638
-2.75907136561512356110 -2.14672727011818853526 -0.79673352267096753110
2.80300942141250697404 0.29387113574307655028 -1.13948951016316080143
1.08832434197965621792 -0.79500143962182434620 2.50460860585365008291
1.69648161850016254704 -2.58632518604128280870 1.75824322636548746601
1.56523722839289991526 1.05555527558906270258 -2.70474251465967663322
-0.84859078294810297294 -3.95535063545970011489 4.51979033703110477660
4.26046645249578315173 -4.19504505944161198983 1.19512153173697388553
-2.58113860252148352714 -3.67696390451917531905 1.47692285755786567591
2.63777644118369547499 -3.51199917635635427970 -3.66967200648705338395
4.44668630048296531498 -2.14758899664609081981 3.28972997498437269570
-3.29347195115913926600 3.00477937539942629996 2.23813345962554155477
1.92732644073570380527 1.89037367843451864502 -2.07066525701634729373
-3.23470061183784762804 -3.80531051858650304354 -0.68736351319718913544
-3.41880167567139592322 -2.05814521629684943349 -2.54932360921742962034
-0.20466364223277899725 -3.31277693989442267863 3.10633190941900494408
2.29631458546944866583 0.48440939832302554180 2.35602740441130809046
2.28192927327923555936 -0.49774591774844711978 4.10919206160105066061
0.45530387932460758549 0.32495527946389390905 2.04843566947163324699
-2.52367601214443570967 1.76135707571149513484 -4.12013132619893784891
2.16762332090263587503 -1.29983673812281086413 -2.53188802610429153361
-2.09276562976790936332 2.22607557022611590725 3.82856239204174197965
4.07588328548514322591 0.55747846587806559882 4.10475724997547164463
-0.35669458257679753643 4.41505631458918390564 -2.67597689883905642816
1.17777696700864087376 -0.37339913223077392246 -0.60990650065725660056
3.18533429816442836824 3.64048459915269884135 -4.47460818884852518096
1.64195927964409005284 -2.97302197795778377909 -0.62335887118700350484
2.34933513995961806842 1.25266197873994844514 0.36934275619676171232
-1.81723834416914975520 0.07410297524597719843 2.19334538524355782130
-0.20202089442374226991 -2.35167300741709439649 0.94157998581098922841
2.82705537697139686060 3.19775692430645186448 0.77125458028342386285
-0.97635747843318565486 -2.63119368394805031031 -0.81887762248472473203
3.06268513771532102652 -3.88455174863158880783 -2.83722954901912460812
3.24280729818193780289 -4.39949654932514899741 3.28204124162930188646
3.70630801996770298246 1.34445881569374403597 -3.74071551993881712406
4.42033104355783645900 4.11847413456448219193 -0.73662418835627052616
2.20234013697971953150 1.49612280597533597870 1.50704549145715027691
0.45514609184963816801 -0.36115728269314661958 -1.63327572376769358797
-1.82115218570819958899 1.37252549862008876858 0.34051111967443592476
-3.73652534595942187323 -1.05523125178787635647 3.42508197334989361593
2.49922727652758158712 1.17082598417051553241 -1.54102302171660809904
0.73350203648305978277 -2.58682834058169097702 -1.38408310181998572830
4.26342557309686664979 2.51997242766569407024 -0.51273896822217857050
2.45298496785418773669 -0.14949907326714484412 -3.97670317770533809920
-3.42816879984119049496 -3.10287192147397217212 -2.13006760889030077877
4.16602538877490768954 0.79577532909986370413 -2.84715246811034905505
0.87628563904942780027 2.21150800794747937061 -2.01322122333951591955
2.03251852188308124170 -4.23056076179459239484 -2.74652757989953499873
3.47658219740308371826 1.92938603794103524791 1.06799354757612441347
1.35191318700482554505 1.31276968071793120885 -3.91860169468749219845
1.55756599285409347289 -0.79087011912786664425 1.19008378738584408296
2.98866856441092210162 -1.72508206707523736867 2.55903568409285409047
4.25460287583385099452 0.96650955362178603281 0.89613975890527619583
-1.41596039053774758187 4.31139454937457156092 -2.72829733294400522681
3.78558415714781393291 -1.70660344485922488289 -0.38757595767206609594
-4.29501908505057450327 1.08754600427106939975 -1.33363794541606450750
4.47984776334136380882 -0.57669816501599990843 -0.08663408102941350108
-4.43644387723810407209 -3.57652013992416950572 -3.70330726779454622033
3.25459303915104936067 2.59176964029025835856 -0.19334415220691258952
-2.08175550946194087842 3.50258485735196689603 -1.69662258831229895151
3.87667466567609952932 -0.99002856182366993920 -1.67688024166011651062
-4.53488484002038294562 -1.16002485247022235626 1.06075335077214383261
-2.32430169936454644741 -4.05161868414763670643 -2.98237887159574510676
4.25300184975852690883 0.61604254545957193301 2.78837138373418635950
-0.00769225142599694323 3.38778392153787866192 2.50663197924526581772
1.43674245971431968627 2.45178015689133310673 -4.17510507488133697507
-1.58650638124071097224 0.22714906442595772518 -1.94168956315644658517
4.07455589706953968943 1.41483890088124741879 -0.59936058622001064933
-3.77087626588044511067 0.40255969389481993659 -2.02324520290545395440
-1.14635251925161574249 0.80503527980055888946 -0.52637342325531033538
-0.03758990741302969951 2.90804886022431485770 -0.92839213660856589883
-4.19819852635220147619 4.14658034353255811055 -3.31004980419221617183
3.79427024019226433182 -0.04975185650372626611 0.62380197376303048173
1.79913979174520832771 2.48328211805612841800 1.73113601408699491202
2.69261214556144512500 -4.31385312244790952718 -0.04891351387741327272
4.22674052511715547809 -4.05114505829304416551 -0.14064447975031235671
2.57989863658068685481 3.36331750581800204003 2.09541407447301875067
2.98838526172733853770 -2.86907749889938257226 -2.24736549360369020079
-1.16675262559800962947 1.69529798707823786685 0.99185711738248194536
-1.74925073728499747006 -0.99079775533120129083 2.93684147505514925314
2.36258422849428306733 -2.54162778476229167524 3.55436680409060645758
3.35919722748911198096 -2.77923612742517889274 2.83591318468829900468
3.14789122012789679417 -0.01884713015976657857 -2.31199948651244202580
-3.22490533904472842508 2.48184430920079091010 4.03371961703857362380
0.31360092963314212255 3.45931225637391470684 -1.90155807153179923219
-2.41976231590403001448 -3.81108114217253435285 -0.17834755297091575699
-3.35708204583255342968 1.92458721997711101892 1.55301421225768088163
-1.74592565539521782370 -2.73621012862081114392 -3.46696395905087983991
1.79245318699668132467 3.57037330410660214142 0.07423907034250554204
-2.78548140293237356246 1.88330690673004497171 -1.27247492960937380602
-1.14111725489224102859 1.97665015268940269522 -2.58254156108384558266
2.53974488954580568389 -0.87993127343015453690 0.79367383948590042309
-2.74322101666321627178 1.42442976862772852087 0.72875227747106485765
4.52007065675624186696 -2.03022413471488727410 0.50226167707712576771
-4.08208413140356807247 3.81711808807485208916 2.70931029958855429385
-1.89970854971808655876 3.65911092065709464549 4.50615791861599834789
3.73152283158703834687 -2.42353799276956438646 1.45248289950026165940
-0.35213435720771091297 -1.03846222332090132312 -1.83573749500336003138
-4.32334294984589551092 2.78959378882908382025 2.86423984222132954613
0.33000801807983926039 2.59692942745012178563 4.08232731556024130981
-0.89511042087813041945 -4.24816236237079891680 -0.65272819783607838318
-4.30007286803178434553 -3.35315132270030558104 -1.01114117440195094844
1.50447291945625050147 1.45562065735211820794 2.44252139274159763005
1.87326413473871244975 -2.10805150403698959849 -1.92156057353741394067
-1.54378840921537463515 -2.02199370957022939166 0.95066730072074889790
-4.00949111454551676559 -3.96262315617172422577 4.27467815143507490205
3.77690746242665920107 4.37748033351242593625 -3.93277151123603507799
-2.75420161284553266512 -2.42600592377355583906 -3.78904532635829793819
2.67426748943974956774 -1.52809876344281070359 4.48397280626443706097
3.95245121445705027696 -1.71142904747132362786 4.44824353776250003278
-3.87115776597425664818 3.82371680053050777559 1.09300663684961474331
3.11461379418956241238 2.21388087918905007712 -3.70490565487641410058
-0.60159392093667340973 -0.50400902425686311403 0.63313938714040229883
-0.23897851214751231197 -1.87714771030507643346 -1.11559450306828988886
-3.84160266585870724398 -4.30089398849704718231 0.28709971719492610731
-1.84207593832546745460 2.86416821130240162319 -2.77866012296495723533
0.19347911095064862508 -0.43157611905030535127 3.00987109335538072230
-4.41483619739678978533 1.91011952877817847707 1.69211694290700975785
-1.50951744868361226182 -3.15732809706905603875 1.21258919677643017820
3.17836895560820575923 0.97293928353677028298 -2.52269125722469444995
-1.17366720576645988672 3.22185233377895041684 0.70353315611025735166
2.15920449047055118541 2.59683409073445936599 4.11540942929324149446
-4.36253620011356790798 2.19365979121451992739 -1.91656650870846378965
2.60007961065576687076 -3.24599992453062524689 0.03799907967274673837
3.29634650106838034134 -0.15229956414927325881 2.72155500981678954986
-2.67306146846693115648 -1.57442872013120105379 0.49942029733593962249
-2.51488959461718453170 2.19645141639479302142 -0.07791387164238638974
-0.71796863316954118162 0.20140064158473780509 1.45232643131608885056
-0.03377449695301493193 1.24031422890379694479 2.44050655966252527662
-0.93503909678973062825 3.50904212176334784345 1.96591504009472828329
2.43688939505989043965 0.30877759247327141168 1.08900274220892168131
1.43601545750133485768 -2.01690187162999690074 2.58741483363338886647
2.63713476272504809828 -1.38826666290786882030 -0.13017613874474509572
-2.98074062811942130935 1.05857743874852250343 2.17269565744987236400
1.48254901978299447052 -1.59002045531948965618 3.51965572076833321802
-0.11204822556761140362 3.68949069108538818540 4.52916899815638895888
-4.03385214192353380724 1.54067332205220441921 2.63380836215825020474
2.92877842007379296518 1.37572522310048039884 3.04200617294358455212
-1.96865877247907672398 -2.35608156208847363544 3.27687181864760290750
-3.84069402026143968953 2.05369207387020313860 -3.03354302273870546358
-1.96087237850598761213 -3.03960550110974381255 -2.07387910782497231210
-2.17935204820873718035 0.32046720806214068489 1.22045811039704954482
-0.83016468826693579075 0.29118316206879502062 -4.50613326729632568401
2.70695701848860625915 4.47146032458767894724 2.32767641262752977838
-2.02628857260166617138 2.59769485437423419683 -3.76112897654923417079
-2.36013130181924468687 -3.33960240615955061827 -4.42766595957881659018
-3.18844233268837262685 -0.04119235196330883753 3.12579737182872108292
0.95913926517815450978 3.37616037390742018687 -4.38298667976267175561
0.93282486550329313246 2.43317189982376635982 2.23483384383429584119
3.60848330651656734602 3.50072964945220110877 3.53265223675483230892
0.88839936294638466308 3.55978621344381007674 0.89959443401997596368
2.03143089597248405198 0.59116048984676972111 4.33517697191098871912
2.12885204256824600577 -1.09932274339418611930 2.87264139233960147379
1.51237074457625819690 -3.49078947040395348722 3.28198940144237649719
4.34982372690667329351 -4.26692764810942115616 2.39157423708938043916
2.50581415837335885755 3.62868470872781667680 3.31627587602379669818
3.41009935000726738252 0.99663473641922895041 0.32058360338440650139
-1.47682276363840658817 -1.70686743613590952151 -0.61209211432414400988
-2.03261006138404054511 -2.52775316486165824159 0.02011842035415689622
-1.40241460409422913358 1.59499166639184064564 -3.66588697420455122966
-2.59794643939596836546 -2.78559483374127347943 1.18619935493095063350
-0.73921927599734704728 2.85405800979779655790 3.03785702781433908370
-0.77110400506820431232 1.90422965756007034344 2.71818084659279257664
0.14992304107470832975 0.43326484840531787057 -3.68082887675669612193
-0.03814369726499666768 3.96704209069901825302 1.49498513411114419824
4.23807387580360472867 -0.34863872404851559139 -4.34192096988327058682
-1.93221467444455496931 -0.38834956699240308353 -4.03250048050142950729
-3.41688766985278302712 -0.14661768087277238237 4.37496287663949612323
-3.30931224557383041329 0.58085822625756566850 -1.08951503609996125377
3.31011891002658220629 -1.94125280235242048121 -3.85356245983820455692
1.51396725735395065726 -4.26782304442519144771 2.55027603175802752844
1.37359103872181798067 0.84627290341337513269 3.36916317299587575462
-3.32813031257742153457 0.27496447291705283789 1.00153292759407275270
-2.33342548948088346350 -0.25210288256202595392 3.77822971778216842864
3.76374244687417824906 -2.22435513725845668276 -2.77677803391047106629
1.69413375260189713600 -0.66412165512666820888 -3.46629227035810938418
1.01483186262283009427 4.20822739766264586336 -1.51658664089719863455
0.48672463519258002407 -1.46632289109642499625 -3.98049457784316329523
-2.75281289789868965912 3.33670460917028766090 3.71511467116393756527
0.39810828977930690087 -3.12451079886324745161 2.06575113108749075508
-0.72306203926503531676 -2.48942244887261532327 -2.92923647729192992983
-1.48284616699110793903 -4.07648233412445204493 0.28631639492780269762
2.05864747613385734581 -4.35159866156566987883 3.52956492183626391324
-3.54707300040101047856 -2.52777848694668039187 -1.19137187538586886149
3.31698156109796560287 2.96540376238608249793 -1.14145266591549532365
0.45179460629099743585 3.59422162935698796815 -2.92933402894650241066
-2.56954113160194186349 3.93379351047923275786 -0.65461662915777818483
1.42767467594214547688 4.44952545363328422212 -3.63737187966994834909
-3.09216658148758538616 2.83727197838955014220 -2.25103410756079380661
-2.16743067072845674303 -1.68239212557700756889 2.19863496707381411710
-0.72737047255048103978 3.17921046298656317930 -3.81232933727489164966
2.65603376160649862214 -2.27279358043761492425 0.52090935157345619189
-1.11128022335025100631 2.83780803920612356706 4.37808997324844195731
-1.01045121726889197689 -3.85826262090737914789 1.92229015982417639208
0.66299625846012411046 -3.68657108025942070739 0.97225037938869451892
1.55634891659937846242 0.73768775877542402952 1.40372905979433859613
3.44934712590384418007 -3.33204851712356298066 0.86731043647232297644
-1.22321875575133764968 1.67295415332335739578 3.93710598868343897294
-0.00652371203992085924 1.72020217678934361771 -1.80936054753966368835
2.52993431731544760055 -1.73582338790897994230 1.53308106964322821142
-3.12283271778440374433 2.17967147426761176376 2.83262240498484363371
-3.01149981264353794330 4.35213590998411614663 -3.60164808218325038780
2.22171254350088531737 0.34724293680650397675 3.36119608037614714391
-3.55083747672949634477 -4.16325551488849576742 3.09849924682052968450
3.28994186755371043063 1.94008300705078440274 -1.09364206470261038362
-0.52727815913254261204 4.36874320411501582129 2.33069733625127017973
3.44729663481045189855 -2.48511860499667402991 3.89095642214933956637
-3.18718907788441008222 2.55874537536489210510 -3.91728686011881599427
-2.14906143441465724564 0.71916563754056106461 -0.69618284205217362270
-3.84147101653963485290 -3.16478906665396841902 1.99114544082002620229
1.97910567420379823744 4.16813532874402792316 4.29579223789461206451
0.75814810497682838530 1.70445677171064158273 -0.39122560441628984051
3.85287074521572581176 -3.60001254627132416530 4.51907797335298422325
1.95874223048162132699 -2.57109245087561300025 -4.18058347059590840189
-0.33700573725362836797 1.69115872222089258514 -4.08681071287838548756
-2.20439624300417502667 -3.72969499610901111808 3.40059938299952779772
-0.88946355074863081569 -3.93324246523031950673 -3.25763516216818693749
1.03207642878108885043 0.11459853328404356887 -2.41634528254577851669
-0.99388349757585192634 4.37750254518107073665 1.14689150484764290638
1.86350282764237196176 -3.62315003381884181977 -4.29789379987109398940
-1.72255439688013023414 -2.00235050395760572073 -1.71301425193666867486
-3.28355223075046875891 -2.51913626089432041155 0.13423980599365759048
-3.67222468962829973194 3.97283892350102885160 -1.60782222086420389928
2.61005384296764741947 -3.69040488530428989478 2.85398662729706398267
-2.88118036478613914753 -1.37801181444302578427 4.21129692724568993611
-1.60379874926015197900 -4.50364440508542784869 -1.77012860058750565173
-3.86645336049886578778 1.45745838665841986881 -4.16474053098987706534
-1.02067492655159908210 4.09956246059681372884 3.85922359359061584172
0.94263121791587511922 -3.86580739121873984132 4.46174872093075247648
3.19265469489553055382 -2.92135799436159793174 -4.25758862403640847560
-3.57616352617630228750 3.93162270180041861778 3.89000745019057614371
1.13558940751327508423 -0.34596457076621689453 3.77689137400776875353
2.68922043841752511639 2.09850771261137225565 2.18888969227589313959
-0.72791267053093333672 -2.88051652698812965525 4.26027983800461118591
-0.04379468658916518820 -1.81155682138796336744 -2.71724428231459036454
-0.72654177757949822691 -2.30399429743606143361 -1.92366388800130749814
3.20980757922984327735 -1.10268563666928010036 3.56785243956645015118
1.22345254292061245138 2.82478954622030098420 -1.13801737189300622433
3.62028446607556464443 1.79651439179412708569 3.86367019175867998371
0.56034468632643541497 -1.68337656661263856961 -1.76846674406092585485
0.10768326081293988494 -1.29248270410991361601 0.61979358780748849966
1.15144192797096334147 -0.96250591886622505200 -2.21860076507946768487
-1.58135525889600003779 1.04760885031176531612 -2.86003018787904528253
0.22351610526689125180 -2.40067548539210440239 2.84561282629322676030
-1.98281822349124281502 0.82625716851060015955 4.42141845834358182543
4.02536295182607251064 3.75087263358331579610 2.46537694435809040527
-4.40631672027995691110 -2.07763948322862690432 1.90256535782048885608
2.62351348700035824635 -3.00364585302029540870 2.10864108883606071743
1.31728551818510464244 1.73910101824846652363 4.12991437537728156570
-3.49889687252596859324 3.24385950601237382784 -3.05571111290542685168
-2.77607129568694688260 0.70088557353359792756 -3.90602490504410537753
2.38922681879184750642 2.90583975229087787540 -3.65094399692478477348
3.62642100536058986648 3.57450394755131473090 -3.42545505864949051400
3.12592973513814342823 -0.52348510345222631912 1.79002492653845823867
3.50397935974459162622 3.17933859447043065671 -2.43250527336840827175
-0.71726613456728793849 -1.83462535675025284476 0.14094079748642407424
-2.76207899557969538407 2.17808110453755077174 -2.97902383000653436795
-3.78180488347165377760 1.08640130180012306482 0.30828445974374130145
1.28276797711834245064 1.84047134544612500662 1.13927756325784468316


