214
3.55476119947021818035 -3.61502192421038115455 -2.51573885336924751854
3.58647055195500907843 -4.21174950263424463515 -4.49803742799967576360
-3.86495844844178959576 -2.98010112202906318757 -3.55370700843831732740
-3.10589393961394444332 2.74935994502307767817 -0.95424779084740229962
-3.70902738339289639313 2.24837510651841387954 -2.37834567301521326854
-4.14074721736237005842 -1.62180466681744128721 2.09030884402954786339
-2.44527505639010112048 4.35783948027726619756 -2.85851478618213938887
3.02455758822343323544 -2.50104354722373889430 1.53115391613331208731
-2.04564337685692176905 3.47548103299380617415 0.58442558601905680860
-4.14566025445020081008 -3.92317928237762636456 2.14451601601189789648
4.00584293596624529954 -2.25650352244499696752 -1.26887016623338189092
3.67213845177936182296 -1.78055445112669064045 4.40519509514811868911
1.38223343776894314061 3.60348119069542516257 -0.75912206167126017320
-2.37332079832497511163 4.36379675305651826278 0.15142069569589011735
-3.92572476490938226945 -3.06748727040189894666 1.32754158517148557195
3.45774698615783737665 -4.50651014490502532794 0.91743633650125655521
-2.67960028862279031614 1.44784619667598146719 -1.92078811991354836408
-0.27965744742642240084 -0.77937353053318414453 1.18707812656288957953
-1.63649914421006537069 0.59750495798644642775 -0.90362096532970825891
3.08385716451388613990 -3.14232817541341047374 3.80977629452882293748
0.04887227222044376873 1.63402949195891356027 -4.04899237128301869859
2.85251763948009529059 0.23876905566872785869 3.83361286963457548183
3.05785430588738194047 1.94368282354498145281 1.40147964756044540735
4.51051892146182975551 -2.76245250342711878844 2.35061730860383111263
3.51877567994104634153 0.04168197720552591079 -3.54041127150747181318
-2.97255923664739052370 -1.52681193555046679222 -0.26824119808131641207
-2.36901176159499371465 -3.29309405169751512332 0.94891748982434975801
1.55145622421380213751 -4.14544208157559257444 3.38629856988889077485
-0.49779509337556770987 4.08096750663277152427 -4.39364719875936060589
2.44953029889689855025 4.08961011397844043103 3.44734984223205120912
-4.32772070737970881993 -1.53483533725488374699 -0.77023765469763105784
0.13926358736345090250 1.07422466452769516110 3.76886779913392810926
-1.41701107690124494809 -1.32068025443904968341 1.67394344355722690665
-1.19010175346248558981 1.98517928851860769868 2.27657864580679447641
-4.34464059515755174345 1.81211092835344267371 -1.60028974810501889436
-3.91284975355357511617 -4.48723911446056522578 0.90643364284801997144
4.52594345622638005722 -1.30622317990586189751 1.07209496040561891306
-3.87819012905086379916 3.49090285139792211311 -1.49818097329357158287
0.90252092160260932729 -0.61816268360287640604 -3.92389669343414526637
2.64797429499633896199 4.32225695305772017463 -3.51044850013670028943
1.65793318491661079150 -4.32788673446232685649 -1.31042721111325377592
0.69345865457715127889 -1.50158791394009094589 1.08081681281375185932
2.86261082797833577018 -0.90717206455542065413 4.34434151583990857404
-1.18775543529415950061 -4.39383591737864254156 -0.14538284787423982891
-2.63809185052806238758 0.03273654622480481891 1.47851449931175427110
-2.06634635575479830294 1.41016140674426093682 0.92719273276540103979
3.60573338759672612497 -4.35066462896722150333 -3.23828717222752349159
-0.68542435471316665030 -1.86669603895666558202 4.48965182868179635278
0.69901638701098445239 2.78360267277987194490 0.21237613288025425362
-0.03586257048310859119 -3.34417184428531433227 3.23657890974856243815
-2.00711190087364821366 3.30568060517915718322 -0.56967981546251378333
3.10429443749234401650 -1.90778683842953222793 -1.10880101534712505185
-3.90288760092601938467 -0.20842715380486342980 3.33260247606243087404
-2.32243343466548646248 2.85308695768075537558 1.61713750727330474177
1.31236646059090311667 4.22355165879961358399 -3.21332031040239085584
-3.02641806721200179453 -2.91618593960146466060 0.03483777215008743156
0.35341377491792336230 -4.52520859074219572449 2.97890868238244532762
0.59802920194129427500 -3.73506427622489978191 1.01751947630485961582
-4.51582579190552646509 -1.86571498607976771211 -3.78147268677874581755
2.95430052702672885090 1.67354536232375483706 3.86671587249462778146
-4.01005168867690731105 -3.96782594726173920563 -1.38724397068563920499
-3.54975829927581143508 2.59749977578134849665 1.30540839948717124486
4.51266165576749411770 2.36442986996563409008 -0.64221629162037396910
-4.31569640213207605939 2.94808595783849902716 0.29451476009064059269
-2.27745862494841011525 3.77385668381605210442 2.53344233558610110180
3.10990020735645789074 3.05324576459454100075 -0.14108606910639309717
-3.25558337800961483666 -3.03718401602220700042 4.47191954697420523956
1.90955204457695604248 3.28477088655235327508 -3.66885566873315749348
3.75459272441145319732 -3.57877046823803368625 0.28134744171040892979
-3.85352719874686089341 0.69698472929883692473 1.29826699355812902326
-2.96251945917579062595 -2.89097286005034970202 -1.43669178158803489964
3.95399879084096550486 -3.02025176924125959843 3.51944065516804638349
-1.04033658619350521946 -0.08200953038035851961 1.96906828787253740387
3.36328502434652509834 0.59206225418714542030 0.70045024992025606281
-0.83768229869788557451 0.98560785918006477146 4.43152758128057921994
-3.23387079977442581935 4.06540975161851658726 2.18779938112540595085
-0.28926445219607721526 1.14628085289785452972 -0.48709495540067759833
-2.84894724570659274576 -4.17166400684526372800 -3.67164158912810023594
1.57115055804794589989 1.18950147459348887224 2.98676458839413871971
-3.02763107030722844470 -2.09266776276321220251 2.90517411914898548986
0.43648072307955043669 3.26718723770083396829 3.74181613304302640444
-2.19747080890591117708 0.89175393441366157532 -2.71362466263823609580
-4.12461131228904864798 -3.27263622683938848468 -2.55201517566713409479
1.97454494147431081075 0.71956245279705211004 -4.38861411233153564382
1.30124243517044657636 -0.01486065676190406748 -3.21197497515968022341
3.42866049576983922265 0.81530718324745343750 -4.52521821650330480225
0.20089487072939782308 -4.02582590119888816815 3.94976138053502534575
-1.55765141463012790624 1.20021833995041760090 -1.98182800358109911798
-3.20262359372310578820 -1.02488927031147047941 4.15947812168185659942
-1.61569325762123305879 -3.10613648720008894699 3.59134703859710580076
0.86171309972583376435 4.31024284810820201841 4.32213676713741090651
-3.01418898747185881604 0.25440679971929913705 -3.55701848512910379085
4.11088913309696568632 -3.57092146036994462222 1.64405120480179878228
3.66442830672646824297 3.69214955323315319191 2.77063052657095898468
4.45973949183117834849 -2.86149086073748915027 0.22225051975545273564
-2.66609105368268339831 -3.24002548116916200271 2.57422894313896133411
1.01978554554052358583 -0.62488649878665158965 1.83750425121124649763
3.84930175377437233664 -2.14525939388527131513 0.88519193397860629346
0.46590754668086642454 2.25321994184527341076 3.92649576694865753979
-3.51294719024225177151 -2.02108226521775291573 0.45618542762921698852
2.94089214622643968511 -2.58052522280920149100 -1.87452341619887796753
4.25929792732105294562 1.56155542970364979993 -0.02978027285388051837
1.54664021010323882166 -2.95832365695604071476 3.59243124351179243803
1.61909237186973697931 1.43436609337461984381 -3.08381196602602480894
3.96156450858841591156 -0.86075245471071371028 -3.93213626648303815614
-0.10941035312359037590 -3.90936176297470661112 2.03569604706530249416
-2.66836803094795893543 0.93269346576920320047 2.94768316625448179025
2.69810950767755297619 -4.52254342214419668977 0.00352836201276129913
2.85473495844451363723 0.94215171319512069914 -1.88125349296851851477
2.44687946987724380676 1.68815270341772194485 -3.65461637784894044501
3.08305518868721240011 -1.13106682340221098571 1.30725086047699079472
2.48390789965256875149 4.19702964703251080181 -2.12476865817710169893
2.20054446355167865335 -3.27081664562837204357 -2.15345458551932988911
-3.97290265226275440824 2.51794205687961447637 4.08817395880180978196
3.90379572819530462624 2.59078546840000445428 3.97357162818280595928
4.46510025886794803540 0.66779443238137670136 -1.11952912308641572281
0.60152156002793866207 1.03052829428141290435 -3.14774743741896312343
4.47663618390996287388 1.93420422569162653303 3.34993062044411349376
0.77066199850817529438 3.35246096592702880201 1.41502975865575653103
1.24519184319737163946 -2.01725566235219533340 4.43757481654705276952
1.05104913681788136870 -3.91231342265429660188 2.13976792464602016963
0.01281498300246219912 4.38454748918652281731 1.07624621597438352438
-2.94083136178000970062 3.88069623067391678006 3.68119693185907603805
1.51895083462676172559 -0.41062291021068375585 0.20380611577372675924
3.59761098169198856311 2.83654326161994152500 2.00162904356092052893
0.08556720056256228446 0.89261086604662764898 -1.67501694454715677196
-2.79985203677878358164 -1.24627250673953771098 -3.75130866831605169764
-0.14069888568868726964 2.48611964742703595022 1.36365668937988271381
-1.12468409735205465694 1.08647525485985951832 0.40149795232687779389
3.48912688386649794126 1.99967985201094311520 -2.00985372031780107349
-2.11285089972039230588 1.21521944048495189605 -0.14085689595808581487
3.50853988327887389431 1.23314641224844567802 -0.68780516089743359842
-2.32183616409878545994 1.70776087430614076368 -0.97172653454342228230
-0.70731762898927330596 3.07224726800576242169 3.69413693316208746609
1.24012482712566463050 4.30992125834154737873 0.91884820626334384741
3.16455707417565967887 -0.23262398639271886225 -0.42739932381304157616
-0.09116519270936507269 1.23497287193871763122 0.61718884248115912783
-3.85604526771124289652 -2.78496392032455153398 -0.85069336496868697139
4.00397269066442884622 2.56056249442610717182 -2.79792665787140837352
3.10235123526714762221 2.55578426573311823233 -3.45987072292396380391
1.44345846995949145253 -2.99754847142735192378 0.21709754416429216661
-0.07739880766666562550 3.87973078871387766497 1.95843969473191936714
0.09897515710691173751 -2.47024868033257627431 3.92504360899408499819
3.32004492910689652518 3.49153807811176708498 3.85104357966020582893
2.38402541714530702421 0.53574052888984002863 -3.50388306300563234785
2.40113872143068896037 -3.11114397339960113698 -3.70842979047180554275
3.93833164213600372960 1.67430669031491152765 -3.98983330149153392341
3.32478947233367794212 1.76960443505809461584 0.25234536988892486420
-0.03990474590943549060 -0.86127819242075931427 -1.51411119438565888728
-1.84800434076095543290 2.11057680905061939569 4.21590776545243617335
2.69647324116745057410 1.71674331281660474957 -1.02111153218283945421
1.91946537832220354147 1.12573744496173944185 1.40481144614228892209
4.17639560587004776693 -2.69235665883243191487 -4.36979785481352323018
-1.88123645790073634743 -2.94051508492475743850 1.91164578973424781339
-2.31902304930284675066 -1.93356710822180843934 0.71602584030184068808
1.54221956478346111652 3.46250441846671908053 3.29108074368264880150
0.11940406055122831930 2.94534462595781842964 -2.81428489691358008074
-1.14276570098998586644 1.77990973757945791789 -0.65447485259532500734
-3.39128901029852070081 3.41945840094321429348 0.55811161337350512213
-2.84324365593365380178 -3.94434646738134730981 -0.80029896235782027603
-4.34609802276271040000 0.72793741547034418460 -2.45684861065159854121
2.22535839173806149205 -1.86206207689143976580 0.90292940086802531141
-4.13998895910117781227 1.52809301970045385843 4.25502507336058410914
1.17985532687186189804 0.83769338475599752769 -2.16254572710853665285
-2.81906684732442291974 3.92221285401547259397 1.25846149732442125213
3.73410129071710716886 2.76988712331707009895 0.68779740078916429269
0.11398247761262503275 0.14350851420301236061 0.06101760705002945429
-2.15568187736647454145 -4.07441098805351220591 3.35612208686181734407
-2.33361961589342126189 2.21041338838250034371 -0.03826867323917593211
-3.49790030381193384201 0.83142648269431962404 -1.53583593740841406472
-1.28572534138755623090 -3.38830600267195958253 0.57868570453972267842
-2.56535077235132868978 -0.44150297882139799555 3.28066104083809495506
-3.34114551618535671196 1.89837567240205284946 2.66123611008701299596
-0.15330053179305647149 1.76709929116398178905 2.79123954192224843496
-0.96180570088704442355 -3.91774953653599089520 2.98204722733613714070
3.32786989308959313405 -2.42996787666907509973 -3.86005512208012868669
-3.49682023368443317679 2.13551729058001082961 0.03118477590126023102
3.60043377177199896977 1.12088696670409859735 -3.23709863060697156101
-3.09763809865196648730 1.48267224182466339499 -2.95258651332601562700
-3.12631125618630800744 -3.76557295004069514377 -2.21336319849004725668
0.92743642111956337004 -4.12201314991144673883 -0.40302479215101172372
0.71203978634463194197 2.61092179773736088322 -3.76523163040680808322
2.49583970376606334440 1.90869102818199998239 -2.59570510517226438196
-2.29415632614969977610 -0.36236059569669709646 -4.03964100427756100942
-4.04238464294954358280 3.48892987912398577777 1.57034331594193421466
2.57057097134915490955 2.69670446906208560733 0.80130535196315921809
0.12325311905104374688 -2.42955822958148415225 1.26521007031757815042
-1.38102492782547070505 3.36131136953067866102 -2.79973759217489526208
-0.67075314452342382765 2.59928688857073808549 -4.30491985482579053723
1.15135157341744331916 1.65277644315978289313 -4.38617005824552563809
4.09451766757512825023 -3.04840485958709894732 -3.31930185990196013890
-4.45355171619323630949 -0.42500253554329781025 -0.88467799230979604630
2.58214203704772504722 -3.96012969134668768589 1.70140102135018800311
-1.14540913506374497643 3.28846351414556448134 1.27647734263654388798
2.66574892932591556161 3.24745291376707445608 2.72445638674729107009
-2.99840272234644977800 3.04610290293448127130 -4.36826360235642141561
1.99957612024834308073 -3.07984499607935990895 1.22467368855088576396
-1.34658063560594021268 3.71939464576175904398 3.96446830098314695334
2.05389629068804957512 -1.92633364447591048929 -3.12970068787529953624
3.22414380554995627648 3.74631220646937901364 1.53116108047945065351
0.88366133090917653448 -2.05005643259811698442 3.22298353744754706440
2.28676107925172100721 -0.37012950052891113728 1.70681023335312698208
-1.41928812285245564695 2.59266171070025741585 0.44539151605449855964
3.43015351582985505985 -2.10516488205778040665 3.27594583898850810755
4.33779191170304567748 0.41780814410362765443 -4.07225720016828773851
-2.75894733349826504210 0.74672145021864011483 0.65936250889481495818
0.52876227815365073326 -0.12468490186542435794 2.58381345896042002863
-1.83184838160410023988 -3.95388992864229393831 4.38242978309784358970
3.96664273588749960453 -1.27769736656020871379 2.93612729047752019085
-1.48727856809392022797 3.05129062481857893374 -4.10762964185871126688
-2.42956808445913896577 2.52595629728381698698 -1.87629831584661399546
3.86898643647373940979 -0.64789971525842071642 4.05386766339220994126
-3.76073996812281796664 -0.91498570116771915650 -3.50491023224623976517
1.21793965207679555363 -0.32319267044439303760 -1.01101385011135391778


