397
3.66917965785617017360 -2.97378986630287611703 4.23787315985943902064
1.01538270759730320236 -2.33886644732999604557 -2.61002117717913151296
-3.76097627938012779580 0.05124916156615100249 -0.09621397079316817980
-2.62228478749741533704 4.34994123685114342237 -4.49314428594915948878
-2.26892587047756189023 3.47368277744665565621 -0.66794175633770747069
-1.14996756121401055850 0.02086641701219082989 3.07442839071245455074
0.30119226092677120477 -2.07476313883066598720 4.44538683488324348758
-1.03708374377499357166 3.15036554359382581225 -4.45223512941625987338
-3.80365679064713457791 4.42055841253322778783 0.14728126544299424694
2.33882572375398467557 -2.95470451785468890549 -0.38983754063094444575
2.03283258096720143016 -4.39695405990018528541 -0.37179536491646381080
4.53404066082133017090 -2.96413992517883873035 3.23080230626425812801
0.28800516157502453751 -1.20559135828517405287 1.22929641028909930611
-0.17752608910339695569 3.44159742275503521824 2.64554330701594242470
-0.06664333563760127532 2.81525905721443869822 0.70875140782283185814
-0.06995530557145546169 -3.32470083633836654968 -2.09637317673089462744
-3.62978632606086071277 3.68039281424144615329 3.25879928324523504557
-0.10673694037501757492 -1.87707960612066138140 3.06051532991497676761
-1.15432177005993219510 4.30581614902797493727 1.77066693001385822015
3.75886354300596803313 4.04384730717344087481 -2.24839894423498387610
-1.38544367409387048085 -2.15037678567880696789 1.25813371352775771328
-0.71233207336983239699 1.03518302964428610125 3.81522165408519153829
0.59503119016623440274 -4.49470557807211523738 2.09490264063747577694
4.04781864076590647272 -4.32197496207558451431 -1.19428030495036585634
-0.74610637603106910731 -1.17187225139527395612 -4.10917182798847235858
-4.26697144661773197782 -4.09448614152395595767 2.91077495361446114686
-2.07749661668982010809 1.20524480021175861566 1.59621343292575712525
-1.94367208758616216713 0.00920463150442962785 2.28369029050583360885
-4.16453543224593936145 -1.60851391456156989079 -2.55551365764639148992
4.24414850389149744814 -2.42479419846188104515 2.24440725848091826578
2.09619679968513406010 1.43342769080101817281 -1.55041675642076759445
2.66491531843499718235 3.54877811889030692072 -1.98367183487332221503
1.09744584446930915078 -2.83298242763039365144 -1.12738757113652177111
1.76267472749069042948 3.80207750615613004896 -1.61841972040225057228
-1.97295292585713255562 -0.79539015385426470317 -4.41696477630037165341
-4.29273294171419728116 -3.63674473377080476055 4.10095608589155258272
3.85519832109398219444 -3.35303866150063001328 0.83234652801582242887
3.87722134766369652681 -2.12470719180090839018 1.16021608038474521862
-2.63225425308654559231 -3.46626891917630564066 -2.78152340519730856272
4.00245434802640875915 3.43024359448310622867 -1.24813200004080693262
0.69719938187023977605 -1.24920298801555063051 -3.05228789343344386609
4.18231585155213014815 2.50586088345030955082 3.46667314764996081777
3.39696353978352316716 1.73390237603620089857 1.37252249002749326934
1.12618760702182996170 -3.95515910735963904798 3.45002737772419987294
-1.23215163386219561659 4.42913189549075791973 -4.28051696082188826153
-2.97501963773228972343 -4.51860444343067513273 0.89174980559125760493
-2.78490828232580778234 2.89846825205305602680 0.84424748996335807760
-1.37257937970951271467 0.18842428247324161106 -1.43033392799447600652
-2.99582454534983710914 -3.46503980018050850020 2.51994263302491905421
-0.92583202367921835219 -0.99472640769542675088 1.25534581054527194510
3.29900130421177717466 -0.37663151057980215342 -4.45014937537024746206
2.63824136774703976727 1.81916787738640817196 3.80095296429401674487
0.51108385806954714781 0.70506199959536264288 1.05362697443376429618
-2.52299910480860178907 -4.22096335722289239811 -0.50496633404340673934
-1.74268206106951639711 0.86365303944385551915 -3.69306348552494334569
3.17689207473203349963 -1.74089830670669920565 -3.27787533615236759132
2.11341323164729377737 2.50974233263295865015 -0.30755801484494682541
3.81552843818073572635 2.95885648280341673200 -2.12148801311479973108
-1.97230615948569276696 -0.34725058515041862250 -3.31531285085411830948
-1.83135657118166772506 -3.27720414559991057857 2.55945843969988917621
1.96559932587668484416 -1.13474840530357079516 0.07492696893363159916
1.11978942947291404408 2.19651896814375380274 2.26202380637573252642
-3.30964877729624529223 2.08696327070924247948 3.29926149399923662742
-0.52459507126266036181 -0.43207797165094330438 0.42865348875871145395
3.63294328436380009606 -2.75345196658131952105 -0.03757267303406308656
1.59615145774986277871 -4.34452914344971041771 0.64301256592016642344
-1.44081648680304086341 3.00788283076382345627 1.74075696595913331777
1.78489798547093947434 -2.31333237410545189405 -3.61642699259277167201
1.60932166529902609398 2.61842355618109046134 3.81151225666039028539
3.56754124487131729637 -1.94312641783891937308 4.29298716631883703343
-2.12996586581413493988 2.78446092719386495418 -3.63458596767765973468
-2.31427020245298953327 1.90655697175935134879 2.50903472546155992262
-0.50493874772788949201 2.52848038799890417749 3.46863989546840567613
-0.22080098889078936253 1.85434165208781731593 2.56344045305641099475
3.22144823982978056875 -0.98306556347782914074 3.65095399676220910834
-0.26153063225886974408 1.81304920341540576345 -2.88430485866859109834
-0.62865463983338942811 -4.38313386337551236238 -1.89342597542240564934
-1.50320899489789150394 2.65265916226380671361 3.93070258395144644936
3.80466971650132190774 -1.01226546783619442138 -3.87201245204729538330
1.50808635750156216915 -1.27473352915345472525 -2.18029207684663317579
-1.98650961793764047059 -0.41229756378275528306 0.71973587839834873847
1.63138872878046825576 -0.21600937882501725085 -1.82921109742490139993
-2.04125344821170395804 2.82438001995171905634 -1.62150864366378311132
-3.59866149166038251650 3.24606924865968959892 -2.09751854415770022655
-0.90522760178008931931 -3.86283388649163450523 1.14132110699859179448
2.86541910312783087988 2.29619486415648577093 -1.17259624606856238671
-3.38623427877898341976 -0.39630736262466736974 2.20787820251483424272
2.75382442169520391673 -0.79454847958607910385 -2.75657098627220342735
-4.25296562285564405670 -2.46660183464613957938 -1.81932433598187914825
-1.71538063989598565939 -1.68868867188688653869 -2.36915915746384220242
4.43340770599889477666 -3.23064767702460287069 -2.28069654416454747903
-4.42824374180584268146 -3.07841300947005303001 -0.00029798765230104607
0.15063247570732496428 -4.34366686646793009885 0.32814961182801649642
1.55089181197379044619 1.90441677388796914983 -4.39687791598090349510
0.34698686009470147695 -3.17578354995429590346 0.84374270425752051494
-0.67597910820097695250 1.06332686027999567813 -1.48510514781129376871
-0.45317029554909371569 0.77148898426852863253 -3.10285224151340965904
3.91875801965176062680 2.84954477026467412060 0.22098996363084566497
3.23450431252469972065 -2.20263187876343291549 -1.22844474391072955299
2.24955777538827206286 -1.23114032891938851577 4.19328431168132720330
3.85992685306910576770 3.46048253455329213324 -3.78641602700267920767
1.34608806847691564457 0.25661926771828991178 -4.33993581887482804404
0.22927042600756308843 4.17988354073233647767 -1.74441882179679286224
-0.77648971613673989367 3.56626054586867180518 3.67951774086523730745
0.07001535302026073992 -0.23114313161780142281 -3.72400517334493263988
1.34344981890606529618 3.59615114215416564747 1.42138463779634793838
1.41848127275469959585 1.70007654355732729101 -2.44199566689651348383
-2.56735332933818227730 3.55329376133388752379 -2.74184950594774301535
0.58323070506180574313 2.34363310245840139601 4.36266209462630971672
3.94902324406833837855 -4.45412241104464978747 1.14896641716691849666
-3.52630926661307508851 -0.82414389182880398721 0.67378898233632611436
-1.18674694244297596057 -0.23223411521948289504 -2.82986795177246275301
-4.12817907706365794240 1.03141131362466964561 3.87051740994832638165
1.72222171893783393415 -3.02861430558571242955 3.12093767803264210414
0.01876035758370964146 -2.70746686469720376778 -1.06121662445081499371
1.06511173293441352428 1.74610125349132871975 -1.29422975334062595465
1.18110255063121538655 -1.44123323860906538130 0.65988351405349199297
1.93133284422794737623 2.83868480458158156665 2.44195705452871880681
3.94794606040364026711 2.24043380192749896906 2.36028540477696502364
-1.84351583797942719656 1.69353306443400608572 3.46874390838972335160
-2.94474838110566938809 -1.05221229453167541834 -3.35574894597086892389
-4.19407157049458323428 -3.76567155857419866294 0.89404263401590622351
-1.47630177851878174877 -2.88138394094071292884 3.60764858657098042016
4.30646976345634779904 1.34605077799692196550 1.78416971065554808007
-2.61384925897045272691 -3.92196203816881983073 -1.83443551405185578673
-3.26552773484001290782 2.64141229362940777037 -1.23529256364201245333
-0.44202186199976534198 -1.52396784222637826645 -3.04026557713965139840
-4.47616992841576788464 -1.85260687302947424371 3.26361575491489386280
-3.65267164965819102207 2.02925264129874793895 2.27723381482703945977
-2.39970387476020485806 -1.16403930264525357074 2.86028526009550088105
-4.48346733557874710385 -0.95260797815684927770 1.62840578230874921672
-3.36283633885356447735 -4.15705385738527155581 3.46184763449743382324
3.33106641006928860804 3.07018519221173580291 -0.57595383154298662731
1.90802817532479096485 -3.03343964471274940564 2.01424251773508355967
1.17033410837178930564 0.78664629076233971716 -1.91038227272167571158
1.50370623962011240593 1.20102409395249765112 3.78840159016403088543
-3.41320561339756922692 -4.28834009498426649287 -2.54905001376436590732
1.37459335422331729859 -0.14525458360609455610 -2.81220935836871133162
-3.02482574572246232236 0.61474636261119730563 -0.58403167237944852985
-2.46339139603963674929 2.90400260481329031137 3.26786868241228845022
-2.63359400716019376176 0.85917479778771088661 2.72411080606852085140
-1.71571324111877121510 3.19303009180584318472 0.40555582734289874480
-4.40665088774964441853 -3.83210798625180260046 -3.82466932060748288080
0.49006149956526101619 -0.16712418619455249313 -2.10043721490328927359
-0.57721339677905536547 4.07872688702344010636 -0.95157599250298829929
0.43442144973852769851 -4.36511552700953497919 4.31226598074049061182
4.00222467009037696783 -4.39308445573640682369 3.64792021460423132595
-3.33064039575819137440 -4.03237301634596345679 -4.07826090583807410184
0.98769466742870282161 -0.10296212027113238463 -0.25979727930458285101
-4.04544344603207139954 4.34204365963509086868 -1.82419705289827316363
-0.20818454163124133771 -2.27696109714272099112 1.44537998575820925140
-3.16211085327616725493 -0.74471114624603318433 -0.53050409626751271475
1.99657017939334480161 -0.81783615777848250872 -1.02534916680431731351
2.29917353120192746729 0.38220288175178485091 -2.41323883580665343729
-2.79109286662536293377 1.87595113594011486668 -2.71986930780714031286
-3.77834890030920833581 -1.29291524639547539266 -1.42229717809791722516
-1.03982111168154300884 4.47804013025779124035 3.10266318187288803188
3.43545660923446849466 0.73800210508355856831 -4.02222008016971255273
3.78543623829802466929 -0.00791694300278500407 2.39165123146076030736
-1.75104554078593110944 -4.20119621699526213376 -2.84677609947473264640
3.61197308781346304585 3.27122227520472019791 2.49694634019409367198
4.23445613067711956745 2.31097518881345553865 -3.73690311083028792183
-4.15689008619612732076 -1.27879144069060046718 4.43767709124432929713
-0.39169335926449910801 1.22220269818246141114 1.71048923460185964274
-3.51946169567585531723 -2.71007495833954914488 4.37160914602921213401
4.36134344393905326598 0.37651935991435525608 -1.96045298386738053864
0.83385620225927148397 -3.30294695419459927166 2.46134819954535277731
-2.84267936071837512557 1.68634217765545546541 -0.81371016116398475759
-3.31239453869023492416 4.13723116824825876137 1.87400837874864034660
-1.99068602734553667943 -2.78959678172556646558 0.69981068436154636458
0.58223208201195575384 -4.12235804212409906455 -2.34009685325612259987
-2.63072682712767358382 -1.04556141718209349989 1.76413150619808600794
3.08402920743357089606 -3.83089781464364786956 4.17451988684697194998
-0.44003580374419115628 -2.64545575998574555854 3.74909133791642279476
-2.85176475440995513821 3.83836057351258386205 -1.63775770746023274782
1.15985912905150723162 -3.64912083889429839090 1.50274024180947574081
0.83189471697760453139 0.91755398282678868327 -0.58110008045628891438
-4.06241525500212752320 1.41790214368506806153 -1.65661485779809858343
-0.91164010227274161480 2.78260843014304715126 -2.65730204711238160442
-0.26361048866544667391 -3.35955479577870574914 -4.47124601273399857604
2.45166318624953039063 3.97348815024619650416 -3.18726066667198315585
2.30230057484166028559 0.60677349634047228477 3.41695692380571092173
0.23457841950944935405 0.48957730376778219039 4.01064832468652365804
-2.09172238325656234537 2.06283324254734434788 0.78309878359262707903
-1.35319258437027833963 1.91542770193296529868 -1.69666643131478656059
0.19417509508846819699 -4.01175820311669362184 -1.18965973814576297940
4.28270761071892369642 2.24721488321262086174 -0.71783843430709604050
0.76102968151869809788 -0.71910140899823282723 -1.32376914521170752082
-3.12766658396043073509 -2.52312407327498178233 -2.94808116911113593517
-0.18264229998589698312 2.62871424729406033549 -3.70835137224439659320
2.03623246710505423351 -0.86696879106960755834 3.19771831644138604389
0.99362287538586446800 3.74417131433951677622 4.53526707475860657581
-1.14606388845094819828 1.07254907064745630407 2.42305426405052592997
-0.25948661628721136907 0.52222991651231165378 2.65093320761228223859
1.20800190356217385101 -0.68819746197983810987 3.83349717447087012800
-3.95711165927742403170 -3.11916562532455543533 2.40170323470973379187
-0.96190603668903529311 4.10696066062822584541 0.23379228442910982011
-4.09861879787496086180 -2.84637545097714950160 -3.09087623885282614111
3.93863998265623127537 1.05606093205689788306 -0.94405917098610636629
3.72927978101325674487 -3.36582752501902149334 -3.32241303275170407616
0.41617112812674061928 3.36647040127117147534 -3.62856137589158134205
-2.67486291458467739801 -2.35927879468418844056 -1.60627546505705121049
3.89566033377575049457 -0.13411588719111566803 -2.69165693206848466446
-0.57831906928922194311 -0.01698140006991355477 1.69439897495434177443
-2.48399895052621833003 -0.10461461639180136274 -1.24080764721420822028
-1.78633172833302689142 0.51468210192441787854 0.84923968733544707987
3.09110582198894956463 -0.67147767118071666204 2.57174349170227589667
0.78620038679558135186 -1.93714073753242566056 3.50385880225183843351
3.87425241008403009602 -3.96349153233075401914 -0.07683223718393428214
-2.26656580892124059901 1.68580884283102960808 -1.87580643098886401532
-2.86606758082401924526 1.89429372479234370275 1.52606083303223183378
0.75459580511833923566 -0.88731080488913249837 -4.22301611519941921813
2.79506913906652254553 3.16093888742837147987 3.74825421521658430635
0.96105746502517686025 3.40383141120393606371 2.72669302581722661216
2.59974240737759565434 -2.67446815921233715940 -2.75949828236842442664
3.36134985802512709085 -3.45117517461855527472 2.97474229249043009560
-2.80478735387640565335 4.16784103049277998565 2.90210006026240119326
2.13880994505029775610 3.50873625413806689011 0.30148134367000434253
2.57504033384828368014 -0.00106904770615123823 -3.44228618241653894216
-2.70516377242195060759 3.94855944325806884621 0.14745091503318441539
0.15558797321789974433 -2.37365546019602557948 -3.60649527920866352915
2.17292916606901354015 -2.30178572059252672943 0.91936760930369487710
1.35428495653683889088 0.63603038604269102052 0.35010691619800216046
0.18034949774719599702 -2.03098832658939487672 -2.03107388821769507814
3.97620477720241805031 -1.68155850900708347950 -0.25153363523657201739
-4.26387099986073891955 2.70186417568019532354 -1.38961272694470672207
-0.44014238900498092733 -4.07186735757478412978 2.05667701085109744241
1.59100257098902009290 -3.23831789535854275286 4.28292174825933624760
0.34285624324693664278 2.05437582673819196799 1.60812252442015246601
3.65189695976205985772 3.31278141370035239532 1.50761662527401263389
-2.69829244142628388303 -0.33397317991825570260 3.58582072385866634789
-3.58587319192195241868 -2.53728143288290164392 0.06718542190712195605
-2.76467121569353713184 0.26689496177119842457 1.65313769102086460805
4.10421939465761820287 -0.38521377179615079456 3.99496612409206885985
1.36112155517716626463 -3.69108004906919662247 -3.29840609079382263147
-3.93281834344384773061 4.41274638176165101555 4.36151248739420527301
-4.01534064935423007370 2.58747328157978806473 1.21240917234468259522
1.98692466980830761969 -2.00823188329916302308 3.46603076982090474445
-3.80988241089074497481 1.52897524509535553960 -0.35785299816863069822
4.14537608775069532641 -1.69676290303348098476 -1.42123375276482155627
2.49036455422158731210 -0.53927473649653778764 1.75346844446862437650
-2.78179156498269053444 -1.69220070008127176919 -4.29009367934982144277
1.24822638608390068526 -0.81401260077090986655 2.36925934458542197802
-3.38244832612283685691 -1.18163041060650675362 3.66999208000131371676
-0.03222863425063327014 -0.48328642009643374422 3.04484901212389136305
1.51514926168378760707 2.91085839631109788428 -3.55535663153561598548
-1.97969152683924942693 1.75345589735619089566 -4.42748622311565309673
-1.77960370457490757445 -2.30163878870429927659 -4.48964202333308382009
2.02343412706786462962 1.00288823077171063147 -3.41750621492241313248
3.20550704803637920293 -1.49623627563171268662 0.73256198879954226300
-2.68709609898049883725 1.70384689624631668892 -3.77803676473329730356
-4.03341296201434840185 -3.79681443304543497774 -1.55905099811576253188
-2.06202703816304833140 2.46885336298442048530 -2.56907020319310852585
-1.26177008476754526356 -0.05257303243989852604 4.18058204932543642229
2.73914398898349720213 1.96204663882550445209 -4.06280269914753855431
-1.58122611093104925573 -2.88447274756871996360 -3.09305061347392795668
3.77540830010294126140 1.32656916402463664895 2.84878614351722525555
-1.88583518153687590413 0.90526021473509477033 -0.41950388475435929081
-3.21301564887841895057 1.48161827144064339734 0.73260121540739309154
-0.05166100623436697958 1.36157998215319775426 -0.11535765724288360445
3.94183412110351039104 -3.62106461008727809059 1.92442533069646248833
-4.10978278335239011199 3.23129959371951880343 -4.19942462082216128039
3.39794474376611521649 -2.39191408604108746161 3.08444727100228544003
2.36829842795562139912 -3.65803539489594342626 1.06223632685859126212
2.66680561711893737709 1.61792319700561559870 2.64288259708723227703
0.62623006110004553193 -3.00058621423257676497 3.65601715706959939922
2.51683747425001946851 -1.98501546222426838995 -2.01228068079004440705
1.58376987856508311125 -0.81785798390437403071 1.39750193733601513202
2.78367241608719684365 -3.71822346336021025692 2.06067021196874744504
1.87135392093151686765 0.34250813693290371731 -0.64014889962240761889
1.83696238602337835744 1.72211941124206457943 0.34417622112050416661
-2.68175785539825684012 -1.75110603373912177005 -0.67960182584200357070
-0.78488798241599999628 2.90874638746350555607 -1.51722783773858393985
1.56786786681586942649 0.08241886307260237743 3.01505600121417405290
-4.49680486871157913953 -0.78858627412821835634 -2.91556805343556835197
4.35342921741287813830 -0.79106793923450657857 0.38694250528627627261
-3.99868131187829245476 0.48963421324185851802 -1.04786194933581411348
1.74247558091443277561 4.46250406464805760010 1.75758959949502280296
-4.32746041880743614882 4.06855779969930875239 -0.69183886225674351422
2.03011397997980669317 -1.52169346115410508702 2.32147074487806559517
-2.05043299517936672416 -0.64585336927629288795 -0.57473353872078192239
2.47147863690800217995 -3.93448187626819079199 -1.55157151858128194988
-4.22097858829690153470 -2.23400382274079900569 -3.96240217954491535934
2.59758138664133841900 2.65745219455814485343 0.95041897494031690741
0.61161865919238866951 -1.35053914541518960135 -0.25473671652799989573
-3.38743329330699038948 -1.94506499441147218121 1.88710190352525852830
-0.84503469899593586234 -1.66994754553820268228 3.88425066105145599948
1.39642111611902297597 -1.68245521606018755278 4.28913089783460943494
-1.70807698244980388225 3.75546464575100191752 -2.24874778251968487908
-3.95703122474930246710 2.55457960467117572989 0.14024496760231208725
2.38646570233178412224 3.62393501449939048342 -0.81406848601046544189
1.79673024746473064539 2.74783703184937699859 -1.26153325454649944959
4.51334263291470616508 -0.14094550291690932653 -4.03936425177846025747
-1.39654902298892391599 -1.12690217687660698687 2.54763992021316276748
0.77862114967816431488 3.91635470192742030093 0.32241764824427487923
-1.66037051426004556021 -1.47329421571313723405 -3.57771460166323151952
-4.13426200397992626989 -0.92413679584148766821 2.83406458647801251516
-3.13585546968476380769 2.77449172413765943190 -3.41100260393583631924
-0.74775811288501436991 0.47125078139477594164 0.81310114189646931493
-0.86390002516639707864 3.91971425675795170918 -3.02136355004985190931
-4.24317960137457728109 1.24365400827843242126 2.66441651976919491318
3.50918183082633827752 0.48968936982358979293 0.63412189211723024584
0.97793947195353414514 -2.12381274393891450458 2.47547017276161440691
1.91801278801268537677 0.26179179874818636620 1.31476934244763032922
-0.84604929675349982432 0.72562883694081747876 -0.41184707898851691255
-3.79659808039976320870 4.19213423002244223170 -3.67891784263338461614
2.92529857764719469770 -4.31401824041738102267 -2.46620075736328026039
-4.36064972638371362024 3.60172525047654712438 -2.94461426230362954826
-3.08810667411347150590 0.88091850588890796558 -1.99903727164607181166
0.98639529566697259355 0.76546797164015423220 -3.44420292067959721294
4.51398698756459904047 -4.30934102898851900676 -2.74479420044817512547
3.69021651115476156946 3.99516387980967291327 0.02039940184231081588
-1.30912355469097363425 1.78060393105592318364 -3.27471980938506224135
-2.17053005347280114634 -1.65448092002938995648 3.83899558305974064609
1.81280557016730359265 1.95470993363855871650 3.07675024281711184670
-1.37392759719566104337 3.51864174090243952975 2.77388283269427926570
1.10803120667876786598 -4.00984526182784417614 -0.42625206950752847490
0.96255111669693693699 -2.46345121642536035722 -0.22526415663775622988
0.34643751456229221475 4.42846961833274033182 -3.51860630496658943756
-2.46777235370820058336 -1.16360519380016480540 -1.59154411637974035898
-0.82642697970254186401 -4.08358966602687267766 -0.46498921640716250892
-0.21392560116514403035 -0.76633827606045246128 -2.47190446653153728107
1.23473157389442977916 -1.66872036282906321958 -1.21428531253378357846
-1.98011567824263812199 0.75160282252969956573 -2.21162216801013755685
-0.79861514108682918334 2.28507459398246037807 1.56596058654552106049
-0.22629942760227095278 3.84091493783049831023 4.47789632370448575927
0.86317570972383617089 3.76529328783446270990 -0.84435985995271156668
-0.01393435926364894328 0.11608267959528539848 -1.01383692847980455554
-2.35443126004329750245 0.71763203095514516150 4.52352013687062193270
0.22524847836427763781 -3.52515224780375513447 -3.33217855800538265143
-4.03009560694803070646 -0.01063182291134090462 3.91756627616811048398
-2.65046244823374843591 2.46885357585224785026 -0.18268222578769766073
-4.44146293542630132833 3.59379460509496606591 0.62470300937961109611
-4.41903635135972461256 4.02272332973291302238 1.69084344898085259246
2.29210431589088781124 -3.92036466841171815645 3.43045160861671760699
-0.34939310989171001864 -1.14469871019465863071 2.11899145382082831901
-2.44434506509532978313 2.81423516053874234188 1.94258262649925850241
2.74296648494322692358 3.02557381323298546505 -3.85829802476311112258
0.80944033325643971466 -3.17947454826689490659 -4.12817047317122831629
2.34349209531651858640 2.16902535273278385120 -3.20359987841329507674
-3.61801249373397482145 0.19179252325425366621 3.02530466494857197546
-1.77827396593512210288 -3.33754691083755439251 -1.23905400250731023704
-0.62517316166336200922 -4.07072197057854889835 -2.91632916637018135830
2.81637442260147352613 0.78790705143443862113 -0.22527753673380157551
-4.12680499149800983361 2.88971289096641203997 2.88598198770152247761
-2.50212519554474077665 -2.54016153010934209178 1.73300889130607504995
2.82045103642507388741 4.01405226135758663730 0.94518438999422027536
0.67996225657999787018 1.40203225344389803553 4.42130283549962666001
1.75069534346388344659 -0.93299155599511696124 -3.30094947558458384762
-2.69369128391777046261 3.11145760544139626802 4.39135099565506248354
3.24067175517683647712 3.13844777079496406458 -3.01638781403955036353
-4.10761455113235651737 0.51557382868665246889 1.62315562762390896978
1.32054848915645006713 -3.08723926810737392401 0.61115260050216413390
0.34009353219641624833 3.28569047949175452317 3.72447468385049074158
3.74150828006661040348 -4.27924332498086101850 -4.04489389814155853031
0.01995729302554671847 1.32162632966853621497 -3.96105433431679720968
2.44539490407606674438 0.80368193328618886540 -4.47232414962343582943
-4.08471847567046530969 0.94164495442676887649 0.60099862841204299002
-2.09553715565703635448 4.49330076171170222921 2.23838607063206840309
-1.91504105125132495502 -4.35935308317854008919 0.89139915800639180077
-1.09808202123628717573 2.25329216712503477282 -0.56905605265608238952
-0.06978163933237091499 -0.89911735381115054366 4.09653663374652854401
-3.10548381122628702755 -0.08473153325221538523 -4.06425561793785572462
-0.00616639672103147518 3.68478731137062620604 -0.12767714687361664261
3.80103953175347708537 -2.32875068171598575972 -2.61629812650072546276
-1.42512562090267103088 2.42257318501744212114 2.53887819075573606398
0.29195040531345650692 2.70116339195556953712 -0.41363762619731936354
3.13640012113390920234 4.33682052016987018561 -1.31167684628956227044
-2.02914943811459691503 3.78453458383429097722 -3.73225041469984608611
-1.81948753812704699939 -2.17989105820635131749 -0.34665442859617456861
3.02150783964662661418 4.40672583769626324823 3.37153062907029177353
-0.90110725009518377604 -1.94681105707047930053 -1.55436839618542510522
-4.47833709825227455070 -0.68255010808024429991 -1.73648139883886898360
0.02501242267957692889 4.30801504609944974078 3.39216220930917877752
-1.79993095054504204100 3.89676031125990984805 3.78325854871476696673
-4.10265778055721064277 -1.64800675561701170935 0.86945803714719183120
-1.07492751714933021390 -3.85073659356437136836 4.02538690933304987851
-3.30134882886385128131 1.43008578011953613185 4.49368957973516369719
-1.14453558509058295201 -3.02629071447510433757 -2.10089322522283339367
-2.09011508894463649000 -4.12763136573655220474 3.41641481084774678578
3.63437468954824627332 2.77750449978447289112 4.43260388061457444309
-0.59876588818354070654 2.08239201783934380074 -4.47326599532390023484
1.65918202554055582709 4.51303657878216579746 2.91768413389540448577
-1.74686913787699804601 -4.42473223183438957307 -1.39809457644568535528
-0.67294626518653011260 -1.69748092816315532261 0.40318111634984798997
1.63101752429989144133 -3.15616050818691817881 -2.13042486885517190487
-2.46180610904509977743 -3.36110628863874705274 -4.42709269620312362292
0.04688133870582067431 0.33694000217740871506 0.05626787922813925036
0.95967754204482957903 2.82212645904332060098 0.71283671782356883284
-0.70952033496735866791 -3.16262380573156898222 0.37959460124192379027
-0.14994122265779097347 -3.59987709635227881577 3.13044633407502548295
-2.08602144881298467993 3.82840173965051189242 1.50352093850389501029
2.74707340653912179818 -2.51297560956620502637 2.15322974829833757582
2.52011933539750199174 3.84086394737075575989 1.97989818439621334534
2.41891295894029756397 -2.77364362246463613815 4.04780623220658153372
4.11368467580430685615 1.92841204928011666908 0.64310691331928460102
3.95000367382990180687 -1.37751706016735520066 2.36734303753127495185


