124
-1.46453689509800266677 3.09187300210692939118 4.49968512337416992608
0.56139265055729836718 2.36076770778642597293 -2.62084357434114512131
2.23407632361431662815 3.94866526503059045439 0.54964401872417401052
-0.14122941350318107823 -3.57945521069524819069 -4.32677906516911647827
-0.03392546458181300295 2.34941312913214339630 -1.17389836200675556910
0.95185700634944137022 0.18038352653558220595 -0.70119172613704749963
-3.09611128838560567544 4.31047334251895097879 2.72982767008608728787
-1.14572339930740962899 -3.13993386457051792959 -3.66358730027312340383
2.36438428689012791750 -0.19558864428101951916 -0.36006484299966068363
-2.93370823480854525656 0.99088490747982760354 -1.03027255971812348179
4.16580777655266754067 -4.04798585847844272223 -3.80971321262142037511
-4.33744190587793010394 1.95603935981505383523 -4.26753123090457009425
3.65501183213293234786 1.70251430524381053289 1.94566219425555519962
3.24432483440508345751 3.36562854036001546376 -0.58262462806960169104
-0.60937233169626647822 -1.62409728874516634534 0.26893554039236278186
-3.75367283935458839750 1.32191393000411405723 0.88198197133055877828
-4.23476884398116926178 -4.48561167466419430383 3.19148708109664003274
1.98636838445197039249 3.19791539041560035628 2.35033262783419427677
-3.70107065410101254699 3.34202436000998392984 -4.21710388088465126799
-0.47690827740399743817 -1.24529524447904282880 4.46435436336029578541
-2.79253155538071906605 -3.39953893496148262798 -1.08461950294539510864
3.62941264057673951271 0.51188220420974150926 2.31949408983876459445
-2.96535294058573484222 3.19978172883409417437 3.69785575122977672180
-0.72081856801891897035 1.38848475436902329960 -3.79381104280576808563
-3.38159537989284997295 2.54767466954236532217 1.02797252813767592272
-1.24373980749429957626 -2.01983429393510416361 1.43527774450069767198
-0.39725585608858349218 3.75832480292970938507 -3.55667269921732875915
-0.12276716478483429285 3.33395107593636641496 -1.11197789068287145042
-0.64730438266714873663 3.99836282250388652670 4.52635425647414546546
-0.73243734305608887425 2.35845444707642215576 -4.17195599077991641224
2.81352093093409827418 2.79986351963938684406 -3.24624109107722169654
-3.88246175338058341353 -3.79066024010729396565 1.66632888133812162579
1.76521249053633688675 2.67751835561140349995 -4.36413030492282860706
-2.87327758539431599161 -0.29895354434594612059 -3.10262820262159433327
-3.91338180930679424563 2.39402107950123621549 3.97551148548100474756
2.59716087950248564198 -4.21064457718386275786 4.16725941453190085184
-4.28571733397674847765 -3.29598297405931894843 -1.17335259138659253608
3.44410115849953513134 -0.90615125209784563864 -3.38295247085875550042
2.19914588989764769877 3.88996301698699209481 3.38452898478524222270
1.92865971627654086973 0.38098402451407320513 4.40833076586667527152
0.10478287510926165282 -2.14192335733221339567 2.52568984169775134774
4.31756036609740068144 4.28730920936051074221 4.32284320368423191638
-3.06935238165893409246 -4.25511730426412615458 0.55650529420565231220
-1.71545038001293725927 2.56811969132638839852 2.83511279530370519097
-3.08216390649288385362 2.14703480514143851821 -4.32384658129425947237
3.31960211512163994030 3.11067635675593479050 1.05356407219208758619
-4.12311115428835783803 0.73751630835089265759 3.55130527695449682568
3.66720408050519797172 -1.76165071357036673305 -4.10385148253598242007
0.94001355286832577463 -2.91694037182758147964 -3.93142722925453869109
-0.34048641744985541635 2.94066940809363952525 4.17275453230262183268
-4.09688298281232654574 0.50792851613781309084 -1.23431423024282338474
1.10197651294880394346 -1.59463100844595961902 2.33383587621735788531
-1.13089931851916825067 -0.82911198628942539557 3.29761913401239592503
-2.59759494830342196892 3.67717741342144588401 -3.12457746852585049879
-1.34376086271611727696 3.92406177695132551975 -2.46041897298649958614
-2.24748287498168641818 2.99771753476062041699 -1.73477262351907546289
3.15239068504104835711 2.50562257125929477297 2.32901896326187340946
-1.38911169171077242268 -3.60561368604173049235 -2.59808246553119159827
0.06659526198364495997 1.98026239572097484398 -3.47640044626803446093
-3.04838747304179058517 -2.47344513410376043439 0.76421179222556379074
-1.79202669974672001985 -0.58750097927407152198 -3.10526991594201451363
2.07072044848902603320 -1.10103978188884754630 0.65658753026898608596
0.64588189718552513341 0.32923626104591630082 0.26251364306168323282
-4.31060184187192341199 0.78612897154641991904 2.33097250968869840193
-1.12383298094666272959 -1.39332741000572468693 -2.75376205606723845065
0.75324956174908042073 3.27155246357249840372 -4.34798294590296308115
-3.35362464187976705432 2.99199353100169762598 -3.27411733795818671311
-1.86588029254770093601 1.18038368910324464878 -3.33522740596972067095
-4.37117189319490151433 4.42534247524946788843 0.60389525449424397152
0.16467539793158092465 -3.09853598161182564041 -0.13003975883284635273
-1.77636952691548577477 -0.69272559514417242355 -0.83040481066316873537
-2.09435434902191186524 -3.13512550149624846796 3.62872725744676483117
-4.01214651195678406737 0.46143990199324846913 -3.33426826788073116248
3.73040907736487792334 3.85596501265977575912 2.75504698067611020207
-3.56794693614516145175 2.03919942914036411707 -3.38398133337261342035
-1.47939536190291498485 -1.28292414133845866786 -4.01054550179335134175
2.31565970957645728134 2.76069649319490739714 -2.11517222739662313913
-4.33824907011440963345 0.31628782038833413992 1.46557928335021792066
2.20664502778553917040 -1.38518502512777663682 -1.58705471852856394577
3.81464995782730387219 2.62237522814527768134 -2.95483053827949637693
-2.95822976006999871501 2.86097128069084671864 -0.71785409961545054713
-3.02199674975660848020 1.70375725315557513539 -1.97565994313671566829
3.55721267093626725142 3.74047562701783231631 -3.83656177491791838818
-2.32415272702795183690 -1.11632746386519876580 4.48223357893103990790
-1.52622098215595514148 4.40344328462393885815 2.61227980371704049389
1.13989390077933716583 1.73252592886687128981 -3.98047490903281397934
0.93021426665495354769 3.11186028013329885056 3.01304825671190279479
4.49224846582883952095 4.00483853965670721919 -2.26210662394119577101
-1.66340082720030268959 3.56504474687964556523 -3.62497901905298514080
3.13144050711665755671 -2.24127032557806860069 0.88815839668928298067
-1.74479319322231019029 3.97524541003697340358 -1.36003864363239035384
1.80484902639988842310 -4.49692673092027117576 -2.06524803209461715880
-0.30653382986086263884 1.32071692909881743816 4.34539925163614437764
-1.34347891153838450151 2.56464802786474344032 -3.48378693321834331798
3.29504618516696190511 -3.01117691893362016131 4.47919819758535719956
-2.83923466065749874332 -4.25448268113664074264 -2.32933144290877880422
1.38994488024808937610 4.29099706447621453975 3.79578971141894516705
-2.81123183060576398162 0.39555807594065672816 0.30195737679999101744
2.50046598069260195274 2.08076108024527517415 -4.15416164381235830660
-2.48676832816685466909 -2.05097727394610185314 -3.63122402008503364357
-2.11163383320356556894 -2.91376125592698542732 1.05190589101109477355
-3.93349240357134632973 3.25484482086773230236 -1.80880246637750596861
-3.94740488379645437789 -3.81404175206620932315 -3.82186701246418136790
-1.25355518432698076481 -4.15661793120634559529 -4.01337701474874553043
-3.83214077721352097683 3.05792012747587449439 -0.17799913367778152917
2.16393663911445610637 1.32223342000636545635 -0.90163493483006451612
-0.40570599367557136361 3.80033271388553206549 -0.15138865773437792939
1.91021608534328191098 -2.61577980412397881338 3.99034322421221343546
2.49334668307926499153 1.66274138735320597959 0.37347973882078200347
0.49568731392127407531 4.14022802300246350882 1.03042329921025377359
2.43047322657367281806 2.11445578420798252495 1.42808665854807159690
-0.30890026732796727060 -0.45693590234351955104 0.82695979606475944479
-2.18003532895114471302 4.45842074131893806310 -3.57649142970029387811
-3.76829511837584529843 0.01613810572020035750 -2.41923710129214653008
0.27958370314281566493 3.45518648489129809320 -2.47816877792513690082
-3.69984895431263449694 -1.28041763706519340360 -2.62301197885714465485
0.00509119008514780091 0.76423125193458396609 -0.54139862967915286518
-1.70464988004786111020 -2.40488478958639761984 -2.90825557997954797784
2.43534499932992876126 -1.19337484404083893352 -3.51459375622059067013
-3.14633872142955395290 4.42651420132554473952 -1.33078306336826113210
4.01578059532334652459 2.30097633194640405208 3.83376113776992166748
-2.41948959745253500131 2.81578233417157619556 -3.62195263135693146239
3.24809990512134838525 3.47832305257421925404 -2.25824493878071841380
-4.01006992192979971890 -1.23008804045964126317 0.88284428899278211134


