320
2.33907708788424084645 -0.98008363258521491446 1.55041188008416508382
1.59915949096954346231 0.97274376632805648057 1.62349029271492373283
-4.49616346700133728831 3.40912229524025356397 1.50887310781329020415
3.50371108648424911536 -3.52761196630730644586 -4.31362755126540697859
-3.53387779524855671909 -3.33814296440256264020 4.35285644316677622356
-2.43809178184209507378 3.35562431903575575376 -0.77156197569121509616
1.49345029563078934842 -4.43970795302064757948 -3.29743641361792150235
0.72808469904401107442 -0.07495266341454520642 -1.98488855907587158356
-1.14380453455647135286 -3.09248769227790054615 -3.34757967887576368682
1.20200227607335285995 -4.46149254254570859501 -1.19803904542686101564
1.91804513645550311907 1.39825283808218170378 -4.35555259748764633798
-1.51994076229018659774 3.90408596493096293756 0.42483677058481550404
-1.43118577638724353562 -0.67078478658450402250 4.47557799842693260217
-1.07263122912825936695 -4.28568401398432108351 -0.56631713897308122441
1.85580221058153771452 3.85324990669926936704 -2.14574592017515275444
-0.01914650760938219065 1.22381963561702189480 3.67056196636519960208
-3.96672256781820697924 0.10485415792948238334 1.00642387956005840977
2.16952378787451660713 -3.05703909924199157544 -2.26152983279881780732
2.81787705418279799119 -4.01940197257843578882 2.62392392738945989805
-1.80640750902818503221 -1.74725407413683608837 3.83081268647328787580
-3.89712652431985118184 2.19154640317022231244 0.64541844631401534826
-0.68243374004222800977 3.70049731629266265287 2.76280713084473728003
4.20492506193502091350 -3.15255881513910907188 3.98341067496300116346
-1.08190079172601549828 -1.23368698313537095146 -3.86705726943804339868
3.02685160540160591580 -3.02226769687928431551 1.99390284319807342683
4.47845170335056419475 -1.92711117111011587255 -1.67833576221126135053
-0.25367124561788756409 -1.19504747531933341875 2.65436678027972039473
1.00929858903912172963 -2.92952834248723092969 -4.12939948613601259808
0.85600989204970989732 -2.20905517975718668211 -2.30513117847196280508
-2.15761598217060646121 -0.65365536562880821592 1.40001834394958457608
-4.33556359737608953964 -0.94123214346233563532 -3.75766133343012675994
1.99708442213825954070 1.32683304257053702457 -3.02994903269404192159
3.29106664857995223628 -1.57931272471751205089 -2.23931606444185060667
-1.12447173155625002039 -0.96096401154384514243 3.43199078704454496602
2.41984525434350405959 -2.23403769068482072058 -0.47440957792468196885
1.00958557850140362433 -1.54417877065242903356 1.48486573910397989806
-2.79447991101172910078 -1.83146670265311906078 -2.84780091986526606718
1.05848230161003531435 2.19759279212094948974 3.96542776569817245758
2.13899511147417253909 -2.95229539051298450758 0.11322775912750859817
-3.84404121901069251166 -2.29016838850077020240 4.15119848196544705132
-0.13043023363680550375 -0.31006619733815465878 -3.06308891210985434483
0.30798269807655032082 1.83394642123646267606 -2.50916210209035517309
3.71364440760999503510 -1.98976644557631443533 1.58754724399206725849
1.64586977219361507707 -0.74926358277759508297 -0.11268865375066994261
1.72343150433208780470 3.25337346776230607048 -3.59396271205550998928
-1.13399416639028682852 0.36037930584189670213 -1.26584848190891419151
-3.94972008939691976437 -1.38071152455406132020 1.82690843697325444595
-4.39682059839926075995 -2.44222626271396725528 -2.62680703571442997202
2.54517739812814181022 0.83762622606199510500 3.95511542363305235170
0.44101671468176562030 2.93379581907966002774 2.87182355838431480066
-3.51814773696644200740 0.97970685956915026793 -2.04377583665671691548
-0.70032018216208680172 -2.44152321170555319796 0.87669949894673404600
-2.43240666302153485390 3.97660067429800268002 2.91258765605131397791
-2.69882346059206312816 1.65270617573972167236 -4.24796635369581920827
1.28426740785676063439 0.30582174188243449464 -4.14831312586387568331
1.63755751503455559970 -1.29191253410088346953 -4.21622880736320126971
-2.46161781016732517102 4.02731848001719949792 -1.81238533455653128001
0.13935634514104844328 -4.05464050008499743427 -0.85174017893167697224
-1.75281555240591391254 -1.77586483479651047190 -1.19710977257273398777
2.20872629238235784754 4.51287269530504264736 0.86624031500602693967
3.14421671537264568741 -3.90617626253530225711 1.05345967427623232737
-1.55280207933096114914 4.30919047493865203791 -2.38476355127427019909
1.25711146889327896048 1.75825099814783936125 2.39870412605555571872
0.51589761014259849503 -0.84028174540975619777 -3.91336769036151155277
3.73761985380137584656 0.53445350046594164439 -3.49098721979291148898
-4.43086873341218190347 2.71562152270599010961 -1.35981472214861742742
-1.70115450133134338273 2.29654789341402398861 -1.71594169763776971394
3.34832452041493056072 -1.25804635488501048712 3.24357675003200807140
2.02540944235175590649 -4.43980242630117505342 3.79786283489184750550
-0.34785754893368459051 -0.12093155871810523649 -4.28202996064830276879
4.14642475429537693543 1.45894449347994292765 3.37511325446617238555
2.24825058682144973687 -1.25022931468744546990 -0.88441137567460526014
0.72231292824373216632 -1.84319758625529628304 4.44785500805800904089
-4.27589576642962221342 0.33049601454437294024 -1.32475181187033630437
1.35933096712409096085 0.88254631883609491183 3.64157073795490138224
-3.49132060703370328270 -3.34727683875842041417 -2.51493395946908604444
-2.02482281951722686841 -2.29689589720236320147 -2.36952484872155588747
4.34252509771739436673 3.46101113038880026096 -0.20138162445217666630
4.03204423659494448628 -3.28801208737952288530 -2.14120472296940400625
-0.86714211424401144157 3.31991927099833628034 4.25537829123712807444
2.61143716216258514606 -2.30781920847273713804 -2.67330761739363431673
3.52640831676332222600 1.26223965901393864186 -1.95221250107739452417
4.20373559894117843072 0.65599554634734591474 2.07223720151666324085
3.19333173980142781545 -0.99293038192251614760 1.04594138520451451768
0.69441779521876156878 1.10108545487030173859 4.49184867614825389381
3.13574399816673210495 -2.12243384533855605767 0.44485238001996574297
-2.77350555716767521730 3.73749692445405390373 -4.46343964649681179679
1.38680910369112453395 -1.92637078978190334766 2.65027418437677564356
2.53396685533483623232 -2.23580751773033448160 1.21642673980898674557
-3.47951141303096189716 -1.61913939689086028295 -3.70201089923586756925
-0.86528830664880462820 -3.97818085378054853152 -3.99613916872320773521
-1.17273313517114896598 -0.10475535341846420323 1.29247555366803545951
0.24589697271993049554 0.03240070209727363704 3.59735139475111775909
0.91454804866180072764 0.72047100078652182020 -0.53365717115376831714
3.28156142738957967708 2.44239793970634533338 -1.64772293349754406222
3.07554507957832168330 4.39766835607356565419 -0.85045973269937302774
3.27566154561978439830 1.05382803358895937862 2.52853201925138737494
-1.56507411854371181192 -4.11211463031921375944 4.42682713672132610583
0.48497550015743051688 3.54788241848889551733 -1.50470047084845548468
-0.76068003293097863349 -4.41152289759861204743 -2.96065044817548406186
3.76088869768756506318 1.73987399697850708691 -4.21964819056576345702
2.16485964907508332544 2.37531067681188368113 1.71417302794222958795
-2.30563147430092785228 -3.26753868901422794835 -3.18306608270044044673
-3.79529436679111009667 -1.40000302068186011084 -2.44726430738110822816
-4.43418281693205340588 -3.53612846468954833412 0.11197666422675123243
-4.44791568877557441652 4.37599049192497968619 4.35387040966785132667
-1.50770808461848604409 0.73877273777293250845 2.00554064799420306286
-0.52297502831075348695 2.42395372634271666357 -3.05806566722539185932
-4.43689385581746975618 -0.34658528089614293322 -0.33838223880759432660
1.30208194974255331289 -2.18911482712597260658 -3.31493550387562363468
1.72105376697658307705 -3.11704927382239205258 3.52043763777087814759
2.16110767940833614631 -3.71272485272757091224 -4.49493589565002871211
2.36018611626822494287 0.47999060486960409833 -0.13907455324137796282
2.76989981054835343599 3.46179817250122123795 -2.86474147285308555766
-2.99734744694728005854 -0.90489395987441412217 0.62233995027371324937
-2.67156229231832043070 -2.30948849596339034207 -4.07815139637714985099
-4.01537526884654027981 -2.94754313607037854439 -3.84768082866332150616
-3.06463168592013968095 -1.34806237838112252803 -0.75449941543221665796
-2.61828612168863772425 -2.96906705133486115145 4.10847516217140107386
3.40283844148194436485 3.57170238252612382013 1.93887958467610399538
0.46535483163037838494 -2.90920537148451741061 -0.66180181684014360854
2.80502697879551465832 -1.77628649512456782134 2.06778775240078438458
3.80548467897685416261 3.29183011287822591129 0.69393071146178364472
-1.11484270804857388271 -3.11638193465792712189 3.42681936695716693464
-0.58633496325309364394 2.06990102178667623178 -1.65566713496987016896
-2.16832078797118743552 0.54327241691612471186 1.02790472940749832986
1.20720815226335531634 2.46049876311715909338 -1.93006847478091581038
4.26791811148996824699 2.05695404409106341603 -2.50859464104712159838
0.14774510029100795805 2.72827917250604290444 4.00054319144632675176
-0.94966928398558625446 -1.73502169903496916703 -2.53745486397510555676
3.63616925026878679006 2.10095279024578918126 0.06033483232651981609
4.12968408358122385238 1.33667755786158881648 -0.74439334151130243100
-1.05490393957841055439 0.99702066977455938712 -3.86716625101923439090
0.68650020400572575596 -1.27391762431217259177 3.23255317704359512732
1.16491065180940367441 -1.75442397940763283870 -1.16683594603356688424
-0.42506048213528480062 2.54528575797817335769 -4.05567078579526096860
3.82657735188318337549 -0.35165961798640577030 -1.27542882573562899040
-0.65789194038344467330 3.57118400066757768485 -2.57678469061924042549
1.91657668887985987993 4.37223767091473458635 -4.26486003959957304943
-0.36345481646138200205 -4.17416701942802337300 -1.90513610308606340382
0.90957277598459729262 -3.99961293082474789173 3.78601242787047365113
-3.82571194570131734025 -0.86744285929805631241 -1.32270388103089153731
-4.23272795196381856897 -0.03005642371818240122 3.39881969508015391312
4.51498594347465687093 -0.97872327092162558770 3.51842921464566860124
2.91519656579116936967 -0.36353676963398928734 -1.85317301118251887004
3.99517245104160689806 -1.70701802586072037826 -3.35299768297993638910
-3.51337290588478756703 -1.88100017993428547669 2.87323930294924867468
2.21926177750105591002 1.13014506925116098301 0.74622953188822993553
2.40141275772024620494 -1.04139420059934995066 -2.60309918085702474144
1.71189010567112642747 -0.92661037311936844674 3.31416412269475824104
4.12177544727350930742 -4.38879566895808626015 -0.22068876980186669101
1.27113793680875719616 2.85953910373742825612 1.97627983463561118782
-2.18602385647018904180 -0.14524159433284911103 0.04734639069946933176
4.22537130331284682683 -1.77388795287062439598 0.52379185077846823759
-1.46800349585549749776 0.55718676688766777261 -2.84034890462559719282
3.50194456127878250840 -2.27975921407923509676 2.55515036453914223813
-3.38865093648642101698 -0.34406228749810452427 1.85595794517520840117
4.44850355481445358663 -1.27248768216235585982 -0.87637448317906851969
2.83955376904560541362 -0.08745775406624378689 -2.94598668783651573833
1.72514438845671325140 -3.81771741136717324139 2.14120779407696826269
0.18671551198189018095 -2.54724779353205565968 2.18549114766344576566
-0.33709541612732518701 -0.89120553742109098749 4.21682226872608278967
2.20075847405325486505 0.30301698674271992928 -2.02795015274046130926
-0.54217550826426030852 -3.44331719644254663493 2.65364261164181858277
-1.96857298766690869130 1.83275688122701563287 -3.51342700059432511139
2.58574178246032904127 3.74664911703398129106 4.04322363359593861531
1.07288652402325190849 -4.52527422834136139329 -2.22566330437987858204
2.14266778603956176141 -3.43083761369175022082 1.21745676590691243035
1.44808719310526878843 -2.70540700133538081218 1.06332875719149644311
2.32259084231285584110 -2.51004456328925185105 2.56644595399625341514
-3.44629745096004080906 0.95068184429480595554 -0.82530280774012165779
0.09536148663014465399 -3.55293314854649899814 -3.53110179459035089522
-3.21018404066177032163 -0.58819017763295633472 -3.80586564676709349087
1.70637173295579902543 -0.27634804986449079678 0.78138296481041624730
2.71559632394279315548 -0.32685588068151183450 0.34972642405804155175
3.15343446782400071982 1.67163123712104155771 3.90812403541672193086
2.21058911507361965931 -1.63667411930008510623 3.93730278393217769661
-3.36028111161997644629 3.50789906579527599462 0.27900469961269713792
3.08914849019812720599 1.07312554098468826425 -4.32548768526694615844
3.59004407526327806721 -2.65416451146679710504 -3.00596440344907556153
4.40765425653367071135 -2.87577152027771942855 2.69486503069748817296
-0.81120157080353383350 1.09702966890542885636 2.87069750997819372884
3.66486172429635193026 -3.75719841211283922533 -1.30271921083206176917
0.56933573710571039328 1.22039986372040498708 1.47854278176953357615
-2.25861986732406361256 -1.27640220220613498370 -3.92550434471654874358
-0.50922976206335679450 3.60063175728009543519 -3.81646527799620827182
-0.89873246198229539417 2.08404858870578824082 4.22484024196202501145
2.07291632803430569965 2.29516832919891644593 3.16081338503063768997
0.42383200121032871266 1.89522678191438753714 -3.75747839740625133587
3.03955930718270561641 -3.74860718001765436114 -2.78841647800492697939
-3.91846405184829782442 2.71913704366886310737 -0.40713865797978687766
3.11282849877537426408 3.87289062998020394701 -1.89544503803010533360
0.76292811315781161596 -0.45410999692408626771 2.47079613404521314379
2.22213097611340870685 0.52872805040173442848 -3.78062128384200413223
-1.62505328988026542802 0.79389337630083289810 4.22229982446685436770
-0.11719054623534752579 1.25912211870297507943 -0.69358830118278991250
4.35733011211522391903 -1.64290748216316329078 2.68953870942021922019
0.83483383054539395118 -3.90332173607995125408 0.04134261196257238424
2.73713357699053361216 0.63934465194271794530 -1.21850882871938726026
-3.88074707073818503389 4.14450555446946022897 -2.50413194429201269031
2.87007296912939846578 -2.43421241068606875046 3.59058565483486713532
0.82682729090191653398 -0.38763817835639091669 -0.67445366683635299410
3.70898739267339383474 2.97864586997433899995 -3.57761821791194023490
0.64052563353727265394 3.68181252720284124536 -2.58540372147446184670
3.91911295808350512715 -4.40159968615744112697 -2.47928911848705313403
-3.54149601211126885403 3.11968471092215526852 1.72542751745083666748
3.86628493799992423163 3.68999444675040155772 4.46462436744058255300
3.54022193948887586856 4.52598001363141388964 -3.87455017707133597682
3.18664578063078973713 -3.17861361320774671313 -0.54774900570466922289
-0.05505104793132264973 -3.00276519350429937916 0.33821580445619225941
-4.19919538205882680870 -3.96721852669538588287 -2.37812701153851246971
2.95115689011551385335 2.22516002315218397456 -3.84231299742022214261
2.58793823492078356452 -0.36758389524908974266 -4.14539449484668143242
-2.09723427722988242650 -1.55408898499682956995 0.08919264456777487027
0.40377188178148326614 4.39095939998654127834 -3.33703430679476742426
4.31708850404829203029 0.75604725467405131667 -4.45192386287625918584
-1.42569478347800160378 3.66578659244882043566 -1.55620644098981530945
-2.35913685351291269043 3.93729799603090935278 -3.01049633163044738637
4.11709718911096356209 3.28169880113378820141 -2.35334833183673985957
-1.79359620560307853054 -0.11842001374845079198 3.68747649074735672770
-2.19553790266430626232 -1.19858503707868990773 -1.94505130304013551523
1.82876948822951668205 2.18383593767169426059 -3.74259618804570459716
2.49373812952405060628 2.53450872293764373211 4.41950017354816271364
-2.36571702611495027213 -2.64915613804492044991 0.74096742377789492906
3.51126049649488702897 3.15875234634064572248 -0.54430447905046097645
-1.73070439803019260339 -2.20067100535231574554 -3.70051577625347638545
3.30854609604033722547 -4.28576761665493766174 4.08304871607923036692
2.46078872585148911156 3.63644901293794386987 -0.61291498196097249362
-0.45244672008400232954 -2.23990923538601993670 3.39209933319740564173
-3.33211257440388086692 3.26844929813600604263 -3.55444541269719493926
0.41692884351722891978 2.69187910622413451023 -0.85954218779272650863
0.84893080861494230049 0.33797159723270642218 0.58093052204029049790
-1.54165497601483370005 -3.74239924527716594227 -1.50712460434001815912
2.08858765276190361249 3.33943624445525966138 3.05594087921308510403
0.67517447318130674461 2.85569258586957896995 0.78064318231893370381
-0.65905273434190503323 -0.07484512950401178699 3.04605453553578531256
2.45456375794192993567 2.52999037019254924274 -2.61746797889312610153
-3.28485132958781278489 0.89009393468885189549 3.92424349491582180605
3.23293471389235431701 0.78224677139334630738 0.18664392032053456205
3.01728373650315884191 0.03492667320275444354 2.73395441511506920307
-0.47036502097063070948 2.22716022098804078411 -0.13412909545237727826
2.23751832333767364247 -1.43930691192060411510 0.42109280287728978465
-1.08368428715362874470 -1.90090887968462851632 2.62801878691257240206
0.64126914681034019594 -0.96998335424325254905 0.18025410874891623081
4.37867237126312947026 -0.91840436172595607545 1.08478637100341313015
-1.12797513125310100435 2.40550527845647366121 1.39197306794894259951
3.87840558517534983451 0.29582658173162990067 3.81981584016847275365
-0.18096575985392426844 0.32965444542453692378 0.47151587844434850183
2.49683828299548515872 2.57632368545106782420 -0.11545203699048744994
3.29069360334791216616 4.18156050592014683076 0.21390471128273613743
-4.31602807334739413392 0.15071001398454075826 -3.73001543666607249250
1.52052977056884053297 -0.21824771573153611826 -3.12410366559913565965
-2.72732863171749606579 -4.19280997893390772191 -3.28880332467039915301
1.51199505344238804838 2.07007095115657957507 1.08130288407400509954
-4.37148726171736612400 2.59670612447295390268 3.91406929523866242704
-2.83962425027177234327 -1.99114121083527084721 -1.77691119544217723814
-1.87506593991667580568 -4.52719162282996467894 -3.70616368956343222862
3.26718803933126533678 2.12382450230806085756 1.90398226295614048098
3.32921958856736210919 1.62642345233281648831 -2.95995354358786233462
-0.77419956357539110314 -2.78916861546940886285 -4.50679768887066956040
-2.48658347248501998550 -4.37098566151887268916 0.44474575259590931608
2.86612011929249721476 3.32297161243202676673 -3.99713097339978373768
-2.59693980309334326861 -4.10845149529359598972 -2.27624249884732732241
-3.83936532135291042067 -3.09051903661155291658 -1.45624294934390663414
2.01504659579778433454 0.49744715640415204660 2.40099358911274052275
-2.75632556589012978066 -1.20330330557862064111 3.65514916547932511293
2.08986918261537724106 1.54381392164111641563 -0.19746290573934999202
0.66113516859094101363 -3.42943575872758010803 -2.19255653958762053435
2.22078580084381282944 2.90248532691874050471 -1.50112611956352992593
0.65117301136081540136 4.14942264624211620827 0.42598517792412504690
2.71768420688117284811 -4.05111078808688951369 -0.08871944424554545350
-1.56220072597620163179 -0.82754486760069534412 -2.78602945756074360517
1.15095091875830579653 3.95516871724682328448 3.47001290449011445816
4.10390808941406870503 -3.39191872222376389345 -3.54569318647080233831
-3.80807816449853131502 -1.12817586060998564790 4.37334853868074535654
4.03262614725242141134 -2.50758937951700655589 -4.04585104474328627333
2.89440914452675013280 -1.66875550853039555932 -3.48298851373404527720
2.97293728536468737644 -2.75739996782251139962 -1.64093329555870282022
-3.32383445291845225356 -0.20291757796819087645 -0.33767754616754963592
1.79258906596566358616 -1.86518828419327320489 -1.99862408131500446373
-3.16582434070396656622 -3.57815700105840361900 3.27918269969003883801
-4.42616703526225574450 1.29785284072698647861 -3.48437666963073588988
0.06459177267667648437 2.81803676688477100498 -2.20738615654521685983
0.02516726775982824904 -1.53382335672462177811 -3.07959056690966104242
-3.66155316752029369454 -2.38172718131210148229 -0.61897809042174012362
-4.12409304418648581247 -4.11318941729150910902 -3.56373894738532071003
0.59127990113000805650 1.86715232095505445642 -0.22364530595397802415
3.44113755046131242210 2.64416415811798888313 4.15402939145686733724
-3.32153160615946374534 0.42196239390521306234 -3.94828609138834085712
2.62103324573304341527 3.55907899762745838501 0.91107780988482378604
3.91314140006445310149 -0.11711971525805964234 0.35693224007200274883
3.13821934220218778933 1.61450572442036044407 -0.71494424151657076649
-3.59392918495266755485 -0.13718081243196689201 -2.94309691030229236830
1.31623426014202316026 1.37773554857677194008 -1.59487006192773961288
-0.27353607247846767336 -2.48906076057046021788 -3.31297539002887031501
3.33053646933398006524 -3.40700844877477404538 3.57533958950860064618
-2.56539874330034267658 0.01082792721742364961 4.42207908127350268757
-0.09823173520812655823 3.63391170513414163423 3.53590707497541512083
0.28858024205315846444 3.02181190596289539485 -3.43936976370011482373
-3.88827764223479199757 -1.24914421441554157610 -0.01285375857923565235
4.11855838354342740359 1.13419898723318901546 0.47115683246368167403
2.06034800871712153736 -3.64508056549395309531 -0.89756911222588442456
0.79432103473736237476 0.95590673521613833685 -2.77778234258552414460
-0.85283179621454419106 -1.29158342566052741773 -0.53547765835677108015
3.68262378121912181683 -0.40762783697179028053 -4.44239224480515115800
3.87089702753024145210 -2.15581476018410045370 -0.63602269087872542741
3.97113311307575411746 -0.70105391902101477086 -2.37161041011654427635
-1.85514554179534885137 1.86695810838445552804 -0.76469713519662718682
-3.05017349590390063341 -0.72484946289664886621 -2.33254673374313803436
3.21516926248669676625 0.00747668622673192118 -0.47822394575717908083
1.67870326521471913139 4.17024838615206494552 0.02466141190517134874
4.04907888268635840490 -3.09357496100872975120 1.14968010635474460202
2.75558767159621798015 0.08205372809422151192 1.57039796265195263913
1.47596480386827444420 -2.86916320346100350847 -1.19468664074764951977
-2.54910258182984916786 2.86574451015572684298 -2.15413992453540004135
3.06821840522778810367 -1.59297192587975100508 4.45101164181233510675
2.58194934278292453911 1.64251945097069285140 -2.09904373325008331008
-1.81093792920205309827 -3.19930003545662922093 -4.17312334779973959087
-3.43100547912322184629 2.39491626608885166405 -2.70977255654268400775
0.97302484866214555836 3.10630410707482518262 -4.50996872823272010322


