37
-4.46599196789998575952 -3.22751097768331352000 -2.96007742352284441978
1.44168683716520273919 -0.67868772054751813627 2.69001368766257442644
-2.57225101187207716436 2.56815568234488988963 2.43421015422594422262
0.08160084071455919741 1.03969088213029881018 3.64138680844848661167
-4.14197275540282294770 1.23325483084842435488 -1.54292289279596106510
3.98911431238112168529 -0.77292155562100983701 -1.91995217823120345457
3.20145221595695517181 0.17539908695956452078 -2.94452718967657967042
2.00774116431552229756 -0.64180540474531611039 0.38260356965177333421
1.24712189024101416379 4.25929765701471740869 -3.33693949668843137246
-1.56165864194313286362 4.17025299702583662764 -3.37893034034728190207
-1.93710181295884131814 -3.75171600766580271014 -3.06608424138328716779
2.15439698123479939085 1.89224560342021863590 -2.89323992844034316718
1.19900133904971006871 4.37850637867981351548 1.05649846351338450035
-2.90943134663367519721 1.36376209690056082735 2.20302420630749207220
1.92817904934619388513 0.88417815404855648609 -3.45370586883020713742
4.17123585383336159538 -4.09667089106089576944 1.20629048683784301232
-3.64490910361444830912 4.40854099457439740917 4.18706183525431097081
-3.17547623455928329506 2.20394445617677359195 -1.38344327071407846574
0.96742233757810325301 2.72782878666049644067 -2.19692843865027631622
-0.60092245169609359579 2.27544775276695165900 -0.08159611198501703910
-0.30761687622603162140 -2.46057293895592055222 0.04616365135882816162
-3.76295726718467538063 2.35851304812200712746 0.75900146595705120234
-4.00833630335324198057 -1.15198012832496532454 1.09913326731107563461
0.78165506269300077946 3.76986304610520495117 -4.07059248751240598807
-3.03483974537314349362 3.85203358565687015158 -2.80392820991404612130
-1.37826158155185440890 2.96057369838268424900 -0.03735948087248619487
4.50906077753181211420 1.48664603715541687734 4.32793382998100550907
1.71977058923150227798 3.58981699196339487656 2.96186019910444287007
2.79104077455807786379 3.99675919509014487829 -0.76429065261702477940
0.11561881803013029923 1.51289730601963512413 -1.50333005714011402887
-1.17011655819169924087 -0.09993060881997273270 -3.69941853187435043537
-2.32586980276261678924 -4.05265686916890643943 2.03649783351189572755
1.41555521189068844734 1.89903096443296259821 -4.14041828268164024962
2.05256464603147836812 -2.29112852135541134047 1.45038033694751078428
1.37437068513775084710 -3.70577950710176340365 0.94443468624728232896
-2.17802023807381095466 -3.98466445368310884234 -0.76742147573924546222
1.58489609491468996794 -3.52557750399309899336 2.87133078450567769124


