214
-1.25927077583526347837 2.99482184983788268795 -0.69430627711228654064
-4.16956682304509662629 -1.82311876468203193369 -0.52744453487597819930
-0.50965787771147041951 2.53674309482479376499 3.18159458942742023879
-1.35131467605863964110 -1.87715683336204719467 1.64754824114511411182
-0.22878426024134146388 0.31419448733203481083 -0.52626769047351285025
0.85608681116345497486 2.24896355358625754661 3.83123057182946080701
-3.01997836423410870310 -3.06139009852266008593 2.04416586134447886280
1.45294269189481095594 3.62851854526243489119 -1.37513090688968508957
-3.07193726830315583243 -0.63249075264269549734 2.68902016077629291146
0.55059515557635396732 1.20096953293148356323 3.59409415450125369063
-2.40111493440005885347 2.91821353828679708187 -4.15472698770688531056
-2.46193692187131452087 -0.84789515700909534601 0.59990956627585756422
-2.28598034732982124950 -1.49991633061029050467 1.47768507232637702486
3.21624416456384043528 4.45664537616835598755 3.89545891484291129103
1.26439753201936788685 -1.92172257580219429940 -1.11256278037871281228
-2.71500116786656775503 -1.88789374754241867649 2.45886253348555339215
-0.63517193674461314146 -0.66815373380403109138 3.71443216944398901802
-3.57875337925895964375 3.84037081928022683286 3.22793581995245038030
0.55977086834620504163 -4.26212883678040199698 -0.09715964750267502836
-3.49205232216082928076 -2.10546255621571587469 1.64245208955049903921
-4.39863932797979018119 -3.91536388251716971354 0.12352916532950786177
-2.62805377360381475782 -0.35896845331917770494 -0.39563971931788888270
-0.82529403345972340844 -2.88926108638576062404 0.48073682841373699404
-0.25476894472615274623 -1.13196125049422580133 -3.53451071193545418581
-0.35319563427719735671 0.14409171080391747211 2.14496164292631874559
-1.81190374260845832310 2.39472025802889554313 -1.36686802831599329977
3.60957116036982927909 4.50581029354349116289 -0.20162288242172099473
-0.80775097338774459743 0.29684951527834790852 0.39804407640800754109
-0.74575309895628416612 3.63676096361378764499 -3.72140089181685462805
-1.13544463699714626159 1.48305423590201446160 -2.26057980642376454838
4.37639921532715359120 3.66467242702053308534 2.85000078674723145156
-3.11122474630030909637 -1.68975752264127487834 -0.41998271736251435726
-3.81624251419319016065 0.03153205949182957823 2.10302421576892317745
2.42464018444845219591 1.53989418180551584925 -0.55958671290649242280
-0.16365492983463791887 -3.36786400205007341313 1.15974054475678922671
-4.11981093699235589867 0.99724253176962474043 0.37824544303705831538
1.04465954117328951867 4.33242835821869665125 -2.22545184199208945230
-4.08653765905958454852 0.27596583552904263570 4.19248531164079363265
-0.13598255187631203000 -2.10616215411160245807 1.02476927944128082260
-2.63769134707071195578 -0.45531171641953172013 -2.11689939449914277247
-3.79370083477636566016 -1.03227604248177851076 -1.47355272949070137400
-1.58514177585158311246 1.06712208493141158527 -1.11375377836891731320
-2.32583718394192828782 3.58208017668692324520 0.62354753605912893732
-2.50849699595690012188 3.69004586786350241567 3.33743171399845106606
-0.05329869394704189745 -2.46662793527455015408 3.03910972590044803354
-3.31854136575315417090 -4.43414807348753381433 1.50871466632556927578
-2.79476412019668796205 0.69253512414155338206 -4.15152696221942463239
-1.51451407705135565607 4.36609384812258749520 -3.17982998728368260188
-1.46952652278015172271 -0.78420225978667623679 -0.23878730814621018652
-2.00304502380887106128 -0.96266709471279554577 3.41882621626981730856
0.92199655842520211735 3.32963321537104306458 0.15210574645540742011
0.88122919976315561286 -1.68923941076609773759 2.87116178634886676235
-1.79917704072621553735 -3.14839926730436259206 3.30326239610051519691
-1.68417621197621514284 1.54171980042372513964 4.27243754228613692447
-1.88186168882936044611 1.95914802596076942365 1.90325464612079287008
0.46769437551700843159 -2.86891987405135617806 -4.28920932151888489869
-2.73282859453655868620 1.30603645411969715440 2.71930118835848855241
-3.38117786718008384028 -3.39721859242468626761 -2.93869437645829290062
-3.21849513049878011017 -2.88605253390475180453 3.09267591663278640368
-1.33007130646704219146 3.58276954664794811123 1.19870911022457615758
2.47665007142403581497 -2.50798233822400051807 3.45672794295198126946
1.38409100900992054761 -4.14519003565213051132 -0.59132289184000352833
-0.23399270378963255013 -3.93459249126306964683 3.52065696838311570360
-0.49944937544842460397 -3.73810392793884416207 -3.81492074031522809818
3.28006844169953470924 2.54878940582320634434 -4.13381695771984603027
2.41650920339891950306 -2.74491648223200668255 -3.03058681213397607124
-4.38104575647621974355 -3.84551015252015471191 -1.92918323205575648061
0.50056388596391165891 -0.20875795829180354701 0.65460627118640690725
-1.19241206828199297618 -3.11538642644264429649 -4.46278944360612594977
3.05548178877223630678 -3.27607254000542225114 4.28983971670108221730
-2.38633187119251255481 3.93552696110074773372 4.39871911252931813152
4.40975210806743955771 -4.24272611767007035155 3.74929428617531090850
-0.78236860936905916475 1.55205441252299802812 3.61327015811865503991
-3.57081977104044367977 -0.75639706919861104950 0.42485309288027028884
2.20042265645071299929 4.46955421546368025787 -1.21054680368943401447
-0.69257089478638933500 -2.66213914994090217192 1.82568728281546999170
-3.59217018014593314490 2.16873276369461454038 -1.80579209107148885849
-2.28922149285287312992 -2.37008396418428013419 0.92272255226554733554
-1.36083061869802079968 -0.05180298233993152479 1.47463892390417417033
-0.74846288673081895482 1.90462031601899095534 -4.33336216920755212811
-1.72069427515780049021 -2.17246781373166486517 3.49848347683874028036
1.34159964268357168038 -0.13518529118910205256 -2.76835249257592996841
1.47492852674575392058 -4.35196489620305548840 -3.59736972235864849168
-1.63304770702234769431 2.30336932392990334506 -2.87917448449118085207
-1.49863859246350017429 3.01254276208682725269 3.60924964036231354925
-2.27883535579835294627 0.57439675489013097831 1.88025206174339754028
-1.67484693217738289661 -2.07990294324012392480 -0.93026879387345440264
3.95732385906749950522 -3.15435496886875821332 -0.85571315703169092970
4.46560420969993909779 2.50819168123919133961 -0.50655301297490940016
2.54439041365824003549 -1.66968744856145212552 -1.00644005036404093900
-0.45255184488820177080 -3.79801915828516900575 -2.08331044811603671718
-2.41813436512585688831 -1.41801569573836250271 -2.61394293520239973105
-0.72210407498635120760 -2.30747989604267855768 3.79282343436189872676
-0.10418836857317437250 4.22950025581702515609 2.78921712365016194468
-0.50200790347815793524 -2.87975924752117551364 -2.81862126999859086141
-1.96083430691750182362 1.51398691990694356235 3.27754238893438820668
0.39284143109716751496 -0.77120443261094306919 -2.69303838526298200406
-4.34362609898173701595 1.31633433554637502283 1.48861501815276842109
-0.50349121564592902445 2.25191165862035447276 -3.37819024439740944743
4.47409739756828184198 3.70448943472165392876 -0.63325261714166192206
-1.47065782543344347744 0.72857373672944358844 2.54202562316501445849
-2.83412191621540499042 1.40996286389321223709 1.72843674442182670958
-1.67040326693252128010 -1.56946735347391896909 2.52086916731023880089
-4.35914080654390012626 -2.93388874025788704003 4.39019424076638653531
-1.03403665927417875992 -4.12620304080667477109 4.29075782516884540740
-0.34389803209462055378 2.88318944594174730867 -0.08413658017914560361
1.95494677880807277148 -3.49181231914812961747 2.70445914708926071768
-0.90418716345263483447 -0.76298341345600606545 2.17229190986985098988
3.83786571249461427868 -4.19715952756558685621 -1.19177920507082379942
-1.00267653465841277693 4.01340464669392904540 2.26016435110572633249
0.68993608299732578359 -1.45455501622670579920 0.74263145386613782506
-3.71173082590844627404 -4.52280388802699206963 4.31187130585275024686
-3.97242433433246189267 3.90088574528059961466 -1.53016738268004992563
-4.43606234739399152289 -2.89913095803741649448 2.17333802167308398623
-2.52683707389575129554 -3.73225954028349304892 1.19846458027363045318
-3.48999649065259465175 -2.56529939179191712739 0.19434508019267138224
3.71202894701411256762 3.42471975180510579406 -0.00157459897659695258
1.71900530088889080815 -0.99949311637748561310 -1.62268647410760191718
3.31134386096239374808 2.21995801062451381114 1.24498582210624864075
-3.08018099604232187261 -3.53679769063332782864 0.37161648176138939448
2.36825323010030430737 4.44954872068372697669 4.49494774073963743177
0.10926992926744727441 -0.40899326279470571421 2.99212358115293852734
0.40823342316570343513 -2.84882900205342348698 -1.97626389898113963284
3.90521232413075747303 2.63611525311044836428 3.48334620100420533362
-2.03254965504243756413 -3.66444127775860550855 -4.09303041643350518086
0.13300520520592851170 3.39433855610956580762 -2.96616049745406717975
-0.52747655701964824004 -4.50839907366896230911 -2.96370218908592164553
-0.45893196408930325703 1.26613950897903126958 2.61017438777934973615
-1.56861860870106539778 -4.38766914847814426537 3.24026231036218526071
0.04801266247413416011 1.08104078884105003766 -2.66295845945807441169
2.92727035116845879514 -2.94346571087344699436 2.17789552071001235589
1.88281238093706537740 4.29033712440506231900 0.23627156607765620322
2.74974102314563939586 -4.20275485033679618851 -2.40902690879944270108
-0.43479438059860342491 -3.52693049059064378525 2.46976385960180344625
-0.58173077269388784316 4.20507847972735770981 3.72833763224790626367
0.96236935413044921717 -4.20389283597546192794 -4.42707190739179257122
-1.16542721439045049436 -0.21365384326380620905 -2.23413234328764742642
-4.51475275656923979994 -1.80698195759459245835 -3.57972014264874083267
-3.15257447353734798767 3.49743592514163825768 -0.13910378172925241813
3.26475115244143676563 -3.40829634558324068294 -2.59163612929940301299
2.07255690459976715800 1.34756499108520966246 -2.62989196779446832153
-2.17629675952027223929 3.66925734143380832819 -3.36474011975740605607
-2.04567938132308002608 0.20009117018725852688 0.54197568901615245096
3.93834853138063234468 -3.91088771770998810950 1.76910361089027823311
3.80286658497263818646 -2.24050515670886429831 1.80785051690220921472
-1.24564461970130979651 0.92389182907607825257 1.03792702263060032664
-3.90986098624963496206 -3.81982880997925100530 2.19571946095570691426
-3.70778327762704806858 -3.98006502776991677450 3.24904281501139546862
0.97721767239760115586 -3.29797053475705359560 -2.81063419032162942202
-1.37127278430135568499 3.85416904554853356757 4.39186280552336594241
2.20880973780373857096 2.59576771203805822807 -3.60146189796860838328
2.05576826942902357587 3.60330433925260340544 -2.28497448013567705516
2.82727912386891322427 4.41268365734188794391 -3.46631018254750200569
-1.00188896110761493929 -4.08150502367368073209 1.61185837417139232741
-2.79432144626045575464 -4.37741891504610602937 -3.90240826155091902194
-3.31797794595905415349 -0.72597022082510154206 -3.93451860425874366811
-1.96637016079105908517 -0.59947952772481905015 2.25965549874177096257
0.25932735563127540246 4.17296773066164039534 -3.76054407969818793589
-1.66456249228263208906 -3.34417924154990675589 2.32146887896024356479
-0.06543585148822916864 3.90927926959906546500 -0.43584842544321311664
-0.26258200091882244465 -3.28984641806698219213 -1.30214033238842930018
3.80682092197462917937 -3.76509779376595954403 -3.58179290188030030606
-3.88641138312903278162 -2.14958619147067286903 -1.61255181644906597782
-2.45024689351821711725 -4.06181585346009033088 2.16470241965595633360
-1.26405884384013100785 4.14575068367413113180 -1.10717012210094134517
-3.93112573620927774343 -3.16230877048758607373 -0.75700696473214712512
-2.12902186363859646789 1.45944220511399880280 -3.75211880425367194647
0.23154784654272653199 3.29588246847892563096 -1.94152639232296619909
0.91106545671259997476 1.03464227973669853355 -3.44531825599341656741
-3.51714001226920780496 2.35460321496217961368 -0.18478199494184810447
0.85820602451346506001 2.40923545406564887372 -2.83975601188697046595
-0.29562615648183854233 0.51250395945837823319 3.60068293520320015233
4.46746010630802370400 -1.49136756800547809476 -1.90166421351889569635
1.51007950286684966557 -2.60277522543124728571 -1.94235979264397995436
-1.51168064690241532588 -3.19614321370297504998 -2.22566167797053449107
-1.03620852900547921749 2.76997078242473371290 2.25358375859209214553
0.30548251584294128236 -4.31537311570924586590 1.29844894620394768481
-3.08784373524873778649 3.18614770863517637878 -3.30285460920439266630
1.23834979315745385975 3.87665897602134723599 1.06140284777731519483
-0.91676452814672781955 -1.87130280541051874366 -4.29632117497297549846
-0.35646350310845065223 -0.77534045331377932087 1.16703347709381954900
-0.14795599158142636043 -2.09923052085195660510 -0.00433562220740313364
-2.81421815163820543404 1.23188930846057775881 3.89433177777953343224
-2.51447267807437846443 2.47255064640767230344 3.82196990868640806838
-3.24989796982601530928 2.22910425929438016368 2.25009856325453672099
2.77110975776409063087 3.25764513006023381791 -2.93120329591126527191
-3.29343391206761326728 0.37413962191894345466 1.24263162351838740705
1.40682887444351134576 -4.06396787144852300599 0.97088952252693960787
1.81563906032190924833 -3.49632196699188568800 4.11821092069112371092
-2.07960490070499171011 3.01480465999395175203 2.56737311754595598501
3.25530999210888349893 -1.48933457889154130527 2.82561721663000220417
4.21106143755941619844 -2.49195137714435066556 -1.68855209926023430711
-3.41937733211315464388 2.85012380734511250324 4.29427877877839225818
-1.72773402147203514190 -3.25621751944551629521 0.90113688839875027980
-1.97295575815281587495 -0.18870874149940952691 4.22198247320098030144
-0.92398851792843084141 -2.68118430235026217190 -0.57938063935714279040
2.58025503645046772050 -3.13122747787707744749 -1.88076208325568572377
-4.17070578035444672338 1.60464179111855553828 2.58436547183942000316
4.48883314786093290394 -4.40808502578031902175 2.72186307574767827333
-2.07473526917415806992 0.34748979606232666129 -2.56652571578460708679
-2.62866695967198982231 -4.00177402370099066786 3.89632744176777290335
2.29415350247933602645 -0.08756323176724745139 -1.78011407625895534679
-0.57420593213625625850 -2.03701164085399666348 -1.52810049160952443614
0.02330562526738066964 3.39699586245713636146 -4.48168202838022988743
-4.39128096238514498140 -2.97329535551764712054 3.31373915420558873279
1.12853737261886255538 3.16125804454098702223 2.24131787294361917162
1.96330129995075441940 2.44115069684566776687 2.07681653509904418087
1.35556458569352322741 -1.82643291829492682155 -4.49753051042898199796
0.87407130689273593305 -0.49313078559119372102 -3.89170105273622946029
0.61646379156511255104 1.94557181938875611849 -1.08556513717951741427
-4.40071560912857950854 2.50614862374027769221 1.86847182625487828744
1.16014803640807961926 -3.58751652570643031481 -1.66974723304516148303
3.97195992253252061488 4.17121444451583212043 -4.48737250294788658778
1.15035596497232717184 -0.08444554218386901567 1.82625231147572630874


