208
-3.25360908466777232206 -3.62283922241958800115 2.56196689217158635188
1.03800568457322928140 -4.51618365837313628930 2.16625833058284644750
2.87371786044965737972 -2.44524043551872338753 -4.02232286115865900200
0.25559407925241295345 2.33291248558133101909 3.96264692768786996879
3.72946905510244786086 0.46245737389443508647 2.00110327169988622131
1.60583594159907416810 0.00936907865238012505 0.69557276853979832509
3.10888651954319072956 1.57310244203024662824 2.47022912318267540144
1.62792681967077879079 2.21406583987902561006 0.44956552103269764586
-1.14463598329006455145 -3.07980774702908455254 -2.64214319280100884413
2.69268196974292539636 -1.93232983412083925145 2.28848952490637014279
4.41658267624495959325 -3.17477241586180314314 2.59306532044268944759
-4.08110931714963154349 -1.89156281049851049403 -0.24774862404347253175
-2.44063963406482953289 -2.43676228328410093837 2.96632003023871693159
-2.18366334325785427239 -2.95042551835897182144 1.82284451775537537088
-2.51820089439297944978 3.13797062818413241558 2.58942556092709530446
-1.88616602959571100229 -3.65995697810859210719 3.10663122193923779690
-0.74726704061987891947 1.58520450078497532331 4.14981804532518605555
-4.41308249332194169057 2.86942753634516733996 -0.43407883191381468890
-0.56475874605882259161 0.93085685334121581747 -3.38880505239487961333
-4.48490365371304644526 3.78973509676659947587 1.79593628643703517866
2.51261704988922396353 1.79379247029512711720 -0.16429731690089166563
-3.06235820236519318271 -0.78700250038911478967 -3.68877485940924909613
4.46740690845943166920 3.26467921150158080223 2.62786777689351147558
-3.45701780649601264628 -3.79045040417678968936 0.03564140498577650362
-2.23463831732152096166 3.76837577973034409951 1.71520240862068273913
-2.85788823842175210288 -4.11433667363087973712 4.41026240091275933963
-4.43896399775453964764 -3.81370180516888357403 -2.92727386158364621949
-2.03268979457066345518 3.35389505555380740276 3.49468109444846941614
1.22737683001229846980 1.66407084908816127466 -0.29847080610374643328
-0.14921443817356916384 1.98590215986882334676 -3.79165625444166476399
-0.02108666483636767452 -0.48818182996648484817 1.17837342372579456651
-2.91269508700347135033 4.38705812690267205056 -2.81128569356805391166
2.24946891677976079649 1.73174774595601643767 -2.69680706506507306131
2.98920069383718178813 3.00179365732655245580 4.00062953267611387531
2.85306014395110008053 2.62446926555586568242 2.90809875641731707674
-0.93643261781491204943 -0.91488768365313477560 -3.03843287574130593853
1.94366237092639604356 4.07761866351116442075 -2.73500297802838110428
-1.22834679455760564792 -0.45458044909940387157 1.21468114877051380773
2.33899611828440257000 -3.36929575688119653520 -0.35673907993752518308
0.83212435455749211854 3.51115862487712515616 -4.00909532051753370041
-4.03438845105856636053 2.42531530187686605871 -2.65500808365646490117
0.20378201817534868923 -3.74568269331311176629 -3.47687483148781506515
-1.18293090455814686734 -3.65104806996388120410 -4.43605813227667944432
1.00359066249793471570 3.37697258643166620118 2.10614709822689949448
3.99708927570517413841 -2.37459433659254459670 -0.34745800415525174287
-3.38861610826450210254 -3.92274098452933595027 -1.00237139534698727061
-3.65380780509587399507 3.58372177375490341689 2.87717620982698374377
-3.24451816047783880848 -2.96271048616325227698 -4.40200121729102811230
3.94788174859714668941 2.93654447634391235766 -2.36569679056497150782
0.12084496960379453867 -2.92078557696235208141 2.08824401626266809018
3.76849783940995397558 1.70284986506223834368 1.74378099471018632727
-3.19652572060038719926 -3.43995382797584925427 3.58209300231238980672
0.93877092563354302968 1.98743039474192162430 3.18651630235047012007
2.00380571548624786260 2.80917704347727692493 -3.66844032300182698592
3.10083035776950666218 -0.47516748586574575342 1.77786098375029144592
-0.36115754800267119151 -4.38506158695930636782 -0.95719521361757831102
4.40646121915397426250 0.29641943155102890017 3.16321998471935206254
1.41811099661742545663 2.66050233219879928015 -1.48245867585448909409
1.39927317287074881591 -1.77095875048953033115 0.43993843360926909725
2.25663610958469007528 -2.03236584967187106088 -0.49095562089421829199
4.40141234101175538029 4.09744335989004593301 -1.61727230126777588026
-1.75470876844673639994 -2.49960945597891326386 -0.80646165607764563887
1.67720138768121795891 3.83004083211214929605 -0.54829394509093098975
-1.53327457915744735928 1.23350926526634996350 -4.41866650652940506916
2.03670654126320282984 3.48617972316135915634 3.65722419332628501110
2.64876207832977517143 3.56153230282351795921 0.26645672481901261364
-0.08022763045187275566 -2.13382186853946276273 -2.57155296927441634480
-3.61795006326520995898 -1.11932817677034979198 1.61289039877210438334
1.62440602007293311004 -2.80714145466062170442 1.85673627292260867705
-3.58076926203399725779 4.23827475821502996922 -1.82808674305116403147
0.22063913912623256408 -3.28748841060086016697 1.16063957951490959175
-0.33220904073088686204 3.20738726988617006697 2.38369826425880315668
4.18631995008342716602 4.17896620712494293315 -0.51921837485786248578
3.83089648763380008489 4.09347790396679567237 4.08208320197636975735
1.17837069264200611229 -2.43310114254491072217 -2.76415758132769662225
0.68740009078892594374 -1.38016254349010214497 -4.49576811536726950180
2.29117288918844597134 4.42493544726431675684 1.03414038510803596438
-1.92167381144702753559 -4.50542602961716109888 -2.81814419317943354315
1.31273331877166921089 4.40445908258073526298 4.51897675225219241923
3.05567345617604235741 -4.40878740891249076839 -3.24646131181633945673
-4.11396164994023472161 3.45753409838077008231 -3.42854529645203554011
1.55825807024568607773 -4.21870253795797456320 0.39876118325673992615
-3.14581819311162869113 -2.36388287356790227633 0.98385684650410087926
-3.12783731651440755073 3.73159984549584411440 0.71549262970220883773
2.02812199965789297096 -1.84681371470737509810 -2.24174071212285230814
-0.05793418992499255182 4.40153490533376956506 -4.04874908936978172846
4.47936313888842807529 2.20247704425057566624 2.31904985688939024868
2.59936818545107062306 0.87102173714257880022 1.80966785267235419354
2.28947145135677576633 3.66187735668093150565 2.63658074725808599936
2.04817484827648232937 -3.48425456430881075320 2.74405831513257680854
3.79522165503602781911 -4.03665205326649445539 2.23173751366523465123
-0.65773511321633826299 -1.91575580281492818813 -1.55705537833853568941
1.47861739421606852574 -3.92682607775267022987 1.48495114797414640151
-2.29342301991379571291 1.65563019675359157645 -3.29068393577209761247
-4.27498572414435962230 -3.26585584664025230239 3.85700106887102744935
0.45579191751382719389 -1.81739325173371213396 2.36369037404208537367
-0.54671714135034354953 -3.46958499402170827963 2.78911088553977926097
-4.36399851233201285794 -3.46349331950581040829 -1.78686185113543682945
0.70505247192533193612 3.96756698571322186098 3.73047860015945698109
1.09042073089432367539 -2.86473399088460523032 -0.06195029641325788816
3.67296300834442401850 2.82679393251933941400 -3.45820295306723846096
3.37209043881178249791 3.57333738089536279148 2.74332312930308397370
-1.54999926875524618453 -1.34028758156917149336 -3.78947326896403513530
3.73114469205291765519 -4.35133701907497982830 3.15946090243119037666
3.13446341128344307947 -1.94419358891292581859 3.76473700881573503096
3.08244205174682583959 -4.09393042560799358398 0.78210636472364569727
-0.67866606423140707349 -0.05301452459449063070 0.23863908080122175903
-0.16653290924166430642 3.08653286304656848671 -4.27788455623331742572
-0.88285644469675661483 -3.14499061842599836325 -0.91357912540738750451
-3.38063572704359804888 -2.95468663563832034669 -1.39775243582648078799
-1.15993689510089303951 -4.47736896643357074055 -1.65342502095623800074
-1.39262382401023021572 -0.36656095842948754893 4.38814392467083447258
3.82470650137828105386 -3.04985450972953975324 -2.16302966793005557733
3.84860909765998737697 2.68923845322031507266 3.34083252949248166175
3.91753837395272253019 -3.65744183631743480234 4.31779161486221862987
0.66541636830932127111 4.33807649800653738481 0.49569970905262916716
-0.01493992990226811202 -0.82301417264464626911 -1.07205275889241891107
-1.87578335045553901139 -0.14825704013687612814 2.45427523231167921125
-0.36058999043450867816 1.72796046466283037546 2.54636382752089129866
-2.60437252882599112880 -2.98366492628589741187 -0.44031303907293128930
-0.53633585779050552134 -3.74516632953225547809 -1.84778643120198937666
-0.75424490467229343693 2.65374783871351471731 3.43871013587796259259
2.59377328389276673448 -3.16299017271951532493 -3.17578538033529778062
0.40629334880727441259 -0.96432515330851487079 -3.51845394664748889468
1.41700099483937691502 2.80982536517904701867 4.49902767639691969492
3.90469692770048393271 -3.41534189790836206768 0.41937392858419908492
4.40068400616848354190 -1.03748682784197221451 3.56740502947542292844
-1.49775796787936732457 1.07355383459165931725 -2.54889024852942336352
-2.39871421894839764732 -3.71302071835621960716 -1.52939512596039772774
-1.33287704362110481782 4.42909327991852119766 1.46586197732389056370
3.60241986424150528734 -3.22078038647139086592 3.44372174088844307249
0.57253314674753497115 -2.30759508789105849402 1.25714993897119420296
-3.72990275322694353477 3.26990876362216820183 -1.31176743799010964153
-1.43670208524984355236 2.66419667859792941300 2.13534599945979586266
-4.30258064495055325693 0.26852818068548955921 2.02053095547036587476
2.81332410191942905442 4.20961532666510773737 4.41990260782618715751
0.13902273169588141855 -4.19311859872235803692 4.12468940602559808184
0.18154372504888005579 1.02081789794254529369 0.49367060473243551399
-1.25567339435218583432 -4.48131917306520133337 3.62909539112156931395
1.25147454356704646017 2.37488412462180598084 -3.11402959531916057045
-4.09524219410043244238 -2.50278908325305415872 -4.43871080610094015384
-2.86226768603751180464 2.78829259174805965671 -3.86618134308210015249
-1.09450758141771542498 -3.20691386727624649922 1.99023583297221495769
-2.18871342310656213925 -3.11394373826770154423 -4.16595075044262941333
0.72350233573008448928 3.06883157512044935089 3.09050983729568518044
0.38863397378119124426 -3.38433365850472123171 3.41513407061015339394
1.33711745058424558152 1.26668644406040176165 1.66440095030783208330
0.86138105645365126151 -3.58930238713017679686 4.33699085962654873327
0.73838684993572289983 2.32608996093265130156 1.56901089426580409025
1.09665658238583407780 -1.70862759329396762809 -3.55682071700941149217
2.13788613397438620467 2.35960947808975340934 2.13027357105063064324
4.24348842952219218461 -4.51257462681345611344 1.04865445261012624201
-3.20011694380187616815 4.02910039400592001613 2.11934858037275741793
2.23292943221205764104 0.38046877774283949236 -2.24383836718102047669
4.12894639672492669291 -0.57870764780076111578 2.59274518514795548896
-2.34692345910664457165 -4.38399881359723231355 2.44616696069347927533
1.67613368761218506364 1.16780781670374356196 -3.22659274064101442292
1.38809871545946705851 1.27909818384400342239 -2.22819210260130562418
-3.97655636473944618103 4.00457751334016176514 0.08851951388559520240
-2.64414644455902081432 1.82611574386544983639 -2.21574870768989029557
-3.76978543502318119707 1.01496390397382807436 2.94777634349031369965
1.31527628670112139986 -4.23414174059020531615 -3.20958005438001992005
3.75680987752193029650 3.21844889934681965826 -1.27337996715929291369
-4.44643314724794613824 -2.92120831951434256624 1.43362622129018912887
2.69551837817573414213 -1.02011176567391048664 -1.69282513678390067469
2.60644927083542921054 -3.16067245049386036371 1.28003226225122457294
3.54519093229520532162 2.76235407895242257581 2.08724171519771672934
1.69587911358261944628 -2.45380578423255668596 -3.59044691648736868927
2.77924203674747616333 -4.22921035632081299127 2.39321916775031429125
0.08956126860740365458 3.48276384313635656298 0.32869161526468104739
-1.98983293787575865608 4.26231695367361052007 -4.00480759981608258613
2.69535693625595484946 -3.72776626698109136981 -1.25091835868289091849
-3.07482504234737596960 -0.96815887556030277850 -0.54961748780267916104
3.93578175605589120067 -2.95215060613323165839 -3.81730257305482956198
-0.34094516839231125971 -2.90602358426388862611 -4.51840953841541459468
0.88867248547035249118 3.40761842992095598248 -2.20333298138502042818
2.82686729249228640981 2.84920536096824505989 -1.21746846571461642128
4.30319546149568932236 1.88042803327592356055 -2.01815194690215582440
1.68263220853801520605 -3.98881098846513060252 -0.97767735007128475644
3.92927367046459519173 4.00281665591506463642 -3.93965907474213627992
-3.81668681062959436190 -1.68598399125111964025 3.96676020537985518644
-1.09625541621128164138 3.86607166565646931389 2.77466491345998722551
-2.87527560410660676382 -1.79925815713707581978 2.21319292890797303386
-2.35421432228303784129 4.34221281726777430521 -0.72231704135725127713
0.29686459529526576517 3.89614269881568642262 1.32950649403973297780
-4.20966024659524507001 -2.71866527343050945476 -2.89535673780434299474
-3.53601399291665074998 -4.26083016336721431827 1.28861254056508212074
2.00028478917848229202 -0.01044748713463761192 -1.15797336788010163389
2.28332536253274032134 -2.64727321371224499913 3.35398576050608898669
4.20186641522608095300 -2.37032030855254705060 3.56964368498031614507
3.25955276175543762207 3.71878846923083994369 -2.15385092369115938027
-2.68887629779871240032 3.63877402094084967388 -1.87207025720784647760
-3.52634766400822385890 -2.54667918000637039100 1.96948668345937161206
-1.53232945699259737182 -2.46365858088743650001 2.41329045720214718784
1.14567520546830170503 1.37043065079879244905 4.31627782554061401044
-1.35507924383300082383 -1.61562778955020869276 -2.35515501439906627112
3.65271334983441509081 3.45539215073088978869 1.31608045975005971684
0.61263121164196476798 4.39421064270862427037 -1.65546565523091482319
2.27660842768528137725 3.41106391813417975101 -1.97666820809153254146
0.83084250749197430252 -3.80119465680362589310 -0.39118310133920530802
2.03549849014010941772 -3.67364315841494049053 -3.92267345208160644887
2.11864060420534094931 0.94153275340361464174 0.76180273972648837599
-2.14640246035187942653 -2.88107758274385128416 3.85914393645491937690
-3.31381565870596439538 2.68666733060926699039 2.04159881877863647048
2.73590664634071689676 -3.15111560481127161992 4.32666275072325046125
-4.06207302229765510049 -4.35453200715083976746 3.67902767160753096931
3.48066370718724460431 -0.70613010183383417839 0.04793521109197751429
0.66839842581315078718 0.43116232469655102477 3.72140133420666341380


