96
-1.08459424573685803139 -1.99302505791618767006 3.79858151838749424911
2.39745037579965458718 -1.16675421231863118976 -1.54625620854650236424
-2.12234950048588677518 -4.35760600846974988087 -1.48061680070204459980
3.37514480927454574299 -3.83093837324470820604 1.92069772365838087325
-0.49744123236960025025 -0.10911072875940508453 -3.76863557112130198590
-1.06651630605765523896 0.24646780691000191865 3.71837784158550821445
0.23748612010189162902 -2.21417217241745900580 -1.98777890213081498416
-4.40222827203798239282 0.19763830363714962601 0.54114684020313053026
-0.59347964246039364156 -2.90868618971222003822 3.74311498512739238009
-0.74711000926946713463 -1.91576672706836204085 2.41856563643972588551
-1.20996630961315521091 -0.44881191291481314920 1.77958611970492963650
-2.12134925390233952669 3.73297817959946609534 0.04610704891722949839
-0.34593186203268544432 -3.39501434309492555741 2.84157450873550398995
3.02923388189873321608 4.46456942754227892323 1.24224069508219425728
4.23178750670999104244 -2.31033637390144486190 -0.81759268648647065447
-2.33097908181504198666 -1.07872684295948584321 2.93630682017411626106
-0.45767198122762753343 0.87485030943414709981 1.18373243040092379630
-1.49853431243091339553 -4.26615170400844601062 1.00720968265578658674
2.44702733260898241952 0.11921685340764742733 3.64597239811953155453
-0.89595983143907798052 2.14855051210987202381 4.43755754662792067933
-1.13572360124536153592 -0.42802301670144871082 -2.87549536220418477939
0.56214666067318663778 -1.69579667646975140727 3.19425699279189956314
3.56646716867711877086 2.68099705789409359369 -2.79206038990901150854
-4.17790728026722391064 -0.28378433095301147659 -1.72678502685301582531
0.10381599874988101107 -1.12481971561457427811 -0.23022779457316389085
4.11440449996510526631 -3.19002689999189126269 -3.79699298247171279641
-4.32302364064744182315 -3.20108532815023805185 1.24132506027449363017
-2.37773837060642279084 0.76749521334972303777 -3.21236052488775047919
-0.63251423818613616845 0.11499434767225924503 -0.10080762272043841676
0.61080792138830020122 -3.18989020870601569513 2.27778625886195218442
-2.32857016951537287852 -2.72257782589209584856 -0.50788211604997091086
3.46387929604198330225 2.44018537203721930240 -1.74420695053992291790
-3.97979502686073960405 -4.41700359054281221916 -1.96604170443400105839
0.27504673811125357474 -0.84658171662515080413 -3.80066957717171183262
-2.06195932282099558819 2.01901632770831884756 4.32119474340222087250
-0.68743342287457931405 1.00061863097552361523 4.15283456978832443696
0.92785723167686118273 -2.66545894288741447298 -1.16012751099443889302
0.26789298058001431713 -4.19853529582117435126 -3.07732932116910085085
1.20262644434229315493 1.83964013375625778934 -2.03934079832361137008
0.95759883709543647257 -0.50247708335048457684 1.57352220785119190083
-2.69113107465516998573 -3.77103096704576890019 1.48990918985467235558
-2.60056059077806445146 4.49590269243762374884 -4.28804602021852954152
-0.14107534942965749281 -0.37856750825346452416 0.92839217195307455199
2.37691620300765649176 1.65402687074051168992 3.13008424240733695854
2.14058524524380988652 3.07635685368639144599 -2.37113342816656347267
-0.64857372454888917446 1.81519566514004093705 3.17719776312089940973
0.81336221007453346488 0.27663238271412993186 -3.95847424970809402822
0.15854130475644190312 -0.31881613114321361024 -2.88523366085288834881
-1.12262700451463581786 -1.91754806269515176709 -1.66114443356032825960
1.43070551197550610567 2.11568392537476146487 2.56100783673953991126
-1.98617504035560354936 3.04830568950415159435 1.75695747174287220105
2.72530258216900644896 -4.25947519299817578542 -1.01153134786717036064
2.77779364615027368757 2.31421079901066395479 -3.29622753074593655143
-3.17008245080597150789 3.46102830147438478292 -1.17685845659780685679
-2.57763736327246517632 -3.19393362000168146153 2.97950211527474007056
-4.11663455021691415681 -3.73432307638240423842 -2.77600712483901812533
-0.33104144172688432235 -3.81954543125905265910 1.81165971535033332174
-2.63330753996908839554 4.18879138682670681959 2.37208481899808365512
-3.31228728302399222372 -0.16830633411636330976 -3.27501050607075994137
-4.22210292290714672703 -2.27912153121536409373 -2.27637457606128279508
-3.47125372846187252307 -2.81266668875662562144 1.54019849172938627646
-2.53824271090890274394 4.43890657074255923220 0.70724779246508173713
-1.64673867219877934076 -3.09054991379089250003 -3.85147785360004890620
-1.52445039012437177917 -4.48964119012768403394 3.52097043978454937729
-2.51993345678970737112 -0.09965553692301565292 2.24792873891830691235
-3.80957355048746304504 -3.35287486279827184887 2.63344492654639061868
2.13631334941798378679 3.28065061371424260273 2.91272293540200699624
-3.10897201692197588940 -0.44094250518728017596 3.19734783440687753142
3.94322055449902375557 3.54837759958880294420 -3.28860421947319370162
3.70321927579224752236 1.50477608344658886352 -2.48096674206309186772
1.43120299765882208476 3.98215758775084882615 2.38689115787847416783
1.82362471872030518227 -4.53538516468199848219 1.31426636326971113533
1.57736840264857658411 -4.39324676029715455172 -0.25390556450058632265
2.85754581967224297046 3.23182119293375702540 2.07798921452810869681
3.30180187627530319361 -0.87332867446833306602 -2.59360967128040975638
0.03958491651564255420 -1.91302276493160050563 4.53746726201903438636
-0.68029889555077138752 3.11812201026930235770 4.24759389339743886893
3.69599608353598174659 3.60028906234652001928 -0.74827153627570819339
3.19690055114694882121 -1.99562906242715154548 1.02517876238495997399
1.97689490313390070497 -2.84846218711994358941 1.97600320299304854643
-1.84853158850757681719 -1.34644242800670976834 -2.55394772278284065692
0.11774837420383388320 -0.84698618128193858823 4.07315096088207884151
-2.11660503633709140558 0.90191603769652495259 1.72024581006247778703
1.35260300483092077428 -1.16844595298303710607 3.63822700622262207304
4.50083324527828754213 -1.37438430058284488666 -2.74779437045885677193
-3.91915105476401670614 -1.49341614019833013316 3.45824286128543523233
1.86114957206791586941 -2.31315734163694974868 3.29721279858451055134
4.42651339940427757114 0.69664850725571625389 -2.32762530514144261318
2.96940510425740455958 3.79546527837945912864 3.67618033771949814792
-3.40281683301790316420 -0.51072458106897400398 4.42183843037643153906
1.36397041866531498755 -3.46102443921245939151 0.98919439394297903334
-0.12786391564213595018 -0.06482661596308325613 2.05932768250927900056
0.33420518691206702044 0.79944361456124912735 3.75552784102684977796
-1.70980573811070613033 -2.31714444422251641953 3.00478919071152539289
-0.72919501450040691282 3.33983329913459936478 2.07589746970484601007
1.27409451112341276513 0.12158769444062755838 0.86949905671647798044


