360
-1.17095168327860488233 -1.72095592439831968079 -2.66855319243462263401
-1.94991122648572900999 -2.61215817499841307381 3.37370832511493023986
-2.02114613229725748056 -0.13254858127748914143 -2.15880433029041673976
1.81562980414348462688 1.78179501520763761135 2.38726091686539021453
-3.61139224365891875479 1.17779705839518733512 2.75738588493521863398
-1.78113008483637003110 -1.47790146281322609667 -0.33970898054580445091
-2.02160816042896662736 -4.18997335543675841762 2.48121713423625234185
-1.70026267378384510209 -0.72970786479284877046 -1.10308470586332507679
-2.41613986082141751766 -1.19076691655930622105 -1.85027455496485160324
-1.86772134111113530253 -0.61466010528667691659 3.24682495299848472570
1.21145923171835523391 2.25098990174581015111 -1.42829315019738967152
1.93519296505988602775 -3.54255328758777476850 -4.12120837169742593176
-1.62118918474571849231 -1.18801568935852097653 4.39678239080880839396
-4.35447792538304234711 2.03928063400566816910 0.05567044737913651176
2.22693860488922812380 -3.50002309619441120958 -2.65097542066997116095
-2.53449336917980083683 3.42687866375972571831 -4.01158546370300506112
-0.21392045662686065555 -2.42485973448109470851 1.57254276793963931880
-3.37875817281296919603 -1.10203092932045887409 4.29290896883284300856
-2.14344206489297173235 0.55120422983012495877 -3.68567524134015389592
0.95525148821325256421 0.39637733679354880678 2.76649319103354240923
3.46222586604013304878 -0.53278132277865442035 -0.30601211065045852422
3.37040033007945627475 -3.75038971684061639422 -0.59095114440028684299
3.06447547534485931209 -2.85369700669471493271 -3.18511530564715705793
-0.31989534879962810976 3.70966042955854202745 2.01151747768390354310
0.63213925027826611824 1.14328760499437454001 -1.08874110763535547619
-0.91533797201844180336 -0.41615779567560728935 -2.31532574174541760925
1.28070070111125922097 -2.72678362821900854840 -0.09857001674406085101
-1.40481764414602761093 1.84316827514673242661 -3.75496249838309514857
-1.61464039467165498820 3.13561410754126868028 -2.37755403194356196295
-0.94983400273068685493 -0.78029108134636926408 0.07869307459703112073
4.31734783986169201597 0.14518029613466865158 2.93927815456942109762
4.03899477621958080675 -4.32335176165018975070 -3.70170976114022121095
-0.88005885446267484440 -0.60203198602128304984 2.37665768901597829199
-0.15154536895449322031 2.55070978713523377479 1.25067271988652262138
-2.42229753516865198293 -4.35759375627901768269 -0.74488461592343080397
-1.19028249580766631865 -2.11168315319358601556 4.12965469885273517292
1.92497989281616721513 -0.90749871540851012597 -2.99305452837587626647
3.18615832120361996971 -1.57408875489830268890 0.12470388418565381272
-1.43845214469053672701 -3.37153425012916008185 1.83734549940199975993
2.32648751093623129549 -3.65702748173167835333 2.49354828375985793087
1.80703503584126412562 -3.64734375407504174404 -0.55378309155606375569
4.33204290438853956147 -3.40334630314771757753 2.78567614177375322271
-2.98186595872210125080 1.49353152667139443821 -3.59228813764499621541
4.04470310823561884916 4.05859903322334769626 -1.31397720501428683093
-2.15541735866871952965 2.56781670037879994339 -2.99795162570086093368
2.42130038481692810848 0.23147474335598428041 -1.05492045866917827368
3.40681951097680446594 -3.81326847233664922854 -1.64276939257035481390
3.08279944036075725933 4.21708460197216350451 1.65519920615056204127
-0.79103718195382732858 -4.19662927747446445892 2.20649515087327241503
-2.93626201435167555331 -2.92571233905489869187 3.45266993832692214994
-0.12879437185469022609 4.33212232788265350081 -0.17403684141632336235
2.46245132945146938397 -0.90108377253742411028 4.02161101490019756710
-1.71816615098162372988 2.51967233868868234481 4.31842682516166487261
-3.63830059889719281685 0.92526682581525854232 -1.45574027924815929680
0.43349446568663907442 -1.11203543730722387295 -2.43350773693806043951
-4.29269635709973762516 -4.46690564721492666678 -2.61317062695141411055
-2.39785613143146925097 4.53771128158461234392 -2.16445814688607640619
4.48882312179465525759 -1.77501378064473369633 -4.29692257029184521144
-0.37195763660370850801 -1.69509968410883615775 -2.13411258667226766406
3.80473139483111477688 3.76879031016594989723 -3.82343453539395605745
-2.96084585742391004359 -3.60721316408919179253 -2.14389248189365888564
-4.21643500828746464748 -1.65561032369475791270 2.27343363781666507606
2.85088794952108326441 1.16014910446426267043 1.83260216959516686330
3.52864465208070310354 -3.68749821880360428850 4.24161545667666306514
-3.39003926415347311973 0.48638579514764046507 -0.02888598123616947788
-3.74051570100713393074 2.01108504520303732477 1.22736056862387954425
3.95017404801754157262 1.24754501421462382638 -0.23978660246534477807
2.10156006101012682308 -3.27458722230848842116 -1.47901234265928316347
0.34527391593175593698 -3.44877552842196610783 0.91218679826047743830
4.16703280686765342722 3.13774104884326643372 3.85582395810202793740
1.90129656072677999390 2.82441280642841707760 2.29437666105503890179
-1.99879707611140888801 -2.78937342182661218715 -3.60725398807252339850
1.44335752574208431298 -1.32174518866033618991 -0.88900236412685318399
-4.02278900385974669263 3.72641147082430901349 -0.49818636761877943542
1.58622391700968368156 -1.61344383182573425373 3.02582018417375753216
3.31154946433649222115 -0.43778682563555015861 3.40299493580090040012
-3.85583098324576001303 3.02111884765163996036 3.95553275993787867293
1.28704979589571077980 3.21677543359424955582 1.62072900075724035673
-2.37529002248158160882 2.42161480522974326135 1.01097340456982198731
2.07663842765887007857 -1.54632943737626860070 -2.27080700769778642822
-4.47823888755354460045 -0.57525903319580162787 4.39965649580001016972
0.44573553261044018825 3.69165705883051753489 4.28909135783534178898
1.77240795486628233135 -2.66355530433890130837 -2.89946862670028959741
-3.64390737842984879791 -2.84534786524173721745 -4.01036171733503721271
-0.13588124720331506978 1.50035676872341117161 1.68105747565630458951
-1.43687906701083978334 0.29848952901925507319 1.34982095372408306133
-1.64905916085240766833 -4.52115510102709627915 3.54211414497692356207
1.75047244086146935871 4.40135743438016913132 -3.84515171580961512277
2.52240851073859317921 -4.25379487436379655207 -1.67161117140480186549
-4.32498358567511331785 2.39667255068691975595 -4.29540186498973408646
1.52520799016235297785 -1.39127704640661509217 1.36904812553838972633
-3.74666265681969123946 0.40205305515151490425 4.10081544773595663145
4.39571269617553195275 0.27962599697717571701 -3.01777667548672523523
-2.30631745760140116630 3.65491780476523953070 3.97159899374970049024
-1.41761801517748819990 3.42140650864933171249 1.61591296056594835306
-0.53473750997007574171 4.04188414676195062469 0.80789797333177570948
-3.45950012759208114232 -2.70600776540167498041 -2.28254090699568612521
-1.49526672464388088457 4.41573285179305141668 0.50719940316383560486
-4.46923421172000789880 2.88062309086097290134 -0.80444294421239970205
-3.44735352348492796182 -3.47514844266960176711 1.30329403957802458791
2.12693878008563519444 2.07250143535617237234 -0.87997464312293560695
0.00755114409863555380 2.62202409208706388455 -3.62523386235990408011
1.80741900660345589102 -2.55925707860171058883 0.87724254938999557396
1.37096705541966112918 -1.70471576133928959251 -3.39218104055390856644
-2.73719516532275219944 2.39786157540573885427 2.19484943656285125257
-3.20158131347546914824 2.37474404377323278226 -4.48845386064609108701
-2.72079954880864738342 1.79412870055608308917 3.78847798383256151311
-3.71151822206701487161 -0.76238977508053462628 -3.48342333035873696900
3.87645988846618916313 2.06176235453314316004 -1.45296742259048272672
2.54610554290407087308 3.66412590933598547593 -1.41318559620569539348
0.57930829529522309684 -0.66608493144897540361 1.40362805193084394517
-3.72668869389575307949 -2.42989653537123651006 2.70732416661416497305
1.93392864252714602458 -4.38307745959046268780 0.61764625400249695275
-0.87238370082729765898 2.99883708022978723307 -1.11499569430234224399
-1.02691812715075769802 4.42252534744124670141 -1.89698729903098373129
-0.79101088645685591061 -3.69879957492701594290 1.02856956114883502096
3.43474427028620699076 -1.93396466497359575953 -2.74785501454621750028
-1.01085177812722015744 1.75915166800837585726 -1.48243490581420367391
-0.89631082624964442118 1.58853642740882161632 4.36080077004850519273
-4.09805765672417354750 -1.85012483920923820335 1.01300106104453480071
-3.30656460379180838771 -2.37617710196863374250 1.65691658270453778812
-1.22482571952508134672 2.36018306051279402880 1.39900013853216087512
1.61082987123915888361 0.60921643479368370322 -0.66281463952567509779
-4.41166993766630710638 -0.55483242438619750914 -0.93362351604382176617
-1.03456205215564622790 1.33341620690721107678 1.06394474534355243378
0.63991400589003166743 2.50858847476416979561 -2.31074428087438299428
-0.55949068251029032695 3.33957696243212254217 -2.16605243503859101750
-2.18631972528721219007 1.19366355058380957388 -1.64578964732118482317
4.25879959285825204773 3.21070670243653477627 2.75188446428715227654
3.60321980091587246164 -2.91182186176013502177 1.42554329716375161041
2.43286950073557139973 -1.16577582742268992533 -1.38247579039038459570
1.31564505321834701590 0.04797919710603615329 0.83732179704655607111
2.46035002868343788407 -3.24947291042845742837 0.24030449915706508790
-3.65506866577747935310 -2.23538694495179157684 4.17576233993452472504
1.41235833787438469500 0.24887337935158360125 -3.83783997810116916938
3.73740897650011394404 4.20285066165805165639 2.40942393090510353915
-4.30776040317564312687 0.55782114411632566231 -0.62198546714195224183
-1.72498182970339097864 3.09214573218667876375 0.73186414183561154800
4.39946790752956662374 4.22295186158009538957 0.76220468754949255441
4.12773736609591335167 -1.36258273392036421967 -0.04370513830897593266
-4.05931916272372372845 -3.69340530921630438854 -1.98885592749663731027
1.52154011478974648952 3.05789061428797559472 -3.28508939916837983120
2.69663604027723735612 3.71464427098533089833 -0.37785180450521771434
-2.54872662265082050581 -2.53965123024395644791 -1.20575776834471337651
1.63373109790214332548 1.03893474820642950363 1.42783101251628519179
2.26184644301074566641 -3.63411777000887026290 3.79250149130536851061
-0.05117741588007795883 1.79620612177260330355 3.99430453034853361061
-1.06692059284977913691 -3.89888041284762065786 -0.81020688382828609519
1.21343522468725151242 -3.77309894784750721186 -2.90474815537494368556
1.99921179689142469726 0.80914876606832297767 0.34270084565724712178
-1.27576117692896451317 -1.65315126561053826748 0.57562740050618366183
-1.21656416126226085694 -2.56461053121526827425 1.15922695264140607208
-3.28028489100854292460 1.09172916970586530994 0.83194088277974476142
-3.30161195958011255414 4.38532980629266777584 -1.86970161644280929991
1.67920930662652256871 -4.06178564444022427438 1.69264149263711782822
0.75475666928188633875 0.27490654567304417810 4.04913925807275187907
-1.18635690224558754124 3.64910483051208966998 -0.11661069662708634098
0.20209125077807943427 0.12913772774941101318 -0.34048538143489892605
-2.44425021152964783155 1.56180277252183330461 1.47655445713734057023
1.88154555218957764140 -1.95954010023774305438 4.00750247880256349475
2.97759531463601501144 0.16504547302303063105 2.46254745077075209991
-0.23538435215319530869 -2.93707840404362841014 -2.02671052075187940744
4.14060518698977997332 3.23856127314842812126 0.38426532271644298078
-2.98380171791166048934 -3.05173006922163780885 0.43191272823838300354
-2.92356914195252226563 0.31309151282381186832 -2.77201479774059800221
1.88970821400505162302 2.14996693549023465408 1.24574624787384102831
2.32001820782426726453 3.36137394428347047182 1.43419529592328309775
2.38958084456752306579 4.13418956317426999902 2.51060126956530726972
-0.25055160470753712332 1.90120274833761992994 0.47393874807399782867
-0.38134952520969012113 -2.38254130773994710069 0.39957182303301674864
-0.32487112763420444850 1.78854530838277181459 -2.58328469708861385712
2.91534411795820247448 -2.51131768469971472513 3.45196604302282050725
1.85927463775372814325 2.81569391483066144843 -1.98868888908420382577
1.90165744484398846481 -2.50248783988686929192 2.46954483757900167262
-2.82070568855782566331 -1.02592902001789765265 -2.94547222506374994921
-0.11794374133986273989 -2.93220450780839003713 3.86993363726414418835
-0.43193065116807627390 -1.70606924896944978087 3.64607082248625413712
4.28306937331760106957 1.15346460530597294536 -4.09122087742708728797
3.64084372334672412563 1.72759523693963501501 2.43321705286950429326
-3.44003101123141119544 3.75157263072557167760 -2.67854386429934798741
0.30004260127460380403 1.41941700725417074835 2.88070027011616502932
1.89088280483645387875 -0.56658434532679047280 2.91498043414863605705
3.36359629529698356265 -2.12118876235372599837 -3.79534441165820890518
4.08500502876185489498 4.16614686414019796956 4.26735763818084112842
4.06121894177554398908 1.65285370958071897718 1.44266104983227805292
-2.55457152963245048838 -3.21500374800178523316 2.43757960477640889252
4.10285998259459727677 3.01110032132496296953 -2.22186924608823188620
-2.42661386502424791800 0.34767440994746134919 -0.03156793451426587183
-2.25905811946750789687 -2.87348856210254099963 4.29543510121126370649
0.87134490422239885277 -0.84399097959256330626 3.50999829267861596094
-3.87563363387599091325 1.30124965288865812596 -4.33051025411575807311
-0.64561849789255276733 -0.66640003247262624697 1.26037644583319430325
-0.96961495508421124967 -0.01462026226538437612 -3.25859245333151115176
1.75355096771197427330 2.28467849108255460777 0.06434337622314600935
-3.90048416976126643974 4.43872787439358429395 -3.84773757171797203824
-1.86002611074510060263 2.42917799433199199655 -1.41464800047113437031
0.91520463871193857841 3.63038576695403758521 -3.87493118415092663298
-3.31180948895740456805 4.00615142376941246738 2.52970874616687435577
-0.07637073803127059080 -1.74971111394094425151 -4.36552192596982902018
2.30498131199434297400 -0.12305274395466714310 -2.26834835981444316033
-3.91319539099671631632 3.05055359531461167677 0.67936043617934238625
0.69738273399535799513 1.51606178200815921997 -4.17269622901571946016
3.12074523050134633451 -2.60353980755957303828 -0.40910424414130197590
-3.46976484075265201312 3.98137134111752910570 0.93369803040553733808
2.17857983146601963398 -2.28044061570165634834 -4.02845149630839571842
-0.30581036146488216332 4.22935010126068444691 -3.90278261834888784421
2.72939601623937821984 2.39894896309419536351 1.83326353795273977454
2.50266915889936658601 -2.22059429105591155107 -1.14265788630867737297
-0.67296526657104926983 1.23370907284795716663 -0.43311607889912018265
3.01042326295437145944 4.34369601019367035377 3.40269971208921173655
3.16674676684233258328 3.70178725230348337760 0.65719472701921510804
-2.61819501976567714507 0.37755799971491832423 1.14936818720234068536
-3.63078457296451917458 -1.11221734141516304106 3.24844251873663392161
-0.20875088855960477474 4.05830869951521844285 -1.23271380663196694627
-0.30780160033230785643 -1.43090638490942678729 -1.13871195440539674237
-4.19121831472316674905 4.18217165137923441165 3.55574024591524118222
3.85291037199262387247 -2.47285259760017694930 0.44741047345442375160
3.33290435662258577310 -3.32820689085262300111 2.97083733589737786218
0.26766181023243174053 2.75413820516800544880 -1.24781024115518501816
-0.04414263959249087321 0.19703373063936258092 0.80928806052374024915
-0.99393796942974255160 -3.32752129598490586915 3.17720811110160905599
-2.59063018810437206696 -1.79377501746081735590 0.31056073748817070168
-1.93817513551086317847 -2.88800533612361931546 0.41416074495416665968
-1.22971901007444550658 -2.41228799398555437961 -1.71432365337441217079
-3.98077588963240858178 -4.33206507831550879928 1.68094155404276257570
1.43544259655919859142 3.62001309435842966167 0.19253402378999417977
-3.47685780503484131998 -2.10495833500278184403 -0.36940051426490772002
0.50912505902767168919 -1.56720323614454537520 2.22418539185779806644
-3.68256579713129950093 2.38848348575872559962 -3.20655644932397665414
-1.21012200457572305368 3.66959772334333589328 -4.31109485716460749671
-3.96454368835158632578 -3.98584746503579712140 2.87053836331566447626
-0.04246792199426785430 3.30755308184016705297 -0.41051215528331397309
-1.34540533242060789121 -2.08283189759389886220 2.76137176362033809340
-2.30756815712804908003 -2.14595686735224555619 1.73559257185833981652
3.68092446328525735311 -0.98444615786081923758 4.42062539569940238238
-0.26555411649740179314 -4.28262352259645417973 3.11792543651773446101
-0.13833464161438602247 -2.47501360760335753497 2.72708917352515189947
0.25318283734430568899 -2.99458699837488762086 -3.30545054486017164663
0.65463253102382257254 -2.52580845444639612296 -4.26234813658941646963
0.38615105794934034833 -0.92561046258214219051 -0.50435875202442215226
-0.01665734483606939875 -1.17669024495856300305 0.48815196680816885788
1.78904007979672030615 -0.33739989743894938101 -0.32468973452083282893
-1.53173829898395030824 0.69688069280256925708 -2.60010464436769517249
0.16074097899919159715 -3.38822993726165799799 2.02282113805440655341
1.01489852550454173752 1.36395690635788024991 0.31092361663327849897
-0.71064588707661346945 -3.93046110158572625792 -3.03649392435728682216
0.19022581485419909342 4.27353797186537587294 -2.94051696165502018943
-1.92462087225525557699 -2.72147261222405267844 -2.36198773930531302767
2.58274808453088500215 -2.99143299252712546732 1.75020869925310584847
2.57211890544010213233 2.76962457045903320818 0.70961130491223478600
3.67972566758697805511 -0.38143768212997031242 -2.30633724208233337194
1.77960744877628140870 4.27807182915306594140 -0.85596513272749152890
-3.66337301899481060374 2.23277480845016018662 3.27718376054287841015
1.05640991431681907642 1.24814463005150955155 3.59280045365536349067
1.13769408629322921200 -2.70355293414277619846 3.45334635458616734383
-2.82138276088250572471 -2.21243517038279868814 -3.07189354118193902465
-2.11827971764432065882 -1.30968877679749695631 1.17947858937487204400
4.35861139937691799418 -3.12725587661810155993 -4.18952532949510736415
3.17359287500595588227 -3.54521692652124142953 -3.90200635934574302510
2.96957213026792210542 2.72880063874631861864 -3.25474881023882200992
-2.38492514024364998804 -3.74427544201245199318 -3.08723457365336972913
0.74374954815787308604 -4.41693840195260012393 -3.74892985082806573516
3.95140222632566118222 -3.19588514606730900169 -2.36419381357516700248
1.50928838877852466993 1.10713546645454119499 -3.11458970053005090861
-2.72777416853794196783 -1.25511467863283332491 -0.92106037764627091136
2.14714771243140400969 -1.94462743045644081974 -0.19109804575973843299
3.50968339471132839691 -2.37174299947275324385 4.27637166892470776958
-2.59713098247435114629 -1.27757556340788003268 2.30826906369255713258
-3.90948666195988403516 2.13745753067559274285 -1.39716036802954857166
0.90822544837381880001 -2.15684424538457575338 -2.59703504992695588527
2.65693119072241668022 2.50098540303154859288 -4.39793405355694488890
3.69061738827538032837 4.18248222805657032808 -0.18636222432049986963
-3.72709829621976318492 -3.25953030172577218337 -0.51532748618781987204
2.39992512314320283195 -0.73921060831457818807 -3.92466723398088435104
2.81195421636271358778 0.45086899951911529882 -3.29949765503004366352
-4.08952653472180660543 2.86721360721218676559 1.93961774592303815012
0.91109299037356095141 2.77189397932417058712 -0.13229552621465590079
0.83178658345175904287 -2.45653125272314420968 1.33728946914899005094
1.77754090614158766215 -2.89275638015395930580 4.25819854422571086872
-4.19298324437773040074 -3.98916637284863462298 0.43277220016448669782
1.24586867939538947780 -1.30111030216315937125 -4.50893538154534923024
-4.36379122304356936723 -3.13516185674186242949 1.68734475104440484472
3.28142566850414407753 0.91310575674394023338 3.15104988322251866606
3.90168910180496641971 0.37768537120661793693 4.34977295273318187441
-2.32872348643807569601 -1.83370610023141011879 4.18260463452511555005
0.90012879512359500467 2.32552292840846064337 1.08508107825481570075
2.95894491574898044206 -4.23630688826080614717 0.71599836772790315109
2.30138626499033627226 1.30891334926361668778 -1.74472598598253059166
4.45929836210119301398 0.59288587594158048688 -1.89969487377999612931
-3.33134880636897801054 -1.79017228446603038350 -3.93328134575432386555
-4.29574556478833713413 -2.94767039516785578357 0.69712430995466867500
4.30023600418453977312 -2.75688024085557836784 -0.41043980311012795426
2.06391927143064624062 0.11996911269575072367 2.06904031752317862924
2.83391740509466938391 2.61762964949545118287 -0.32233539756362095119
-3.11943018685227624331 -0.60077416340373046566 0.56167317424110940749
0.83288264208748419293 -4.10482402797184509069 -0.42104307519450223651
1.30521931110659128450 -2.58393373401138637391 -1.50172647411203108447
1.35429069007218227938 -3.51339683913390210535 0.44419802063745361664
-0.97962681006409813023 4.51149567187271838264 4.30927032294507039722
3.58381586516505823425 -1.16118881580330768344 -1.25265838521503347636
1.06280407801622267527 4.23364451589183854452 2.38646674896260613252
3.88551655051564548415 -3.96863295442486396780 1.55094039973145747524
0.56298935566667829278 -2.11475891327525999941 -0.73296510421843752425
4.44880236517234894933 1.51172766873433150892 -2.88991964318259020317
1.56065906314329172488 4.24285709144789446867 -2.87765245138312808493
3.59886172783374735928 3.06582939658337405575 -1.19239645988100306795
2.84576021153809932684 2.38422214662831333243 -2.05966991216647077323
2.96251793783719641340 -0.89681699713092566384 -3.07140197238911927258
0.83155196737248182615 4.38757625264335882065 0.81480860645568409240
-2.75433176418665626173 -3.71274150526368584835 -4.28454623221515440434
-1.35153931632198753832 4.12471080363848319195 -3.06867679631525058781
-1.36447488556579665797 1.93586328048807310154 3.43212186070993485743
-0.85877408117469133941 -2.48572223176479578655 -0.46057560524723939466
0.91741495576640463838 -0.68415758631745671181 2.47975409641870125910
-3.34812226090662345968 -1.78740484364800389372 -1.51214235022209297910
-3.56915897969749984497 3.23723926337149503496 -3.98658889345957678785
-1.09481271157226167645 0.38134732547440641781 0.41154529985260701608
3.97813214223127342706 -2.49389457917742030091 3.31810151362761818206
-1.01384294706319844082 0.90131132405294867027 -3.61667603845890672787
2.74943716858079501009 1.55699565451943655603 -3.44848940642481815999
3.01321291519113731994 3.49892335415091348949 4.15644259766454116090
1.13362088930189219838 3.41246117339470078633 -1.20032921459439156919
-0.49268010036854903433 2.85560579122107416339 2.87508389095083760623
-4.39511394548657730041 1.81982030472645828212 2.27513155242078379814
2.46717712444817305339 0.85108400937427219901 4.52465300612311960293
-3.35842681942831822184 0.32269417041564363302 -3.70596105872691339300
3.76413326317178853486 2.15370378674771689731 0.56000146539661077583
-4.39526067006667364723 -1.80052063731613332109 3.50960000453590215130
2.56471748138209409973 -4.22564794722660153070 -0.23667124940094019792
3.62141573082361123426 1.94193087790232432610 -4.36132615535830581166
0.47339225158136155613 0.52103619433089232160 1.60767721117869033520
-3.07725641088245094323 -4.44623094001487206839 0.12898280541671791610
-2.03468775527081247034 -4.48348231799927443575 4.50406419618132236593
2.48791813035366526918 2.72624347608505512852 3.39984232499015970319
1.85139281317837678387 3.60413217614825054369 3.75622525155077457981
2.30635420568075399927 3.59780385080485753946 -3.00169907526703916290
1.29703505510033689774 -4.19917503611047937540 -1.74332530701024879249
3.12902287317794147725 -1.10546642828305063944 2.49623793170240126926
-2.28747889140631732730 1.27908139267495890579 0.42724279916874419172
-0.60006349619523557948 0.66103293731452161808 3.25943478390518048826
0.43947946031226337027 -1.03619841477222518478 -3.60181736729857826518
-0.82445520355359214193 -1.57105262617573426809 1.75578076105140823415
-1.65603452265742845384 -0.86107713834623700322 -3.06653334091665286110
1.82478264801411071971 3.45069944068419420802 -4.28100084372460809590
1.65785732658002604722 -0.23338533705576569588 4.06149344492696595665
4.35912102762689368518 1.98126048748131555755 3.59958726431590125827
-1.76448952500769218332 -1.73299154215606998619 -3.85350155461926568989
2.87147805044558968035 1.41857684399704719880 -0.29876639740437838100
-0.00112471805270430991 -1.89210547065458278837 -3.14889444138275420570
3.44961864889191271999 1.19665875003482380379 -2.24345248566688626468
3.91110335953756038663 -3.75070445153935105864 0.47397236630411754277
2.75713958584147356135 -2.43014222205185959069 -2.12858531169042874964
4.20109397595578659690 2.45300908032299780359 -3.47175019032598530799
2.49157956827306303893 -4.48831705952518600355 4.45252211817619336642
-1.17254351881952345593 2.85909967907585471636 -3.33622450397573366843
-3.83471037759724886484 1.66900928744914889279 -2.21447622419140577321
0.99368727526003208794 3.53984370945605864023 -2.24143278432449566395
-1.61868733347666360345 3.99350423427814060773 -1.25609081638342612308
3.88593203803444442457 3.32555326964681441382 1.50557116330584950248
2.66583325836750617555 1.69213004920200216219 0.73147631530963153068


