234
-1.75503149995183260756 4.44429964595839788188 1.03784208788855192296
3.88419909214083514115 3.95308595516704119888 -3.29225927963729425585
-0.06274098019083762523 -1.64791108677357911461 -4.12636110762594832124
4.12297435743305396016 0.56471334513420945456 3.35233198230542317475
3.08603717736225746648 -0.70597345202344685688 0.07179901849118142110
0.93144292424300534350 1.16929881538043733968 -3.26057440959276734205
-0.95277003685253358611 1.52638223603929201744 -0.53869250486720465787
0.68698998842938241438 -3.43106507700664620231 1.59310074921052180486
2.46019881362374448486 -4.47478795185054689654 3.57427107913554120699
4.36832143536632155900 2.16821949053084050973 2.60134767795461296913
2.96404742833716650097 -3.38503541701545485054 -1.87348612121370461381
-2.84290268758658948300 -3.97495459136524553756 2.71632153952129851149
3.30536206479517513657 2.27148761076272442949 -3.35609814269445694279
-2.19526757790168058904 -4.34675853318171423467 -3.03549254544989599580
0.79470578386946932881 -1.09604912877320614939 -3.45194570564348479635
-3.80092737103198663462 -1.92556472928786792664 -0.34976737042412953116
-3.33520217697425414016 -4.33704156666569939915 0.83722082347992810014
2.44444939182133058608 -0.50123281694891375082 -2.10269321738122894061
-1.21879601451651398136 -0.02217849237170010923 1.90186478061266139861
1.78975004923645020227 2.89306237701819135566 -4.26464711413377361993
1.66145196417894869256 -3.13483531046727437186 1.37479290153759947657
3.53056825871802981709 -2.38262754227791262451 -1.97547754446288470476
-1.62061842150337698243 -0.02482003713235947373 -2.26765997739670321920
-2.11211203282350012955 -2.94457396097454093820 4.49434883090508119352
0.46449417735545939223 2.05462820384079414282 -1.83668847668839951837
-2.42430388337745528204 -1.07705693378804667759 -1.84767501037421988386
1.94747023453182244168 3.74141442382271360856 -1.24334291525476814400
0.28950972212734438216 4.09602163714379674531 3.27660525939994329292
-0.50226187471948069430 -1.07607703093128392879 -1.13099824628592360298
-0.02379592559878318525 -1.44256752244033181753 -3.07191476407116459413
-4.19994989822894915221 3.53893792696297904143 4.01873985181038673176
-0.93784841432202625811 1.71832727329351886425 2.07124830870585352471
-1.73089080875902601164 3.40155669314427999694 -3.55930864354579945541
2.28624963696261307433 1.91243167776565847760 -4.24970279039438647573
-1.25239277078148969480 4.50221633575388846538 -2.07496538499252070054
3.81563979722869017763 -0.50816332344048031899 2.72835345689602348784
-2.30220806033261515822 -2.87789253479403894787 -1.86566149368442557588
-3.28041677208456583514 -1.42658509807754096954 -3.28094042143506436915
-0.94552381459317391688 -3.60365908718220273599 3.54276088081908380190
3.10696655174187341686 0.47294442254829593963 -2.96679746737473815088
-2.24334959722076687783 3.21627125603677921362 -1.79194164379458209524
-1.96728207546514965998 1.77685838968254827819 2.68955010929644178219
1.44716094061000610793 -3.86622192055114810572 -2.43614196411317207591
4.06617397635020605406 0.91486159137639333494 2.38951506610573094491
-0.31433660619662173730 1.26683529926305293856 -1.91063759089063633922
0.42428723509368815314 -0.69358122389503762406 4.31586647443495774468
-0.11695497966874146556 -4.39797103895787078187 1.35818466767463519318
1.26466067587005870365 4.49219202705191644753 -1.02781092581004740438
-3.33710210872450785402 -1.64927776656524471832 -2.10549495084008198020
3.57219989719290165198 -0.81002287570688880081 -1.69520670753897162442
-4.23569075940974393291 3.98089170396736147239 -2.53764447764795386675
4.21064957441795240101 1.30380134983176265706 4.20037856987813729148
3.24252133159033473220 -1.31978488280243855257 -2.40157646244883116182
-3.31175077549634000462 -1.83194318417146861933 2.28244200754538439924
-0.05333913257386324602 0.17748832741278608438 -2.24355097829899374773
-0.99617592902143226041 4.31833873848784843830 3.28574268196185403923
2.60554940227971076894 4.36736960262400852884 -4.44929267608997136563
-3.64150257994347237300 3.06551240852814466109 -4.24376610191711556297
-1.17090153300037158601 3.07171204501629002692 -2.36399143778817366623
-3.08094702816191823302 0.96295429505540841575 -3.18712239333009117459
-3.07580172752432279282 1.70478953472996952456 -1.66085867098796047259
-0.43325614066576623173 3.01499430298768356096 3.86707185152371923920
2.92355365758725849190 -3.32045265096792219239 1.73091714232247007033
0.57417962708684822104 -2.31511194581113732838 -3.57280662449215746790
2.06997670627040530889 2.01970012931542175494 2.87735540957628277425
3.86000783474934738848 3.26455780707281029152 -1.61356730478964038866
4.02508759775976354689 2.48346847827646044493 -2.50698562554393644675
-2.45944015565468410145 -3.83197902919916622011 0.40660359261851475310
4.30422481260764389077 2.42554669383487375711 4.39808446803159736049
-2.43223237258423141682 4.00814572646583311410 3.53299563805261751526
0.74930656638826764748 1.87401635378400488463 -3.97785415981586254475
3.69202451230900319246 -3.53966763264688344393 2.60315701697741719300
-3.26142880786193023468 4.07344588851072497704 2.61899059596625427560
-1.75947030422804173710 3.07477704573590138182 3.47563207355273373622
-3.21532496228224173862 -1.84339987098550039946 4.41694232268898812066
4.26717834972097431745 0.36016429004282812798 -3.70512349306617494449
2.31324701350597106142 2.81466110923529999610 0.20480048542450646210
-1.91066899322764616187 2.26977339340583217364 -3.33636259566677395583
2.70362229886797145184 -2.41834836062998803641 -2.51212310896413004713
0.76230852698781070842 -4.21754018018103682408 0.10783714449859349571
-3.80764876095324611427 2.97685554504019478372 -2.69378885328016615119
2.34820902379523754888 1.09836192128519272160 -3.53487878293866497614
0.04673369750681555246 -3.40815200755183500547 2.51174696219578752476
3.50094020169095809791 4.01845627028471330533 -0.80372510033075084124
1.00051410815522512365 -4.53619517997910026708 -3.16107261123348948217
0.50078232071016426374 3.73386189661340761603 1.77172987928559866333
2.05933606629696352996 -0.14139404594341087318 4.00589820674331331674
-2.39166673211836577906 3.23303304114365719357 4.34404272443670702586
-1.85853757308321076991 0.83582395677031051662 -4.04955132989016597378
2.07840741737823986313 -3.73357812210695128030 -1.39821955223747895758
-3.30505689799243018712 4.11225511563393464343 -1.84258708442576635278
-3.76498662812142015355 -4.08180005894950781453 3.62557996266019433307
1.87424564303467189319 -2.59687861854238200010 4.15035365871907924173
1.83721589853560729466 -0.65849245431354086477 -3.57689676820033630733
1.53310960201735735353 -0.91954123489002670411 0.30035453398975153760
-0.66906929111699220414 1.20366857031771345987 3.95892862929776168102
-2.49913680025009909969 -0.34656284345336985098 -3.37801763029954260631
4.40676739680117091069 -2.41483986645378800873 3.44161667276667149196
1.26929545404606791692 2.02414406517931855234 4.15568809823982387996
-0.15906803824708681816 3.91736048278524595645 4.25212230883658559577
-3.89228531464695315378 -4.30711314148070378849 -0.06346046051098142016
2.32598484497677571170 0.27560295619262742406 -4.14966151239033820275
1.81190439640041578429 0.37382546776628267082 -0.56260605326051127406
-0.16627334563876772222 1.82207810530354930023 -4.53756859673388213139
-2.46908597032141896577 2.53970264722258942669 0.81759352986425959386
-0.41446208440839793496 -3.78322542589509014377 -2.25104270786320981301
0.59128081351840311441 3.14315378653269839049 -4.30576318572305538623
-3.83109683121623589841 1.68535504747705200401 -4.39649947696867204883
-0.99382895006549265560 1.36104948325618035909 -3.99633163940169744421
1.55906562282489158378 -3.36939620393172756252 -0.41157319951756132781
-0.12622777570519261303 1.66239229864987070329 1.53132140435865249373
-2.92281139811411216911 2.94591562594055300650 3.43076810791334185780
-0.21308109183294199340 -0.43222857170167383600 -3.88941613328525370719
2.84426794149881079221 2.82292459879916446397 -4.21466617887248418128
0.62516535657169480800 -2.93061862200481781926 4.02389577720658220272
1.28975830298813232133 -2.76738302588417184324 -1.38806813191638056537
0.36996937087924841592 -2.10440202419194655192 -1.72318462946686556947
1.79506302727558608723 3.33504581011554268599 3.47334525996485776744
-2.51301449381774366643 1.88932938539178962856 3.66516065300535398563
-1.24127891733125483853 -2.59047221865607601998 4.11454097157338605228
-2.28113978328642330595 -3.28002497787376734451 3.56123663748091079384
-3.23179365208414637323 3.37961239424830228728 1.50467751091524792884
1.39813631855792319669 -4.51076692345759155955 1.38714297124086183288
1.28184028883610867666 -4.26288168315997761937 3.40299255818567925047
-3.80541110829102802171 0.07276149865757464141 3.81966203535667059299
2.27817636725885552806 3.72311567804108545232 2.03859066344440265084
3.81147462965290362291 -0.30336829464051628946 -2.54720360270249379653
2.69053061210579169682 0.20666484587939049078 3.01200291297454469941
-2.13487793697098471313 -0.96156523122153281236 2.92015653364359817346
-0.84720710954532441050 2.13182952813623760591 3.23806277173465062447
-3.73071844996512824721 -0.01446330328539513488 -3.27483197252230118224
-4.27787167535555479247 -2.41163188987464316426 -4.37875923533929878317
-2.87976424242411166432 2.55120131550305995205 -3.33478838448457093335
3.21791067870445424148 1.25863870097908492340 2.88637449950937341470
4.26667251929340363148 1.78076390913044857456 -3.81370087650741762531
-2.06862021500269754881 -1.39090793476485163893 4.47993651205172316310
1.28378574364141950781 -2.30143015111161242103 1.64591728953702531868
2.02151450699370283104 3.95228685367363663516 -2.41393229412481469254
-2.39964711738727087820 -3.06449713605366635960 -2.98538814588613421463
3.36393996865727995527 4.34765552589011416984 2.68026943269164785733
4.02045394609909489958 -3.88189434800577348739 -2.82694047902268064121
0.74637836133911950043 3.15772951434679782778 -0.06232058924833072666
4.09833565895378004740 3.13940396916048580778 -3.95496018732704746057
-1.52136334285478103112 -4.33495662982041096711 -4.47794919160744964159
-0.92018524333816476002 -1.27541609494723484630 -4.21188049254984697711
0.10255120386376148645 -0.84488379449464368065 -2.13485621634131561564
0.63646785624928181591 3.25260043332890447232 0.90528175093941065654
1.64100924487359467463 -3.80812985635111500571 4.31734790056668682467
-1.40145726487843802488 4.35253059550418175405 -0.21782066425441204416
-3.82535050576329016536 2.25698027786241173231 -3.55221744762207025659
-0.90423729505874961276 -3.34430534137935842054 -4.04950509172489603316
3.63936101790111532495 2.14463445331534785510 3.40885575746944802233
-2.52141667204147923442 -2.18532981611935772648 3.15405961189500683162
0.72257106317335306755 3.09673759727769670747 3.74805079400188301264
3.39985704618573958413 -3.79190327050141728904 4.14177050239608046667
-3.16953907930214517918 3.79986900300372365535 -3.52031455240391943917
3.65948704345813968786 4.30266187660841570306 -1.84936595277109105950
1.35306961398175396027 0.69352713991667869209 -1.57165190733630577569
1.04366674516747703905 0.08567581545973368407 -4.02673027167185804132
1.17588387455194531839 3.03595521673436241628 -1.45303639951146301712
1.56463736794326901958 -0.39483990084138298471 -1.42375832040759719987
2.87861083075734036640 1.07883699388397769070 3.77956242835282996140
-3.20903077848107942671 -2.77407219720155762133 -3.87387347275165128124
-1.46072990774416444637 -1.42272221671023979539 -2.54691812665029670981
1.49950796551894516284 4.07985011490111393329 2.65254423377746828550
3.25984957100159356003 -0.33800931752028962052 -3.56839468872270426658
-0.46362521028997605299 4.17886793256448019207 -2.61623596567984550987
-4.36270387127338032940 3.57459459915294441856 -0.55608177079647180818
3.42664049111093138578 3.80684427723353291384 1.30572438724738315585
2.33294017945241094480 1.03170614577294994518 -1.81993046076690667689
-4.28268993377421303137 -2.31736481475460820434 1.99509117807091840291
0.88938031117176397089 0.82346963292439490090 3.77169212124199315639
-0.02238770358778641167 1.14965151723104863635 -3.83046335297908546735
-2.58475045075056852895 -4.16145445979683792359 1.57813935685746464799
2.43967012068059219132 2.45264653861079562347 3.66961906803604964722
-3.40959295799090300605 -0.71332616079929334063 -4.41018474795597015259
1.44571822239049563308 -1.76843857536077075920 -1.91199710468546602016
-0.26305997215194132366 4.22121411659815759521 2.24057875376621051799
1.53416753148684659180 1.00542849040259962834 -4.12935969314853412726
-2.24393130901198434302 -2.84547694317195176694 1.32308292302353791570
3.64425722853223543751 1.21698592659811222205 -2.34786199787483118584
1.71607675914562118891 3.93407150771779523524 4.24790664790761507419
1.30499172217345282832 0.12865103989887582969 -2.47686045675754185069
3.37652356073952031323 3.19666732546260323744 4.04045846388106877356
1.65100054589626932255 -3.41692757676504532682 3.10718947302442316527
3.72261594740174128759 4.31491917123769308517 4.13095691270578857512
-1.72243557753082265904 0.25835614314684640647 4.01148368545781064398
-0.53750854131788106116 2.38758335551087430559 -3.54951913931405860225
0.88339640829982712944 2.00257330210513284641 0.94708647101589438222
3.19365263843245728026 3.45566752603507598707 -2.38271437951154396728
-0.44869006784994081016 -4.28488087100909798011 -4.18961114122086186740
3.73158793229241592115 -1.53924035366330080876 -3.40772572665182194029
2.32914250085976970439 4.37581046301573817203 -0.12867282130546442431
-2.45032748274665257426 -1.97136322600821900508 -2.64138593024956414013
4.32574128805916569007 -0.70774201739189113169 -3.92747010690347675421
1.02305401641678006541 3.09677052694631971264 2.62183312470659490856
-4.39045754027703960531 0.87108454535782353645 -1.61488066124721596495
3.91612665209866062099 -0.02378476554886610472 4.29757752580378582508
-1.61096964273846454674 -3.39818476195533092366 2.33048020102757647010
3.34750726349473559651 1.27733708202839402190 -4.04929192421340289343
-1.85413400953334672749 -0.06227138871428561373 0.81506639217112830664
1.27177004997388376495 -2.40625808295909848766 3.02270593245611962629
-1.29601034497462919148 -3.99680495746540476176 -3.01955517643123405591
-0.48374024092872769387 0.56118163151713051917 -0.51475990173282326623
0.31738462687786928029 3.50569106066622371287 -1.71125333769187060184
0.57363945515638548045 -4.13496408058901732119 4.46713689850673123516
0.00121327856265285305 -1.22117443781576984208 1.30380839237567780486
-4.18644472286931890181 1.58355272622635201429 -2.75181559426465671692
2.58352591026627553816 -0.31515874490712914024 -0.97934023697377181605
2.61865208085387468628 -0.98639460626747688110 -4.23753925128088848595
0.35528225279865832675 -3.43100274283225159522 -3.75864890317695499178
0.57089344802247055100 2.75656516706213583490 -2.84582473954453973874
2.27048459941738656198 -2.88213751228744241573 2.44680444605538482961
-3.28448221900407988372 -3.84374279139462604604 -4.42288603698465188074
2.31128730395435333378 -2.58309710339089892983 -1.19065171567009375764
-0.95237787875187240871 -2.40881481368066063808 -3.27917499549548541182
1.21299878966310537010 3.40714224727242687152 -3.28053312869270818908
0.54220359768397408118 -3.83966090866587483887 -0.95396987570519486965
2.51049360414453648360 -4.34914311617815041444 2.26854456216547628600
-1.72493453171807509250 2.29600442257894865605 4.40608183188922719609
-2.70576850806458990562 1.61404952394896383794 -4.29316713533356342225
-2.83277862170191641056 4.11600286246755242558 -4.49884459996146368610
-3.84273330431122062123 1.53766884841618622914 3.42772544221960639987
-1.18991669945443145906 2.64071537261616562375 -1.35239354966104752265
1.89426012506292007487 -1.68776027500573011508 1.07638536110271676449
2.76976911825587190918 1.50627722015789888843 0.29732535491098399660
-4.45388890236434509262 -3.93902822519174033999 2.31768636659595550498
1.60345153996834177690 2.20339867060843541680 -3.25969687803060015341
-4.09016557958559179298 -0.40076957390196721320 1.00986679282405145130
2.26382531367961004065 -1.20089298434063840304 -1.53313730515968593693
-0.72419518867579046884 1.68963118168651860174 0.55962238561552180016
-1.06575755742007860505 -0.07235677770592818803 -3.05059828022504886391
-0.23380815201276572424 2.71630172424710725210 0.16124349858583819639
-0.85335959302571007257 -1.79700659767933501598 -0.04851324807256673921


