357
-4.32475644369521550203 -0.19309017139247064421 -4.19343065853092866746
2.55542406371512331731 3.81588698480705357241 -2.04957287761724327169
-3.96421691770673145783 3.50009278385852073967 2.48532648157533042621
0.94450336431379966484 2.72111896414998177818 2.60534790178765174318
0.94613460829577267219 -2.91217573429799791995 0.39459410323419952249
1.20798743183280876679 -4.37604581122806202131 -3.06626304541127225889
1.52300801710257704968 -4.40127070204197323733 -1.77947739832160367612
-3.09699929103511939488 3.96585192810758702109 1.59869984388273067566
-1.27840997667298150731 -3.03364226466971587115 -3.02137497506408836401
2.30991084897948795174 1.99860602985217283845 -3.94594067117347879758
0.52474556497313429304 -0.42533086639332040590 -3.46064149111873931020
0.89621071885026992732 1.78835922081348552837 0.77796854746513854906
3.71658003628697830578 3.12087536787595176691 3.36546571389896875814
-3.28755345619803929225 -2.64763909792558305156 -4.46485376364857966536
4.06593184914472072222 -1.56580808691659889575 -2.20204608885523933637
-0.15481608907474164738 -3.75982415986684381792 3.95879515743507415237
1.33525434788760488658 3.96009703277613223094 -0.88799189731437566664
-1.82638899937313992083 -3.88457682325838637993 -2.27123571098965770787
-0.49529606464433229007 2.50237087774921018735 -3.22377434158581799295
3.91695457746429109847 4.06599191037556639827 2.64392188136522054975
1.56210683546684059309 2.23467548555197126348 0.03690746114945309131
-3.26799585866882136287 3.82336853415571464865 -2.90074592507775408379
1.24476356447650449155 0.29250729506296480054 4.29398300739778004953
2.25376986784029220701 1.81996999894531708009 -2.52063636401404655984
-2.29140545832030895212 -0.06993628762752379657 3.17031915441010347934
0.79205167600645953740 -3.60377485337608050031 -2.53496563479620329318
0.14807540349828407500 -3.13090734728788522290 -1.82832317556810108883
-3.77237573063716880029 3.99620263156778765534 4.38996882306757196801
0.32600889269030108863 0.58251548829557275866 -0.52709274318465748621
-4.10791022058031440878 -1.09193179315673782881 -1.68318388452476153105
3.55312148501768998443 2.98331810787495843584 1.23358451464104934558
-1.44911489497841472485 3.81326177119722320441 -1.84259860768705241441
0.15149343202702603151 -0.93975867192062167987 3.89825111047574335288
2.62170892233982311126 3.92923025362051081544 2.48490447202908804059
2.28980196798110302581 1.91013770755303724513 2.28098397581371603593
0.86223647185630269973 -2.85786943022258244085 -1.11046905567495901579
-2.51334686530494400003 3.74852740779809057159 -1.99618136260032752460
-3.68419232651692674096 2.17568369665931093948 3.64128415706813779451
3.88780641392313075499 3.22448253390299388599 -1.21685228300341652385
-0.56651445076159667735 -1.22024789151904178297 -2.18410064079066179588
-1.92145262989084031346 3.00430839801622706631 -1.41629564398507223899
2.51690512290118029171 0.52495048249153519748 1.24448742667882950030
1.38161095964469904374 3.54222777899381657818 3.65745387203387561925
-4.03238961005778318025 4.39342712156463210960 0.65090020008476656699
-2.20047181747330711232 0.12873223731971794592 -2.81292104226317363214
0.19822516429419767547 -1.96781876301109814875 -3.90735101848429700055
-1.93798658703017911975 3.54435547065005795986 0.74081832238802913793
-1.63042573913245192330 1.57338237050162454977 2.08443478694993000744
-0.97011920120560368730 0.40807563700441562560 -1.94240643009699942567
1.83668601245066032135 4.42564875759505493846 4.40721357439756555863
4.26015872296398168118 -0.52984132792315286054 -2.52147393633295102688
1.97419123671876040049 3.78039537073721110261 0.70387830661089267892
-1.39424324670744859134 -0.73799367618444655648 -1.66446181776343982150
-2.89744967368954364773 1.39615936511652627416 2.45848015452477675069
0.69388185333444862835 4.34546944119354616731 4.10286043864214544641
0.63258304014558852657 -0.62316111055720746492 -1.22799594635614006677
-0.69899201768754304354 -2.63481869604550711372 -2.15948382754543422024
0.37417658617175320046 4.22000701830749225252 -1.19778139780387737900
1.68375082354398042384 -2.34164662359357134136 -1.33111298170023806264
-2.30352934222828720223 -2.34738357247108986314 -4.13692577288279395020
2.22637762127805594048 -0.37001299686256672317 4.29968230102414938898
-0.70270749083728700768 -0.46925204267167064387 -3.67450132926601114036
2.50806483838990601498 2.30310943460364736524 3.55466633618663774286
-3.82125350340775504776 -2.05414294774244554631 -3.67726798516659547644
-1.44622499592408493285 2.61452102865260460618 3.46280316351460992763
3.47714192797609999985 3.51931579808806116461 -2.33641549838165518693
-4.52701987009916795301 0.31427803763681083637 -1.65848602724820759491
4.11847979929587193482 2.53837336758957743399 -2.07939745215675619860
1.27785807035384646468 1.52971454326147604519 -2.04387436536185518321
0.19376758499368840205 4.40862663308088809089 -3.49946780037051041745
1.51882539140470917971 -0.55718786001651698925 -3.05603368711094658394
-2.93526130132807461237 -2.48025865760647556968 -2.64076886370411134664
2.99256249800612561529 3.92020006688494770941 -0.92818844013551693450
3.80002256750039446587 -2.10282001360967685244 -3.09921829254174108215
0.80297397347816712454 -2.47068993197132424910 -2.21413755653985599992
3.37289154067802243731 -0.48815235682897384351 -3.33516817415722321982
3.69696190676471037051 1.82308119309349159209 3.82043846541279830120
4.51360466727562137379 2.43705515715436060731 0.77669296273649024442
-0.26471843926650162615 2.18249289344223118547 2.21774564739607438213
0.95769919331002828500 0.70524422546039122750 0.39849644572780462681
-0.61563936465229618378 1.18760661171646741963 -0.70270316235198038157
0.13451418060890674155 -2.75182862340415779201 1.97271877838163600671
-2.05651622158078151159 2.79879183494930128262 -0.32689537238967414368
-4.48202575408645298438 -4.36553632497707422289 -0.32257745982612284763
-0.50920644331447473263 -2.23984979199086975399 -0.73281700382533809801
1.93207232218451085970 -1.38880649801908306884 -2.22958288413844929465
-3.45911141107199426870 0.39464625082695548031 2.96588871252058705608
1.98819617837050888198 -3.08475124329479211127 -3.77486031289677681499
-1.99264957207412862772 4.50810298852251900570 2.47192305901759379339
2.34233052908729444397 1.01493392613091071297 2.82349514841634885443
3.17509534692519235222 -1.11424902933226732671 3.59921818091458245448
2.34436711804159880757 3.47884965756346087318 -4.50715285131149467901
-2.42375727321612588483 -2.75750802186962173934 -1.22329276903803574328
-1.84588932269909733463 1.07252659580357789793 -2.88544687861010062946
-0.80526639255201892809 3.12950209555441727360 -0.11722214412788378723
3.70447494184512304827 -2.81092231641805190279 3.55616492305105413863
-3.47404529594609323695 -1.19308267466649198241 -0.52913587389365179803
-2.59159112867306085093 3.60216234749249064606 -0.55243416104871867489
3.98939247172429123367 1.71210187986432238461 -3.18394910791829977015
-2.83280343231183717734 2.60173546077203976523 1.17382898755721765127
-3.01044072602386414417 0.51903654136319765655 -0.07783895048888034296
3.55614996340809508268 -0.34013397372969134125 -1.73235363252262652978
2.45510092840617222265 -0.89558846863483321243 2.79510765893595891640
3.34562556772951857909 -4.11629861881389835787 -0.31589211984809217881
1.99572280095495724339 0.01236972429762861481 3.25448211566999923150
4.11986549680284053210 -3.95310272767853820852 3.13616748732230288255
-3.96442529350774464092 -4.26690991409022313263 3.47127451716589430220
-3.49551151197705589624 -4.35695301342154195368 2.24704128527568780527
3.06448218700147823057 -3.33453157669600797064 -4.40350309073958356976
-3.81854402055531805260 -3.51980398767672442162 2.68531153658584020860
-1.32269028421884371483 2.13942707376289131815 -0.93179046593314485136
1.11427455352307980263 1.93865495806680332436 -1.05300849247490280192
3.81688431549775675222 -2.15604284431545245582 -1.32883711520116687410
3.48675676530465761260 -4.00196466040217302407 -2.66139653661572328502
-3.38618687203666013374 0.45158670598910788385 -1.84645685012630345057
3.15186238024654930001 -1.40967409770690599302 0.28572962347363883850
3.60577530260637058035 0.53766801157794663624 -2.72805344826762041777
1.46161793145598206678 1.84418730983175560567 3.00284972376820835649
-0.49986555388230335950 4.06076308481002623552 4.39754930251621001247
2.16836243521077598473 -2.13636362948810010209 -2.89440238010418449122
1.21635203324462981556 3.93471255753009518941 2.23067719839351319422
-4.53650586005825662284 0.34995867403435809706 -3.28564977156916704359
-3.90271282105845651600 -2.03945851809132383536 3.09139260753514832913
-1.65812548666345094261 1.05032460046490339067 -0.33572654655068312479
4.29117117455268637372 3.79565494785174717407 -4.36063342773822260057
1.53964027287944738021 -4.52648541517534663825 0.11331019383195428674
3.05338720456427648031 2.67472136007107419431 -1.69765187996147171035
-3.33798452030842796034 1.62719283206163733979 0.76747655627614452811
0.50734272707068051034 -1.95469592190917129670 3.02455856812518408816
2.35498997992719250050 2.98740600147321266888 1.32916486314898829590
0.32911707217896157829 3.93230566118953017707 -0.22344524682485644718
-4.22196888477812937168 2.81469395796793175890 -0.53938804061428680114
4.37448619445839081976 4.08350523346933780289 3.55122321862483314447
2.49484175522610662767 0.99855782667935155672 -3.53367941911507754682
4.43525050642982332505 3.62890318631725694587 1.55537895374976464780
-0.83352669442183291437 2.34844382036440624262 -4.45831073945687439419
2.21608526836737240728 0.71462764420927715747 -2.43164842088453836411
-3.74892491579275954905 2.87756186229018151579 -1.82702181473415814494
-0.33228142226418899696 -2.64887036244689211273 3.38476766905067183444
3.15955473955288734800 -0.83953995303691808516 -0.73613490324373920259
-0.75472950431425900319 -3.84005126731763102299 -2.66223653362753909235
-3.00747237772832454183 4.23439445451043905422 3.16637526015151937742
2.51477819185547790681 -1.03513894507425252556 -3.70705333674131143340
-3.35181280676638460037 -4.28462243534156872471 -0.56699823968141682684
-2.73246794603078368979 -0.41104639474553827938 -2.05735634683884471841
1.87418770257342170993 2.94478059905028466403 -3.23639251320875498408
0.84608970766464786095 -3.90869596795092233421 -1.01338060120634976258
2.94123125764718018615 0.15864991685382001663 -0.55723244463244281377
0.45197288731869811329 2.64101112411979421779 -3.36323230537301887111
4.02969827909022182411 -1.23347758290932940639 -1.15652589228733537752
-3.75890994499982111776 -3.24775445796785788843 1.48294341388286987637
-4.03306370631552635331 1.77161165050242352947 -1.88344544718893480706
-0.02712346370677209961 -4.08957774970449072782 -1.65175491746949276717
-0.25971946617561059156 2.57645953364060176227 1.17262489705889993985
-2.53468858843483069165 1.06134284373420850756 -0.93868713997894559498
2.26859389502371033842 -3.70918514238861618537 1.58613616416097791273
4.11726750685584530487 2.81616982473539767540 -3.55486641941480963069
3.53018361774090205785 4.11552639254026697557 1.12082959961514294633
-3.54543714998745196354 1.42482227283164597509 -0.31402552073659784071
-3.48364900409041311491 -1.44001657200581600904 0.92809633865438012634
3.77965114988960504405 -2.12459068734323741623 2.71672129201404022325
-2.97614787254860813093 4.27361505209886605172 -3.84342044278119576717
-4.04534713708637738705 0.77106185873471488890 0.45043255901576895184
-0.78101087453004680583 -3.78309653201475537543 -3.90856241323695874357
1.56734445667127086921 -3.78582458941332378188 3.93888654451564068637
-1.00656652687068248753 -0.09365491975456663454 -0.94427386218815367869
3.42174699677944271770 0.98754314608444815349 -0.29258321314588364714
-4.47975304007226160508 -0.68701645657609056173 2.47358842274001311523
-0.99267396802811136425 -0.79057038425918024771 0.18630840810884929937
2.37285336671063884495 1.22006410819472144169 -0.41508901589510038832
-4.41917836976004707594 3.42424478063056625388 -2.51583488848924918813
1.60726289971659319633 -1.71754940473518757926 0.65925554202553282579
0.59937616143648853040 3.18778098620045913236 4.17551238129238111441
3.31213711149628142749 -3.43408298832652114640 1.36846500551323924100
-3.60235966397012674634 -2.12554722990586020259 -0.22544838022352475804
4.14367582285721081092 2.17237703333920162407 -1.07440789356066090932
2.89998020571580550353 -2.07688172020444294930 -3.70148292314223414934
0.53644804874669382855 0.96664740953512762189 1.77576092816716091249
1.22258676579095126868 -0.44343741959145788201 2.39137519788160712864
0.81706709243079345129 3.91601520456012774929 0.72443057519934583866
4.30261625927036828188 4.24572876045972602554 -1.85514002606480943314
3.10192974335552573706 -1.66769571770824054369 -2.42776737138131570859
4.29626350717681315672 -1.52024919932300850434 1.08260621811823387617
-0.54001818973933612966 4.01821385295115174330 -2.64881824876361804399
-2.95313705537646464805 4.26216188364265757826 0.45861712750450056575
4.23285612929999022214 -0.22133986554340356889 3.96527601334856694137
2.18141487906264064378 -0.64825738415743749954 1.60370582986671106340
3.85820670902282270021 3.26397874804477172717 -0.06672504774724963283
-4.15652831653430610004 2.21120893974113919001 -2.85838682052483727958
-0.03526151253825027254 3.14514488650293788652 -4.05371592763356858313
2.29021912629706925202 -0.41287882138786891062 0.48933772932334296257
3.83398053257301096863 1.22593568184077827965 1.80317404913315026960
1.30663747446137001873 -0.42499623128212959955 1.07065721312803585619
0.11661852289721430509 -2.01112619740210041286 -1.56353320658657235498
-0.45027071179397637479 2.67981273765352590033 -1.99740909574418967765
-2.61751541428819844981 -3.69984159510590693287 -3.96193392190051518753
-1.12069721937349520147 -1.60265766427110856185 -1.29289338622618288355
-2.53635677470845211090 0.38756114977724820392 1.87432550094923566775
-1.24543383313676603308 2.84968010454085618477 2.53196442506921659543
-2.61603764209568323551 -3.74855813359889111780 -0.09237425806533838823
-0.75017441926063277435 1.66082665358018832791 3.25450137000050165881
1.18331527511621725779 1.85682380409816527589 -3.04959734462686515855
-2.62334348393849126069 -1.32254279937965169012 -1.22280400440059944245
3.98275605525170295351 -2.03145528291500276907 0.24515945719563614347
-1.61542675493209753057 -1.49600542563107552496 -2.89967881346413536292
2.57254940217506966604 -3.90648101074709996894 3.78058883168751247439
-4.11956830416255481708 -1.65691767210212859140 -2.70053965262156792093
2.19442579766381218320 -3.02911588148815535959 2.44833582128837257130
-1.37196775352587874153 4.33865589630900760909 -3.48885600041199328558
-2.42569974557537149096 -3.38688362297591805117 2.68184608449220629467
2.17277735309469210989 1.47741977611628261258 4.13296062094859006919
-4.33282117616399453652 -3.17792208459540681531 0.21087194193043856671
2.68946579392878515335 -2.37751410224677073302 -0.32142636289434367569
-0.80502782695905139576 -3.65636614509603896650 -1.14532907700114749971
3.50388988554208058446 -0.86517663372125408472 2.25161747967206693488
1.39134099841792124863 -0.70816928518893496047 -4.20000360253720828041
4.17475499501260127744 1.68878783187787373521 -0.18551739537400191438
-2.95167864522443146313 -4.25992884762344115046 4.12179385905954287495
1.96227324334676023199 1.52497423740561632854 -1.39418840328425019948
-0.73479247756979937378 1.38750728121086641664 -2.80083998312321336144
-2.30774230737801433477 2.19442098535054519459 3.06802852131043124473
2.22332425730582805556 -0.04005839605240701928 -3.65756917543013493344
2.67291180687846452457 -3.36197739049192678706 0.33015990350365420625
-4.40630106538668897542 0.45300363562902745684 2.43403638205629224700
3.47003073039946752232 0.63076315429921248068 0.71135948554571282187
-3.72450880680527784961 -1.23367562130085284267 4.34788852731667230245
-1.50915749257453590815 1.70357187571871460108 4.07170975898749976096
1.58692198468585132787 1.38415624870294795556 -3.97206365166982378057
0.17987467554732816666 3.42795186202705082223 2.41065668331371352195
1.49468201357056784673 0.96740227826839930714 3.52731956375607058618
-1.25325143680147288450 -2.38123410559391945895 -4.20416615592106346355
1.60280933345751819274 -2.07884875132114554930 -0.27211201507916626952
0.42493166736204024403 -0.03739738700421657569 1.21686715437113690541
2.61626491292171881042 -1.57102271931539450023 4.45363695686002625251
-2.89117993287868380037 2.70266960936059064124 4.06811658387886421195
3.35348325565040639162 1.73672348067213722089 0.54800984042751554881
1.33485379786645275146 2.27698738908447850804 1.70586456746811787610
-3.27835643623625960785 -3.14989783429108882729 3.59998061620864984178
-3.19856638399340464929 1.50228716057881417356 4.33759029827873288099
-1.40114403840576562388 2.68492367601387282861 -2.52209804517728564122
0.03136845310982661061 1.71011156834896826950 -0.04609701543026467618
-1.46702549663966230753 3.21995731348283520390 4.41731745776054207653
3.58132924511665517997 0.79076266265588834870 -3.93464682103049234740
-2.92979465420581064450 -0.07601629449912028491 -0.86421660261985078222
-3.14487751085819722263 -3.83673375696953078418 -2.92953217003808408236
-4.42258542573837054590 -1.27194244747240059468 -0.05437483905770168491
1.04447076869599531079 3.82143523426179587688 -4.14158265329274399846
-0.73457904932095763328 1.45406431189695872774 -1.83056699190616534167
3.79342496678417351319 1.99868306229879433289 -4.17372136569003160389
0.48896928667743466690 3.02827500003323635269 -1.05549921568394466931
3.19327989883424478990 3.96251397180144149246 3.96567726358202410353
0.56115155239250391617 -4.21450676762186837720 1.84816594174118353777
-1.19459176139248457460 -4.36393782901536742003 4.05899921128353735611
2.85452873821882935346 2.77320945081320591186 2.19948883139173734236
0.98581780323826517787 4.35714176964809940529 3.13191316867848712491
3.23281602344709728669 2.09590123218239288150 -0.58412944899712604396
4.17094739427802085885 -2.87751270061507335996 -3.74525015154867046974
-3.98726860954489570332 -0.34652933976111910397 -0.84857435960300886535
-2.09165461297166821453 2.44816956473720104270 -4.32977460977055805813
1.75616247353755916549 -3.02319611330837334506 -2.68139266528422304248
-2.62858502626564982663 3.86820661370223017883 4.34786422509090986210
-2.06038419490445923188 3.44161804198099030572 -3.32192230815018785250
2.79316135042297286617 0.63347510398168260792 -4.47485919151106070757
1.87172974336221464853 0.24951679544182692183 -0.28174490693337617131
4.07680854321370045312 0.75418525930367863452 3.32250733782240992298
-1.18312613387810472432 0.12033141904791389010 -2.97113001383603014816
-3.61475145272607667479 -0.20059172956063608950 -3.27655865050771533120
4.01105924829243587482 -2.92124037795168867149 -0.42421632651913920853
0.39094660459997410129 1.30922666072195159614 -3.80151662508729781820
0.02650632312438006011 -2.60760509036486221035 -3.16576717318058253881
1.18621782683966969785 -1.53172502677733834986 -3.59005077507270087267
-1.68284697122379789391 2.29732416626049484876 0.66999427656284815669
1.39185033628896270841 -0.93739279438512790321 3.64983568187006657269
2.57723485975541155568 -1.45783556675865311192 -1.34914088571582446718
2.58774382458888485559 -0.24875063624530646678 -2.51650645124294136679
2.42596756714058070514 3.07180602972619087865 -0.00988270728811446730
0.36479488093940570792 0.41650494658459980002 3.82483713094359867313
-3.93549271565591674005 3.76307494744241655127 -0.91946444320252407323
1.80260680645211301965 0.06299045878070330673 -1.43829045183442039146
1.13788853861674787993 -2.56457105284198583206 -3.36362778141370633023
-2.49519176166355194368 -1.01497749182673935309 -0.21556346674694548682
1.31594589099646608332 -3.39446979867996123659 1.93035037193461089799
4.31767161952150768656 -1.07221807703264593314 -3.41997970367400538905
2.99716935661210737152 -3.85458720574699009731 -1.69144707940613647779
-0.90165588690684606021 3.14447241606162997130 -1.21823235938858465133
-3.90753165087090437169 -3.46560487894550917076 -1.22045514695765167090
2.01476009811417799966 2.98889508094327016607 2.70752287170977545827
-4.16060618783161384471 3.70519444936954034375 -3.53493483439214983832
-0.52017903120620179180 -3.70795775877844135948 2.14711829126346831487
-2.48593624712091809670 4.51094468677424931258 -2.72504612092313225347
4.20032697295026036244 -4.46480277156441829334 1.72787275514517180142
-3.47440785571489474393 1.35561220818676098077 -3.02852966249555199951
0.91038149859275119269 -2.32159435515999446054 1.28458092040346549823
0.49401841762773113231 -3.37761817639780259626 2.77078473930203195152
-0.84223609978023006306 0.87004133944032524539 3.89027000141372436559
1.10876034418214874933 -3.84500292601801074710 0.84226189457191491528
0.21186021065291615884 2.16393194542540445724 3.62127493019261681440
-0.91262267964115117991 1.96226127482881640418 0.09157956684011825388
3.19510007135190132743 0.42271838539006800772 2.09936003926959902088
-2.35616168666988601288 1.27962068264003647755 3.52313383662072698854
3.75711572134709737014 -4.11985071000897651317 -4.15353289933033664738
1.10236614762817364266 -2.47331532665689701744 2.28107654476766352758
2.36561619540338341494 -2.68444107395065545418 4.11813125189950479665
1.89482509911635244038 -0.75342351327246515069 -0.70732014960825217997
-0.27416128496334390974 4.31642737199888326671 1.78426583834371044190
1.65500424978022131484 -2.74341617851542984852 3.27128485847653838192
2.78077523083076449950 -2.49729416741669263402 -1.74004922512939064205
-1.69191008460287362070 1.30014577487769678044 -1.50468028514493923353
-3.03294409610272941435 3.13524569458085355933 -3.82168105278490122245
-4.43392416982876991227 2.96652351159106064671 4.15182893579558776054
3.73542053142402696864 -2.99609325241685375829 -2.36800311636767801815
-1.85446994408426535372 0.63089318336815569666 4.34867337439081591555
0.19632795533952318578 -1.37811048228516241920 -3.00895196663273534199
0.62462707673733053326 3.80761478380318596493 -2.63720044134709574735
-1.99548473096551814976 -0.35378895751501637790 -4.17869937073974551112
-1.91627898617042458085 -3.88629510055919968892 -3.21882964433450213804
3.40889294428126365943 1.68982202772653877787 -2.29768385947452724594
1.95146387249749508896 4.41556190433576301047 3.37536058449121956215
3.31719056496059483408 -0.32305640859924267261 -4.43156494409773582532
-0.79449832181062829406 0.52384827314818327437 0.08154200817844348137
-3.38153220046614944039 -0.19040633173563925595 1.91264434198102240003
-2.80819125949549253107 1.79747144974013917107 -2.05566518984160717665
0.91427792932799789583 -3.82705738558448294029 -4.00439659350813048633
1.00139729721548498276 2.59049430669298264007 -2.04804067928271882337
-2.46104608387107770540 4.40309992770915226146 -1.15431661408486352371
1.07324504075830429173 -1.27199765210823123596 1.63337459285473762804
-1.72985191459204878939 -1.51330366459308685023 4.49540553999199143931
1.46358464227217055509 -2.33973519234320770366 -4.41236912979223472320
2.80148805149729529518 2.93213009396063384315 -2.74190363729163788520
-4.04955256648367534211 2.62034634808944666418 -4.09188216247285385663
1.09349553890177286775 2.02011765361930528684 4.12917640364885141224
4.32487579735931770841 1.89176211626886470185 2.59986978396267875979
0.30715918471098646592 -2.91449752921287164042 4.50998921385978146503
0.83003230090666590968 0.02737579142814716704 -2.22144248651741893497
-0.23485856780550395939 0.67449035973668269861 2.51756984101711456248
3.49049196282546869696 -0.28679886219849404227 0.19971318986538388884
2.30894643902924645573 -3.13144321679683557136 -1.06893269738458451812
2.16609893080417315048 1.58693044148059758669 0.96260987268517617110
0.40331300982528084376 -1.08545613091402870509 0.68267713698591503402
-2.30888255866135594374 -1.99775423316742495317 0.74239568927054655489
0.75701675906774212876 1.07296425771280734551 2.79810534523792142636
1.49816040581724241321 0.58853002367713269649 -3.18145038431311943938
-3.16147637321365149177 2.62767562482708605387 2.40643671401367864604
-2.68500310080341364483 1.42934018020483311062 -3.70908644149941313373
3.30954166130031790516 1.70114429814660805818 2.72656155345915340860
4.15591055168848111379 -1.30958191650957456176 4.44832965997145546311
1.92441362289707296185 -2.75553114960103906483 0.82027105988054582753
0.20427317305817016546 2.12880209137634235361 -4.27455820558706722778
-3.26911199549860809199 4.48646927694160257971 -1.92935211148473184650
-4.50830914116259329205 1.34166381407211865451 4.50276872480583012504
3.00483691111161199672 -3.14137064983856451050 -2.99466709937461761371
3.34620023082591888652 2.78544136543261355854 -4.34885291994250522407
1.61635429592729895631 1.06196587929279484541 1.91890027249119832220
4.11539642190351084849 -3.84425174329761798475 -1.68978269956636406590
-2.61216610382512604005 -1.09727136567670324752 3.67711962090691546479
0.19437388713329895040 0.77383858905769020708 -1.92035290217292908821
-0.17582328622456078193 4.44751100429547552295 3.16263075167395779630


