447
3.13112161483945339313 -0.62327663169920377584 4.51698599839432102243
-0.39960107437403546982 4.26915187944438212497 3.24473529467787802361
4.21051511609762751931 4.42079464458535209559 -4.31747119209951968344
-4.52442513544824986838 3.60190986716614869323 -0.96198448386434920465
-1.53051255376131223329 0.67662003995028374703 3.15500607776343944266
-0.15316356535937192263 -1.66810228496449797220 -2.38227138703971119682
2.83265582154863881925 0.90132349289408963955 -2.05349400110507840367
1.26939410942316932562 2.69577215014075477484 -2.96062066334839091297
0.37340600923690026036 -3.54747886757062369512 0.38478972973375658029
-0.04054316376268651823 -0.94502061252956259807 3.30949404901072785634
2.39053431296322660415 -4.02554193541626581521 1.67562924871094764967
-3.85931255560916941505 -2.79593717645639161518 -1.19579048190640158111
4.13462653347566178041 3.29158626594418013411 0.23478946437014336368
3.40989538516944623581 1.72000600094044298061 -3.41906890011899644577
-0.83469408777870235383 -0.13387048844769999789 -1.50950562263837051447
4.19241800644943563015 -0.95232678502638590246 3.96809855611922213114
-2.45426196385082073803 0.66694019179072316916 -1.77783109045290732553
2.14160007395470763925 4.02839285043523798180 2.07107685910390149076
2.64687018051324418622 4.02564389003051825711 -2.88648149539734166780
2.80472076295150429814 2.53192223382675773991 -0.87025577707582879583
-3.33005085820825064147 -0.47240225911455180352 -3.69038934286136877105
-2.46211591432111642774 2.36720186660043996341 -3.42647237865036347060
-0.17733784586422984830 -2.55370005774955455280 -4.25998503745340251214
-3.63093338707293833423 4.14394318240965642275 -0.44012454152059365953
-1.23624774107601442807 3.98047781587519455826 1.60500222937591896510
-0.81585476746594709496 -1.82285454657284962110 0.74660351180664097370
-1.18905880643480799108 -0.23425819441182316183 0.59270340903785001530
-1.41307884404800221390 2.90425202295933626573 -2.94561008640298371830
-4.28571478517176362999 2.56454751999786534356 -2.08466042892089342686
-1.15257216234121573351 -3.13196441911280754056 -4.39755324560085725238
-2.19204360860157887458 -3.34375243895202611810 -4.03491058464061058686
2.69711388781857852592 2.05077063064743025933 3.50897793583872807943
-2.61281660683560357228 2.66326744140201476796 2.49179124065111334829
1.18894971752161637824 1.43736138182272998876 -0.29345997474549534445
-3.83317969563628224705 -2.67507297999650184295 -0.14268603514219702078
0.52918574735243328888 -3.96964586191951562810 -1.64058207288107027466
2.60669445423476364709 1.37536069405086625039 4.45581804971796113790
-1.84293605335426669001 2.21849866162154985005 -1.50293298692828436458
2.23356707750046989958 -3.26983207391802199737 4.41230553367485622829
-0.19649411771217550893 1.83658998235336934357 -0.75326233199345926650
3.04311025484942287989 -2.65370803888700113049 -2.32249528533965587940
-2.63811851363375460267 0.16375778115526529177 -4.30653311820421613731
-0.90383235476161960520 -0.94605842894825098455 -2.44380506034838917984
3.51395955443101914994 -0.25377965337612273800 -3.53280918495361051512
-0.88580970301968520175 -1.17038193775230681126 4.19074113028123829139
-2.45467995543989792040 -4.12895039387610474080 -1.63816311188444174718
1.59703770399419564541 -0.86507612698198599332 2.33454691344947473652
-3.24116644641697382312 1.48163026663760977186 0.78744385820735463000
-2.80806423981153230329 -3.28636410404098811000 3.36140635802938181342
-4.38430202978283478643 -1.81410993243453111390 -0.33151179354718518510
0.44799902110587908055 0.98980600044524358339 3.72362892847135551477
-1.80611629211061552880 -3.58254229986053829293 3.24920189478654197757
2.15387240070697227878 2.16645145605191657978 -3.01588203613071526021
-0.44248742682124575509 -3.09027180588980776577 3.76257867831126890934
3.38074725924712105041 -3.23050253039113188791 4.45137416659418061471
-1.56605465040761959727 4.51294734609732639541 -1.16263837102164568904
0.39251138295384979671 2.01089900173648761239 0.25099769299763163843
2.48985412406213502123 -0.07198358483597289137 -3.57326359779298829977
0.99093321157944291855 -4.26515324760950509386 0.03389849678379608378
2.95882227606236902773 -4.31586911284955210277 -1.58891902748779489940
-4.53093725553981396814 3.63893224882768340223 -2.35509069080722888145
0.76867956632050660204 2.01669305521295694206 -3.76661275994172672910
3.57129520591447668920 0.76791647052700362508 2.75466135815290247280
-1.76797354859107258562 1.83853819711250832114 -2.63460428957258452343
-1.20062177865458252768 -4.29950634691141253541 2.53745656245481132629
3.45789983586457960740 -1.24317183770184680469 0.06898317606937265367
3.94499268695118576744 3.42430557397745083392 4.42323810933413685831
4.26102415544980583917 0.78417841032640733800 -0.14442982325380171460
-0.92917374675957375985 -2.27174750778852052591 3.24348048683593681574
-0.64541498689036913561 -3.50568198729310331885 1.51270705058301135892
-4.35135540848498703070 -2.10775126961374859036 0.83784614334424478699
-0.80395916454355598191 -4.24072264754206518234 0.50297316609061848425
0.19696077708200299128 -1.06797505414267224211 2.03226127154965929833
-3.59107594182466849375 -2.10619493570273119687 -3.02368926147867789211
-4.34697755562646026561 -0.50208325161530620306 -3.18961324296010584334
2.39475447437156141461 -0.87893965173874777363 1.56335499344989781179
0.73429638136551655947 -2.41756064714162022256 2.36912974514776664137
-2.25878034745884059831 -2.60585066209941818016 4.20436310725354278617
-1.09493436815437927834 -1.10222303347415362396 3.08183013498920477247
0.47071876819715097184 -3.25580984906774295595 1.67205606214362312301
-3.93692072092775813275 -0.33861929945432400757 1.03794925675459648318
-2.46779793593469287671 0.16669357136436158129 3.46095803577910654525
-3.81087879879217039658 2.54484113067599704294 -4.09879186099138426158
-4.48376193461813254970 0.36833493922163906831 -3.85059371822147600284
-1.10097309504608409370 -4.36215158463003049860 -4.32681033722906072114
-0.06897129839852134126 2.94155001977317365203 0.75880322448462678153
-3.79271228498233536897 1.35159269458045461221 4.33323153472812716558
1.41528398359057572264 2.76396938079555720691 0.84131926041486249090
-0.30188365083662915822 -3.72780964957879001886 -2.68279212151620916060
0.46110876156834113004 -0.09353196073777425568 -3.01781806348633407922
1.74031654986632045023 -3.31551187405852276768 0.79391754490208743533
0.97352673113166865448 0.24916585912301592032 0.31622068026536798158
-0.20870672585245930719 3.72178997521370202861 1.69779153121404746685
1.28924296051298892252 -1.77440551221510878221 4.51836360927210645144
2.19432982618293515031 -3.57917595074940386723 -3.44822503520513334863
-0.44508588801833415260 0.88340243390107264787 -1.18046450689290427505
1.64415163415539300473 -1.60735803952163980313 -3.24845715659445044565
3.49228950514728975207 -2.57942926372074232688 3.57428865053593813883
-0.72223032388465568943 4.15804636873661603857 -2.89838893971037014907
3.67536372209657447030 -3.70213213615655245547 -3.51496641663180486859
-4.32691023850861622435 0.76374446638209914084 2.07210801094140961709
2.06562838360915179692 -4.28451837815775160578 0.28761811864089725788
0.30627908110594148638 0.65163646860725865650 -3.93958738645035877468
0.56501989251819306759 -2.08012127832131588079 0.24985415208037853319
-0.27122112371525730623 2.86495021669463234559 -0.28591341948432447140
2.70120397376308662984 1.93542610401944958909 -2.10496264452682657620
-1.78550206297451286019 0.72041093244868914525 4.12512946730986751476
3.18981900910408899819 2.65515940222388024949 -2.84763499073717296639
-0.50959878444974826550 2.12606162618286109733 3.49492994474478013700
-2.94371491102708304766 -2.31525126767901356928 1.03772744808063510646
-2.55059446927315525144 -3.53346587314710980365 -2.86003697586911087569
1.48147158690578617524 0.30953315011476068008 -3.00602021256198570498
-1.12279016940539744240 -1.44973031620648784568 -3.84118758004845251008
-2.57231380523260799720 3.36120604507711728814 0.01139945324436464347
-0.53720076357503554476 -3.70394014945419236540 -0.27266921658879272883
3.80731309132961026620 -3.09589943815400658877 -0.28048540803628085882
-1.69060505851386189136 1.82918516664509134273 2.76409827821725961883
2.41805351397296597327 -3.63701189085016229896 -2.32936888323182067495
1.99472508910675117022 -2.87715911561135095909 -0.02688863364859628291
-0.81039790800924560443 1.99736130140689649437 -1.94328798477858599725
-3.25251739624011859675 3.11979599838278076618 -2.00417719854076814556
-1.17185319447929359171 1.80753529347166708163 1.68023933956960735969
0.84582165302083556213 2.71915985467928411623 -2.02687549486396800802
-0.09223494298079071285 -2.44142354737171940471 1.21451241201504611666
-0.34190130903787618877 2.07637627410108738246 -4.14243453452511012358
-1.42684172093755723409 0.86882625677129698971 -2.03026470360801214454
-3.38391861528987680785 -1.30455152345364577826 -1.55264689801358901633
4.01555618383079515610 1.93661888198017795304 -0.10202678028799105903
-3.15419879596240670949 -0.69231990418678268639 3.81643034078792542374
-4.02231408825694725095 -3.29773320349424770015 -3.11217035131570662898
2.39821215505898610587 3.41659073640771904223 -0.56707937019595755501
-4.33390753627557678840 1.30385186992049195709 0.80832525216905448673
3.85758537084912145332 3.19211565069783365090 -1.73906077524220581410
-2.26667913656422603808 4.32594258433282430332 2.17100286182803525747
1.13331748647477947856 1.76023882040168633267 -1.49104871357049972858
4.47729719703356732197 -3.20058432692481087400 2.08318483274472665556
0.50951461985062973525 2.94322364730074781392 1.68029984855076186534
0.38526835493287148182 -3.37288922409129732216 -3.28839567847983493820
2.67560140667979595719 -1.57232103216639895749 -1.98859749829983201153
-2.26160262478527052110 -3.81562868735211901949 0.53655220176277484967
-1.56008682296830114566 2.96175712556175962931 -0.06363306272069291225
3.65663133422935704431 3.08238983322296800083 3.49021477883043740320
-0.95387970460460280719 -2.77209082624598135425 -0.82584038880800392235
3.49380728516059679833 -0.80173307762604295590 -1.96403759773045294423
-1.08663347775611018875 1.08681980848783066307 -4.03998135493135368534
-3.35313049873116097999 2.90374629545878182313 0.90964298150524047770
1.64233691061524300636 0.56841198106448853622 -3.92815793889133724193
-3.25976626214984177565 0.01770043223720207948 -2.42968206699277367022
0.67129306106696073897 -2.87086789615256865460 -2.09159566161069054857
-3.70041702366429747784 2.05451651469736784605 3.43652388359467764190
3.45569462402528504441 2.00045259730678459675 4.53108188207076256759
-1.92141759001784784289 0.98659399943521997045 1.36776147208563791935
-0.86606549282267764056 0.54658846482796885624 1.21053214789947460872
2.58204134534221640962 4.26380505670733978008 1.01953213524470331919
-2.32829332039213943162 -1.81438929739644816408 2.54170597704536671557
1.75018105011976654595 2.73047240707503835466 -1.26554338047103609455
-3.25035106355364833419 2.64325050738656752713 -0.64823210430435818097
-2.74690200783581772725 -1.48960881749320162015 1.69545523708335554858
-0.22613319682379984243 1.09451516843996632389 -2.95670237171672756205
1.94990259626404327520 -1.54167683593108550966 -0.27429546343753941073
-3.45238754721827323380 -3.66849226934287386825 -1.58373510045471466157
-4.50665930451914054089 -0.76727533086090904391 -1.83530224229463101437
0.15315522616885335339 -1.25125958168998696607 0.74361641337877149027
-2.52948592477710398896 1.25276817676467988605 3.46028731227227392964
-2.64324614057780715726 1.58515508324111653593 2.13906319972572145360
-2.89388404887727634929 -3.94939986521722019575 4.12329460390053181840
1.20863661771988528670 -3.35244218227980317337 -3.79970517041152477944
-1.61073754203417829345 3.81055050043415644012 -1.94593786262665169318
4.23993182230461851390 2.30167396212532437971 -3.03922607856677862159
4.53106818014991841181 -4.43308657880520673444 -3.14806083784512669155
3.53217269185345283944 2.07549310310312851158 -1.59350547763242422761
-3.75745786843344653505 -0.94631439907382031151 2.53011497914189753544
-1.60968785701794248055 -1.49274384068503485068 -2.97569568746560664252
0.37277210653551762221 0.82486550521999468799 -0.51386621088505712862
-4.04179406806111263251 -0.73796428778450806618 -4.42597750882372587000
0.03335814016588489750 3.96202071595276716920 0.53125284923035032136
-3.46133626052465226408 -1.91418295185391329483 3.19515295645205110731
-3.54972480647561727807 1.55986781831230469919 -3.83503904061098666034
1.11905695539311267339 -0.46787342094890238542 -4.47752183590562946591
4.00852998073274502389 -2.75295097303318714310 -2.67159607009120536603
4.51992048006807234373 -0.49190239702393334653 2.03895016107125304217
1.74604941293786719569 -2.20210207288762305211 -1.48779626046010760021
0.94906535959654991785 -1.01701034742950024992 -2.40446277122986673547
3.38696857628995307010 3.45610668570193624305 -3.71495417015158935214
0.77240664186090945975 3.37182257951969699405 -3.73012206927443301652
1.95672953212945266444 1.80639679245714557254 -0.90402519332663988649
2.87345260060012286374 1.62719605497948993644 0.88474690087463780941
-2.34853945812940922977 -4.47236716859558125492 3.54541609843990013218
-3.05378064353167122391 2.63268141503839903095 4.17091431847665017330
-2.00439593280508487894 -0.53007834506231965577 4.12221923922268285168
-3.86397017505492224032 0.18541888533277095519 3.86910060762081453589
-1.01472812381331856102 1.51512031687208992281 0.06299572959275057116
3.06003264322065771097 1.39355241410594921092 -1.10407162500961586460
-1.46439423098885024288 -2.49048471995987474870 -3.52343370262428035034
-2.04952236062276460515 -1.47100428480577249957 3.42171122953014084089
-0.36541690522153214005 -4.35661707940854903143 1.92505866921865109731
3.28828383658015876989 -4.26422663370516286108 2.31368024080737377801
-1.65122860724223707862 0.04711825223004417751 -3.76898380403827681917
1.81820543555465086172 2.29923730078903698626 2.48846525867471779492
-3.68399892993135669172 4.43042640143794752561 4.47036921161285416559
-2.81490131832198864359 -2.48804369416446391483 -0.75291126829291243894
1.99291232469246271108 0.81999067929325963888 -0.16332784998102489737
0.51186241450320757451 1.82335730590865630063 1.51372202139711919955
2.34774424463424491449 -1.69701372192418586948 3.17976768281629240676
-2.97442836388490539079 -1.76739134648229567759 4.02355055772096559252
3.92963225458660492251 -2.30543863495799250529 2.21481303848813926294
3.33152631338443683262 4.50311881140266745405 4.15224442206653332477
4.52847401933281989983 2.46333186835756556832 4.09424981108071417424
-1.99557419845519579127 -2.55433787538042844645 3.20244561931220239615
-1.77699801762562525909 -1.45903222593145720509 0.71396811288336969881
1.70074081088031636710 -1.13105168433064395828 -1.69777312856486206627
4.10236958933589423992 0.02692187794115152855 3.13632211984935604931
3.66588451040026175320 1.78108595742864483924 3.30572439054325695196
1.83981361706096091524 -2.49692238598630789070 -3.93960535704082248643
1.42174524464869111995 -3.92492572674272777178 -2.41425373117588648597
-1.48562824739563925647 -1.51733741438676617008 1.85262069780726701396
-2.83906594427581326912 -0.95771703808938379865 0.64509435275879312144
-2.55318445180234876446 3.43691937183075069129 -2.97101904263572969001
-3.56642666265414254312 -4.25733726822379932031 1.95861994754587787071
-3.73018564668443941557 -2.89166157591241645974 -2.21900496297475680052
-2.82299326223589819307 -4.32081448827340697250 -0.64991988700606029283
0.60716168189860830751 0.10089049095530544520 2.46398299833429046402
3.01160263288276741633 1.77390189161665823292 2.36261590740934135368
4.12306944594397695170 1.15717480168020081521 4.23830146388833117754
-0.03570478911130958721 -2.10470710652853298939 2.94333904758939368662
0.94864245933837842983 -2.07290159726606093571 3.33550570090878473195
-4.49157145338946772739 -2.51143214378466961278 3.39494089627895867523
2.81771057234820521131 -3.07083281510773309364 2.32933275323853639094
-2.12704716265242499418 1.19961185141733306381 0.20533441906052996018
3.96265956998461899019 4.48353480107657187403 -1.80328448192273915751
1.87934287925797960384 -0.40248947496856324335 0.09005875219638781459
2.70628518405705609240 -2.38619143587625792691 -0.84404784547668221251
1.60995133858514005709 -1.01165788541531309619 3.55341548234636395165
1.72909736952280557176 1.02244963528712506928 -1.86234542469051644886
-0.21183658935842597515 2.99837875957365529445 3.73741633065798151137
-2.39231829939265594476 0.64627760834463643391 2.43771721255614082224
-1.38573035817003908932 -2.31306755030462563028 -2.44713355049971514887
2.91834340566460692656 -0.59378777152037587328 3.23296148768766844483
1.00122954349762416371 2.11136209112014672229 4.14375167200094463027
-2.31227507841910906450 3.22400439549119077753 1.54683653914670760088
2.94287798803856137653 -3.48838397508371356182 3.45334865135799518043
0.46184376871703491929 4.37228176779238264515 -4.08443724518494555298
3.94211774677772819331 -2.81310570193230624625 0.74515566048653347764
-1.51959144837031434605 -0.63824012406436647638 -0.35558972476171124555
0.98918148722077781088 -2.34326646590892417876 -3.14235294019480448924
0.21744434428729331188 4.01825004114659112275 -0.56738583914846696388
2.57937951094121320494 -2.28606286996684415769 3.96470015278012244409
1.41580161555133710038 1.25234007053296370060 0.72707425375213574625
-2.00988240032211518127 0.22093690977010904675 0.10839014693448767446
1.51437663567711933155 -4.00825738526778696524 -4.51870198083932894662
0.33230499263991575276 -0.10129224342090559219 1.27281107212816291252
0.54984187252919713984 -3.17086900768465884681 3.13376048664366546603
3.15801337389067793282 -1.00264953762204989118 2.28985688199493075956
-0.43380459163305928882 -3.14625481085998481845 2.54731162292025548055
0.62370925904721197242 3.66714459024446792768 3.45850242849470035367
-1.72776742985054898583 -0.31626763061042151293 2.41377892210866651368
4.00949694566137981866 -1.65049058742239473929 -2.06894035890767691299
3.14727479233128715208 0.48289695810155297551 3.79632317137629993198
2.45087776719700212169 3.32184960798627937351 0.53757353086383119489
-4.34824916699745767090 0.95138696197410776989 3.32484159810051149719
1.74226220527503006252 1.63074176882509558340 -4.06814689025772491249
3.10778882074198659069 0.36167130289225291051 0.21229303837119939402
3.35994642347147465244 4.15338079974920137971 1.59360372932277005731
-2.91595545973868075507 -3.41420004173413271786 1.42822901380828515272
1.87775425718317201529 1.08816363981572550301 3.56096187354012538862
1.31455412419742057040 3.82363436148102930900 0.10400516703682693986
-0.38640584211389139568 -3.42407601323634036561 -1.36901207990103257472
3.79259601312864358391 -3.92891872116278229043 0.95715291047111250577
3.91063089790586726480 4.28283480352377399214 3.17189386308619969412
-2.74974553143091959839 -0.37375423043865740880 1.94524815277967189076
-0.72663753633778505048 -0.78541369862344012631 1.46026037468274871856
1.56698292391706139881 4.27125854339565957929 -3.76543298627198286255
3.23432797627932977491 2.55901188137480684048 0.22920924681521004374
3.69805567452495598246 -2.16867473730966731083 -1.20704511614901033312
-4.51542122789996724919 0.51024033929831791312 -1.23632815493406500451
-2.41762839304553933673 -2.45737919985327657457 -1.71119046858512113829
2.18867103649258165632 2.07467597502225320483 0.38485812267727048663
-0.55080736772276273072 0.29334496264973619617 -3.70157869776666448303
3.42738693483098000314 -1.67675873967956112764 4.00660570320763209651
-0.17958462647612893903 3.22749630372584928040 -1.71397107534581216726
1.81131691146109297108 -2.60843499136875278666 3.25070834364840610675
3.47236310889954591374 -1.37357335432635929706 -3.59700799813548099948
-0.76313442984967050364 -4.38570062397107385266 -1.86051438107070188366
-1.52030857749099501675 3.86737303059684744966 -3.67716438003433232495
4.31604607129004147481 -1.29953614725638910699 2.95635004458690886509
3.29399246441234438976 0.74680180448819744043 -4.06128547581280940904
-0.97030430698225345054 -3.04161287621057185859 0.65936500215951099335
2.81641759465271857010 2.56924965798891413726 -3.96736926495983954766
1.27899388485064768872 -4.41401949426437756330 3.52030380780815210784
4.42259586243003166572 -4.02308127525672354352 -0.95470619562470249164
2.05831996431822528137 -2.25353449103559233535 0.80133669709155341820
1.46475198389223404405 3.10956460459065642254 1.93122970991958542442
1.97384793135146185961 2.58984066920432720593 4.28998612684998814615
-3.84902703034188764519 -0.87124263981675298396 -0.56158427435370406045
-2.79968896200771855121 -0.22881076873437944386 -0.69755241340072338119
-0.82404698073056348306 2.91434356248049031279 2.14717958766842276219
-1.34986848704830997292 1.74575669444421333054 3.92195665154681716302
-2.87097063148836362245 0.15717735514860287083 0.94330527556521648336
-1.55507510881952448756 -3.45746051722245129056 -0.09686469118689267077
-3.60228922657986982969 -4.47500942706745075128 -3.43880241230061090008
-3.19895675217400077273 -3.49632871738407979834 -3.82106321502375445576
1.66633217025115687449 -2.98470139086300401132 2.34238758555413628670
1.21962940093999794300 -4.45490871409505739820 1.21425258097087152009
-2.48736299669826754766 1.76540081327332298855 -4.48819379390118822215
1.15647282521965610869 -0.93073798965253828896 0.46762744811547918289
-2.31266158736071636426 4.46774912250693301274 -2.83573926881589022386
4.40213066286301479835 1.65975096068844063524 -3.84689970270218406512
-3.85437864150505005156 -3.61503355572857909550 -0.59843150563061175973
1.00541764900855756792 -2.98238913141491712722 -1.04547164815515447600
3.96118498443574207357 2.73182408230713047459 -0.70444524537394714869
-4.10998828699797780217 2.16944209116268904580 1.87357644902084619076
2.28785914717801563967 0.36235871889910331589 -1.29999269418380958285
1.96131638147577458398 -1.01984935966224643522 -3.97147060731947565415
3.95359755613952490449 0.08883188588307788791 4.18604577994820470366
-0.07418443596525747807 -1.66109056684519584834 -0.47929007359641140340
1.54927476789717744055 -3.51265712169064858728 3.15708663968625202756
-3.76876198209707435893 -3.39487200796920163270 2.81850512235792738380
1.72918658387429591272 2.91542405996386388978 -3.90142535768369036475
2.19549899088165911820 -0.41663490234428390835 -2.35299137559845705781
-4.28435197011800195099 2.59141324673967243797 -0.16966746402624366397
4.09221775088691241962 -3.67453316772125448963 2.93697035517155580209
3.57393871678130370384 0.13106527075758478418 -1.48876192436780963035
-2.17822753237509836310 3.37689674995613131614 4.18715371492333243708
-3.59755359148053477369 -0.23247124926933349087 -1.47437497437963926927
-2.12288127772953538752 0.96646861158947228176 -3.22253111560712035555
2.69174592385365230029 -1.91407397720002592223 -2.94482536056153820780
-0.58160448776409889859 -2.70488784336954690701 -2.04946191374081765346
2.80163169156504832102 -3.44527669813936077148 -0.21897943414751885882
0.07076668868416291502 -2.26699928468727573971 -1.49588931929437940482
-4.41450949175850038131 -3.97081336278075713864 -2.16872777960511475825
1.40500987094267770772 -4.01424262793294683860 2.24150972250953284259
2.47746995254999280434 -1.13316094581208215430 4.02047336241338992835
3.49552364643544510869 3.83909605034011836011 -0.50931672586963561145
-0.02335105179365815076 2.60096130439036965498 -3.08152038129779892728
-4.09321330936574145909 -3.33742843837037161947 1.16401886035568669087
0.56258011072937730290 2.84864219656641459721 -0.98573456951009541527
-1.28821314223842176006 -2.07945128151085434354 4.30478613416137090297
1.92917307259110604178 4.08941770331885745549 4.26638996171862938667
-1.22271606906842134066 3.57945985370831021299 2.93142228405157467819
0.10919112362120664272 -1.73136440074049957616 4.13520994361127502970
-3.86597488322903526381 -2.76291032469779773706 4.47168929152267491389
0.86864281699176437712 1.12628567734894069474 -2.78166919390956479674
-1.33424490062214307073 4.00913281632166818014 3.85704763773813308347
-0.32649433693079998875 0.81259916576004265210 2.70947597639516413182
2.18360916484914202584 0.07421847213699095391 4.42386249047230162290
-0.77560937279293273861 1.97057283572268993055 -3.09344506524888807064
-1.47656903928069027643 -3.26262579394362317586 2.47193693048104012888
-3.65170435898583711776 4.07659530735335362550 -2.56978182273427568916
-2.45398008170857107046 -3.42805983940826353162 2.23887876830250132087
4.53745827094524667444 -4.51722229716767831320 1.00461445688014983091
-2.29127905404391007949 3.65630261645744081278 3.00554197405044121183
4.06562275146910945267 2.30122969971743707163 1.14828583583680643443
1.36089751798831315455 2.62774079913445124390 -0.19276590520310943333
-3.52638508664657868152 2.92161050865504368090 -2.99887392120438978083
-1.10122992487569604236 -1.59767519128886181790 -0.34294424317901750499
4.51639305825526360394 3.58714058959648252056 2.90531752903008477773
-2.87141849697186257728 -1.75073973695788165372 -0.03988895635563771691
-3.15599853531565566200 0.73925066946443873661 1.69818902044607789037
-2.42459348602263924377 2.51001370823555536305 -2.38897696891281396958
0.53159919000772859476 4.07925479395875623112 -1.83257605442619908587
-1.82240156993161672716 -3.35873949054995746266 1.44831069329418227198
1.42129066071383824976 0.04898577862754027734 1.76053732554734754245
4.28879408837362863238 4.39753706808238487014 -0.15808286131715121314
4.15934974848302285722 0.18693854948902099977 0.84196450675712242173
-4.18958157938671593712 -4.18101572558628298282 3.49727275932939729586
-1.39565833437716113608 -1.82597440264087973461 -1.31973273674186852844
-2.07625248213654822749 2.28471084942143498608 0.56855368478976675561
4.43420634864865181868 1.95994788167839661952 -1.19391308174182420032
-2.40106031112387485749 -1.18081342952965551163 -0.88751749751308661729
0.87619021373246486206 0.90215878240378888364 1.82061226927137465026
0.89896119219768788611 -1.76526525895992580928 1.45747246594298296429
1.79773789448786480705 3.82767542357372558826 -1.96542087291781797376
0.24474212354010838055 3.01118379629389476548 2.81322807395716356638
2.96182381599060740029 -2.58726753950374854796 0.21976108630246482534
3.94701574482678285705 1.06909475223590710868 1.49272894536812206212
0.20655030199924695467 -0.91477247289024044008 -4.13589993884711937255
-0.72743660708921797919 2.96263579132657550730 -3.78512470221976204954
0.83000015570675067522 2.13708895678980059785 2.97790758811064293354
0.09721261520162016723 -2.91966129894399495370 -0.50790438618173094909
3.45420225753696463755 -4.05621633742937159894 -0.65330222669539317337
-4.03813372228783684648 -1.80188671858248117275 -3.95133640983734402141
-2.43689604874616216890 3.70735862378078007140 -1.37745064043008635934
1.94636468693767472615 1.30772792726715625378 2.22507662024264174505
-2.56188742324239671078 4.45613335566092327866 -4.04202908003981331575
-0.92540483475707135952 0.06574266577509479959 4.52237424255371944781
3.28494652423376454209 2.89146661360647794226 1.63003420961807687917
0.30220812339970581917 -3.99764722493340318721 2.52753645795655579320
-1.55724034001009936645 -3.97086656652461744699 -2.54700492573516523720
-0.32116501606958447468 0.90926122454339530776 4.41338404697636210727
0.13546729467320872686 1.51566861023138255149 -1.95112563128553739844
-2.35396663219806212552 -2.46491853746476463627 -3.17980518364536113296
-0.22563423207248423097 -2.56139123051091299743 -3.02170075282357908364
-1.54473564689215914214 -3.53364667476655469613 -1.35284161683802839349
-3.83175394590370910208 4.34747374201098946145 -1.55452200715785116003
3.39335604164851734055 -0.96621359380972959841 1.23755394725476097761
-0.81194304954668172769 3.94010807738644164289 -0.26767688611575302104
-3.50530074593392226845 -2.56281865184371637767 1.82766463496446984749
2.27150643987861311501 2.35109485003133311665 1.60925873410967312793
1.22554113112928231288 0.69987370945212923345 -1.09169710359079141782
-3.15340059459004562470 3.47124419951369755921 -4.21039472136207315600
-4.32712983422248065324 1.19823359269602303101 -3.05162849745919695366
-3.70998420234741743684 3.74224756276823367074 3.69417293703714744169
-1.82790254822957187741 -2.41480988666806029030 -0.08239404764126678771
1.55233475704018175634 3.61111112042467663485 2.86735046952748451332
4.33580130160403509620 -3.52787002804134308676 4.19333328315429643141
0.63972131580268687401 -2.99196688732689120016 4.18890804084921253292
-0.22972463857077940474 0.12394196248334576893 3.80457705526933498419
-2.39180455307310291246 -0.60948782886955576998 -2.78923828646149551957
-0.22833263067467690632 -0.64128499009116213259 0.03629390835153412098
0.44848788355534807692 4.48729937461383965314 -2.97461273248793212076
2.92469647007716826437 0.17456379793487908358 1.97552424703631412939
3.92673632443244979839 -2.32692290488205788535 -4.23359135411889297984
3.97543371318699012562 2.34764344358927612433 2.25821050817758717244
-1.17468814685307432200 3.07416314067396090337 1.13137387543333378659
-2.12966299382254264927 2.49990851301018857100 3.51663016148853468934
1.05571211715769663897 -0.42793370444606093628 -0.81442010814944776342
-1.44509984485088693873 3.87185877647961174119 0.50158526562932692627
-0.35863137348318208097 1.91925256332882820942 0.97763299226741740000
-0.55313409057354201437 -0.09168799218528711492 2.12386545724424458115
-1.58670528002497013276 0.64779730845090011115 -0.95622266584001458511
-3.99360081296532198891 3.83101778563836159464 -3.82171505041696590865
3.03086615875513754048 -2.35618392267281961949 1.56032083610824034992
-3.85514070860340130054 1.03764998573949274174 -2.03248483238020805075
0.66040131597420526077 4.06977789201017170484 2.32083240819656477782
2.00036860325998500088 -2.72226468270056720655 -2.79847317621455582426
-3.72986641489377435121 -3.96459949171618886155 0.27878940228410797886
-3.04339990308785779405 -1.45125203208473951833 -3.96541902901555332051
2.36624880541615656426 -4.27446061617259065457 2.83816923034070445198
2.32260194263754460309 -3.10461467626134801634 -1.34133818514163971614
2.65475491301272015221 3.18159073323880203787 2.53857143958761444225
-3.71751912115190785713 1.50612062991236861365 2.52627498395634741968
1.88033591746701400638 -0.03363737761907437118 3.29581533663653392097
3.86713056502083052379 -0.88837898569159889917 -1.00781730633952193443
-3.32319944880987083735 0.12780676670716317744 2.76018585860399934262
-1.08427330461326043576 3.06670778866817705932 4.29979977898173526540
0.88530767527065634681 -1.94063187281039839505 -1.01098353592064871265
2.04175986415620780434 -1.88517429856465934535 1.86724166929150303673
-1.82206485579839672084 -0.35822870373897064411 1.35486386140346315443
-4.26932710944866666836 -3.86114246377939718258 -3.96405177601089153683
0.07417083904093857427 -0.14327786627653615881 -0.82407270139622035288
-1.06950113425346149398 -2.45104761178554308998 1.79793351662872247232
2.27645579160258026974 1.13257256911387305109 -3.15399013747175205324
2.66539244349615866980 3.63163100018785289791 3.48822100810029400719
4.36836639296864515103 -1.47454889597673810542 -3.08485366445189690410
0.37188335120174631498 -1.00326140415635345349 -1.32384542332305388257
-1.37314727277103720837 2.98656025564034077746 -1.02668385668937034438
-3.25954302326849898463 4.42910616892225927899 2.95165853899543240146


