315
-1.90655030769890299069 3.64529738449055162874 1.90775614860185971366
-0.14141613229477467684 0.79202196016348391794 2.14975581409317939574
4.26693153883820652794 -2.15721450154379468245 -0.94183793844112928539
-2.62011410624349672105 -2.82625075105526546437 2.15014919252907699132
2.43719130525617622141 2.99733650527360406812 -0.29885245552131500801
3.87982618678466639750 0.23570470511462904284 -0.46460430920354767181
1.87414585287955226534 -1.80777430936041305642 -1.74700763446616047503
1.75083121546139075519 -0.37027290289497738485 -3.82867173920523873321
1.64985995724083167602 3.99796074468952422620 1.61433729597147568313
0.09039573929128419394 1.05277337153643468781 -1.64534874445621071004
1.14355408373511657771 1.13601375707899521217 0.60864166376300055106
1.58025814334355008128 -1.48936594298749502840 0.66135603248369889684
-0.64298054661891157480 0.24272633575078117474 1.23775644017937569430
4.08970668425059979967 2.92616869518460287480 -3.87656532061224812225
-1.72745440709257191969 -1.02281787457101769334 -0.42981390308890166096
2.80277935263800248578 3.94589669044029189848 2.02259287737510629057
-3.90602655163568091012 -4.42637916812895415575 -4.19281912862126571184
-3.61548034572412824161 -0.32063200640468902947 -2.94545027802837067199
-3.82350201467231887165 1.07906813239906629320 -0.97342175044897771841
4.50959365311552939914 -1.72412688936524460814 4.14075254411316873160
3.67696364976432032989 -4.34609574778878826606 3.89019952398829271800
-3.43593224813238240500 -1.71737659605896997306 -0.58208651269204114698
-3.57700043253392419018 -3.78433221966048538576 -1.22434549976043527408
-1.88783080676488301819 -3.53524195334561941451 1.04263853388671545730
-3.62784496888418273031 -0.71004428451547907386 -0.21520914480114239353
-1.83436729285763444608 -1.62818718265926687394 -2.50085710909102809651
2.56141159582819266660 3.48184269866902251778 3.17010161004545576446
1.81951922843355085035 -0.15655880538949862313 0.77343392945970101948
2.73450349369160061741 -3.05699442034266777313 3.68695770015380031026
-0.23819928247871757776 1.52336105917953812394 -3.85589491411379192698
3.04844941005316272253 -2.18145323028741922045 -3.06853045348049846552
-0.84039973131749690083 2.60890348787286185939 -4.17764440568861505909
-4.12791762187349853264 2.08416491838511763746 -1.63920052172678420987
0.42057479363769534331 -1.44470601606668491712 0.33726777395174689644
-3.82811366670083907948 1.04496601756049933840 -4.50196636161129593035
-2.23198501673379556820 -2.23410273389447722181 3.57342306856432667672
-1.59469080233264026702 4.53476448418652733352 0.85749397995593312771
1.97271136996689744336 -2.50461419993177347720 3.36685166303399530108
1.88391108485817415641 2.84268920675239655793 -2.15990802579211527146
2.21963319865612351833 0.31450609102990956245 4.36613113967552290973
2.08089150540647960241 -2.99523972681144501351 2.30668441975249205456
3.99993889315789363792 -0.85425887085691654121 2.52790566432377161732
-2.75007144325664842910 -1.23180075104123876173 0.14468199331885855941
0.69684231401584639798 -3.86858821179058454121 4.17793872181906511543
2.66533340419719344538 -2.67637788876206572652 1.50508499379856885980
0.46317037834157215315 0.85340954306451788369 -2.67010407621064516093
-0.98478417069700530107 -2.74988125876823730209 0.79779683737899542706
3.76242683450313375459 -0.63387467253833085223 4.52980788909739562342
1.10347306341931439277 2.54818784520581953501 -1.16900436954961328695
-3.80255410936157289825 -3.01718210317655577413 2.39628002078439550360
-2.20842419191838157388 -3.36868514724890255607 -2.87229654878239859528
-0.92599900780904809139 -0.80868164337080816750 4.32013403457750921888
0.82325058428584174663 -0.50211044124900627850 -3.06831217451109417027
1.42978829259228046311 3.71944487532892420489 0.20658890807919938482
-4.45837330012386612310 -4.41136240859448225393 -3.31086837339866013608
-3.75266074844800723298 4.46716813099765364115 -2.52363370825112243168
-2.57090569124606815876 -1.18391663483440146010 1.20839744813298466397
2.94762998783302432315 0.92765641500657913809 -0.29621789013645827282
4.14530481395742800288 -0.98288731759900205276 1.13530986895560204175
2.00653628968640607155 -2.92912939391913917930 -1.12005894280036599753
0.32113648600011135414 2.09624734671247647810 4.15415722533179998521
1.75158450530399090184 -4.40809624321527415702 -2.61740797620402299017
-0.08699704059208634987 -3.10829709971621870324 -1.96397881781630445630
0.79636861069282094405 -2.54071359074227309804 -2.20391936610947514197
-1.18266563603251206871 1.98562470215254815997 2.21835493633761249299
-0.87457223283477336651 3.77410022673983203134 1.46140406172377712579
1.81540598189943747087 -1.03481617799331582219 -2.72553179902634878928
2.75713304611311027514 -1.00969509148406899612 -3.18453456428734416050
3.15900169182293222292 3.55369397055755076309 0.44020010146593335776
-2.68708014731273525655 -4.24517255287306305434 0.89573909364253445631
-3.79950858622838749667 -2.55783808419636882192 -2.63879591544829672500
1.99688077563006949333 0.81570853622331274124 -0.74284498905182161366
3.63621174817732661921 -1.42510749080431775582 3.62494923665892176956
-1.97340303528192118065 -1.28945698891727733582 4.19743888764731476471
4.17173893209049406750 -2.44295334643755701620 3.29241170921892045698
1.12738976613172514618 -0.36481852651007073973 -0.93043038671601685508
-1.47882791204048391620 0.60580325613277352659 -2.65264180002587979246
0.26250851790046247913 1.73517896270701843520 -0.41789387461505445032
-0.60370661471909192741 -2.34493582588418414403 -3.20558817340581292399
4.43052312662816927258 -3.41929956542348811865 -3.73174798414079766928
3.94868383404057876618 2.85841552864650250143 1.18211590637408736626
3.54963246662873022075 -1.56196298267804856152 -3.90096560191012420304
1.43024734733566472045 0.70527656080207368205 -3.71952318134849546638
-1.29989135899639540739 3.48880969253295258881 0.32633899900021123841
-3.06483724566049131610 2.82825880483157465761 3.46850930389655953689
4.00796591830600323902 1.58392581255905007254 -1.18082573176693861328
3.07839506443902966026 2.48463470959148224892 0.81358595275678435854
-0.13991843078043419979 -3.36366763036271754217 -3.17972173048479422874
-2.40617822151155147381 -2.64903760879776406512 -2.08928944638720137661
2.33936363161169769143 1.32256741712044867398 0.47247157736998701694
4.15242445881785027240 3.65182106873070200237 -2.88106786812562409850
3.41436550159238993984 -0.90036834464815740375 0.34405559538576735434
-1.43558401445783268002 -0.40947708225111423275 -1.88010178171461950214
-0.61237767630018780096 2.82106046791340769886 3.97527952979855481175
-0.22362240745538919384 3.88209970285082395236 -1.40082177553585562890
-0.83721679055904285605 -0.27347973672867098571 -0.71784835590463202948
0.76900785370800051055 2.02548324049172556727 1.61394883604259042897
4.39350523304767737187 3.40206935749147998393 2.87345761384217102119
3.05986037091403062504 -3.93809585872020928576 -4.07744342468502818377
-1.16174106633812890266 -0.81628092849283850896 -3.64976243533611421910
-1.04804886637470096034 -1.52788599493430643506 3.32681375952260527384
-3.16040817335992141324 1.63281763618884578904 3.42994090277939189804
1.75454167940504834888 0.69374827426003093933 2.51987152643652034811
0.99540320479571064993 1.05624761674000655631 1.91786660924422935892
0.10085343952496206299 3.62983022041511826927 3.69903890683487635016
1.41195703692568397258 -4.43439559084521395249 2.67391025469377208168
3.44757168453739826219 -3.59513727527235271708 0.35691720790562619925
-4.47624956151693353945 -0.37230957438855405428 0.33850121462419480167
4.52639606835365437831 -2.37604495405075732961 -3.48404625437588988390
-0.72797329367697161118 1.02664610198220351833 2.94127983306318352419
-1.13119446268950252232 -2.79088559629415300378 -2.14892115800707594886
2.12082909357188054145 3.41305664124339358523 0.97891341034598600146
4.50339269415029175292 -3.84721073102738042593 0.93107093131876617065
3.72494297565265153338 2.33246750289296844727 3.39906679649237819518
3.17299088384037109023 -3.75338716558816898328 1.54553187796198976400
0.02318625353172887316 4.23770276203467677334 2.78735008647339821408
-0.41773828566016124597 -3.22123507503948935948 -0.34400779330180597526
-4.27769625720510493494 -3.70763168213695504249 4.17870700248920368125
-1.41567448742058843436 1.30065833243939632524 -3.64127637612428278757
2.73973913272614932879 -2.21517429208219063241 4.19960404960903144200
2.08757574720470273633 1.57931577727163396929 -2.33739583166625175537
-2.41307781572369695056 0.24031393589533411870 4.23390372462839525980
-0.92070388606519015795 -4.17778220923327037184 -2.25898749914503937930
-3.93216743621633302297 1.71193111134966358122 -2.62630950893591519346
-1.59754170107187487559 3.71530553334514390684 3.11842313553698957662
-2.88040607119746150389 1.01535072241059420861 -3.88105321131429237269
2.97187539891456520280 -3.61241233306287545801 2.52374167639746893599
-1.25477355100758103390 -0.69450082829281178931 0.82089050594747359213
-1.96911336463428865429 -2.58715097033478080846 0.38965390989161985402
-4.37523972905003066813 -2.35322347367176298860 1.59193633363525766100
-0.97965309803474553974 2.10090528101448725806 -3.20227265188068166424
-1.68427700832619198223 4.32360244797914017312 -1.76338154507768773982
0.43332788313605430375 -3.63297764639755316196 -0.96496625404795599579
2.98964244515609767205 0.31051384514833380024 -1.18211536799982219748
-2.90110753594651793463 3.77898803730923393829 -0.35966934464036270924
-0.18710023278576226602 0.79482328105867150470 0.19194057969690714316
-1.17323763912193257397 0.81425929460647328284 -0.70639996935837379155
3.82408040174385899235 -4.40413134763490887735 2.06182511985075667127
-1.68795280615699017090 2.71746731543445640966 -0.28811811802226472423
-3.52734357641069173894 3.73664406323193976078 3.88111116801802591425
-1.92593565110426023779 2.19010631935583433005 -1.40824392530275144253
-2.72445560660167052092 4.36332668189141426041 2.02739825731256306796
-2.50031143058567772997 3.19948569792278103563 2.58687223468188598474
2.30587767406246690882 0.51789225948149741896 -2.06454751425894666994
-2.39080189402599607718 -3.65759045525561710122 0.01054659799648582919
3.62674040000711439546 1.38810399163587927518 -2.63164586551084989097
1.24703573145376456210 3.52410793346893402855 -1.17107872690722736309
-0.62477686375040697442 0.15975685770635017491 -3.57659631265753397145
2.01488844007576073381 -3.42286409024068438711 -4.00225936450900743324
-3.17853214660343752485 0.46065565502473759807 -0.45559202657351161037
-2.40546871721008059808 2.84444105919825407369 -3.79721692361805329696
4.43705496727314052663 -0.08183047284246036668 -2.27414527980565850385
2.89452103320321274538 2.01636451753035483847 -0.14887766500769394895
1.00305325310945292472 3.52686514667167028136 -2.21461652015404375504
-3.04480967196552576581 -1.84849801250009759812 4.21257204988976940996
0.41115221072084384701 -1.07735702217802487013 -4.12238944574532606424
3.42058594129812743034 0.36355693274027700568 2.13328777207694741946
-0.71736479550353982049 -2.72411092361367312975 3.59712222323220576214
-2.39595627876755568053 -3.06230583289377067402 -3.85613129967916945517
0.58251091941976973487 4.05328728818068473316 -0.17437052532786001535
-0.59824293501350922497 2.56824858791925247914 0.45515950315163777873
-0.97306349940628633632 1.56681084704351469838 0.51939128423135905166
-2.95917343454888470689 1.04403413158070623723 0.36552375147525761889
-0.13241459466177651905 -1.29662455436564982847 -1.69692222931544467457
1.72548820453672036024 -3.57991180428400967983 3.69435909343477408839
-2.08864593529497799551 -1.97591711788758939150 -4.16470394091055418073
0.59977532061023453025 0.64003865737742327013 -0.77829319436852983927
0.39990640888901118899 -3.89062064711737942702 3.19880230064162507375
-3.97275814170267027592 3.73381179953129649363 -3.79184045478408293661
-3.40895826775856036761 -3.21579766342206108121 -3.42908179692978665187
-2.30755986123608325400 4.11625867568306080813 -2.72098227862073516192
2.40961494584054225498 4.20139718422816255128 -0.55246269301205463975
-1.26042289495640824626 -1.81529821452436390672 -1.55754454244394580087
3.19451122397971598588 -2.59496421595785431435 2.49990285910365184208
-3.78908388484336100532 -4.15091969422614592844 3.11418221358863522852
-4.36745463361994623597 -1.17155149854035212087 -4.01728794923985965681
2.81031293437467066809 0.52188382617156303667 -3.39627378064691187731
-2.37461842081082297184 3.45887977275031133217 0.81255192954864341459
-2.74742823069189778806 1.51491602957465332224 -1.02406636593325162110
-2.61398209001377690441 3.14025344205155843014 -1.15557337901418177850
-4.27685258504469967278 2.65866889283814078482 1.81858839905827718297
4.41541695818731394496 -3.85728032710482349188 -1.45943986136388215158
2.37132460421365731662 3.59063067877456898458 -1.59852887058236481366
0.25286302467863741583 -2.43475652070119918946 1.50570629168504499518
-1.21490485694884720047 2.71717856059606610586 2.98724323596681529125
3.92171200605864722633 4.43360258451527489143 -0.31976680901861165296
-4.44554367859418064768 4.03206799559094886121 4.32575565320966060057
-1.08259445216757210773 -0.77208397528557171086 1.87635727025239518184
0.27335254110309481490 -3.03547827187394636539 3.63152220868769060047
1.19462390337228452353 -2.98786138458739802815 4.48509022798731837867
-0.18402592900941616705 1.76280852122961917416 -2.61261275389800129432
4.25136044778412891532 3.15644163149656087342 -0.06758695703628259110
-2.46898823616904472544 -3.37633460036353127975 3.16963472937488077719
-4.17907827303951773246 -3.54090943472766772615 -2.56828354780370116117
-3.65713727175458824803 -1.57836979943148136840 0.44648028710906917382
0.95542522197128132433 1.86468596333875868964 -2.81836326061327557824
4.22649471317751856958 2.35045207205725148469 -2.43056661836103282681
-3.03380272648500648458 -3.46733243837718729807 -2.12178786142070840981
3.07910429889181802565 -1.51164421439840257477 1.73528637294565690752
1.23500574316659683660 2.40606511387712007632 3.66865599518244156485
0.34317615810374046958 1.43249706141368093881 3.27676804684124522993
-0.23679825168731838403 3.00092045022556686007 -2.33406530878363405179
3.43000021257188425494 -0.68674937727126339482 -0.87083834993628972398
0.97623730969316468986 -0.77537047189011687465 -1.83890905395781878440
3.64802032903392881025 -3.42060688040708349433 3.38204603514162815969
2.75119000180296513491 4.50483423979657171543 0.60933441228881335405
2.63417375364019346051 4.50423316428236564235 4.12176207539408334668
-2.84523265560015792275 -0.67776225503733966704 3.55772325469558747812
2.70940088222012764874 -0.60731936837486610870 -4.23943604425824815962
2.79977675910583823082 0.19140577902324285020 0.77583231069558244997
-1.24464924528831133443 -4.39728446827211438830 3.87216069060257961354
-2.21342816122950258872 -4.30888895625849244198 4.10997061781687644810
-3.46644575041978209029 -2.04927476529877905520 2.02003873660956667635
-2.67200833819183758422 -4.01255020754111413339 -3.57667072300991240041
-3.67465563917644910674 0.05660889668435764577 4.29090282237789022446
-0.90885091931450201486 -3.39391864455272829204 2.02098101325342138779
-1.58747960602895998861 -3.85236387830879989380 -3.73311451396177140793
3.66715997640264301793 -3.63813778850210933768 -2.58904413406058964142
-2.23017155131925415290 0.71000294735507996080 -1.59512582193005947317
2.45459455702292128620 -0.90773136813957933100 -1.55446874840209048330
1.12657422132683748828 -2.23772537774235313890 -0.83424046703130905200
-1.61084818341122826268 3.88158250932849124837 -0.71224708693791694003
-3.78358034644059859630 -2.64416859652626667909 -1.50234600340234303317
-1.35437125593964147185 1.68155621573195279694 3.71764863949617474503
2.10535347338590206334 1.82965110188711843620 -0.85549535464651071948
-0.67339189846743696677 -3.18516385446566774320 -4.17905833002684001798
0.36348753883987683366 -1.71403328018323364290 -2.83144553697356204935
2.54131739356093788729 -0.51905371003641587180 2.32508052234149698023
-3.85548886338458007828 0.72675133242767664399 -2.24466372258072954793
-2.50168076664152705391 -3.99227810454388754025 -0.90630817883111625122
-2.41529494242156994588 0.22223751895723875549 0.58116860088312805033
3.80054501157182667015 3.96641259115430333537 1.17654168055464669607
-4.17504390409563264086 4.09599160686628049888 1.23581320843432873602
-3.73191465463874560982 3.19881085577594426184 -2.59965519725867588718
3.89532487812818484230 3.32572582828584639714 3.87111293383016974445
1.78981591259052041920 -1.53072197962858336240 3.82060273982488407540
-0.55822209231214170444 -1.84646400869041027448 0.48431801522346695776
-0.01976863925263394606 3.88056602413160423026 -3.05704830388779225103
3.82856165611606069632 -0.06450088940313669639 -3.41244934986260517462
-2.09435139864248487385 -2.23451552586220492103 -0.87485296226241482387
-4.43365493022701695480 4.16089046164708076248 -1.36852745463385305769
1.22401094221030604103 -3.04191558581908250147 1.50941088480408414085
0.95020388174710479490 -2.78584024082673398226 2.73711964588841194512
0.39043979744537615773 -2.42019634505413083758 -3.99828325684684360297
4.23619093603157903516 -1.38593306439481045444 -0.13052634959988385077
1.95666345158492038792 -3.70613219573719820943 1.55374410202565815808
-0.20034969272318647882 -2.77255023776484543774 2.69379986981314711869
-0.33286698515446655477 -1.15859645827509449845 -0.56808271510144869865
2.37280313481103011242 -3.40906819773323954692 0.50362618818147186772
1.98443688536229068120 -2.01711169676166646170 -0.08087266335003207018
0.19873310115068765214 -3.79155887646896161414 0.41363938946894673876
-3.59902147413189199554 2.94665578427096441771 -1.34347616054580232259
-3.40728205184639332259 0.83037859384099910187 1.51903133977100424090
-0.81165514347239264836 2.22979923791683898315 -1.83512063686903026394
1.51425997377365373353 -1.01643082917287586042 1.75086110576718567700
-3.19669842619700617092 3.85363678573505819003 -1.36995312117220802151
-1.04839943110029487627 -4.46055894820553877622 2.20321454512687164851
4.18170417908781910654 -2.00765501998858697519 -2.01796184553923829696
-3.49239610562129376703 2.36334302167907495118 2.55662604850047348037
-0.53693071261770786151 -0.95099973458004782856 -2.73389615929201923450
-3.56791235559873065597 3.87383891232782229253 0.48552182804799315363
-1.62492510273264834098 1.57230059012817413588 -2.25236992691972037761
-0.14063678554089520389 -0.08066583948625449807 -1.56439275936204724715
4.26228809774423300638 -3.07243754958611425820 0.43820608594699184124
2.29849670720975485239 -0.27846053987755681192 -0.67949089219977221177
-2.85356024960797771683 1.40372634396879014673 -2.30559984557524799698
-3.22021518642435200519 -2.77724025900991833282 0.38411432662759903423
0.25252919309882493337 -1.52811221474544467469 3.30401418881693142993
-1.43612411273865525629 3.08818038806526562468 -2.41668731445221762755
-3.73934016278305980663 -0.80874133426269523284 -1.87570297801331697940
2.95173979611575099113 2.68484587750833636477 -1.07397934758681046219
-4.37409195370841885619 0.59945606818261509829 -3.18644133679727481478
-0.34785735152342489584 -3.99739731087473959548 1.37951664698974951762
-3.65381098805933257623 4.10933917494256828462 2.32510571064029392119
-3.32070861110418080742 -4.04193784329178029679 0.07620471923057259289
-1.74101369177618270356 2.29001079283646546969 4.49151242785208193453
-0.04867608124022826388 -0.50654882895856445657 0.11075053415131996815
4.01687857131990622150 -3.10042757716745054353 1.93114119989937371713
-1.78252292199872819367 -4.33559260624725695266 2.85317218883785539418
-0.23360635257276030075 -4.43096970262152645148 -0.54521211599052588070
-4.48270378679793513044 -0.14948189871577799437 1.76192286363447969677
-2.00531717461449110473 0.23080228499049137980 -0.65317787506074509452
1.68498044587341144762 1.58884879871891460112 -4.47125906569727860074
-1.92959430603925730097 1.10778949063909681882 0.23240741471898918036
-2.60290843966846718871 0.21318619626040558046 -2.70058710301122983921
3.11205012583910889390 -4.51772225724953013781 3.02002315251377684291
-2.20665091820561087843 2.08708224012944132397 3.01683166675149561087
0.26313049692317846961 0.07679126298767258163 1.57268207867489540064
3.39586617608941132573 2.60620682462139896529 -3.12047399045140805285
3.92126228582808966650 0.75636120243493820681 -1.71458229765706215986
-0.08725266324455560607 1.43460232949118715595 1.19103426652476240832
1.12041408287167865154 0.32353113963429525057 -1.78271785270119575983
-0.10306708174403134137 -0.16332932774172537194 2.68719004966320440531
-3.12715724725172439236 0.25730111072537376060 -1.64829517499780875411
2.80985405014569611382 0.97413140967376321555 1.56767853399234624590
-1.45330482627567647569 -3.10795537430355794939 -0.89517945884755345531
4.08055824622685126002 2.82796110328907257525 -1.15549954844224300743
-2.74382659728734124016 1.83203199162613294959 -3.30802912876211463455
-0.16882698158015418954 1.86075586472067211474 2.48785520653394076618
0.74579288735395898868 4.41198172973861257873 1.47857147162264279672
1.12073643596261707245 1.35854900449405580076 -1.51503479104532434718
-1.51587716460270494068 0.23322774613355523599 -4.01705964932146297741
-1.53071084795117462463 -4.20427244959351398279 -0.33671746418555947855
2.39350944728260905947 -0.91078607549341050742 1.28472877546183283926
-3.89506693318729890763 -2.98773126448751735751 -4.36466132309540721934
-3.47598777269116832045 -1.97861745168649871829 -3.97896867289212741170
3.95829329072624513941 0.29322576601018823794 0.59929948798681031974
4.44761817471016751568 -1.04631516246214717469 -1.07373335120932633657
0.99708066788152116544 -2.18466682795513866822 3.74825327242555861318
-3.59773147747298027710 -3.46210026214634458697 1.45194143053824920031
-0.78132599230278554359 2.05890236666380399555 -0.66823478433808691790
-3.90361216435348268305 3.99570025985424148729 -0.54044654497915445290
1.88793881581840050643 -3.82487309495453464692 -0.29313943896257388388
-1.72361014876223395120 1.17118902247303768860 2.49925774414029877590
0.74359763943671008946 -3.64509717365922103482 2.25998462131706290279


