166
-1.98530172667215865090 3.87525416744031137029 -3.51163650428735785169
0.67992896475458763916 2.16070689605216781359 -4.42000112140398560001
-1.37165989195694315583 0.74599319735395042130 -3.47909382340608264172
-3.78966434633348958627 -1.95558399047169118035 -4.22327309805961892408
4.04076087363749980597 -2.57113269830941071348 -2.45681221726148901752
-0.33442343974080834812 3.28950559250108209852 -3.18470917117000418273
-0.85638549502415095560 0.68719315062778552061 1.01164087080371256633
-2.11193827339233219931 3.60949031604080783353 4.26626285547275951870
-3.43658349545389363300 4.46085347568195711432 4.28151324324176751901
-0.00790291820972655046 -1.47525424897434564997 2.74743207334684758081
2.79029230053773336095 -0.36396592502768143618 -0.28411003985715410636
4.04700985472102470197 -0.22225717515069298713 2.21123634320946660381
0.58059493152949137595 -3.80285874139390100979 -3.47182364563338330399
-0.75270939072942066872 -3.69742068151175251600 -2.23899181615626075015
2.82323966755108468618 3.51766681167375505623 1.12631173241902082793
1.88322905831011588873 -3.88463767325171405176 -1.00145045518214859115
-1.47023157695504469444 0.07482935877621610388 1.70691597243340975609
-2.11452219010517561415 1.88453927111497776536 1.24791534783908897310
-2.38281769688118538753 -4.07455441143655860969 -1.70200993290436519700
0.55126824348886138694 -3.31099815067302172267 2.60079242360345741503
-0.65543056591875981098 0.13813431627192596096 -2.83570662073101686929
0.09415108859304410771 3.99236472197277425522 -3.87593307236530160154
0.65085417949676394045 -1.32371373565572536535 0.64155760628526525835
-1.52512763236481685425 -3.28560269514985714423 -4.20298713814561963886
0.51318760264973573015 0.93933008126537664850 -3.54475581496004554793
3.09359554900813638056 -1.82923356823111848968 3.74217958464776234706
-4.35739836428497628873 -3.80540870504581052458 3.28296197649332111013
-0.89819185939980883404 -2.17690349390548076869 -3.31206633311903919648
-0.56576650001411943336 4.46749556451021856418 -2.81690870145897953591
2.16146682698244330112 -2.49163333457789271108 -2.09441837073184577989
-3.57809897980123681194 4.13409361250559204137 -1.77178531648803083698
0.42127518100140104451 -3.87134465665615445928 -0.13506251199735430646
-3.59305461432443529191 -3.83930633282841693443 -2.29611029680632983130
0.57600619438838140951 1.64388323190878526958 2.97157799002944944533
1.35269732555494304194 3.42848195287206003457 -3.78892903164320893339
-2.07002928928820839616 -0.78594564849425196940 -3.37280220423200605140
-1.53217448087020269298 0.82349534265462143168 3.37431133777061287304
-2.19025257201347134384 -2.16581561628603092018 -3.46592002992157333097
-2.24854905695238960206 -4.04447939561708036393 3.81456396028843780499
-2.76725292881758377916 -3.43279563179417390728 -4.24409911388018734613
-3.50531339564574473400 -2.92651894048316441044 -2.92706717403469962591
-2.03683034110332439326 -2.03665806099071033941 3.65325757368529746572
-1.53084854528260017048 -3.10723115587102460822 3.25624170893878783772
-0.39318246167089210275 -2.69164795215734509171 -4.05987192380074102260
3.29250105464829001534 -1.61831498239583426724 -4.05849357953683043121
-0.57207401521602818661 -3.88289909558653922872 4.32728293985398604349
1.01874489277867485981 4.34721476887259239419 -3.10877845931755869557
4.38925756217544726923 -3.48089447460372003462 -1.97749042600368607481
-4.04790536639511788763 -2.52702597040915799553 3.98685005715957974104
-2.79576553899292568062 -0.54832140692662401094 2.09426352871609555706
0.66120743702959483556 -2.41043421505349808598 1.60420230522841666954
0.15879868070888392140 -0.30208420489566645273 3.00893592421762701150
-0.62899066611564480311 -2.97330290032853827853 -0.19046546798958807756
-0.21640453929955061341 3.74835633629664055633 -2.13468288893827473629
-3.98710381765559684908 -3.42696452875411194938 2.13537205783758832212
-4.06274997464919795931 -3.32816838364628297953 -3.79731041279142766953
-2.99339242004429140209 -1.48495540797866976135 3.52149288735598897659
-2.46164213119131369822 4.45065486639943852509 -2.81220035738211127097
-4.20156607000164328269 -1.50533805358050543077 3.95370896175084940438
3.65611639062814131051 -0.54114404841743635188 3.98144652459491243945
-1.65129929874730052575 1.51884025825896262774 2.34957712578997668373
-2.79833534393447269650 -2.44821671912811655858 -2.22342621396814799084
4.28503377495604009795 0.37472803278906141600 4.18088849416484631405
-3.65695805352606528871 -2.61286668851603165464 -0.65878109258977701757
-1.56084522385724433491 -3.26478340593185167862 -1.39310129911381963552
2.30618024320601122668 -0.98391713395157776034 3.45811795429504975630
4.00852690857823201753 -3.57637848123583212967 -4.43190554087830168584
1.78137355455101697999 3.87964455116045936478 -1.50509109713471822545
3.87318143421792182579 -1.21644281170223855781 3.05780232016701791764
-2.54459725948165793596 1.60208788190270556839 -2.11475812376867500220
-1.82004250379705556639 2.91833061915356051230 1.46157786482357998636
-1.33125576855294536216 -3.93323528431326385757 -3.40819895396063010651
-0.59988259841970048569 1.26650633411087110147 -2.63009179465171749612
-0.61551439098849769493 -0.31434022665968708310 1.13391578148625260525
-0.57005345528730178017 3.60421567694448174990 2.16728024801328000848
0.32848153230497612043 3.70144961138103045784 3.85507565418356090703
3.59752953521708374041 -1.97877245763994302763 1.58702023018111670893
-0.39393667717722369304 0.44860133581012284765 2.00312086202515526878
2.74801209638539933877 -2.77707154546141055107 -3.10239282110603920017
1.95703333247794919458 -4.00531983147388359612 2.32688591044516623896
1.69743245360548122846 3.59855198641286033734 -2.60600817573666132532
-1.84890850130031214604 4.06420648167145248664 -1.60833665756939669933
2.12631398803753146609 2.31515391488229571593 -3.54793209922955732338
0.32718755373293717525 4.22104748985745725776 -0.57406721191951692873
-2.22816156055133429703 2.74477095654218938847 -2.16042261068306995497
3.90431583576186813644 1.42065998912660251818 -1.67980427250205721634
-1.80887632855662428000 -4.53697540006607269447 1.19075909774580956935
1.66616806012659690595 -4.12452332103623220405 0.25548729676312476045
-2.98137463847381933846 3.88057318697974107380 -3.97444392055908091166
-2.63123826635604363133 1.37164355111515501306 4.03003527284289031485
-0.94830182768017046158 -3.42493885011210430491 1.57162913462738185189
-3.13705811100634601729 -0.42225604517610548783 -3.65910838829531481764
-3.36630378751533543280 -2.21279373497671016935 1.20122403700285484973
-0.28480346444842830067 -3.28947525431784226768 -3.11812160530714121975
0.37716200399623822648 -2.36120965078793032532 3.53126931289283785276
-0.02174325404717070143 -3.37467071766470061434 -1.46051366450392627883
-1.27988595296258678147 -0.99588914770869862991 -2.40650518419967607286
-3.15982713370671808306 -1.61123267363583799749 -3.14765404358271227991
3.96731240930212702978 -2.47804884744211406655 4.13199874052316484807
4.31861943751647903156 0.61551667746854654695 -0.69468799406233694427
-0.27480801794290865558 -1.25322097284334166289 -1.69160500271949354456
0.33459072983575577354 4.34290339666341562719 2.58044363116298303140
2.05964337528603547156 1.39653111497840409783 4.24640138445796377908
1.61599404257931045237 -2.23032730079346430685 -0.62464024776634241576
2.11021038394503701596 3.37816042664196825029 3.92669207942861486771
0.95334102616343052716 3.24276317856904316983 -1.72406148879670073626
2.30715840120990201001 4.14437894068740053655 -3.32146504967367661720
-2.62428898103570995559 -3.12956042985560145553 -1.23723768578906812010
0.46057533932956662426 -3.23535358322071342485 -2.48200535435628832914
2.95164612376358537205 -1.91068363753840397834 -1.83492822450060355521
-1.36806808852982531022 -1.60150508133643798558 -4.22882733708263991446
3.80534283334343736982 -2.08274771436399674940 -0.50919283526768754911
-1.40533426523803939290 -3.79039465725417823450 0.09768127087926359309
3.95790404019340780195 -1.76932225884930316440 -1.56310153262295292720
-4.28134685095879774508 -2.56774331906239305923 -1.46487883291817455600
4.42300928687264427452 -0.48010549051604201054 -0.29365457858952481729
0.36740793995281162410 -4.30701970576044068650 -2.09426719917003278937
-3.67600684051964865517 -3.40974916746338774232 -1.26909620659148325572
1.45405746025303006519 -3.90400728621938819529 -2.19533112174684807982
2.40956402148917536721 -2.56445073862082217886 -1.03277956626833056220
3.89058321101506887629 0.26170244033392542349 0.10209144520960666824
-4.29679404531550801494 0.63470864319340591919 -3.92065910378806581349
-1.29915008550971489143 3.26396236671746109437 3.70422271038316441860
-1.95528091001961179529 -3.41127779162789224188 -2.67165691072120559113
4.01844729971716052574 -3.42672401664362125118 -0.02643528880583190244
3.65590882883707646300 -4.38089839515788437296 -2.45969480919514227324
-1.60347995065803017312 3.50893907444004593543 -2.68301171396007553938
-3.85872808114594967321 -1.91464244871028288486 2.81789566859939188959
-0.70655188739926666486 -3.58360719558772577997 3.04658690797931708261
-4.12737500911441834717 4.48372277696316157147 -2.99114876419850439504
-4.17005227037186987360 -1.93029059398029190220 -2.77284424123213790736
4.04981272722095919647 -0.86652969323961981374 1.35496933137574959716
0.66918232956157375213 -3.89424576491949014923 1.61096207414512893052
-2.50948668180804546068 -2.33991654347937272362 2.76596956358388457176
1.05335912484385740839 -2.79129577681456853000 -1.61374496652326371304
-2.03367439488907164602 2.29784689941848441208 3.78595958349359218431
-1.46317375280731543086 -0.48527485984735552194 0.42936313425341765537
-0.96354704004405977713 2.27848802678691964019 -3.52893393217603001943
-3.06553968916183716686 2.96073141077492341111 -1.29685809799589213398
-1.98544728002247472531 -0.92498184988623011193 -1.14448820691038655184
-0.77869628901846832392 -0.57422030554486536147 -3.90180427417351394226
-0.28850156503595147939 -1.21862152474639096056 1.66866903280271117183
-2.08417789921348983739 -0.19117562161187784397 -4.28871047447682318676
-2.59275962143599425502 -2.13560186632158277575 -0.64013588478377503321
-3.80799032386986802123 2.86106659145875408257 -1.99214932913350484256
3.31276238206172468637 -4.15454209449306510749 -0.63844824415355549974
1.61898647667766404368 -0.95075528346721505102 -1.73188281843380753600
-1.90382185315323182451 -1.06164883657841491171 2.02386546545750878323
0.83838556226872285038 3.09438427001767468738 -3.01799366625540255171
-2.68900986279395715073 1.97805145145888072733 -3.36455848745228003338
4.35495034837853101095 -4.40723032740390774364 -1.46854690078843441725
3.89017874696281662494 -3.29154730837367770491 -1.00735032740778152061
0.52218266057857931628 -0.45701518032983479145 1.82481921125662971406
0.07498788960376767676 -0.81936652158812250946 -3.33343465637082037034
-3.04408386219019710950 3.56421720904057526269 -3.01315058597511109539
0.21833498153695263255 -3.90182735893401622107 3.42994415555944698326
-4.24915500714453298059 3.82317005490985106775 2.83579914973109037390
0.12586861708074792432 2.01776806102227812545 -3.01887600549771084602
1.66956388654008236472 1.29909668379428833163 2.86945568045804488833
0.88094644200887639585 -1.91116912803003158317 2.71357268918190808193
-2.83703774710583989105 0.75906675383756994080 -4.12712399101579663352
-3.16214706138019518988 -0.58573233680769920539 -2.68962842362212883884
-4.04529770183812154016 0.59535949766936369087 -1.87326147968653655695
1.40982058598045600917 4.43939275347642148262 -0.63557482065257975279
4.39301983367457093976 -2.73720017401699955428 2.61863335987883605327
2.40265079202219578036 -1.95388913438820921442 2.83751366587611464354


