55
-1.13107142004670446767 -2.10180092148541985964 -2.60616199363777001352
-0.73338426807410295183 -0.77943806390972492082 1.86566215396300005835
1.15608646790136049276 -4.50854271469721101795 0.71324675985565555436
1.26920958362735447622 1.06809280648054727436 1.49173555676065472397
-1.93611827210226206120 4.29488830073400418286 -2.58627407340532622371
-4.22294995642323822693 -2.21782878658414039919 0.88117593657580339794
-2.70557584470285839018 -1.46014315688589135789 -0.00325072747346588642
0.68058825772226416717 0.14648083508539944120 4.41244789017873362269
-0.71165821136483220499 2.98482641707252227548 2.94926891739283991711
-3.29445136945211514146 -0.75810232742985661503 1.32286440323122800322
2.69759450276600976082 0.12184427612103654326 0.29491575842881179170
-1.86030570676079509695 -0.13371241419581281207 4.41643195737178029248
-2.94717028616372189731 -0.36717249505101978713 3.81680925628266631833
2.26882073609672385572 3.25755108552348104922 -1.51343020673611006188
-0.19049308793254393635 3.34616093887290499964 0.73465235486074753624
-0.42552233076067036421 -3.33220432577430258902 0.07817656960264951493
-1.62846227227266027171 3.44890812217230813275 -3.35723679330744095850
-0.11308240804982094829 2.95480444853635049185 3.79205440618717570800
3.12234880420554805625 3.79992241291203836084 -2.48652486049449894523
-3.80088377135297283971 -2.06296799923406970478 3.54283515921467628829
3.37387536024598055917 2.46161541929839966514 -3.47159490723185948369
-2.02392009767695402189 3.42276786897905527240 3.77466732207107025232
2.09684317693410893213 1.29455874244059021549 -2.74793611079073629710
3.02764754931016266681 -2.80418854742583745221 -0.71877542435555241696
-0.30705499940627234423 4.16825440356793297525 0.05334790852452808707
1.98492150080043305849 2.06446924439221390912 1.67441245807548355629
-2.48666502881761086741 -1.32562983730848849007 3.35860990555789218348
-3.14941741042769773884 -3.62741103612381898813 -2.26110152693137012037
2.70586098654037154887 3.37378576735420931954 -4.42903517759827458633
3.54105605762905373268 3.51146014807035111716 0.65295225672307211084
0.14369043628307132110 -2.92010586513612624415 -0.87378604964939743383
1.67188276231063781552 -2.89562791663008622933 1.69755992907629860156
2.52682897413189788693 4.25841839912212360986 3.05687326270502346404
-2.14320410000531191841 -2.16102283629152314148 -3.48582394811695106540
-3.69894480543010573115 2.24764334515623875888 -3.64297673133704158488
-3.48687714407376736503 1.58414484394645871390 -0.85762237425951415304
0.80536598890731969647 -0.20195955270428811446 -2.81301915728179929843
2.15485080169395626370 -3.28287992625253055579 -1.44818007595351705419
-1.93086986032978380479 -4.17063556228036436124 1.37780662154301314359
-0.80967992792668663782 1.54563268282012966637 3.11563476974333131153
0.26141794841712151509 3.81551125051614103967 4.22398085794809485805
-0.69844650111073125487 4.37185582571371167404 1.07046110153769280515
1.50837621877000316317 4.32988842314179311899 -4.29283416844639642562
1.60558348779443171850 3.64284170239327576013 0.08351923852634612899
-2.60516617767601355027 -1.52733439951284344360 -1.11724763771071122775
4.26339345635139377322 -1.32494617698276551110 0.20860917126928502086
2.56114279355828156071 4.36419622128188233745 1.53038995914109055008
0.11393559923824447822 4.03919953704334044886 -3.60113558107248366014
2.11538114806569677029 -0.69523861626175476047 -2.64317333332163251214
4.23646420390909650422 -2.30539583609176190748 -1.05523160012675187858
0.03370164781866424875 2.53604354867820269703 0.12863232582761074951
3.76730876543912440724 -0.07400906170024690311 -0.56996261709049678146
-2.45665932787177476726 3.22489811709515716842 1.11998812533507940969
2.27411851846824664136 1.18322827117278439601 0.69139084526414862353
-2.84592854095518976720 -3.24807395310082069884 3.22824380068460747850


