224
-0.37145525183820726767 -4.04844208044814646286 0.59481099662800218653
-0.76319286548444242868 -1.53219177405110684731 -2.52749284273830543412
-1.53561709612568009220 -3.97208490170305728029 2.95170640104371617696
1.08129724375112346024 -4.37906495423053243599 2.89487928126308258214
-3.80790909807595889802 4.43555347111656228520 3.27000365574460705176
4.40921393953908680174 3.86431863312285539536 -2.71282229133066676852
1.66675754625376981721 -0.29540429252348587852 1.85988576058902665977
-1.20103259727147060332 2.30583698760673883044 2.13878751392124311081
-3.60766693938293281363 3.24192542962549978824 1.15311859201580713119
-3.43876223020770499517 0.23647322962713879235 -0.19554838636610583080
-2.45092953358450449386 -0.72440783141499576203 2.87001191966902524655
-0.56676097716872675392 3.97958045985309727399 1.04794491179125959235
0.34330043848484681490 2.48771536789881420049 -4.49935121496774304006
-3.43432995433594712154 -0.25444765741895647437 3.00613489378526388407
2.77967023858620976284 -2.17658452321200712731 2.10896587907933508177
0.95417032545337487903 -1.16660328316176453711 3.03287482931870133740
4.13351296626991082661 2.33862467234909132685 -0.19599701459161522621
-2.32571229322163253173 1.62083591868477494558 -2.33739402377085969675
3.49003597790934438905 4.42336980504591092966 3.16833374243138354842
-0.69481817704487536247 1.60586727189658162729 4.21555969570593536133
-0.66087310405248000933 0.60311375719120885464 -0.40036019133604927589
2.81911626643486901145 4.24552655621887620185 1.77176505571598497113
3.74860192996825514200 -1.03636898847716985017 2.02950461748232502401
3.91878993036695977281 1.20270471854565919045 -0.45148916129613780868
1.67998609485851613243 -1.43655508455204428131 3.98956638301589716633
0.46095544389202114388 -0.19974405175860265871 2.31631049251830578584
-2.27377553041058177996 -4.52504489251686248252 -2.82986337850753066903
4.05790529566339852607 -1.81119038658424003074 -1.75866174203917635666
0.10706496021398415053 1.85963813289650392591 1.51179852846127271704
-0.81758862341212035219 1.07422895738309254199 3.20530978790449072591
1.08025059658191313616 0.67097723450372281917 2.32179285484769071246
-0.55350673226336466470 3.59054491459062585790 2.08120487684368971060
-2.06456740112558767564 -0.95161588451737388894 1.46718659679760410341
-1.14589864293641463533 1.73513183243032020897 -0.32083079576696249546
-1.64586427250676159417 -1.58008990923921821548 -4.17365269711709263589
2.28422307399777313464 1.08671296951743467929 1.98548551635702263951
-2.78789012635068988999 -0.73891111106981810508 0.25780818851925513258
-1.42783945500675324425 4.36770167259726793674 1.48439239808784595454
-2.77134579684037030134 3.60436301170957751339 0.49682120279039576616
-4.01210669145460663287 -2.33890314278204236587 -1.39754582587931786009
1.94983601491851388232 1.84078602405679792042 -3.10313180201208416165
-2.54549535049055952740 -3.76317490363843809575 -4.13774071685125477416
-0.28581673380053729261 0.55863441465064767044 2.52107307441085470856
-3.48515443100769761742 -4.25286194268456707590 4.47802534409385355474
-2.18068728773801945309 2.26820376399446921312 -4.36226739044635358766
-3.42224722293357430658 4.38652343222761320618 1.43604863995299414370
4.27951966829814889337 2.00744795652530161334 2.20647062759534673404
-1.39907785717657207059 -4.06928478113501590485 -3.52023099871612243916
-0.32623522484822675693 3.59731758565479164957 -2.47352947726105432125
0.74645901084549848292 -2.15927101973534574242 -4.49584206306874900605
-2.86070481995085712512 2.27798806173352907933 0.68654050434445679230
-4.08502438914277288262 -2.55253616789778536855 -3.10255823530103080898
-2.52947116553482675982 -3.58393574303742212805 -0.45706194853080361895
-4.03997709102712221352 -1.48684185011723712933 -0.78574919503051088299
1.99560270535175465767 0.52835060546626877453 -3.55220434075518687322
-1.12918195901224471811 -0.38587814504002437843 -3.26793030912106940988
-1.42089408264556027461 3.22597161307067015201 2.95671921374130786120
-1.64264929014892091530 2.92642993269852791371 -2.19258588092824702187
4.08502038091404440223 3.15123358182642920866 2.50907571761096992446
-3.19013328191440725945 0.04905630739373734173 0.99607777092304239375
0.92391524955527959406 0.18716895514541942447 -4.07666487201283000985
4.36439032599934062517 0.53039779211725424091 0.91520428237916462422
-0.21389809843733509354 2.02578794047707066994 3.28628457502909210319
-2.48456467633591282507 -2.25884515975842559143 0.44342567765497875598
-0.43656340074360766579 -1.52911721628405139484 -3.57633463114852956366
4.20018352880963252716 -0.37472829973184573760 3.24340199101381809754
-0.22110361515809362487 2.69590864566897980836 2.47070708930398996728
2.87822364823195897543 -0.70348472867115097173 -3.26535392094732257462
-3.03961459007431233914 0.92180233653599952248 -0.89467687793387717932
-2.01031258078195973482 3.88189688485869854873 2.37138454994593406155
-3.06797785614540918786 -1.65060620851899342298 -0.22909686944918483675
-2.84380231116576664974 -0.42928020808369993233 1.95626128068849514108
-0.13068387424058247603 -0.14667739645854371844 -4.07781177249355408776
-2.04423473714397285761 -1.36797791280358005395 0.56098328039760758656
-3.77471584019172379243 2.72125677468685367444 2.10069234215504785368
-3.01984227479117572912 -2.05858241763548210912 1.39535468005805807223
-1.92215178965075006445 0.09596443571761525959 1.35022520084580666122
-1.72491716537121142494 0.53134735331227567201 -0.49089146932711358318
2.93650031086245899559 -1.65728917575750145375 1.05946736005123920421
3.39393032096917490748 -1.12926544100657721970 4.15909606684489663309
3.60881542513802333616 -4.53705133929768766876 -0.38694808029547012040
-3.28053872778314081771 -1.31470694687558609104 -2.55924798619567095415
-0.92237889016889118565 -1.52134987314134750847 0.28624231715801418119
3.35711170288584614951 -3.54122448028093872452 0.75730860646801367864
3.96144915437869382657 1.68553885202789377473 1.27435335108694136608
-4.13705863485787794787 1.24140809746957980764 0.31190443770748288443
0.46491512954992586515 4.03484826295261722606 2.31264146737512010787
2.95161908800532746255 0.12681591380258971924 -2.25977879356211053263
1.82501394772188252347 0.44353632829278133443 4.07156129883760531385
-0.77835861466674272080 -1.10878469592637074470 4.45656795500028213297
1.78516382521869232392 -3.95749915450787526083 -0.16932739534982577112
2.09230106042792751708 1.93995542782639773804 -0.37768273676645058856
-0.07093483535812872276 -1.90213552888009651554 3.86344028653235138648
0.09291333006806201666 3.51685614295911630478 0.10745515656711290831
3.70203340507368761081 -0.09440299178281197356 4.20755044835856661933
2.98202136050816601909 4.39378022167775927898 0.77417096749715064163
-3.89839117352191388832 -1.11363962816769213049 1.73351726442764952907
-1.27588087528318183672 3.06021344907884351727 -3.27696547768354085051
2.88850980885470765003 0.69530932749500351520 3.47462321296139453608
3.02403865107587765948 0.08272499550597700591 -0.78104132792052194389
-1.12778554442039569139 -2.15864144440491090293 4.15198471350528830470
3.19037464897488032278 3.92236692162826994235 -1.65934075230878441687
2.83337181255552295056 -0.60170452516545225308 1.30550641618506180208
2.79075155896277049550 -0.35017306893913868748 3.87206486269123484334
1.07241941881490365773 3.47740471889884883439 1.25212194808780719057
2.06246068707738405834 -3.54408198806229712829 -1.77516740015300200639
-0.44314610840662815860 -2.39257317210858388989 1.12765364203068951809
-3.23438251228982487362 -3.30856250525174155896 1.79808736956709314114
-1.53652556956976749092 4.17439233301820511457 -1.31675000081359572235
-0.51694418380126450074 2.13498759408955152139 0.52488019316502576572
1.45288165818122205764 4.49862764181834773325 1.86009212043923266577
-3.59007610832723988992 -1.96833521363618446642 2.45323377572518985801
-1.01908024478650549582 3.49246911755771716201 -4.30490887195138505206
-1.58575688189420338503 -2.29144296813295378357 1.15630219041960380366
4.21548768418384067758 2.73606563674262126540 -1.32523405104129654575
-0.02884296488395055036 -0.25447281938347821040 -0.02080090295910963505
-3.44683048116188883725 -3.23748442983709772136 -3.56740302181365498413
0.43277660609851853479 0.19136909097945498104 -1.79132698083461150418
-2.28301722372923387994 -1.64019460727503085806 2.23666941700393273607
-1.85318259464018542104 -3.05255737708447849599 4.14461196715709245808
-3.35316226276397610917 -3.25816631490676966720 3.05815702954885182407
-2.29726805859108251795 -0.39016624275427869151 -0.73209426156252721540
-1.51201244233285514440 -3.18944409628263914058 0.01985544818915840892
2.53218564936427004142 -3.33420748364170282940 1.97732670460212389685
-2.22797809915840350214 1.97787129210363943344 -1.31548311173387011408
0.76423691490592648989 2.60846742738800241312 3.26841970581365881543
-2.43405292236215098356 3.47977857784146404896 -3.02051684619059734871
-1.54317123649663923146 -0.43988769073678657406 2.22353035315186264853
0.95229949990986462183 2.45754081412005564999 1.86402431199030260700
-3.53991115573311576625 -4.19030775858514914489 2.38751143373160168437
-0.11968186239213451927 -3.58796724567325941990 -0.63340572326092914324
-1.79712317544564381677 1.12719418744099098006 3.67192729567593989515
-3.81320588822099004744 1.07061194174951967995 1.72568671905459769533
-0.03800211658647345558 -3.26771755403015617958 4.03835025738127040285
-1.54934880327733992544 0.65591314281057044866 2.32227837904681511105
3.17515279554166252041 0.63145522483382698908 1.32020142781671978582
-1.52698537297762992893 2.81308309916545251639 -0.61770216633108265825
-2.58202858095869069999 2.38771194017326404690 2.67097410247093591806
1.01701395026665242227 2.06761366838398519263 0.83071199283364549615
2.91814316925918948442 0.59683857640806881051 -4.46528707531091750838
-2.78809880183973479717 3.94714014168885451994 4.10843089446969056411
-0.36272209396357002475 0.09081092005340529738 3.51594729439729203335
-1.34330441720100912661 0.69139864119205629578 -3.39697673667267352471
-3.58038883421411613384 0.76812202365349691036 2.88035524146931720679
-2.70500452551039893834 3.84767123946181488492 -0.77840585803464712455
0.90019420712049846856 -0.85928970269736604237 1.46964284071425321798
3.50584781256101951641 1.21583524206065796136 -1.74904464828057992776
-0.79745619250914590026 2.47422085853781847931 -4.37231797054891035970
-0.90287530950478966929 -0.22709589916923000885 0.91983704238141950071
1.68557204293483220425 -1.95832452163273273982 2.61182029554673356131
-3.04417934081762675547 1.24555170763211631169 0.26572011190091160415
2.68141464481302271849 -3.86386148519959160552 3.69328688975835728314
3.01335786754351708794 4.53266916229299976493 -3.19568110885484424344
-2.00774565352798717299 -1.53508722554364585022 -2.84356985269271778094
-1.91712116479902849875 -2.73171050690995054211 2.51562917743951164340
2.64491340049190970518 -0.96844777290019301574 0.31253828780687875621
-2.49606726883521812255 -2.52683690495903601203 3.44184516787845584673
-4.17318713930517759536 3.82059381093666150520 2.49726185799306676927
-2.53161132321138060419 4.21942241795714156893 -3.90667345180173430919
0.01664711043349775821 2.95373377079132115597 1.35006813565419658829
-2.14065293174060222725 -4.19912622929042811393 0.46421784244524033625
3.33111141414693268104 1.11136373177061020812 2.45510489815342669573
-3.01992668022721311161 3.55564260668489051653 2.14194580867492145870
-3.79712993944840926375 1.67387458414778667048 -1.37379442401900453419
2.08038754667187664182 0.18841645888673230758 -1.64660710463848269924
3.41146886705636553927 -0.00503842485339944801 2.07015609595453931036
-1.92475441975544381279 -3.82957957869151321972 1.96769899910715739821
1.87403688802797674384 -1.23749046099761095263 1.12963788622125438366
1.96156043040674887834 -4.28366458132018301797 0.93922951540970167628
2.00037030560444772931 -2.35464910510263392140 1.20564974284001547034
-1.66714241302868693140 1.25807922273908801003 0.48161661919708187440
-0.08046686419117499156 -1.45419635390049339918 2.92303379687386044594
-2.23698421829578508735 3.14995630760848310814 1.24056131821602377840
0.64992971887397210651 3.09107279881422858381 -1.24983383679445436698
3.34457216067344997867 1.24220466824076591905 0.47064910542365545609
-0.77150507253311628730 -1.22366806770472891230 1.45809396586190143097
-2.56356601576835130274 -4.30367399988469134797 2.71997316008307610247
-1.35093295368720767158 -3.44095172858603426391 1.03555572842018950297
2.71519807259842949065 -1.93327722355267450638 4.21830425362800465194
-2.81722930231194856887 -4.01560496538237288178 3.65644360580315908038
2.43267003342848919800 -0.09792759007245077640 2.52994002593217270913
-4.29761774129578366654 2.89126440184243360676 3.37715450584594911732
1.69795607853636365547 -1.32753397514257986955 0.14477607735226616370
0.53597016864887425669 0.84768216279316987993 4.23423641077703560853
1.86826730196145351925 -0.66073146150946993060 3.15715482948616621428
0.93267457395638420081 0.86326864744749620684 1.19065385577771198911
0.51336367731241328016 1.75606526131409879099 -3.40080273321113946139
3.32494511273125681328 -3.86187974970300418320 2.41377866467649404569
-1.56653326129179282233 2.57162237644025370997 0.48586473651855133227
-0.35437171983073234571 1.07897415371505278614 0.92795687175193020124
2.30376402103746169558 0.67712523966843374268 0.94874437105476960852
0.08547757222388430165 -0.93588212956822491861 0.85381623404713291592
-3.83557873160189322093 -0.43551394117536190720 -0.88812332052549258776
2.91040533130479683877 0.73325190952074681405 -3.02712524815160710645
-3.59615043187094007848 -1.38984848707686836633 0.58573232569654454238
0.41590755687084346448 -2.06154500850645483467 0.66681127214241264767
4.35759691343702382227 -3.97092708414677897366 2.85931782367087272689
2.74073081181333488843 -1.31187141937085982590 3.27181555838071069786
0.40640961351030480131 -2.03752866399145915466 2.23893787217629114394
-0.34589156901549689138 3.10793833790935547512 3.78703212509057163260
-0.42408589018997844278 -0.52779137909200546375 2.57969643630825906655
3.11694968664700855498 2.06853596870854250511 3.90137166434022386596
-1.62839866500355689993 -4.53118759764744094554 4.30659008072276439094
-4.33173797468772203700 -0.20733742772657404174 -2.50941415359375863403
-2.55790027564427102647 -4.33072328564840969278 -1.40462369272091480710
2.54715195235625380121 -3.32855605242461205506 -0.20693060806791940820
-2.38346229249726127009 -3.29995318152254890620 0.98695934893095227380
2.05198579849818418808 -1.65128918037522476325 -1.44702950522125339816
0.54790257177139878308 3.56342462498318024444 -3.40076859196551328779
1.74515019867670684306 -0.55057801083712698542 -4.33945332896398561218
-0.88595196509908635818 -3.22803411636950565722 -4.39572113533900932225
4.53518581286790745111 0.15326996152977567789 -1.48287838173146724330
0.55073563277982184871 1.21034221330821534224 0.19608384457734828743
3.81465124714087888691 -2.04301279749731934388 3.66521579887704884726
1.37369871987777170119 2.44743158542304239944 -2.55601513241501221430
-1.99941175986157748667 -1.40589843644341305762 -1.04783863746965799635
0.78224046749335052198 2.57147218087933726594 -0.12206152097333244910
1.56699345046268856407 3.37616826155479099469 2.50427221958005219449
-4.51560061805025725334 3.56698004261197620934 -0.84196670929692718488
2.22369412890979045727 -1.16133956588868691995 2.18745600037911458458
1.44694411924035559736 -2.92386486228444919533 2.04664286831030661773
1.07903834932737563435 0.86652997967799993972 -2.40479476532244351716
0.50869469912010334411 -2.46538487427865060653 -3.23307026539681574562
3.96487603833148494203 2.95183841298530857955 1.54101374677957103643


