170
0.39865005688692711772 -1.47906010459834647008 -2.94783578140766033826
-2.10247728178873449778 -2.36165269268424315996 -2.88406726281300107573
2.18598146808319970802 3.39282222333481886523 1.87923422037064380419
-3.39065421555754253902 0.42487944494560192510 -0.02300975585630116171
-3.14018202768642940015 2.44010639924046390803 -4.34994937646719037616
3.01318441216940957617 1.81329721652067021864 3.40072342153832796185
-2.71270046801191444530 -0.80883029372277537306 0.87781474357313626911
2.78602042697093477130 2.36302362380168862188 -1.03428442608188930762
2.34654196293836836418 2.19256979990213274334 -3.35102043515906045101
1.05910110505832832928 0.14586346044068498884 -2.93057210518551380929
-0.74943959678032001648 4.17697467978729708449 -2.67957918988704157925
1.65044123579192714146 -3.09153547029828157378 -1.28919805993710046010
0.91840349245963182057 4.50439761091869339538 -2.02629521974645321336
-2.02223567118830915845 2.71071575318592117299 -0.05155336768020557514
-2.66834670736780754652 -3.83284381167758914088 -3.58352882413320994459
4.35369222817943590798 1.21443816539143067956 2.09758969901463654395
2.10723002775771384165 -0.86084804415204496664 -1.55018864778691911610
3.18104879406280982579 1.84139596051509801811 -4.13950592606318945599
-0.43845935458442042432 0.77686444512387264894 3.36598623564607901670
2.44681312846812115680 1.28331456118458575588 4.21632827965647027924
-1.25749923250399309183 -4.28283676902873455816 2.46854983721036536082
4.23638895764748557582 3.23178187335383793055 2.82456156263630564496
-1.75801009207902270148 -2.24240872080173181402 -3.86653614795659361647
3.28548618889181565095 3.19117592376076508742 0.09075838756258658435
-4.42678502021628883512 4.25621993467335624217 2.40672246524595578876
-4.24031684405027142759 -3.38070078470188750686 0.71589438149562845126
-3.71663598906944825373 3.74757487147534629202 3.00952190535994468235
3.69611425865257370305 -1.88037714139592493368 -1.20234564393541365490
4.31011117559843004443 -1.40500362298151459939 -3.74334774134759529218
4.09429266073836739537 -4.48200235464071283786 -4.15388580255787331907
-3.95174986579930909159 -3.99717880652505108685 4.38759483030849484209
0.44791496450338730284 1.69383677765351858824 0.22369102564782483711
-3.16210837540339406715 -3.88599811474384448928 -1.09118747886628586485
-4.42173683482277102286 -3.98901533576747802101 -1.61192362467942418291
2.03441115642366643357 4.48072216157473857123 -1.31481037269865641548
4.45522515589681500359 4.02093339760749390877 -2.44472193128655534977
-1.89175043274133969362 4.07089245442289549004 -3.12568129084094703529
-3.16492407810769060816 4.06665635057526397844 3.86680337455886391496
3.90209907911742437392 -2.04283161132023405315 3.98819641513290878976
1.11674049594920177242 2.37986743452695392875 1.69624035748281976055
-0.58508919560742977950 -0.90913588570643844022 -1.48150413616159326580
3.89769234886079285474 -0.85902913614852405289 3.36109261001630965637
0.21491353972731985778 -3.77583647348235684760 4.32869980995480840846
2.44085239446486657044 -3.97244959631987271109 2.35895120304611349837
0.53494387825608313847 1.41315945221485339545 1.93617507978031877514
-2.33618974858849659526 -3.64459036169775085767 1.40836780841683673060
0.58037138348003836086 3.09901796508404725472 -0.83235409452526676333
-3.96427947675531910932 3.32650474089546044354 3.86538944824630359420
0.38367038381832951899 -0.64442891760642950771 -0.51732623678486788776
-0.84845153637729930907 1.55835507576622855908 0.46363884501573249253
1.44151356661791307801 -0.13500115684766189617 -1.91926861296097683862
-0.39501003148508395668 -2.34961920122629575047 2.95955465440069520611
-3.75737441645854630679 -3.26516735309594174907 2.01563754522511384693
3.25856346789825934707 -0.91195627964884540262 -1.87583942047114238250
2.73837546292531541781 3.01906979444610090724 -4.39948837404805459528
0.26073850089633587856 -3.69977262378626914341 1.17374291215574722003
-1.91090978595687266406 -2.29067253315920593693 1.66720171182878473815
-1.93567454776066405486 3.01742305921806863722 -1.37171719817735127123
-1.79521012349735320512 3.70353775079355340694 3.20026483125750704772
-0.60991271083125964125 4.40336630115423499632 3.13162954018391825883
1.41293278552641776713 1.03698320779459773888 4.51308524722056869649
-0.91960432310357864694 -1.68981507050244061929 1.00002529124991745846
0.65238149902906172883 3.05277102927728005710 0.97643726073526249110
-1.61711351911564049644 -2.09914816327931408324 -0.23142382192315036349
-4.43823820245949729468 -1.60602905989781463703 -2.21857705394553139655
-4.10222245783325334401 2.60356407051071059300 2.62455037497293819371
0.48743651764161288753 3.23410638240644399133 2.65830522883479147822
3.26365469108040517909 4.15815105265247186850 2.23156265919038521162
1.88227872479135083239 2.38637954555624265396 3.11287219650741864285
0.45583782878581846632 -2.58183966298898592839 2.18166113297953945249
3.14520320963189004004 -3.65570180626225837983 1.49783592274666510491
2.96304661672069080680 -2.41092694259344986207 3.56215788268386557291
2.26032075957007183575 4.18849057987467698894 2.85315719970431569408
-3.28635301586743144853 0.08178524962052069469 1.65329396972967401780
1.09018394013625030681 -3.92264469728273867943 -3.81974255826300934658
-2.74147556058108987642 2.47275424820587108599 -3.18601079138518894496
-1.50967367222626469569 -3.39133728526863142960 3.26111828488467825338
2.93539852266343892495 -3.93167900892032218252 -3.82285544490172535248
3.71574659524338191119 3.51217664459268430477 -3.89809383138471954311
2.71172096504325388366 -0.46051203401995355335 2.16062738114603991590
3.57195169473774054580 -3.53741895194349709186 -2.24116827167481202920
-2.65247520708337436446 -1.87090865915332749125 0.58561608874668547031
-0.40481994496712836451 -1.30521239665471044944 3.29162153291225845209
-1.50953922192162526272 3.25528986966326705499 2.26271178005611428574
-1.66184672153087475976 3.41882238172467278758 4.24151580625319635232
-2.64298307539120713727 -4.15876497178252435560 2.59521908455589933595
3.54259343659633696433 -4.06299224577472717357 4.22273012956968063492
-3.25451451063054975066 -2.03709210907861670847 2.58781976689570480943
2.50145063604426542980 -0.93064951975709853116 3.82381388776104014227
3.37526913807046646809 2.49442270205149529971 -3.18528397342619884469
-3.21009715782732474310 -2.07216164429233984379 -3.84857690254886231074
4.18991669044445114167 1.65645067523777100860 -2.24611578860118843437
2.03765923317341357546 -0.09046412436851092309 1.13247041946979276617
0.40242354757288367750 2.01364824921155527448 -0.77618076324601625871
-0.05765329163049770500 2.41678401781194374109 2.04819490245621160796
2.03425453133549716256 0.55169368910019223051 -2.59185598314115361873
-1.07348203138826914227 -1.18854958716812086905 4.28898533578572038749
2.85988565358861723809 -3.45123050003951936660 3.11791188219783332869
-3.61434751878135873682 4.12738655558036970916 -3.36120541538595052344
3.67788252671971083174 2.46034404030581210776 4.06520848758184616401
-2.35913999270073926340 0.22774360494190126758 -1.10126651829140165262
2.52294444156309527472 -4.43851965484564292552 3.73746777735450219637
0.56079912115185681643 3.87640411882398350230 3.56128375833413013396
-0.70460426987880042660 1.53354519606318007163 1.93747579767414546126
3.74131208556995975556 -2.19484048843905510395 -2.53806929098739786355
0.53549450034106982343 0.83899466867895355904 -2.26332574226023597319
0.11003025457363779793 -0.00317178025412712117 2.40779013685105347520
-1.87068385636056433441 -0.72647634367119007237 0.11321060066860599846
3.48380250048192419143 4.13045543784136182097 3.55746275532333822156
-0.20624750892322474272 2.21913004898586141422 0.95796593181713074472
4.07405346337466678364 -3.59899176978402213223 1.69924214086080205277
-0.45459496583244973777 3.58387683516100086223 2.41202594341652609700
-2.57283110283139881957 -2.60636125726633016697 -0.68132405727556077935
-4.39618926369338325344 1.80713493799277902241 4.00860700183882467940
-4.52440772234342158953 2.62094437754577835875 -4.07879627098237218519
-3.07575333538811968026 -3.86083815731842161512 3.64965807674009479200
2.34675242409228435037 -3.23285628524594148558 3.98056724289563756969
-4.49699913526894956561 -0.43114396514017805373 -2.39942404057427172148
0.74921910511190237258 0.07929715672196646636 3.39267150462108890707
-3.71905558067972918934 3.76179747665236074994 -4.29263888296882534235
4.32890014962006386412 3.00018532767310563969 -2.21514843351531665050
3.89838085714204307664 -4.35332122669995147390 0.97285454443570351657
-2.74276148032478905847 -2.95166094495616970761 3.00521625936591174622
1.11441185634455575126 -2.79992700755237011734 -3.20635319997145051829
-0.69501657395528093630 -0.25991787647497055502 -2.65404972026447483202
-0.75177162739498992750 -2.58484586342855271468 0.51213368530242053822
-1.59235534136993361898 -2.58723470868218230478 2.72028180658592244612
-0.12861132302779054726 0.81639456813949795588 4.46920017264968993942
2.73064191002042733203 4.14085455389712553398 4.53473943743732288425
-3.64543104145225482782 1.26464902987688976310 -2.55556346669167799845
-4.17190413801984671949 -2.12260740606606379544 -3.09674899927638413999
2.90265963714190089462 1.52052843471294352184 1.69278948765499936968
2.64849132319426949778 -1.78316707310790967256 -1.40002158163269019298
-3.84747303619995584256 -4.25132624996451813359 2.98787113389788228091
-1.87549964226085208452 -0.67473664132714006314 -1.72273067189364903484
1.01771763679503113309 -0.79893724468277493855 -4.16976107444284327386
-0.57265527701965313057 -0.66746314571322651332 -4.04251179905145541227
-3.94459599225637935760 3.17393218348885230995 -1.61234977735450346614
1.39488961264895916514 -3.85973839778973903947 3.71221623858576155186
3.03001569891110111854 2.97121478748183331930 3.00489488271319071799
-1.32248919192309521975 1.06869147951813747710 -1.18068541722266573402
-1.46550254366815213558 0.21255856278860818520 -3.38919448077934237773
3.66836133501810923718 -3.97421817621236872498 3.16970561491404456689
-2.69789264712917953304 2.33297583685988119129 -1.92085267030454698300
-0.49893700187116607481 -3.63588416869905950435 2.24272767258112448729
-1.81740344558320510160 -0.09125497924608527711 4.08363780576213120099
3.17861105756967798897 0.55574738940171908297 4.12780954157098900481
-4.04790774161548227994 -4.34034939201909608641 1.42362532791028773005
0.35428339665437391659 1.93449942052040135820 -1.87149970618513528109
3.68885504320159096636 -4.33137359112238229386 -1.62794172989125041084
1.69112637071403604239 -1.74049296161444466691 3.43813362499674735062
0.37405577239603537976 -0.40263308024525734652 -2.24852707761020642607
-1.34479880931967654689 2.04030129832190088024 -1.64159558031909291742
1.17632034488885128809 1.94381129733879820520 2.58607220545902105613
-1.82105910235991474977 1.34442268954926191782 -0.11731717914429840022
1.96123625711238513958 1.14434696471870012147 1.70248148144425126560
0.69436518959333692891 -2.96811970800815316807 -0.45417409173393075150
2.47054953235390861721 0.61212709755374028475 3.27118249821763829033
3.96665714768768484788 -0.80045924843412752381 2.30377112924953220130
4.50522199957812308213 -2.32797271224067481299 0.71233638665774368093
3.87544194921091378347 2.24388259939883649707 2.83542008927000299678
-3.50993832278412964953 -3.32858265211556991758 -4.01619988545192718732
-3.36694551986990919801 -3.45330999996327436818 -2.07757668541854645383
-3.96176194355945110459 -4.11039227183942390553 -2.66337482712419859610
1.55285371963976093213 1.85540183226910837533 -2.24129380237999553671
-2.41134834393667452090 4.36165053195100238526 -4.18727768083206974836
3.45249984963641676217 -4.45930077766812882345 -2.74271910960337406138
-0.23543574346867313096 -2.43703605228558295437 -3.63053670165781783297
4.08166028725374285813 -3.58366991682727942248 -3.22977337448118984042
0.58348211530701021843 0.37723355779727896220 -0.96700135718151702946


