390
0.04265057451863984994 2.81377978092598279858 -2.62656449958029369895
-1.59252055254277369301 1.29120130989848203029 3.10946384063785963292
-2.52442273858347121518 -0.16319891543809195156 -0.09234703449802061925
2.37240637212883864748 -1.38032384555203169185 3.24874259849619750895
4.26528948496301740789 1.83602085968526118620 1.66938086691344356183
0.42792329308838006341 1.01877290563882905161 -1.93462572555674938712
0.56780512751995537712 1.37067125060581673779 1.13340245953568707904
-3.66187064836547948588 -1.02665311299507422405 -0.13203071969832080867
-4.28447650075132102643 0.72951596300399046413 2.62647868665317663073
-4.11973914368527260876 -2.28701341879639841181 0.94218520303225705703
0.33121110816866572435 2.62635539396838257886 0.72104400355512154874
2.77018662052561293052 3.80590172220634581635 0.65104749557751784295
2.23529873918134214250 1.64276973033199258367 -3.95929502514775855104
4.33233886897435649388 2.55965913155142832380 -0.60516694092958545070
3.81174094125654061571 2.46436724885601776691 -1.45524610876619053812
2.68165112049165532682 -0.71565581957460677742 -0.19143843014152306381
-2.02758994225956801216 3.27039476757226310610 -2.41487658700154561586
-1.54918941604363169517 -2.66820599941735503435 1.19909589375698111269
-2.62029447114567970445 3.34902123172664722972 -4.46576086330838517569
1.48441436903459411667 -0.65056441669549558426 3.44487597021587177437
1.41186370178095987882 0.32009872918922077645 2.78977993797772327866
2.71788541738037192630 -2.66766417105320519099 -1.93008984656692161863
3.21126372922301595025 -2.62165829452403098543 -4.37669279424953927560
-3.37125870296020124783 -3.07445930812088397133 -3.02290650768108060120
-0.42140911449218432239 2.14397021156071598824 3.41974180527390103634
-2.08334317329222740156 -0.49985646598770649973 3.61177576915860765183
3.20485588171232649302 -1.27314828367228605188 1.95214926653916887034
-4.34289179566022465195 4.30820980884891380214 -0.58681054927398834664
-1.89419750034349654300 -4.31999986624917831080 -1.96329807504288922360
-3.37511186955687536582 -2.62936284122683394671 -0.09532378213276260226
-4.22428884975884955111 -3.07512599704192268746 3.33124263647295304480
2.78414978874768070938 3.96862136920897246029 -3.37575100663497229547
-0.72503530058223741861 -1.48481781213606200964 -1.34689824969755189699
1.35484386063538853051 2.41338821694716276767 -0.77300184669974214557
-2.39809209574626081007 2.38742731066979718690 -3.90141320141145042655
-2.66021356371213624215 0.26401492831493289515 4.21812626337783225239
-0.81644367683295238081 1.59105529481717677953 -1.51705273732790058006
3.43182612963498723246 -2.62706188449300581667 1.01141937712944862682
0.78496346619266965661 -3.14419014069200208894 -0.85878052016664074841
-1.06197143224337775536 -3.13050539545209272063 2.51176687349143978878
-0.23490238232305138411 3.68767067580943841421 0.85815575157193713096
1.92345344306906440579 3.30276377308445034942 0.67182487541769209116
3.67355960722905994231 -2.89963912728532502427 2.61534005012464199069
-3.10512275387891989453 -1.93304053693299815464 0.98203643721135858158
-0.39906669900330093981 -3.08922978814661197688 4.49483439346346980159
0.96607725524414433949 -1.09232716626167380980 2.04477977607637484425
-3.60140653010606737183 -4.06822522845108380807 -0.70187582540656423546
2.08418486050949969268 -1.64533288411880107560 -0.23515588664381859019
1.72957700909940559342 3.26083390247645166227 -0.44925972675117709088
2.50971952996033920158 4.49883196176564492674 3.41867614298003008599
1.73193898018932390670 3.77929663643309599053 -2.87352531546330602907
3.32260041719812360128 -1.42384783557042293722 4.43390201655401039460
2.98872550331485253849 3.30161781775914775494 4.06266599091876212668
-1.17654727086473487319 0.62715279358426556655 1.58139079629795009652
-3.40336983765050904438 -3.08797166878458373418 0.95805917629515136014
4.16912811304679298274 -3.18677227022291020830 -0.66454455058913364240
4.22009607077238069195 -0.80256914968246872988 4.21000713403832005355
-3.63343596540231450476 -0.59337031154457697824 -1.13592367143960171205
0.08234300728317123230 0.59403481708806360473 1.98550360845655138320
3.16618156845403309063 2.10423461742298378852 -4.53283351610474927185
-2.85044650862679160852 -2.23849333912055747930 -2.16681479567018842047
1.27708339350431732129 0.89063939710092121516 -0.85745290580730548768
-4.15967993030102078933 0.67272410279322158999 1.50371001049633434832
3.56635669692993406699 -4.45054024498742339944 -2.69185025231959773606
3.72048185638192396851 -1.04761185870652973051 0.78447427262682900562
-3.35358188191541284340 1.79664544261716763174 4.25072890753573684464
-4.44213368951697606946 2.65277651781573542422 0.95392370121062164401
1.49214740844812343568 -1.82961099973588448009 -4.41123996309522237169
-1.41876136140936726093 -0.36323668767593808582 1.77131285671599592035
0.98824024272101240740 2.30616446839131139512 2.78211535546665000851
-3.16936267679194916269 1.07410876437226487923 1.26209435323846630439
-2.59179186198017985632 -3.20227942841703594468 -2.23701155528693940155
1.45473629662523240569 -3.60954161055130828828 1.97387509782016667970
-2.42787517826773724394 2.32384999722135621170 2.41744932290117642282
2.89148059764851428355 3.34295396706884329063 2.89939548346114062127
0.44815347003429284456 0.85965257598674060802 4.03875283955198138841
-2.51379727657906393290 1.39724300788684363539 2.24844731886180237979
3.48685721007049220788 2.78797861494877086130 1.45964692502624959758
-4.36373473594297855982 -0.67403413786087540416 0.96830179490945944565
1.84871053955540531888 -2.98011330773421745377 4.53475143930498969524
3.96157904698116691833 2.69564999473976296684 3.82265390389409009941
2.07365747668495092881 0.43614842095922767840 -3.55333727443652325206
4.51175513104647318841 4.25065656992450779939 -2.20085322898117974333
-2.67143033818258324175 4.15345474374949841234 3.84439728661011326238
3.28086373552312693391 -3.43422768534979949706 1.72406500425731845638
-0.04909796410559863489 2.51971897397070687674 1.62973182094050983437
-3.74222623003607779424 2.63365059888352615047 3.80059149855012723407
2.45677096973252417911 -4.12213436813385580848 -4.09039346985639351573
-4.25484543479089616369 1.76976662986582145010 0.18489096710047014938
-1.25509404021151249609 2.16403388073188018836 2.73509624941904494477
-0.21042762038968731986 1.61514021185888090315 4.44404549595861109168
0.33702212576780077313 -0.08923625477051189137 3.26794377833114069176
4.24024380675700118815 -2.79153574787551095326 1.53115289574067148237
-4.22448944529764247591 -0.20411580331045620085 -3.63330260142026695291
-3.24882738532533421605 3.63352893606337001842 -0.99825510880587442486
-2.41013694222749430551 4.42470449411328292655 0.34517634549703846147
-2.29577914742036393037 -1.42900876313636526760 -3.55798073753387189555
-2.52804599906162774658 0.42408278462275106335 1.79708495215568309078
3.65195424983428384991 2.98750167083406825697 0.25254793485937199193
-1.61294801270685672634 -1.44056605289508743439 2.88783561111696673862
-0.16576921016764156747 0.19812559405626206654 -0.80328473786367116105
0.65035616088456738026 -2.48075816022403916605 -4.03862995156162973842
0.23571423816335723700 2.17141368615413288268 -3.51798166673261869519
1.95867837509624642678 -0.35032899206675871540 2.36563693736514135679
-3.09544431561726307578 2.15749721196998134332 0.25066530099233297335
2.31054046041908289766 -1.72036495248127430102 -2.67553559346601321778
-1.94907353182167319972 0.66974555314787753701 -2.02898154922663742639
-4.22433967169133506303 2.08331101727098300103 -3.20926328246458014704
2.08587195312587514451 1.17637966288277073801 3.95138139750553829543
0.72518518259551356664 -1.90070735700448523176 1.01998321125374147300
0.91858729701991137517 -3.47232552057809629176 3.52728728794038826067
0.39280374603552203894 -3.05463831556866560746 0.59363634109474539002
4.33120713766073972550 -0.94967978351355597511 -2.15200325496007538462
-1.99640492883088871423 -3.30556110899215882526 -0.97178518345779796306
-1.28724345084263447347 -0.15544584520814375139 -0.71171747353890557619
-3.05787201393758634183 -3.55778181114648051064 -0.00510746277041018715
-2.65025874798362304219 -1.17921135724086134644 -0.27913564937021817514
3.63705914527629570188 2.07044286784162334669 0.57030509282618524480
3.95340611056290658354 3.64039296783573984584 -0.64267724821550320513
-4.14216402242565084890 -1.54069742935071651857 1.58184869716741349777
-2.94009505771233170535 4.29999195692546809511 2.23634547884797996176
-0.48677015320660910191 0.03604672357270288785 0.32781108539920467138
1.69358647165950149116 -0.04437248495778955970 -1.96214398084421848267
1.66036142863449942553 0.84761533127707355817 0.09705182900897568743
4.49271334640717778797 3.13827716459821370876 -2.68935293310092138341
-0.87186815099855907718 3.52783603851734550716 -0.93784941988021497394
-0.16579877449906277320 1.49310916169650642615 -0.64856087386520622218
2.42204076953893920887 -0.19660619616723185032 -2.53434198294583934441
4.00145883838245008945 3.62512637172820983977 1.10604622948861752718
0.99400540322503516677 4.43610845351489313515 -2.28666001625206671832
-1.86670815047689808708 3.53128766623403667069 0.06999363694020743765
-4.05529606174503509664 -2.36870851114219549416 2.51314955882692192546
0.94596333831735002207 -0.91364062253549160886 -1.51237628168064075496
-3.68750707594029414338 3.96438981513913279997 4.38466683497032416739
3.03649885524689278071 -0.69634344925451507891 3.60340236626041932055
2.93400229533686829342 -3.17954513172819108746 3.89407291549382872375
1.80858785730557070082 -3.81334519125385451588 4.05805699527311869446
-1.09692304543664409522 4.40607136080670702682 2.26941543675284496118
3.58483449080797900166 4.16090038919589755295 2.88641617917985815467
3.18873308068982641572 0.07173463982645778003 -0.93361753182729678713
-1.38929233815002817209 -3.35520965842508811505 -2.74083308960969196377
2.98770982194497758400 0.84318652115737080521 -4.41006118696463644824
1.75834539299737091511 -4.04240305234767927089 2.89206665245201754999
-0.09642417660036262106 -2.60326833469356344608 -0.63034691662025954528
-0.29999972730442969748 -2.24240268036653533912 3.51544351035537783190
0.38722818687629079193 -4.51886054676057735691 0.08864298492712219257
1.03128244028318416525 2.66245157612754290710 1.39187397853918337631
0.91139282039150693038 -4.35764642574342264680 -0.91288691903287766394
3.54755335655900783109 1.82678422319071120938 -2.17712610130656925023
3.02489240409909498908 -3.21931226268722880945 -0.90734134255632081789
-2.62470246635680171110 -3.80020338635941268279 2.15161422557755344087
1.46712178386039138189 -2.24540771032487551651 -3.13059490820490005092
-1.92250475336225790102 1.85378458290312053691 0.23029947364277969513
-3.91831529468448014342 3.23495673619424906065 0.09392579787118471302
0.70574044482926190369 3.60477516250278551269 1.21545820649142299885
2.18140520560832040786 0.62479595006879407038 1.61451835572769120120
2.34376127511282739135 4.07144624870756910440 4.42140286521795378150
0.52653370159871304423 0.36739408781311322372 0.58018612154752169374
-3.17729936187572148398 1.79709072366446687141 -2.13403333783231241583
3.74109088826116309434 -3.85916856338269065319 -4.16615296448806926577
-3.23292472543936248996 -2.10451685025136336904 3.25559579326790338172
1.49925139102283555559 -3.50977778094364767369 -2.63614979262335724641
0.58903178222517471596 4.48804179978834394404 3.41445143113831139914
-0.32811183883733274769 1.81697965962568463993 -2.44547759728349323183
-1.63226345096766811693 -2.32844860002674813870 3.82529108285546737278
1.96351026492753444330 4.28810506389122192417 1.35059380417634766758
-0.75233842510578430307 2.67271391785066914082 0.25225479407166861989
1.24875294615926524244 4.03712390796014641836 4.14546231738998383065
-4.29097238408666470377 1.90646088708859107186 -2.18813670403863769209
1.10658691566603639700 -1.99810550393100605504 -0.65346041563587231593
-1.67418594055255365305 -3.80791545995462987761 -3.88720770492875233870
3.20727685994451672258 1.34994780999116414932 3.46000870646267078001
3.75733876399496313780 4.14295683335497511024 -1.55065017627433210379
2.74218365487865778363 0.41275711821355010045 3.08790601459166502707
-2.25966317841294506152 0.17979581038746683674 -2.78312453568636275492
-2.62148040388296443837 -3.44317410613382746121 3.28584635263121693782
-0.19283324848618921266 -2.07795273919192702294 -4.50764054363856292440
-2.68434863290098091326 0.90544020062838193041 0.12951966154134275655
3.21318615570259780156 -0.04713484119619248958 -3.94722375963843674640
-2.76567403171177250698 4.24759225616852642560 -2.63767238045945129343
3.15930216608990122040 1.50018261303306310595 1.54431298054606624959
-4.23048495986613204423 -3.77990425259685292048 4.31704411739706284123
1.21208941080438670213 -2.31587017283742024887 -1.81774934952120581499
-0.85406768037171598706 2.71974385066016832724 -2.16649340051326877443
2.52732675532482531366 2.16052545828868058919 0.43957760806769652362
-3.77432733292710675954 1.63264232342718607072 2.30832294652719482997
-4.47677841840037071819 1.40280137321403675088 -1.15107833965951211752
3.58459543383618761681 0.08676481900335719644 4.16111145922989589252
-2.55439158149274803122 -1.61495620416663498986 3.78480909122055653171
-0.05427058113942795359 -0.67979627673235754060 -3.26491835041369382608
4.13341600030849587455 3.26330522589861526939 2.15534354128223526459
-2.04209370468795947673 -0.08529688467670570873 2.60080569334917743873
1.87343665863520225656 -4.30054440813137173194 -1.74765292219676560137
2.68700681618164782805 2.45897575089591580166 3.75451925636651484552
-3.40968332303724164234 -3.04722163691475778080 -1.14556257817603768245
0.56185129973526493075 3.49430550553812846459 -0.04902856359973917222
-3.32399142960602977936 2.98758333803056341793 -1.99785581260464883968
-3.19499699752128396568 3.42325952796381649534 0.74342944237760733017
1.04549199653012081512 -4.53260443140580182586 2.12747229312793706413
2.80337047663490057658 2.51222782337720396129 -1.95791566207864597970
-4.04432582884819957769 4.13132371137262754957 0.79691415957997779884
0.27080510856015038712 3.87519705584517648589 2.50887064887379640510
3.54748581034827292768 -3.67846846257023285531 0.56704994223190041680
0.75934931198661903551 -2.54588731547411128986 4.07280467327659589927
3.47914747291852766153 3.37910926911698883401 -2.19129520549777989658
1.90383965258113807550 -4.07795062111264350335 -0.73738784728697570614
2.77826079326145070070 0.23621210035603379396 0.38669911140487212009
-2.15352744112379879127 0.46675526855812154992 -1.03245334017389156500
-3.58446497137542419154 2.46747391289805850789 -1.14659688378039881229
-2.73030242023350577796 3.29047618552950549287 2.21654979758461934125
3.22499344270382160005 4.43369236892738793898 1.48957839785002921218
-0.36020404310269871218 -2.54598457921394238923 1.03012223659859625258
4.33216561270257738414 -2.49259814971626836311 -2.01031600237205143600
-0.07015237977520882851 4.09620305981782362181 -1.60651537893571338955
3.61273134452709765441 0.73056645185082036420 2.46159757261414569030
-2.73205912653757998498 2.98955305285787442671 -0.33804274392136157701
-0.91047382128784004607 -1.21298452865608652473 -0.18109844935247210174
3.83274345801092319874 -3.86216353332724660063 2.62908956325523579522
-3.19901331933715926681 0.75337986920108690470 3.08522597862241987343
-0.99645373498154743430 -0.33127314382671801951 3.10645817077208796775
2.63123651775101574657 -2.75464354091612984021 -3.20248714363360509338
-2.15691994104085571493 1.78118166250549503360 -2.70158715755754652577
-4.18421704649355685746 0.62840055874393208057 -2.57791236781727883809
-0.28524969525511156831 4.53741605932079838936 -0.64267199352277515345
3.51955642906012311499 -4.31400739579634073806 -0.83445569019472287664
2.30250348225451784145 2.66651521818353476334 2.52892400984728826785
-4.31788197652644356594 4.12138108187083762601 2.29428427319219085945
2.63429501318757175454 -1.87996144803581577420 0.73302616008725784980
3.66375576114272316630 -4.15586925930129247320 3.90868737996134907320
-0.33595218812326166358 -1.08139281354652272427 -4.16136753200821285503
1.35159197070693970488 0.87968947106459793872 -2.82958175786094523474
0.31426048100419290421 -0.22160575140995497634 -1.99408780877795432929
-3.08085346668107984414 2.25927127091771318135 -3.10389279587624455914
-0.10004617719752140204 -3.33228277336778733186 3.35554626876671058255
1.84612560881961496051 -3.05709286500251353758 3.25649133069790508443
-2.21318126871935350053 4.33987654299006475611 1.50574608588281666499
0.75195862015419745461 -3.87775476240724170651 1.17571045142940988626
0.65623278455553535338 3.61399109264798124030 -1.05580549940708756651
-3.45826713020219722594 3.60423676736210918392 -3.02857601577057078401
-1.98793359911916578397 -1.88188299629533428714 0.45128763109976333112
1.99647766601096776640 1.67996132828271793613 2.86384728552976586258
-3.14707086454097328954 0.66901389864604166036 -2.29846360939853955330
-2.83659250095081816312 -4.26694051791300577037 -4.37647363866090444162
2.73207480281606418515 -4.46346497173624889854 2.35381332623108452395
-3.04285588128539519204 -0.32763965394364191752 0.93061435991485641495
-0.42116724565245178269 -4.44651916959011295205 -2.31009899989019995559
3.27983026783056264009 2.40789843130078207167 -0.58295275531933210544
-1.18595927384840393870 0.93499442861651882453 -0.58967805330507427897
0.34810054820327174241 -3.77235617028684977470 -2.72553530219639306154
3.06886565356149887407 1.28279887454869179209 -0.04618641377862076070
0.18054182331112844651 -0.38944372053447384729 1.26172064438880582316
-1.18276226779185211768 2.58190521013481966150 -4.29932130352888375313
-1.56308440230691303441 3.13692568204822297417 2.27398933757463961314
1.79519192645932879060 -0.17038884829257572306 1.19885415648653825826
-2.49046180434155228767 -3.92028253218720879048 -3.28997738946674189719
-2.37484790341967721972 4.22964764712861640561 -3.54865178388568969226
-2.00992834899900252310 -2.84264631172651593971 0.10322340069037316823
-2.33281084169680408280 -2.79473125526855570300 4.45163631291847838867
-2.74102101672874454152 2.48255641990078768089 3.44530524969064888552
-2.50330233388817413598 -2.18639695366427178058 -1.10738648654523785808
4.44019063040292127909 4.30254026937652955809 4.53330209529562377924
4.45836821519156156768 4.50738571599681225877 -3.32198165562021374697
0.24723400463077549460 3.56168553156522182945 -4.08929604987153627604
1.39532382395185905466 -1.09020213075945271441 -2.52701239082255302293
-4.11931362436587455989 -3.87100816972060002286 0.19522443584565341013
-2.98505747449758374046 -1.20773103665110514982 1.69557703099404832869
1.57137369334366550078 3.22923181158749450503 -4.26098791106208629742
-1.56102038688841604497 0.80740441686706088120 4.05949080367974257655
-4.21992210621684105121 0.36704779821321675826 -0.75771830221174552022
-0.75501284542358737539 -1.68359911252298344309 -2.35406777002238598584
2.46781568460009825827 3.36212957683716417989 1.57031860817988810908
1.87665459917945032231 3.11517776920833888710 3.56983285942337769114
-3.50679779761311571917 -4.27569968002846589883 1.48445125275268896559
2.06631472915582392602 -2.74342600422047055986 -1.06384960456980381949
-1.62316099194912233372 -3.70503136183038828122 4.12057105030224857245
-3.58728109373405201765 3.87532810895388468708 3.04036281230155314148
-2.19374695455411128364 4.05695956039546867800 -1.02585669403405344013
4.20893462118942718320 -2.91597331735721665424 4.31107141043992125873
1.32188557664217842813 -2.08910301269021791981 2.27983079430452306724
-1.25178283718648453160 0.55474192865490312698 -3.43043043471370401321
0.51720956335620282829 -3.77521194639613710820 -1.68512571407910005661
2.65924668366354310933 -3.30022338649433866209 2.53557496250062275323
1.24394021605726212698 2.32941816712296834169 -3.66241260937281953858
-3.37275411787655876594 -2.98059803322085992150 4.05537161575762450383
0.05792249513359681856 0.64052732914391707908 -3.51471328009226580136
0.66949771093771737185 1.55507576948877002110 0.09915689996753407343
4.32616150676686661569 -4.29256375876926998814 1.57421803125232084852
3.49480326035794330863 3.01766772625242740702 -4.01869926970209601080
2.72917254387799612658 0.82374922526549010371 -2.74055176532407074319
3.58305839888071009369 -2.27555659023997414181 3.61941880510279201388
-3.33949012486736851457 4.49368212756314289180 0.20114441110646907873
-3.60979526058078192818 2.17868184995784819336 1.25436947271317311703
2.65513076730488872812 -0.78489142668659983570 1.00842424639001837505
2.85530428204125907854 -3.86494469221902292588 -0.12874698308570398098
3.43918235139508965403 0.95469483406042954243 -1.65714166597143730542
-2.23986572740789746661 -3.69907135312922896730 0.85127901008634232483
3.27430715209024914003 -2.54812467904258443951 -0.05493744010778645048
4.43803335546213784113 -2.05208747323215501268 -0.48098578939052050174
-0.65275646773010675972 -4.34551663715368174934 -3.91932917182051543392
-3.83777759622175596022 -3.33235730321662337872 -2.09767781962830168752
-0.52472628522855568889 3.24636460931904036187 2.96875817958927523676
-2.33205046302333673935 -0.83581248516874939725 -2.61347312495853811853
-0.33958448805953889149 -1.16862232434903656753 3.29969681160560934785
-4.16148468660626758009 1.20811135559647642168 -3.94474731765067065936
-2.70673704295097783401 -4.03563120337992398134 -1.37480227743754257475
3.70994933765443501983 4.31365883515601833409 0.22097670343956998806
1.37467918225854379699 1.82827751063382049068 -1.63218541153164764523
0.40504118458697835337 -1.48391360345053868741 -2.47704811968857052662
1.32909383285607152203 4.04136802569553221787 0.25024252454415485403
4.25202073793717527650 -2.97786791771010994623 0.34721056730036092830
1.33354104463209122144 -1.00503089959677449627 0.69877718913418540581
-2.10504099396989063919 3.94002733456824660863 2.76898719611602839308
0.08153596762304093915 -1.11118260935301460535 0.61200491539891732629
1.43968787691473831813 -0.67788561188610962915 -0.61422172456998413992
-3.63569591009003056925 -4.45807838274021506209 -1.89637312891348175370
0.06652724082857730536 -3.94344804814848748364 2.21347735389649979965
0.83934657000255530335 1.81398498316034650912 -2.61162831721764643333
-4.51867122107439200818 3.12605293157671493276 -4.38219907943657993599
-1.76074851285129119205 2.43212427942010478432 3.99039421167104269017
1.44836872875187605558 -0.42043503140234417259 -4.44342037250893184819
4.33750402653791677920 0.04499943125796601606 -1.84260586815764604296
0.68083943437906757623 2.68385969911673605282 -1.80357775786171492527
-4.31101515408152113906 -1.73591784820244932064 -2.93892418796295151751
2.37445848920476709765 -0.80002448458746044935 -3.55355241249218867239
3.23715714770947915468 2.44425275599861446807 -3.05061317237687212867
-4.44393185387268641051 -4.06776198911593844798 3.32819231147906524626
4.46349373807813787352 2.36444704599118171728 2.53951442509199942776
-3.38057366584372731566 -4.18990549400903944388 3.76317789874129449146
1.24142991486571663273 -3.79670885430049187548 0.14019043428182609290
2.03661274144643034134 1.72243568804437874320 -2.97339252561100719774
0.82826741782547141923 -0.20423330091674163356 -2.96795629907770441847
-1.39458470360230890606 2.55246711553810978756 -0.99123242985087722801
-4.49515599571016633007 3.21017841478247678566 3.13167465445440917904
0.52379408192004195399 2.30331004538770489631 4.52856136017297483676
-0.23543387876312582563 2.96828423259685703073 4.08521131302742990243
3.78812948906164503882 1.58254821964380010257 -3.47112818201289963227
2.89717026788030640461 4.13163789525308100536 -0.44406501177684365445
2.85296463479676543074 -2.34689983279864877730 2.80324309402681404180
-1.58119643864145098533 -4.19182134077763279834 -0.18257244368813640989
-1.12759779677867388870 -3.07199534563257925512 -0.59513390203118099464
-1.69080958582436391424 2.64256601236399646382 1.14343212527534898726
-3.25690438027196371706 -2.86059005255136256096 2.01886524293792213314
-2.76748629640806420582 1.38726289047535189525 -4.03498160766069791094
-0.36906891177962730666 0.49093862333188287295 -4.47114592780548658624
-3.89190531779116088984 0.22449703494709805085 0.30166408622784324223
-3.99126518144115394193 3.07188826317413976597 1.85558674414145396980
-1.44450018295013427050 3.70643139030471058248 -4.39636790993019754836
1.09267380947421610671 1.32522624133711186545 -3.77263899464894203462
-2.45992425635888789515 3.07735710629244874070 -1.39030435136326691037
2.39079768046827112471 1.03949716462192398581 -1.82302954521407123423
-3.35438797649503106513 1.42486715961746313042 -0.75433466215262612309
-1.83885852159757412494 3.37248131747361323818 3.56977828242737071918
-3.95967332966608953626 1.13418442809878339261 3.80258556727586505275
2.56714960588080476356 2.82077611793039473298 -3.81377656638242479303
2.27436370166789725289 3.01298707076325111842 -2.70042587980143800053
4.37706079303506623290 -3.90565837687468597750 -1.61341365267995762167
1.37389159888223044703 -3.73211617702174347500 -3.82485032845775085875
-0.93968782017721963484 2.52877890567444918446 -3.19432328613168925457
4.16017749453133856008 1.16908427257959512957 4.41641649265529689927
1.71581385878566994307 1.69983072501753440520 1.66593067162253039015
-3.49731300029470393298 1.27710027499826406228 -3.14747945740238188606
-0.57615173776745809420 1.51257120478236384287 -3.57845055286616187118
-1.07457972469287410533 -1.75110593647169654474 0.74042283201961200945
4.20138625905021978468 0.85331029242359690556 0.09228208899801781939
2.59616438434843477268 4.06111069841235572397 -2.17088869691933261663
3.58930548438158592006 -2.25413156650842205764 -1.10028834007447917642
-2.33494605266035293312 1.69527130007023174585 -1.51023360485205992987
0.04338359062205832117 0.81984320118378040121 3.10369839254540735851
-0.97028621742824405771 3.73395170424516376073 -2.08204173696103245206
1.71238573944192484788 2.25921129639290985125 4.51634013727575744923
0.18841495985813416780 -1.30072470609919932372 -0.77930839358174663900
0.43057593751962031092 -3.07582226556016058439 1.88879577219053285120
0.47997123127638730011 -3.69522561889070200181 4.47171632922553197176
-3.48455816338160984103 -3.50158452454102375739 -4.04614361523102328277
1.56510748577972425011 3.70161765007051091203 2.59879281290666330761
0.54412176708935611202 -0.41815155962838534975 -0.08390917041931444942
-3.58570706798321126030 -4.50053074175297407322 -3.61172591753268346082
-4.42019400018614039283 1.97449675999049034658 3.46746273871423138502
-3.78103859642049933143 -3.80540107494698709445 2.42699420784891106706
3.21571728832027492473 0.20872033202223860826 1.39505211735380196814
-0.16843878036729265091 2.66255028584238573330 -1.10432576588062403289
1.65752139008895138517 -2.84530412434802926214 0.05257772331496912699
-0.51742969193424404040 3.55461078347637648989 1.89685487190679769043
-3.40377032783983946018 2.54233092761149404026 2.69943030225948543688
-4.28957037837073862363 3.23794912468840578867 -1.60966019717723973770
-0.93122601927228831897 3.96987885719828437203 0.12922709160146794716
3.42684486787615938397 2.22993300995884080606 2.81230192400537504227
-1.16137167342428559991 -1.75239297953646344652 -4.12077636132181446271
-2.36134675366520596640 0.28547064503713226458 -3.77223619852510205774
-2.62571564545684976721 -1.34810861534032611075 2.70927605955497430301


