425
-2.91877850259968596447 -4.25874009230610983678 4.46273193214525942807
-2.93371028127823807452 -1.39525375292994224807 -2.24015701939207678706
-0.99739058561399751568 -3.00873971064793455099 -3.47898428507997037329
0.76053472547123313063 -3.86420010650480483250 2.23834083053596977209
-3.11303539784537264268 4.51852053125733643668 1.41497737436313375525
2.95757873995976883208 -1.48370143445852908926 -1.81004044990520585046
-2.92576338046951001104 2.45836903704377718327 -1.93990515978369248984
-3.07525003056437196136 2.76500838290176442769 1.25090360447481963035
-4.17228614494141414326 -1.67059774026824481297 2.28897409951990926658
-2.30954436712458699432 -3.53776051123709889268 -2.00233150335152743082
0.69316377059796518978 -2.72489315363679862614 -1.04721043853471318386
-1.65683827736639166517 -2.26377528396936966715 -4.40901418926174315516
4.15129307588788076799 2.48775720715299453190 -0.34315938549565405680
-1.46483332857142523054 3.41023663166950719017 -1.57813974632555886757
-1.27489583935514705360 1.13512814702069420036 -0.05728365057689988049
0.70921933845364470983 3.76584143973405804928 1.83828997543638639200
3.03796972858946734419 -4.51646299150817664980 0.76310587984852595866
2.65024802981084217635 3.49306494922304988648 -3.10491064246909820312
4.15844840939414606140 1.75495647776006080676 1.33103473932757498943
3.53193744312834478905 4.01224491167985330975 -3.99656787782928146768
-2.16977954585507459839 0.71023222134027896857 -2.89655484150212805261
-0.90369148774972307692 -0.04865052937408353984 -2.83474058930704053694
3.98721128652322764907 -3.70442578741072914283 -4.16370943661026426952
3.33050940658007998962 -1.98946883098523708000 -1.00789395717335050762
-4.43289577059047612551 0.52367819471879251125 -2.88065552320045537016
2.82406428895020233938 4.35985033143097577835 1.87276323812096112675
-1.35207061156546171077 1.30925576376439511961 2.76086142173297499625
2.99059586070369842759 0.51661170428909031216 -0.39318567097846912617
-0.70984601670613800550 2.09599814203819434510 -3.21572175681707728145
-3.31541879549690321483 -0.07254751452394092581 -0.58646529141350534076
-4.31769570214276932063 2.85293148326902645806 -1.46709810648940663924
-1.78406654470638059706 -2.04287810168281191991 -3.02476588154402525888
1.01389810508701572189 -0.73175664366455661636 -1.85736248089843680731
-0.72563816751911236480 -1.45946923073633039181 3.66432561602411777102
2.60837747305769518391 2.37500317312670272685 -4.47910648000842659400
0.37476106428261601877 -1.78527907904725502419 1.67360634122084306341
-2.36623844823089557465 3.89795508838910631511 -0.83566407379207285899
-4.48674713588356421923 -1.64854129289970563477 -3.97187831095468046883
0.75095595257811798007 1.60040237365552329152 -4.50729338647081956282
3.43727154527621792113 -3.95584748457884405326 1.45533660914812390530
-2.54467841533646854657 -3.57969948173978469441 1.48073474333620236365
-4.08483327479221003387 1.36530894907209354727 -3.70355298541812549828
-2.45122512311939821927 -1.50830452207131227027 2.99593041276935334594
2.27466481955027166606 -2.76080893059464482775 -3.87398625848896793755
-0.73672346456440340745 -3.95203799393220123193 1.38930271815999528684
1.74774062184797873698 0.23561640130387484504 -1.13345234230907943029
-0.40158559402188043208 -4.09581970895480473871 -4.05722087797490083005
-0.14709833551509454708 -1.02570523445765005022 0.93722805486020543952
-4.13062464938451334717 -4.15895281802163463425 4.39486321768730103798
0.84212684732806231125 3.28002097816406745778 -3.97240051164504714976
0.09844677814580560238 4.47045047711738607887 0.53420024614099581584
2.28721683981972390143 4.01022306127541749987 -3.96779107293044930316
-1.23542661009021825791 2.73657398368951199075 2.40625236768331074444
3.74900986050368256741 -0.21640036472681156710 -2.12820453735168912957
2.74493525670746141287 3.43744521925284818309 4.19484800834220994403
3.41343443978111604764 -0.42513831055685802340 -0.43759865709373446663
3.82042695691538636282 -4.41970812154402103999 2.39383546934834878783
-4.31831991520353319913 1.99106609827126579404 4.42355607035028253193
3.57915529760022632644 -3.42811450137405993033 3.06921724719405286663
-3.88825138289246385881 -2.90139333819974520878 -3.56034128871216060119
1.71693971471688122676 -0.25588795772055661359 -3.52416149774208653511
-3.64219651140316003080 -4.34263424960237287564 0.53887048745240484493
-0.21785339254635882611 1.24276156146899374733 -0.29378211796174547032
4.33697451524501342845 3.83735679198090462449 -1.37151164867214259147
-2.47452820384496474659 2.70136586657797206357 3.56027434789633101531
3.45794244701936737130 2.29982672746056948654 -2.61334401105963376466
-3.34895929990148655264 1.09938018612944343744 3.04519472096640786418
-3.16699747999794434250 2.19063752869707428772 -3.58694002359872143870
-2.56898095243828761269 -0.65552875745160621435 3.76537006953359476569
-4.04278843951664512701 -0.67159362749945206161 -3.62742886332334979471
-4.37984604962842283271 -1.82516249405076802503 -2.97059864433760001390
3.23998687228086890144 -2.21958695169945618986 -2.31761792788312348534
-2.08897042734043481005 4.22859465150099378405 -4.29473471915449866998
2.74042080544378929829 0.44856342637411916741 -4.07467682255296814731
4.33344944231255535527 -4.37655039114640853626 -0.57355739518377735209
-2.27097072698029434079 4.16131434277345757522 2.24914903074564254126
-3.56772124006625546144 -1.36581596573177144194 -4.02316627544169591602
2.64654034323145648244 2.67252278309721091887 3.55752185670232901060
1.03280590968525221029 0.75435009734358171585 0.84355563307554337626
-2.95610456868564774879 3.30551104700181586082 -2.86950584674136210950
3.81669283630589983858 3.54169312608272601750 3.97286484630857206213
3.37503959530542285705 -2.09127485157120629466 2.20632818486590398521
-0.56282630374055653277 0.29462397660246342213 -0.54309129925780386117
-1.34269024403872627715 1.77176732302116146656 1.83315280375319478168
2.54356504601731447934 -4.06436142133854527714 -4.33444765176508273186
3.86581604834573422380 -2.86363082021756953921 -0.31989228493417787291
-2.92034293888798002214 1.56055823383241953906 -1.37418271697703886502
4.14719113988147025651 0.40363045522186524749 -0.68311395750666514814
-1.69949172930167335949 -3.14719424037988915188 -0.02304314740486379520
3.70998717363020613647 -3.99546056957762907302 -2.92212487866448888951
0.51962646458747130396 0.11271762671103413567 -3.15692920847527558337
-1.75920399195336374376 1.70340921888808694007 3.73906528669855564573
-1.91082151758375440309 2.04660674529662767185 -3.07264579084443090196
0.89531237600080793015 -3.56691344532260945499 0.10385624912102375816
4.02359631447435273088 -1.04516256042241462154 -3.18235170679173196007
-1.20163560126393953453 -1.66931049671367670584 -1.97432521949642580950
-0.99450324982278370811 4.10664497735782330068 -3.50353288836003873286
3.50562599592914647673 1.12535326422364168053 0.46862132035918069306
-1.30427533611292512106 -0.20095761766323061437 2.01220779058809551287
-0.78807566367276438157 -2.01825547794200543805 -2.90307621157356265940
-4.53076021612698998098 -0.94025183934606193503 2.89721900062909210050
4.01347352657182820934 4.31013582331665912051 0.30448963827511210667
-1.39060144801095342260 -3.43029002512637859468 2.04788369600309039242
1.77312137564232319420 1.45583652275809782850 -4.32440727255035195498
-1.13923532784093950454 3.99524682367535444172 4.52906638824255924902
-0.11717018201692930290 -0.27458892336045170879 -2.16722390927773878033
-0.40076327040054771089 -1.77205254669974276993 -3.99617414023673367396
3.53151963756353648449 3.78757989764838587377 1.19165783513829914853
-2.89180511687677865851 1.83605930692748575694 -0.03361691749336337409
-3.14659546325781791509 3.99410727715088054168 -3.86942079224481361166
-0.33994647760940566172 -0.00167552826689387757 1.30522843358393370039
1.63837489299079042127 -3.58716013498349406419 -2.53073680452540505925
-4.28822433356072085786 3.02311220356586307645 2.57042798510670955636
1.89869592719407265236 -2.33517691191989040789 -0.69838119691735744965
-2.25871684665777161527 -4.14340116317166717863 -2.88019546038617768602
2.79773407401822726825 -2.81479263675059376837 0.21303275956577127914
2.08044086133075811773 2.45554079281807879909 -2.52459256944307020021
-2.44749469540828856751 -1.06882718462451675734 1.98746740404428390292
4.17516657755933717766 0.73932880840103187836 -3.91014224391640441425
-0.30996105151838104774 1.73075292764852584071 -1.48902000260760614125
-2.41569185975565137170 2.85598667284079077433 -4.07021696099941010516
0.29095767222271451402 2.24970112362137975026 3.89935587941927952471
-3.60757142107153594424 2.30076252201827013977 3.58035042842903461491
-3.27629272694795758980 -3.02203076228976774686 2.70490507621905962310
0.08156379260608481729 -4.41212198303051561510 1.70983654724210953901
-1.43621826718800127409 2.56928436292095607740 -4.39704229850006367286
-2.85015389719791212286 -1.96204471199414598459 -3.66532345135833148575
-0.25346286560039654745 -0.59087421660307226645 4.09679843680421296170
-0.53479695027504448035 -4.04776736305874251798 -0.79504564644022579500
0.61095526057627491667 -3.74017966681456437428 -2.12187251580597990852
0.20888876988615745489 2.71018552022390579737 -1.64570266775580131835
-4.12470530931318268841 -4.43317051392945327137 -1.64871197810399827688
2.78959903767017269871 1.94715919791389691085 1.07183065720847547908
-3.02490168848921570088 -1.53342150891858741701 -0.09194806170014313551
-1.35633312848440645837 3.12850569722801008510 -3.41579357691497786931
-0.93833465540301119745 -1.63795079160420620212 1.29843403417728886495
-2.07452491651209447454 -1.30935385145289551190 0.13621251806754308689
-1.15886357882549306808 -4.50260874994875770483 2.37754473610315386622
0.23390904868572626185 3.51650676169041265240 0.66474482729861428254
4.10245496023873368330 -3.66616487401151358583 0.20770412592309561717
1.21567904694592243686 3.24279918315669490880 0.40496883429863572701
-4.00994775617680776492 3.16000836352109004679 -2.49911697864672310843
0.38432110410813002943 -4.53179823255539382387 -3.22945910599914887129
-4.20344025540251653439 -2.99620116669586122882 0.29883815803102553588
2.63341861893781281623 -4.02403098559987082439 3.11553430046162826983
-3.65043916006717061862 3.01977051840865140520 -0.45344227030447736837
-4.17588149276633746609 3.56023165097936367118 3.60155534627333562270
-0.79995519436617001929 0.62199531839448685133 -2.02680735070545470222
2.93386604666476724645 4.38507561259346712035 -2.44045734586005735878
3.11219376254821789018 1.11560041516940966488 1.91376780627369580401
3.96931075284188583652 -4.11859699498459796985 -1.50523259534912989821
-0.19476734221534819369 3.92118330141316473458 -0.37750981979632314278
3.65076871179664141920 0.24455532779234356866 2.11752587529125957388
1.06485011570812204695 2.69719325766444750769 -2.15972259355650475499
-3.45779826598909290070 -0.73952418258980845422 1.65790398325012233727
2.95175441872804089627 -3.58539181872992251954 -0.49102788918425854803
1.03393200225935988357 -0.40523694021063239035 -0.68975559675168440776
-4.28314770374149844656 4.43527853832091079056 2.40045703090094963983
3.72318819895920594121 -1.55840742271379362194 3.14690638569052616447
1.19337890921697464819 0.32412097821286600663 -2.37042196652289449688
-4.24963269571650226197 -0.65476415704878299096 -0.56787031992655823132
-0.83889406315263848057 4.20352115294895067876 0.96083070976389883810
-3.06961175758095405897 -1.52185551834298271601 4.19384339862867161486
3.81754377348729878605 -3.00764689663223627747 -1.38633772864692916826
-3.21310418799761876585 -2.82309608018715474387 0.72398401280318758211
-0.15162547912922264004 3.34085111652624622280 -3.45847137686157024561
-2.16796648029563554516 -0.43275101075194388756 -2.04978523077253482754
3.66298794479723976991 3.42286446545596501068 2.63710110321198687444
0.99440555982614675656 -4.03772440610303551267 1.01931865921843378686
2.77145109561662028597 2.20422702143997906177 2.73896857126611248390
1.11276376325394021904 -1.72432551902485053930 1.04207624291677714012
2.71665948634251019911 -1.71173730396562984168 -0.14039491707972295842
-4.08893562483481520786 -3.67676333916123354584 2.89112857198568828920
-1.43678780005285000598 2.72069164524657836068 3.55610889431217547241
-2.81711730545989524899 -2.64130632474336790594 -4.47028038539189065403
-0.24437206818277346088 -2.81747359127266028267 -2.19369574806641631781
1.14960062937204909872 4.06353918944862169127 4.24197320115626741455
4.13927140030925944103 0.65184813343279923714 4.06866725282137320363
1.23915281253268538819 -0.41618392472209730926 0.63816277394696108161
-2.68659345763684642705 0.65989291576841679898 -0.52900149328023804429
4.39841327780831736760 3.67884541020684796564 -0.31251290148889765419
-1.27491505629830337298 -0.34361848805501882254 4.05066844075072207687
-3.77711942567943204097 4.21589228023320128358 -0.32194979525398004228
0.10749074439074934872 -3.38571430265443940044 -3.20522207696098826446
3.76532129942165827430 -0.85022965360772584376 0.42748915357213768118
-2.58683168096746696207 3.03676577020794091766 0.10095776071776541016
-0.05469797846467105984 0.90785066689032589693 4.05681623610724617635
0.19905187212743147285 3.98221561272862611958 -1.32040970845569471948
-0.82808365271380335315 -2.17165290268861133072 2.81513956063078918390
3.44304709372518047417 1.78385734142792085066 -3.90079006999876032324
3.53084266318036110732 2.17456906791937232271 1.91970687606650614043
-1.48507610154356051169 3.61311477355619903307 1.92246236786592472612
-0.74198659551575296689 -3.84231563327948455466 0.37630806949496786729
0.63849828876455116955 -0.28786814229720736336 4.46891414014659726917
1.45207575895508078645 2.33499124522080681032 -3.39983498626288005440
3.90047155063114470153 -2.81580993916421729040 0.90112500005642548473
-1.13128302978760553188 -0.83950052654922036055 -3.87701168120211603352
3.31294913761394749230 -1.95268285572808864003 -3.80387514917842484152
3.00822037857126023397 -3.58497838400239787759 -2.21443972482562223547
0.84330423830938805452 -2.00497727708159256821 2.57166283009145857363
-3.36243312469607991133 -2.57318507310935018495 -0.52534284146190657339
3.22586795726521824434 2.92607742782179425234 -0.02516020125133433538
-1.65963645584088359541 -2.66348231711853999926 2.73100873971022739539
-4.02309865703493940714 1.28030091417486868721 1.21948111864330588361
3.90476952147341105359 -3.85534683924361853968 3.88635066467899914500
-1.31229537377581184643 -0.83306498062195588616 0.95972498175111908836
-3.36954762250984174443 -3.47396707442941465871 3.84273338291452493110
-1.44509023573761119508 -1.13798746480446100193 2.43971833955658201631
-2.01761570106211696185 -3.31698476412628862064 4.23230298565692830692
-3.74930032919665867652 0.85190798735045003554 -2.22838141452935900588
0.45209492600784173533 2.31115843823904487664 1.47460251170029277290
-3.39696923625938795865 3.70160857750849014991 -1.25057338639998016916
4.29676925153243605138 -2.40770649113584989109 1.76585748158759070492
-3.97788236769379288660 0.28663675495146190286 2.03322362036753023773
1.92294858777330723854 -3.52473729136035984766 0.67078990723107345673
3.23224937727866645787 4.50126440716741971215 3.93066621927378445633
2.15762279695081549136 3.19710983007749494078 0.72888737780320322912
1.20408536071558547320 0.53014408866334772341 -4.08314372723157781309
4.44456176089166543619 -1.00455428671390833983 1.45567517756618691749
4.46333796288078143988 1.52970780790524685244 2.76232226476160391826
0.50867952056576903885 -1.39905138607071721779 -2.59177268337759336703
3.29340894991774657541 -2.93472747257085009309 -3.00265856882634141201
-2.48012927650735459650 -3.50236538804013575188 -3.81454721223704096289
-4.29029919674906334848 3.04434385520533101754 4.49343648803423345583
-2.61785143876301029664 0.75250346011719315698 2.28153243446574993669
-0.47172976399463006913 2.97213028588232042182 3.26987759155457080595
3.79950860254629940727 2.59765799580894896081 -1.52262955449170256372
-4.34018051678180150077 -1.49006063705514657514 4.12460903416433577462
-2.13705660069037728377 -4.16205721675802919890 -0.14642404069874803696
-4.37909557427246287631 -0.08609022274024180632 -4.43706392850153452656
-3.70239401580518068258 0.76004329493176658872 0.12876560554718530227
-1.22397698486353734282 -2.99930431657530238709 0.88936317548623300411
-3.07046280983683050891 -3.30305718869395148474 -2.99917395977441225696
0.91037901048747826849 1.24527263884473615718 -3.44481386083553919875
0.08150106887089414442 -2.01561486363117925436 -1.52494552921841419746
1.02562393915485028373 1.52781487186235498399 -1.71170581831016965779
-1.47728266641078764820 -2.65370857834280204912 -1.47407192891805527424
-2.08730953879589842259 2.89864762263172703882 1.36588605120488537636
-2.61396689003243087868 4.16239085528416818960 -2.24575704450920188293
3.99211018464517675142 3.28311034496784870385 -3.09656606157745262209
3.74869703622684991018 0.04744960285912203091 1.03806767274939293344
-3.35604789185062379886 -1.17429794318619462601 2.80793634010966375314
-4.04770412252789135721 3.46456975737847638896 -3.72290421564444695690
2.60955460421579665820 -3.87761000691008606012 -3.18826663468576221305
-3.64495195639376579066 -3.52343612781909287790 1.48763074259187089154
-2.42671515358241896010 3.47973531580776995753 4.16264870175404855246
-3.15798424177719905259 -0.23887115404629533089 -4.40468475810702653206
-4.51576291177227329143 4.15611765216247786014 1.38847972962515697759
-1.02394646872067385246 -3.22102215424626647788 4.11069285013329999146
3.96864094365381436802 -2.17169998662113528098 4.12057115634310999752
-1.57595242073890506873 2.41764704673740293828 0.13653817080413421792
-3.39246418515616543488 -3.54338135508906360016 -1.91510828847774083883
0.13529107763810532816 -1.86423852504634091076 3.35690829567218340657
0.67349174013804713468 4.35854438658602116874 3.09792257803683668271
4.22296118181062940522 -1.54545417866196643786 -0.56652848228285312970
-0.10155537164477745904 -1.04125561782891651319 2.19117827752488114612
-2.19897275927686797203 4.04038290522788390291 0.55823836643844337857
-4.34962552807350100181 2.78339622274604092667 0.49901923466934583473
-3.36980294408103242532 0.32900112034478468104 3.84263906382671205364
0.93948517767778216836 1.46597461170070797465 1.81678055631611279352
0.62677963224611321635 3.43414776568721791250 3.69276551669766828212
3.72340753046153860595 2.70639743659883524884 -4.46340299913372984264
0.97209496052072097427 -1.03898357468910784718 3.10016403335262147323
-2.69056655913147757531 -2.93628919809716482092 -1.39237700355828852850
2.05728419674485163426 3.53931528323353905563 -2.14838592070821743363
-3.16083987018099499267 -0.49560533723153898933 -1.71059297830872214519
0.68282021569162054675 1.66243728393712064673 -0.56748729655454965837
4.31290535537262709198 0.82735882805167637599 -1.71519275852419816886
-2.90908170259866061258 -1.71313088629725784884 1.02410523650216678249
-3.70356452805877678358 3.63519931194989442957 1.69544625768460832660
2.02811174378368530569 1.54533889402502655486 2.18296227597963987677
-4.51180878932853879348 0.12128540162706524796 2.83068800182564039858
-2.41030550617079564191 0.38163134860894132316 4.50857560426568593215
1.05574075285489232812 0.59624330652102752737 -0.22283637767217445713
2.59178934189957388412 -0.29888239270302818795 0.94106651473343383429
1.63556428889922589320 -4.31084041401810225125 -3.59929941401688147096
2.53862999544815881592 0.49846190961954661702 3.27571842514285815895
0.03590622249357977580 -1.56607978242239864741 -0.37352209644252187815
-3.96577980832097987118 1.82558303589843706760 -1.71336241495105090493
-1.31069118332981915387 4.06222393180426255554 -2.36518933133106967759
-2.29709598846971241315 0.01412658433325741925 1.68199551880330577802
3.71601182314336231371 -0.36589664495736151650 -4.01176633588096542837
-2.66377625070680679187 -3.97195169893991550936 2.95804465113296810586
4.35530837052189934155 4.38274382848510324351 -3.47073526617077288137
-3.71380430266335004319 -2.35357408044682214765 3.47845348511101359890
-1.89481993823248151543 -1.53182625693864604699 3.83643854696773356494
0.60538568181824636838 -2.47267779062234804854 -0.08721185605516712513
-1.27587682224033516221 3.44305960326194071541 -0.10782047235298541921
3.26756018129710756881 0.42673626248258234028 -2.82410575331851276815
-3.47387403857456433798 -0.12619049126176840048 2.90367549572760719201
-4.01593409740618678683 -3.55555295539297855356 -0.97190968575321434741
0.99990120257211145827 0.73088808147221762113 4.05376363237705827913
0.62941534478880711845 -4.06241015507632408088 3.98895589929599037049
-1.25564810079805466714 1.38289849131140307748 -1.07246191908201415899
2.56211295410255779359 0.24343050436341684417 -2.01615652197118322420
1.04921590302366674052 -2.78245619999488047469 3.88830146289348999034
0.07538931911748747439 3.77346421336230530841 -2.42620563031807856547
3.08833713819666666467 3.32061657201545035178 -1.53501116207628296451
-3.26040322954424022228 -2.43492076939266866020 1.76948162191659452702
3.11821196706681558197 -0.44699712420312209815 -1.35989265473572995546
-0.23716664562266398519 0.92101652602599060060 -2.87938453587818132817
1.54270824512809401341 -2.01384986073379401716 -1.52192970143717243303
0.86308048500428391492 3.09108349646676305866 -0.97446090457049505673
-0.31329291655868374278 -2.29944299662676732154 0.64257231611745346811
-4.26276863635121117113 -0.18729565080528143284 -1.77664873442321979979
-2.42884424111958807657 4.23793035077966440127 3.57974802063328123580
2.31336408060438269985 -0.31456970545010776164 -0.32130400865423425216
2.27387727707282838452 1.18277869980844485553 -1.31044586402282758897
1.19459425679679487331 1.99698911258322286955 3.10297522148988402790
1.10130703651996597614 -3.17228556356977442476 -3.37705881031938970338
1.44356657936547438936 2.36208614317563547758 1.98772403496744765050
-3.57384338770859244505 -1.40902710431042121897 -1.14905375723896785445
-0.54109084538455931579 -3.98692758957302606504 -2.51350954573673446291
1.00821980316838821778 -1.64578187892515392932 -0.78545193990847161913
2.32832733505245492722 -1.52556286090701176406 -3.96442017136447066861
1.76063023575802279908 -1.48844852078088241143 -2.41272436578599158707
-3.64705811901133269970 -4.18809060707107594368 -3.73875314750523868312
-4.21448846345777550226 -3.91378773279182290423 -2.94307089615390893300
2.15643318206732725884 -0.56211431607603401517 -2.70978472940527170820
1.84484753391186995231 -1.15866258902707830458 0.02225688782255552667
-4.31728785751344013022 0.35526185985569380676 0.90609140721552439146
0.06968027411322186282 -0.86642319499218878320 -1.17196407660232315706
1.54206630440350256350 -3.20001613658785410976 -1.45045461562400213040
1.33875677517159186181 2.03836892403648839434 0.77312131769541903026
0.07372064403669309485 -2.49692199662515879055 4.24068169610943979109
0.86579581130984006876 -4.48758335721533274665 -0.32206997320699137788
-3.00038297059217340390 1.70899296820772761407 -2.73241845200704114305
-0.57190320764226321160 2.32296046180832149730 0.28657597894790765025
2.27686177203746975550 2.90107981053480212807 -0.43474242720779354698
4.51354081258667871879 1.20199085249286152788 0.07990732242021802989
-0.74202108919351328353 2.65060401511873688918 1.31080522618602213214
2.34569791269931737787 -2.78935978887350488620 1.36278432363605173094
1.39595362943250211885 -1.58213294253347669382 3.96491985369436417130
-3.89274319970244020439 -0.41182010541435154494 0.43004185995515609164
2.77116815749052580742 -2.87532750933912728541 -1.19800938500857423463
-3.26005995314576280109 2.69605962412771393844 -4.52994451636169070952
2.41871434387742922922 4.07357882315708774712 3.06175531563712777228
-3.31291307489035258271 1.25772190962900598521 4.28462708780563605870
4.08451875929505003882 -2.68308793388007371661 -3.92337454007312835813
1.67689660106789428795 4.50486846342862445880 0.48612804988074742596
-4.00480820392977676647 -2.71733009756079413322 4.45711196810422283221
0.08228324291575539462 0.38959736682182910528 -4.03058632482705903044
-2.46371583286587059192 0.61930606610174532278 3.28345524491856899374
4.08357459641467190892 4.25548350551846166212 3.29021602157383075138
-2.58056087770857134345 -2.81447838016505169634 3.46682899433868474404
1.31659666671763897483 -3.88736064881885967637 3.13605314645926380734
2.54729724302985527373 -0.55119364931540859587 -4.21242304366758180123
4.05953738330469260376 4.12868726511131445278 -2.49069255223810026578
0.79377669461860200784 -2.50240810874473851300 -2.37642737640106460617
-2.39785920578805811232 -0.42457051833390924145 2.76274599214992822027
-0.06090358546024088326 0.89513057311029431418 0.74423947625334907485
-0.65783562752479873836 3.03980160657297115989 -2.45595484605336533690
-3.12171562678076330855 0.04966334394600924185 -2.61976404405895069161
-0.25686924066226612950 -0.17119964787753882973 0.28216753096293256675
1.20334617511946895263 -2.37812639060576636041 -3.99294034795380348157
-2.54035664913879122295 0.55716593540530645612 -1.82375524106568631666
-0.37677821317760606945 3.67385465703848534957 1.94464386845573056206
0.60098328964055891532 -3.69993523857952455458 -1.11813877489376434227
1.48046420659685917798 2.32988063222911900851 4.17696334872131824767
3.93508947377349205254 1.68306551474206766983 -1.06458249206638733142
-3.37811431946811691063 -3.50983528583168657988 -0.04254366953059829370
-4.01185062166281802831 1.97664176440725114503 2.11207215826749905574
-1.61563551273502348238 0.45564786809186141880 -0.87315327395056296922
-1.39288268798183745290 -3.24781974899263126133 -2.52598793434506463385
3.07663876633739974409 1.92401739407113403502 -0.66246868701368466503
-1.45775463385790615689 0.71213612693148942157 3.82863664979219020523
2.73202888480704242369 -0.73929712281267168095 3.25177097369250667214
2.21948082503608201677 -3.30790175843310141346 2.37246513794579794165
0.20416682402956620734 2.54334216201358298548 -0.47169892506810651156
-1.84768508708127399132 -4.35965043599203205815 1.26374648499355490827
-1.00949261813960156076 2.44564516396876552307 -1.75251336747417330031
-3.93593955045198251597 -2.63589210176868427027 -1.58175760528226660995
-1.91145653964876505171 -0.00230237072611760851 -3.56247459267301636032
-0.70330397230434282818 1.94619492044753794602 3.78203765008731007669
-2.96436683309215265325 1.74683506362183837979 1.09183580144150305102
1.73500456561687332879 -3.74122363036511185186 4.17412990095189950779
2.85681003734420890794 1.25823787707348078158 -2.34876513854993040908
1.66739451374566893804 -0.18648629898357693691 1.64769718587678148936
3.31514827067951944883 -1.07779179678297065692 4.51309976428312342733
-3.70174971128352003902 4.29322006273690970346 -2.57796259378109793303
0.59925347830696029661 -1.12307573177232056238 0.34789630912083691072
0.22568983796153041510 2.77488203723791304611 2.48044740092283699795
4.29686514182701895237 2.31028968058220485204 -3.63370443475323856575
-0.49516996863083750924 -3.75895875979858118399 3.26138244066616511674
-4.52208648012688829709 -3.94982207150013664432 1.24959707254229357432
-2.37290874150597375092 2.49024146322401218612 -0.77869834195577380953
4.42449976415866341739 -2.68715601167440309993 2.74005130956014664179
-3.82751517589364764760 1.78410191421803698830 -0.48253572432733182751
0.37801740818540707778 -2.90120583854307811933 2.92470861627114064873
0.47684507448540269792 1.81463939699045173626 -2.61393723410169398491
3.29182961631029158411 0.67445465750896538282 -1.38222587699053001131
-2.41961715993452619600 -2.26183127172922748827 0.37713978066016817792
2.25991424693386466771 -2.59767908379559786525 -2.46409278038620804807
2.16983133454614129931 -2.87123022350324808016 3.67386800532755852799
-1.27534535398658555039 3.73777835656338819348 3.24793033461174296406
0.28335356156731794641 -3.34086195838500366051 0.93565395923840721792
3.10236960755108892585 -2.32508531125148643071 3.63871306852311970914
4.32720505731584115239 -2.88079578840671945983 -2.26744645220578711076
2.18846172515107983969 -1.13220525665615756594 -1.19671312387673411948
-3.11268384782832008284 0.39528874568000293976 -3.69362247111811248246
-1.46661880747974926464 -3.98848913554293638128 -3.81584711084300476358
1.03815610211262931983 3.36913893588627910702 -2.93833375754873760144
0.09598592599539923498 0.70359377605069006734 -1.29191918869495214750
-0.37596313629425193170 -3.48016402770054833482 2.30659124834088480327
4.14305285442450621503 -1.11879745413305098367 -1.55209862753675942315
1.86522708025207606397 -3.96175951390835434651 -0.50926498421929977667
1.86758014307457997916 3.22386460008016495493 -4.34751495644728347401
-0.25486106645357864409 -0.68645425931356740534 -3.24706331206544662749
-0.59465561853746162768 -2.61551525633770554080 1.74713862004500875003
1.59605778269913134437 3.33049716202770618168 2.23188139627813963983
-1.97128470867948024647 -2.45117357937348190333 1.40441518773671258913
-2.29925787990838115249 1.94999915244249422130 -4.46396739381261564716
-2.85805025651876487558 1.81817833417872698476 2.29325395184442726304
-2.59910720621585866752 -1.82813447774023751791 -1.17324399891963437881
0.15058206289472853001 4.11799436138157393117 -4.39039559687738467630
-2.62488674193603754858 -0.91323445523903856724 -3.32139164020407040567
-1.16830940360390256316 -2.21812267393367257284 -0.12685015854609815733
-1.91793273291868793251 1.14505785367476242698 -3.81038286758101873986
1.54365709640870907293 2.12250202535758614175 -1.10207884238223607909
1.66311652775689555739 3.22816152591185812071 3.45035154149787182121
2.08162715176379808923 1.51845730312370186255 0.22108853464076982931
-1.15769979461510974517 4.52311296318275690709 -0.27441013900998711961
-3.86211397966961245132 -0.58688693830153848552 3.79150252980735924524
1.42094422464600977918 -2.75404244286653510088 2.96116259768258149876
1.92078907239652885153 -4.34709358786275501529 1.53461269995392779464


