359
-1.78983354833104968407 -2.09216551485850610348 -1.99106245678108528807
-2.57770411382231845465 -3.73021779079044257799 4.49974852284496851240
-2.47174844843186081178 -0.44423713553282784261 -0.63572158355696428700
1.71508290901302640208 2.26466048739630121389 2.56114633294625537729
2.44919421201248965758 0.00896135518720786450 -1.06718463007551811472
-2.40155721310384429046 -1.44248615164510507469 -1.09494308486366431765
-1.16622754804205364110 -4.03927519247780697498 1.65957721751552877976
-0.51051477331734407272 0.78560850516886393535 -0.26125818321902460895
-2.83931033335557891917 -0.45115879072653708448 -1.59453501063501690282
-2.47598954166197326998 3.89245911145965006739 2.90622039883799576643
1.72036027715858264031 2.43714356734207893140 -0.82110348558258916540
2.46509312524436907665 -2.68787734064464078898 -4.12914896413340848369
-0.93338958401182781088 -0.53201066930206053485 -3.78538502225965212133
3.93088173919499350717 0.27828764017963081301 0.42204492400405602126
2.14444839716728719026 4.47334241654934938737 -2.47907906564262425775
-3.49597022718996619517 3.28156109281090113683 -4.08809051669878176227
-0.29872061525203275067 -2.05493293072811500366 1.12683430967051201321
-3.23331924589179120488 -0.79294996868822176239 4.50879819907419143732
-3.19096622878392510714 1.40502266552533239263 -4.36771847114696853964
1.27895776625900392531 0.29962173020423588099 2.53587089748563787595
3.33711598128198705382 -0.62646047115200698130 0.23356997057080253200
3.30420041838043498927 -2.70506429947989213147 -2.34238976450296965126
3.52875897621662826253 -2.97375572283070921387 -3.35259308942651390595
-0.35546861059420553630 3.39509019047820448378 2.45320880494283244388
-0.35184272114742043414 2.18438407632192266306 -0.73686974992452025646
-1.56693016687679609333 -0.63667128872168055054 -1.47413083242982434484
0.69638279895127919161 -2.62366443565953000316 -0.56268151429566870547
-0.75733561801174076322 2.10367616313395444649 -3.58656074316983941586
-1.73087729185057348502 3.30898928944556924847 -2.16823155309567194848
-1.56362945148188403621 -1.28362340652970097210 -0.38924446696076220320
-2.53051307483292564626 1.84358998675134966305 -0.94898170060497299971
-4.47505647989657262542 -3.57176790502763363833 4.52982883094617871933
-0.79901273005579920294 -0.73742959350215731007 2.20472160441726749980
-0.06130317781198879601 2.96847146822447616188 1.37030197543898513146
-1.44682080675725277530 -3.49467212556027062575 -0.52082718283118190072
-1.52455242910810007118 -2.17413907323624400192 -4.16925617777639345718
1.17526336037914003185 -1.14345893447264490561 -3.67949585547810897879
3.06169614101349196744 -1.71854743557280809085 0.59049229684363258031
-2.23868477894065698308 -4.48609745729074038678 1.43471614005553949056
2.80427313972481684345 -3.77940930437357858196 2.54064965076801119181
1.83971540777752551321 -3.55277024102948724149 -0.81700490053605401286
-4.51354432583850773142 -3.48698647987772547552 2.63757623410757968685
-2.95076696233183977114 2.13912024756018670502 -3.53253643210751544501
4.52033183408577965423 -4.49011889536181563187 -1.09079307228178556954
-2.68995526690649366941 2.65815210189130279872 -2.30649055220911414210
3.32428209019705711569 0.30014003988954929270 -0.47871175969455226351
4.11298692296692092185 -3.86588349223423177747 -2.00128935855748713024
3.44636741889731901267 4.46434029808589993848 2.19410775301695259998
-0.11406032495258422443 -3.72761774049501104500 1.70788075118317639323
-2.91617750515314888560 -2.81473286020861790391 4.12038073820440242656
2.47040629016175383725 -1.05112396073102321026 1.37679173946271848905
2.78740956669824413439 -0.23590063662037596970 3.92876739452264178709
-1.96667132381829024013 2.66563003189866432052 -4.02045018447523538896
-4.14928933399835564444 1.48009205083050243701 -1.51837999115952460016
0.44307249742696708239 -1.11571977574237557462 -1.77363969503385821014
4.20432995595416070245 -4.22550886370664624536 -2.92898483640646389858
-2.88709550005698023512 -4.24382389213835153896 -2.01143397099820830931
4.08212873055528202570 -1.40879553255325618011 -3.91826404881788059598
-1.02075307627027100921 -1.92517200452519432474 -3.24380776529895609173
3.21881981441127518195 -4.40045370346822739549 -2.55316890403233731632
-3.72913746835406234581 -3.49813702546343119337 -2.55799790663545500990
-3.68156320604405840058 -1.57544077293806861206 2.27239780083971254498
2.45745096047038380505 -0.04712630277836105108 1.70270058513013733403
3.70615290373529315815 -4.19239403130324284064 -3.95788240022751347524
-2.74075130557832302713 0.77386712482800756874 -1.35703809922596452253
-4.38938569340718398593 2.66924668948186116779 2.02256038410616856282
3.18569441428490041091 1.07556991081873665195 0.46672861160174416995
2.39068509915491045348 -2.90486325633839781446 -1.83100671745895127174
1.94210614270590209429 -3.91950739584570939655 1.00253088577782190072
4.30743598797876448003 2.89558690014376818311 3.34500923038750119787
3.08889387778822399611 3.41581560493798530587 2.40796971881269517013
-2.05427677331687164042 -1.96938580803472351732 -3.26469506079128457543
0.61324952060106063811 -1.63524845517785166749 -0.79374905897904302066
-2.85554593210490681443 2.85863333971590272142 0.47936349946903700214
0.65672686858291395851 -2.07956080456851521987 3.23366777215387557476
4.20455473454763062335 -0.68918429702590167096 2.66859681598592057838
-3.70777920729847743075 3.27304066128209303344 4.04381481707625933808
1.04331823311014826317 3.18853234831297527307 1.68376104190291009388
-2.73108945178691309152 1.76427652681693292180 0.01577886817197349245
3.85502083033614528773 -0.90520460470681518572 -2.50777158161745372666
-4.14068638762852714308 -0.77283445262172945078 3.46392234011224875445
-0.26504011724750142776 3.28043794905435870390 3.59872918768375793519
1.30210465355956728217 -3.31026237909314202668 -3.22176905034683436213
-2.36261974664549745384 -3.26246913717192876803 -2.81700438964042421119
0.95282727185312676710 1.92782952050406652944 2.01587746179486959619
-1.83001340645876764412 -0.20422727532159345998 1.28399188086220394922
-2.00565712957816710826 -4.18853462508886575932 2.45142504575535902234
1.66942319865904398313 3.82161626888096872534 -3.73695987892961989374
2.95084011808459756310 -3.46842296084449630555 -1.27201541172811083413
-4.48561946072675254982 3.04631815442431541641 -3.95550074948658236806
1.04510474997111124651 -1.95383688142430589352 2.08464288585987400637
-2.78298945730053803871 0.41546265522866132613 -4.46409100671702674390
3.17070979249561002433 -0.80551261059814471821 -3.50676176663324934424
-2.97963069257461299344 4.11094199363208812059 4.02703385736591368271
-1.40835766061059430854 3.76300380514118604225 2.06486012378637173725
-0.63952701601600336900 3.68385900977382529931 0.63146106331853690818
4.28225590135419675875 -2.90362826871822443664 -1.43851752134089760915
-2.71895286426068594210 0.41777316373171569097 -0.29338129113033772910
-4.40657826251400752682 2.63842657544809000569 -0.77251265816466618830
-3.56012425887323091800 -4.29066380333858710117 2.39727502961444827179
-4.33905699289858493017 -0.67297772393716748240 1.27328026561503993008
0.95012523791444802868 3.39101235528463451629 -3.19773840439265688573
1.64826759327192196025 -2.56869623713148520494 1.49166701576366911297
0.08658615929679580603 -2.22318093916830550327 -3.51111572922798576002
-3.37252403283161283909 0.86552187966101890026 2.68682953380317535164
-2.47453403163353291561 2.98518493098274273478 4.03309623630468205846
-3.54159646368487601720 0.66996887824855733129 3.90253922865738456238
-3.91897600776354160246 0.21610058836422485484 -4.41342179285206981376
2.81638513027915582398 2.73892258802480004221 -0.99746861539067488422
1.50487613357577654227 3.69644470444692085920 -0.37786148602271474317
0.28455495715106149390 0.11391394654951447762 2.70329745052155345775
-3.87257530084869383558 -2.62547991278769199397 3.53908727763993358195
2.53145234729052059919 4.28074286924231284246 1.30397330885342110918
-0.71090143562543861577 3.51321650621535308545 -1.25738896724468940391
-1.44610815585055751953 -3.98290182859994734699 -1.73278170413590038024
0.44300108639063928706 -3.72157511577654753765 0.54991288706860697033
3.82590773169057651870 -1.88163121772255870212 -2.96756783327814899209
-1.53933651863520903902 2.29952976912576900759 -0.50640701294148637857
-1.46782730152617446606 0.60835221499456704208 -3.55042900436465336256
3.79054323680054938706 -1.44717555587799129313 1.73434783730601171925
-2.47433992272771385856 -3.43905751229292810933 2.01827243784536758398
-1.80651354840572597737 2.29637312118094261137 0.59682121933710075012
1.19938918753060441702 1.90325968220458641156 0.19568450440023887893
-3.66603800570086590938 0.40108123414527963035 -1.16457866317568559111
0.14022763898160039986 1.64127700903809259358 1.40459042683247936623
-0.18141239777678652700 3.15458434650565511248 -3.67068436221233573846
-0.22490471303084902388 1.83993913538833542276 -1.77375057483791209734
-2.02274569477948862328 2.01231089953515596136 -1.83073915602702985694
-3.68055940176808737974 2.72128470381953579960 2.95809015674166353449
3.98149259136544753090 -2.96029334061465121408 1.39398893298058101919
2.98842055290732400152 -1.26677531263290532593 -0.62452190290342546319
0.62727161999411507054 -0.11636867713162057925 1.12161662114947091595
2.55741423581449556224 -3.01013899389465500178 0.81945052395869044659
-3.44464907866869163300 -1.83250843307149935413 4.51135436473091200327
1.26473275958694664212 0.38953907249750319153 -4.09530788114450317039
4.06320955302867670156 3.57379735201292181301 1.88653150281608450456
-3.69363004817385354173 -0.25893842665913524570 -0.01550989973386496246
-1.58438266295148455498 3.80174509750843281353 0.83395784104549885996
3.89680531457066958723 4.49431818821009176901 0.59670774473805998639
4.06249418403561701751 -1.35242279317429314744 0.52087232685975859425
-4.43059581647965927687 -3.37448983341381270051 -0.48472761672752362472
2.15809771460660737574 2.42625080105283519316 -2.61106465476219051780
1.78144881747885630574 -4.38818192167304310658 -0.12606919622501244760
-1.45972067970938512715 -2.87933796681229425829 -1.60567924293723240936
1.75615325696270030420 1.26245349529384842668 1.83524213376298650502
2.22282137500277610087 -3.35954605768431946444 4.23223475036757346146
0.61979502057078406096 2.06015658690243341766 -4.13514635601431290723
-0.88991771102429328977 -4.28716489198216521572 -0.85015938176679828331
0.72820565209915510962 -2.66897603202954680768 -2.74697918471433144560
1.87003238873094002059 0.38768255086120007036 0.83347039994548133279
-2.06113219124451996223 -2.41670447398804810746 -0.93038507356910482571
-0.82543553752063480999 -3.28107592169026274220 0.57632981728592014292
-2.88374017320902220618 0.95060885546544415803 1.17298219740761400232
0.29025438839607531349 -0.07294324203440183396 -3.90046380712122875423
1.76672053797158845612 -3.58744729122095273866 1.91458761717905101563
0.59826892612051363329 -1.02728900641707321384 3.05202262295556803195
-0.56002763939925648273 3.27482743706097334524 -0.29163323815467201428
-0.01797077531314972276 -0.29161972924552781450 0.17088148153352378245
-1.59740228499406722307 0.86709546712726837114 0.56463284393060497734
1.60438015332438244087 -1.66238656354562674977 3.64592671552851133043
2.66137392346460188719 0.62777803062572079540 2.83214634490446393045
-0.34441695931644034090 -2.87832126238069285762 -2.45819713132971395808
4.27397297196234848826 3.84511379298915212388 -0.31777270044152228223
-3.12975112150981127357 -3.77258528648651880744 1.17980568489195913884
-2.63522692733866126247 1.06658548479088821637 -2.38361412903830016674
1.65422086615649899244 3.07957808322181225691 0.86958144716709462330
2.31512739847057513742 3.03163073669329019566 1.71441899899756133863
2.19197791302425226689 4.25309232012674076628 2.33379727137619763511
0.24826068340371865162 2.29549674742970832853 0.53070013923097381081
0.20609428910167615356 -2.68551835633438251705 0.28463394046650414282
-1.68787884507487140340 2.34269888051389596484 -2.78464688623188161287
2.80130449527735603255 -2.48982602785977924498 3.98809741881602430880
1.18467668146587001843 2.76287040592732591193 -2.49511983625641553530
2.29130457975646262270 -3.00002168364077714813 3.20906988947782512156
-1.96996794208957259897 0.33616465084999180846 -2.00783313941161534188
-0.13196909153585600905 -3.02639368002458608586 3.41681119152569312547
-0.31657023220456359525 -1.61630847192200821638 3.81253298927012007624
3.58236624564928529679 2.15536377743387408401 -3.06439850119211376622
3.69653400928025899219 -0.19812020342902858516 1.95407954480336787384
-3.86243920335269086408 3.65984281207002748459 -2.75166950351178751788
1.20588149020961932223 1.24790806717260771563 2.91764096383072590868
3.08581660907643051672 -1.13041610144644710800 2.55448625724725442154
3.41297327692884699957 -2.21235895803343396437 -4.05325136489732695821
3.56236490698569863156 3.96107532370054915560 4.22045077326707396281
4.49850920111861096728 1.87824535628272393240 1.22806769899694590009
-1.80980575959378331419 -2.66950477370151606493 2.84090107253906243301
4.44112561459719490387 2.32991561541100455912 -2.32216952667527909426
-2.85466530504201809748 -0.73392303123777935525 0.95955149979293974383
-2.56394225151424226539 -2.34981606203648585307 -4.13924327855274043486
0.97946138098852131293 -0.84160995434060659193 4.01196589563692374014
-4.32886840536163752802 1.99720771933761920280 -3.90888219141839421411
-0.42252832651526972541 -0.26120728087502698145 1.25867897619358704020
-1.27397599973085551284 -0.45754064657993342990 -2.58062043806894969578
2.69769669448647864129 1.75001659951095334122 -0.04507260189888651070
-3.13022273934948014329 4.24286749061686574436 -3.92434284190949655979
-2.25511325742909241043 3.10059684737627705431 -1.04072898808994507291
0.83484178121354624125 4.36279729647741998377 -2.63987999014246943474
-2.53142930836474366885 2.03120859173014434162 3.24176992840006317209
-0.90831546597750367766 -0.46869209954382817784 4.18330851156991823103
2.62896846685641261132 -0.48371370242515521198 -2.06478302706743299666
0.23167545242027109964 -0.42240458198167285531 -0.84750297276150199366
0.67171857233008669397 0.76587777031056614163 4.22831857545179001789
2.94549196478621411188 -3.20099294984424176391 -0.27678513718073016747
-3.20687615908424561439 3.96702450235516490551 1.67827570798793601625
2.64615888295265655472 -1.89280954744804086332 -3.06948820947348366417
-0.98035197361483827905 3.54992236831167051747 -4.35747411366242243247
2.12096738184926092430 1.55062394079919751988 3.12799216482155539865
1.98747012946351730989 -1.47721985733933713902 -0.92495111573520505388
-1.52420745825900594284 -3.39668184824276719880 -4.00516414743977477997
3.04776183450326865199 4.24717306652783843646 3.13264114258984971428
3.20706414538371742395 3.55820872026894097218 0.81231936538930149538
-3.84733355428376722074 -4.02761819460050318753 -3.43458772301272441396
-3.17086838219407152195 -0.11274877506964120499 3.26256918725500799638
0.69459759581992130961 3.55566115288416195739 -1.20053534520609117564
-0.60397420763876574767 -1.66063668148761589549 0.06832460672979578931
-4.52122299347215683696 4.26595721925310034095 4.22668152149654030580
3.93657241816578018501 -2.26705832083259473109 -0.33952094924795073183
2.90399023899128305715 -3.79648831426159283353 3.54768409214239444083
0.19800955115986074162 2.78721518868740503194 -1.59199307916844778887
1.00551712773576529258 0.41964249917372331566 -0.56515789046402131746
0.01578347213187125675 -2.31669868306958948168 2.16782767185952263134
-2.36396744281702808621 -2.05996990301342330909 0.50478122060599517340
-2.15601610532688026112 -3.23496652416872709779 0.17859447253852245296
-2.66667046316001998818 -3.05857500780723956524 -1.53299345452812918467
-4.22403098860566306172 4.21250905477865611459 1.80031957199092929045
2.25232570859362457583 3.83796141763397091751 0.35674962674080923364
-3.05940191460825383629 -1.31287255208030106957 0.09266719394309674840
0.10312746763921865067 -1.26045978846700190701 2.03280777101729626111
-3.66889048232710957009 1.56086921903008413182 -2.95775503243102555473
-1.12411299023577360146 3.19727146134126094523 -3.21910210350632253196
4.30352121194725167896 -4.16399591292292381439 3.38397057556545099999
-0.68786765180741982206 -4.36431399237597883456 0.61690494343852186887
-1.10488021086949439464 -1.89674340060765267424 2.32852914023657042719
-1.95914354824229874907 -1.27349367439319038908 1.61725551392981881094
0.57748364173915689435 1.25007435436758296277 -2.32418438589050779797
0.42835797189334368085 4.06032579785256775295 3.15727728789689798816
0.63784877313273291577 -3.10745320644796274578 2.40434680857232319084
0.19435020431542948671 -3.25181664615276178054 -4.12824405153881812680
1.54802822326314615253 -1.99953046227630615306 -3.21183554749974353726
1.24803221389303864441 -0.68236446517104187848 0.01135740706827981228
0.44819013050857048341 -1.10162290396332229747 0.73777224259049578592
2.25127711621230641725 -0.33950779683551335353 -0.12579737212620401010
-1.44283569642638909158 1.35700731636817106818 -2.63980463600772097266
-1.06043057278910701768 -3.00399590970494934083 1.55716691566531739710
0.91828287763051275050 0.89167338593772882405 0.68425763120351046354
-0.58674737102953589130 -2.94449940361039042003 -3.54618254534401122768
-1.09023406860280314135 4.08222225865053456317 -2.16512599362154478655
-1.37246645928504129586 -3.27998988873599905958 -2.64524783993585810293
3.28325362110974605656 -2.72902563085432880996 2.24331871184357556359
2.79770665462400103252 2.29376925566098943676 0.88311799557500947344
4.25943515317619780802 -1.37590433257107713771 -0.63971406023304577815
1.44059537959009720254 4.09504485443514720799 0.96248999374002863760
-3.55913319898224544957 1.72495650827831870089 3.24994954597788154871
1.15139811547907022771 1.65299305347359837270 3.92973824705811036750
1.20770054323748698977 -2.93439262442072079651 -4.16052539792893227855
-2.46193636311103825065 -1.19315572044861006873 -2.45868865503464695266
-4.42944898040986334564 0.58345579056555063602 2.87927112330265178031
-4.09381929175084025019 -2.63197043238296002343 -4.26173185980323854238
3.70306751596212091471 -3.09754116434818138615 -4.48857663496395264957
2.53610809635742917578 3.50055882588050604198 -3.15808494953279694784
-2.08550658085343609827 -4.50353904784143921347 -3.19000320867044928619
2.20480237486626595711 -3.60356525952749828789 -3.73172250702267183087
-4.34944656155656339536 -2.95857189471379955492 -3.25459411011784860435
1.45027705648850435693 2.85008234281025529810 -4.46988093715122669636
-3.93246274761005132348 -0.61563597026324901051 -1.11471248816040269247
2.02097576961320601896 -2.22681098438613922497 -0.18603110635016673058
4.13435642504962341803 -2.15034085022185550429 4.15505841659793784260
-1.38783528929848332112 -1.40614233132023080941 3.17908763468271171604
-3.48948380306038208332 2.10368073105589825644 -1.83168470921053616607
1.09843291058162240148 -1.79064535131056246087 -2.00911799504033172781
2.62909513895205027012 3.38246008509911355588 4.42927220479675742837
4.10965139243958699211 3.68876249838557956906 -1.56770229556648699187
-3.19508802699665173108 -2.84144812249879752386 -0.19722842355347491861
2.91063826646715373414 0.32328379046244126727 -3.86148862973547801758
4.10884626497127225520 -0.21300378346197224033 -3.67895455514488478599
3.96644195529004672807 2.86222585956117381301 1.15704786616628485518
0.60994006134746392433 2.55572809793649469157 -0.65614394425462840843
0.68018639549014903167 -2.60769464416395813089 1.33932193036853863788
2.07535365906016000537 -4.14380091866908539799 3.11169275750566765026
-4.22449328014343006288 -3.99248552441696569204 0.40125709202833625966
0.60592793242291875799 -1.88511439749632225826 4.40637671396880659103
-3.62274132396934112066 -3.27596056606770424935 1.89862245996020906347
2.83455281365277844685 0.82048781172245011106 4.09417451168777457582
-4.39125757543756911616 0.83636871349844366108 -3.50899498254424635491
-2.54983071871765076821 -1.96694315755970272619 3.26583654367971742971
0.72464297789287801521 3.20673966477303018507 0.27000403917512283414
2.97267626075459379109 -3.86863773653400278008 1.45224662123821701698
1.76327883667788398725 0.38645904894513094519 -3.09879304721488368912
3.68266157130166948974 1.32593934678856495424 -0.36962539924231307964
-3.15177859863814058272 -1.60141401616828460419 -3.56626510309819488853
-4.16138955487432582458 -2.69441162541660883534 0.36243090289462021047
-4.03195550610269393133 -2.30904392966203397819 -0.62152434360947417247
1.41991877073799788178 -1.44510495241950165379 1.19943295122132909114
3.31030303721642304993 3.35684968595043020656 -0.43881545622432138742
-3.93520301888646795163 -2.34194701710851527210 1.35688950365365190720
-0.00808731097756432149 -3.97408019782993138236 -0.40212268464580969152
1.41329678157981408759 -2.60920279547713063195 -1.28324408571343084873
1.46079535333710719414 -2.92581736947080051081 0.45110093122785421826
-4.00058398396097292249 3.25603003507047983334 1.12234365175355232935
3.04580880818414723166 -1.75286655635383903373 -1.96194091038162454765
-0.18682842987421555137 4.46643756123776558553 2.27990382230847465905
4.22070909934620086545 3.96361138721702754850 2.93467295093878011158
1.12639030133135875644 -1.68291675866101941850 0.17536262480181985524
3.97229190565621426146 0.11696726316005712221 -1.38125325983495494953
0.54147134964463283779 -3.78812972008955872738 -2.70531616588094347975
3.31717377009123826070 4.21238979365950694245 -1.13044100646185086134
2.72007613445730722646 1.64520957279128499096 -2.36525234986772536772
1.98850651566305280937 -0.82824132144098872033 -3.20626686258254833817
0.70920314045754917487 4.21989039722174918978 -0.03090186838999020580
-3.18443298022741716480 -3.91540026894243897715 3.39313266144298619764
-1.01172750394929167328 4.51388451153154957041 -3.62255375746893948374
3.89070211521867559412 3.20286452651515407553 -2.50807020456928153607
-0.54604657670373724088 -3.04748718724887179832 -0.62935238185366282337
1.46472110435713620546 -0.58550033305020177110 1.62874638361989720892
4.06501280295984468438 -1.78428987645989556299 -1.85938312584819742668
-4.33428662672463538286 4.35770358858844542027 -3.91495818528583416906
-1.77577688543068923366 -0.82823148086295406145 0.42551507434365998250
3.80561186675179197181 -2.44328755974847400267 3.09469656008290261440
-0.46679691024277580880 0.75394128767129231505 -3.17487266965377434857
2.61272104558308893019 1.36515898256369805353 -3.76950661917841411963
2.16724474253176691008 4.30287689047258492536 -4.53582316519648021114
1.86576099396768935179 4.39281948138885081079 -1.24510303825749524265
-1.06015567666031973459 -2.92363606453449298428 4.18665015669343443250
-4.46778619862508108440 1.85052778208974633145 2.62387430326304649242
1.91558531079102678518 1.23233664344075410924 4.46407026038204701734
-4.11882115876304144564 0.56698349444290219168 -2.50981076204858011280
3.69608735674281074779 2.55185630118241224551 0.04277784609105417246
2.67661313226041741586 -1.25699284148335710398 3.70186099508262156377
2.94930027373089398424 4.50632326769095836738 -0.11423737433035974220
3.49113115608446644700 2.72706879361976373133 4.42302121525852509620
0.61297781757673153180 0.79432124417381899661 1.64964717995434551057
-1.73158511436603479439 -4.22003468244263224562 0.64780102302268982584
-2.33484467743308687915 3.59783177945634857764 -4.11393681824480594855
2.73150900824392017796 1.98667827621214865275 4.19751534545167981349
1.14861758604450159282 3.57561793811670636245 3.67418338564236091059
2.68133425973113226348 -4.50590570716133687057 -3.51045202227949948437
1.44286766441190916765 -3.14255687809370387598 -2.19282797079458235956
4.51304571580113655926 -2.27822895339197373232 2.21646010148198779888
-0.61712691770570904382 1.56119883159911854165 0.51016928121929261408
2.77573808340037153641 3.36748304373456974758 -1.84589262065215997666
-0.27447376533243783570 0.95035519437158999523 -4.37100767560586156435
-1.05478064011568939407 -1.22540916371793962014 1.11826499766500830901
-2.10844064388123264564 -0.18194532966986898259 -3.61352482433100741233
0.32822708542580780744 3.03469897265195331926 4.38455092051342543158
1.75376096179792728691 0.37705209158567143390 3.79590139162004636120
4.40643193817008604896 1.50334260011822973269 4.32367355373879203029
-2.27070333628912601753 -1.25271631776698511018 -4.06716513129989287734
2.31209838566211534072 0.67965650962133317137 -0.24997944240407399263
0.11882321054719380271 -1.10250270395181715344 -4.14126966307280586221
3.08488734047792068083 0.66620957292281879347 -1.82443259585012862445
3.70682105466138889227 -2.99664239015697564383 0.38551792932561035343
2.42101795440451272867 -2.83829772092388088467 -2.93178844216047851390
3.83666937125529283747 3.88945091346014937272 -3.60925658450591502202
1.36938501257017453128 -4.11718653283647828545 4.02390035730209927323
-2.06868053148510355754 3.27907640574460668148 -3.15750357060309516655
-3.60778460443315562856 2.64264241718019743388 -2.83810016710452295285
1.49288797044372056888 3.79609071503633810352 -2.01592484550654305053
-1.41335166738389794716 4.10576715009987669447 -0.11849650320695381822
3.42997450332166753384 2.36059771726806033598 1.89968452637116413939


