260
-3.92112041579541070746 -3.16393981243584265783 0.29516577066807414553
3.97612499826790166679 -1.00409648687433428194 -4.25488981876967820028
-0.83432323662053908819 1.12314335368569029328 0.57232345662519445995
1.88638565940331215387 -4.37669073603869573930 -0.36692874351970683477
4.11946820674139058127 1.86194321462460443684 2.76930437362466719264
3.78164789997387185139 -3.61287522404644034779 -3.35182711678458877813
-2.35506493327024335471 -2.42775084467066193383 3.04117902728325795181
1.16942155361633037813 -4.29693797015182710197 3.64800783289619712235
-0.32184007691275073881 -2.93084903394307128011 3.27922965035350610918
3.15879649825585850920 3.62399115513234715280 1.55408864665798862603
3.31996652582524021113 -3.18520690772127679224 -4.27181383624884247752
1.16460867820642377524 3.85530698359494916616 1.62111928328310384018
3.35391403447084535117 -0.90831023639505303890 0.74760596817638003131
4.00608112535552773892 -3.39562095179887091234 0.32788880273136022936
1.82118598557761846024 -3.44667448129396669643 -1.20991573950503905621
3.95582718206353778356 4.22247131517683893520 2.12693092739353595277
-3.99698682668948324093 -3.12858443859312496116 4.30446749240195725150
0.39880183963511139922 -4.52165997443579303905 1.62840906042351463157
4.09912786131281858815 3.75291510364803837518 3.84286836301358558643
0.33880687340939807939 -1.63097448927126809082 4.13076427291631897987
2.93688352405838504211 -3.77513320255686224414 -1.88923999288304944599
-4.43257075190956584265 3.60793156896267941391 -2.04433270720818782706
-0.17030576092877502958 4.42987247337716194551 4.31477416550552828056
-3.92473268450635348614 -1.43984085670729022866 -0.54508072638649851527
1.57598337780058894708 2.51467545660936142582 1.48288207461257481867
-4.47920665198566592125 4.50765360173088946993 -4.36482049943301841921
1.97743124789299695721 -0.13979087113712918011 3.75940753104825997610
0.51583692884413068214 0.52514225025737282238 3.30053381257522193692
2.05673843084246055213 -2.55601569738238287854 -0.55553631903992384267
-2.54092409812254738100 3.91203076798678228698 1.02547287475414439228
1.81114205960692675745 -1.85198491607701942741 1.33607602094995048247
-3.42969135507603573032 -2.31178492002063373789 -2.71489472939290621412
3.77498299865207531667 2.90085593805754182739 0.83240200035737643702
-0.31047212523670975060 0.20922665826907316244 1.76969737626875467384
1.81197249019400263848 2.41149942538941797210 3.87790310794800685557
3.68774605765256691114 -0.94713577195332021574 3.52324619232516500489
-3.07786850421268809441 -1.98418297745555971545 -4.53601403638865718904
-4.00973016483074662375 0.07179858649431025697 -0.40755242111135636662
4.38375249577902703635 3.36444910285072573686 2.17275212587119259666
2.92515269153072221542 3.71312266416606195918 0.47596083202593053585
0.65818695814514427411 -1.60703425506492081354 -2.81524964655236420441
-1.40323460969196522896 -3.23284050919774701427 -4.04669218314915468682
1.20924570078692195096 3.17522263241401336842 4.26354845385047465101
2.98124448100139094464 0.39979452494090761405 -1.20081871070228274334
1.03205713929399145457 -2.24073814675199312063 3.04292205318406594472
2.28576093860438600558 1.35200984981953009623 3.97137504957071119094
2.24746894923141748990 2.05091148075575535614 -4.15369917648130737575
3.08783779899379329237 3.92323139178779367597 2.59354166286237219907
-3.83428324844121570791 4.34427332984731062737 1.25591634998948986635
2.40485111817077967800 2.67356735538873113711 3.04049905702789935447
-4.51970185263847934465 -0.51585677089325354672 -1.11113741390443676593
3.41840945852083955003 -2.01023603359728886275 -3.87590621491837383772
-0.45768765617603524021 2.39832419480627745401 2.42052047012118887181
3.17721705239936014209 3.85506279174916510755 4.40203727232429553595
-3.52006080471771776175 2.04399208852875702291 -0.04225563363101869641
0.72824069004672331573 -0.62744025861909769048 -3.53178010098565886565
2.69263961012428865160 -2.36846165808433051225 3.11386599823147225408
1.51834668296189434500 -1.01936281057163657948 -4.03633856899630227844
0.45223334089816180636 -3.50892431059835718798 3.95562136183689450064
-2.50895188265042445863 -4.33234697793313916492 -1.35632994983377175302
3.05061360316043650442 4.39331389366269764452 -2.79696054923337333875
-0.89007681351065670583 -0.90602989587780413672 1.06858292344006056140
-1.26220991936987658733 -3.09679242019544354036 -2.23656762682384924190
0.41722741280360953198 2.40888349555079894770 3.09144094969260496697
1.36260506709667161829 -2.26717209664598273733 4.04019631327856298952
1.53266727278542802537 3.26668648690981289207 3.12458835289893510634
3.95133454880279710864 -1.03422792226060833443 1.87243269303136461446
-3.64409343584040890107 3.87018062088910763663 2.36125082574905942323
2.33738856621391999369 -2.06826597197441230946 -3.35011255619085135393
1.07081482745995693051 -2.38176084973417756530 -2.08452127169157019893
-1.11302212570340142150 2.97239887698295390805 -4.13727242777081993808
-4.18063742517404346444 2.93097857634912717373 -0.47549505617083465125
0.22008938227215146810 -2.37060680207186402768 2.34272838877572553429
-0.60782689603026707204 0.33988495349525038591 3.35505418023881407663
-0.35809485706616062117 1.04416521074787826961 -0.55868314944386554544
-4.53134085077152359844 -3.72691837914382961827 3.64145815292787045081
4.36942542801345457093 -2.38012892741161508070 -4.53714562162914791799
1.42193198753883898178 1.01367711716966013569 -4.53292690140505616370
-1.57663080629249874320 -4.43263570160899522676 -2.97408183373378331993
2.25660490548057257598 1.41106718923182317127 1.64340507745881136970
3.63596713716261543681 -2.39311912356939471280 -2.71267625789935884484
-3.47399597639986534858 1.04510203193018469392 -0.32502444658583939940
3.40305079435776036689 0.70575481574563081466 1.92053993209017104249
4.42910534410736200783 0.59452478209797554598 -2.30275605546868078477
1.02925842213799523250 0.73383967976187136628 -2.83892927427365027171
3.77609162045589830115 4.53713831453701654794 1.13761247940060705730
4.36217338530646703276 1.16112347945708638264 3.78637786504839635171
-2.92848931535705903073 -3.89490147010343168432 -3.84186284079019557680
3.89795247905666553123 -2.42087522403393506920 1.07608795418785607723
-4.35955057153998737363 4.17273639647823113563 -3.27824158984208180456
1.25154233762186795076 0.96955689390451205156 1.03845947083291534341
-1.00643888472682796476 -3.43455656416285970423 4.06145742700433043382
3.39662110269682671060 3.72477391431645710185 -1.35998037980249941725
-4.33483427050689495985 -2.67350780865559967125 -2.19723912419976485921
1.68339004728682617440 -4.31656625548399652814 -2.07542546789592430301
1.16277942782871512861 1.94477159771934804411 0.58643623389997845408
4.13567012869296757316 -1.87294982394202236264 2.92684908456718151371
2.74568988972583039043 1.78583992270008362624 2.65142352027348060517
-2.97980379397984851408 -1.59334907722077190328 -1.03848613927096966592
-0.26114805217739789356 0.01328973972643687773 0.67899272019972034542
3.00981445750448450838 -4.25000349936970600595 1.86860294295383155827
-0.99796091350911186879 2.67705798379575465873 -2.72429441428459284680
-3.83533228098125000827 -2.72822653146517568601 -3.75410620680662487914
-0.42699694008614397234 -2.11508592263845862647 -4.15450346150287153080
2.98871375482011103486 2.65898449852213758504 -1.01852601724965730057
-2.23328789909308245143 -2.51631761571438428149 4.06878182199579807587
2.16125496315603093933 -3.36949156276562744594 2.09813956938078316483
-4.01898653787129145343 -2.54476631850518719702 1.35618102474283031000
1.06604856689558058491 -0.44905466328135279497 2.97374712285583608917
3.52466682080729309945 -2.38965939422074358234 3.82656292806194731071
-2.25111169119387888315 2.53647776647662848148 -3.50150594547621452080
1.87680490175615233284 4.11903860203020233399 -3.32508725588949216601
-3.13635741232669484901 -1.95496921613125618222 1.43065991937786218813
-0.33134777081381727726 3.68631251437972462526 3.52513605977076860398
3.12886966691774404126 -3.69775946394532262218 2.72015935083963000807
1.49731813346581787982 -2.67595951446149582509 -3.06140298609378502803
4.46514852942129447655 -3.71488474026747272916 2.56572679688583082935
-2.37098982287025394911 1.73967144775397475343 -1.40327728360736703195
3.18264111616734179933 -1.26193301278166369883 2.49598325197946291354
0.41014028146868408697 0.83593476318840043149 0.28359347030789106014
-3.59650913414147321845 -0.30511059220459824104 3.49758708720534539083
2.23489970627003842196 3.91366229186492997627 1.20341161850454625437
3.27247707889628980382 2.91575614986856823663 3.68195770413319412029
-0.49495791668555355614 -1.57959860424836984194 2.67058925148288306417
1.86606836662584552045 3.51088699386738323227 0.25353666588638379409
2.04657960741513988978 -1.39232210291183555739 -0.63996977443804548003
2.79091994783666752511 -4.32285517645382721952 3.77665176387857659535
-1.45666211236842269017 -2.90361256693770908299 2.97145886957932336969
-0.31855569821365303795 -0.79045419719342469023 3.73350406898516862242
-4.06214607210867395537 4.48441410729559830628 3.22269457279458837462
-4.19641739581267181336 3.51392635986346402177 0.41620605111928465902
-4.15218808446449472171 1.21707782111273488113 2.28337712963300276670
-4.39840475032776989650 0.14324691659352328799 4.20683460441183409984
4.04773951744079862891 -1.20832440586867262411 -0.17362959485040985186
-1.06653670640936049097 1.72580172146645871578 1.52784813609609759766
2.65018326559887906768 -2.35949098572598447987 1.83070560349323852023
-2.76514365351078206245 0.82633227179204116197 2.75117749336828065765
0.72838191676902752647 0.45728621016305925906 2.26398391545358190768
2.76992105785456033118 -4.36264255734071237924 0.95296401530328811447
3.74639994837687861917 -4.20890138472716657247 4.38918650730147330563
-0.71591172139432801558 -3.93321650294171032414 -3.94655649270597930212
-1.46864203598178377774 -1.48141966838603611478 2.14410680001476539047
-2.35166965885411904935 1.13921850720198314377 -2.26383635822968187767
0.42763719908199071540 0.75599781036627256015 -3.83218129371399918170
-3.94237173969338394741 -1.93343364265942252445 2.24772470906063848162
-3.69152512202952554077 -2.73255929725271373698 -1.28716698828801501264
-3.41355649700552721271 -1.00025869929937183400 -2.72589400495114198009
-0.25731069567852582480 -4.32262541486345241992 2.75392321406573792331
-2.08060865896527413810 4.05915609888501105473 3.38515182896264743562
0.62305198840194986332 -1.48651347047278825642 2.16683098272085938873
-1.91532057486583351391 -3.01374545534786530965 -1.36102347506977316982
-3.46417770527110535639 4.15601366732732113718 -2.51403232443589796929
-1.44640376186960750715 0.80155754836327020030 -3.14108937132750609678
2.03141350212898341709 -0.87803293118974101716 -2.05365874047231677935
0.91723938341241595396 1.68581262915283058845 -3.27156773205269324478
2.03927462987739271938 -3.69878412833427949735 -2.85132171007430290643
0.72332479100995872301 2.27873510319313243855 1.95927673178889971695
0.39666018588664275768 1.60775375712884649460 3.88164336741183557677
3.36016732469184109533 1.42037797847507984983 3.55332291407356049007
-0.75707487246689542104 3.72680957299531723237 2.25462515728673107418
-4.06877521980013856506 -1.13442726745335953353 2.94376690304447041768
0.45605567474424901775 4.10291558444487325374 0.72648529903463554547
1.70980854093886946998 -4.27368873624373168951 1.57067356011478320710
-0.13983176594401314219 -1.35512349223716999091 -2.16967681177355720124
0.83830895983821296369 -0.75896177448752943917 -2.16286270390514978601
4.26578154877743198625 -1.90061148700027437997 -1.10531602688375985011
2.51847287748338555247 3.63134516934960682732 -0.82025437772871656605
3.41694839838975639168 4.14052940056194795915 -0.47474610768710334696
-0.86649410795844206135 -2.71221867301674102180 0.81011861264638973523
0.29675852638990019017 3.11270480132738125434 2.24303332805532296135
2.26418506688067022736 3.25194553468883018610 2.12465780702030482274
0.92441406455606323078 1.40027839325799963177 2.79988604280385899870
3.67744155111816528603 -4.39858728930803355439 3.17281809125198233090
0.67995555904832638561 -0.45256123995762553847 1.47463138688223960315
-0.03892457939901561303 -0.56766449147725683844 2.38336747875642362970
-0.24784829976599542789 -2.58600479863335541708 -2.81045795163788536541
-0.91356222380687901463 1.82102605840313458430 4.24226662075526927964
2.62770042576578788385 -1.39610814972493768593 3.38654398610270312986
-2.36112687181390512592 0.08562076489883718722 -3.06173728133548639363
1.91292967133912217292 0.19540792783253557729 -3.71042791089130519211
0.03908623185315907023 1.31439768889869057489 1.29165146589908452768
3.23274923212682541163 -3.24862775188411401217 1.32754847116856300460
4.31554048179803739771 3.51746537367728517864 -4.16668606907490524094
0.80443029615404526567 -0.02799849374213536635 -0.07765828884140013599
-1.70912019886375787792 -1.04398673099412331311 -0.07981429891867453108
2.28591701666300117779 3.48191601251330151712 3.93790823319104443812
3.57213325720878582814 2.82930752675250296591 2.63722332456735131245
-4.26740345443957114213 0.60716455884619513483 -1.32550683454280804341
0.96709639289754090186 -1.99661398763228659092 -4.05525908127309175910
-2.74743592877413478348 -0.77947298404207288058 -0.04162629269919015940
-0.85279929390147124479 -3.17953258908085700796 -0.10500926312364722293
-3.21725237642734152033 -1.33251549674948188695 3.42108106500527409111
2.36569243070730106382 -3.72040916364459794963 -4.17996501528006536574
4.08584497401391910643 1.99895768040883314853 -1.30578339938135412623
-2.60904445906207271832 -3.01419086532424662650 1.59906252532579173931
4.08066490729177910879 0.67970034727663009022 1.02522970765382215319
-0.84124898769232459017 0.05408121889327777154 -3.35322196204339739722
-1.11900138987910668931 -0.58117472923379231986 -2.47849978666086734336
3.35582087646060411856 0.25022918444975239538 4.33485263807883480780
-4.05192197614611337997 2.50967821889075093367 2.35944574336077383947
0.65694495887794346345 3.95722614466314670523 3.20169700356766995242
-0.73972469111565164468 0.85987437505858377307 -2.38053014095633264091
-0.04422258431761960651 -0.50076667731070401146 -2.69471259388390693701
1.22675732514970459164 -3.78467352501896669992 -4.11402456696859530894
1.92632112926912490991 1.21541207993725919323 2.91063190666981785881
-1.39612037161036361965 -4.48503032536281409648 4.02654206737971076535
-0.13016905112786769649 3.07414415744293734178 4.36553164496278878204
-1.80771037513803722874 -0.44554246890218074384 4.39798112392242845914
3.62810150306038803336 1.86950477100910994466 1.06715481675093837310
3.53168820172094743981 0.34672044795329082234 3.20540759181489942620
4.06664121707584680365 -4.05842615319007116170 -1.24047376821762345145
-4.29297853414848962217 -2.15945119087089354437 0.41174135483454588069
4.44108310535704742250 -1.57476129792879326885 -2.45826854252613991036
2.57887000149909795255 -1.05445529491721856630 -3.76274852850918506419
-4.34735881938490020815 -0.51203006765538017220 -2.99478412248525316386
-3.53687521208620081481 -4.23188556678791005794 -0.39990276691518111818
0.93693539392720381898 -4.42645469246357858850 -0.74341324886264548155
-0.36277784291487247259 -1.00105037491317672149 -3.98806853005534112100
-1.70190346158415195532 0.21683666431153181264 -0.30547987707436341509
2.47473168050665126572 0.14072180544903023502 2.98106141600718466123
-0.73546112527733509268 -2.63921549250614217996 2.19872591595278610299
0.47746191052808395483 1.02980053331163379227 -2.09877192274826240848
1.87569228788189779067 2.27061358674464486285 -2.94816038466084284764
0.53483158403236075173 1.89235691290611462989 -4.14511049405115361566
2.62869258719643372757 2.52338988751266857236 1.24759672147882572091
2.04059117784957333441 4.37559737200050857808 4.53673272843172892266
-4.34740018962949115178 2.42655622130303694206 1.31934083773752774960
3.65618543231058890086 -2.69275842963622924486 -1.60290513005111767697
2.43381612326616814101 -2.66666902672507255545 -4.30708851933484737629
-4.05853484119591723100 -2.55673811872267453538 3.32066540924962882997
-3.08683952058596311474 -3.33392488702358047448 3.81130951194012279615
-1.29885811225132608016 -4.11369308661453292331 2.85583251812032479222
0.28778063049579571953 4.04573802835747020623 -3.42328666310889762059
-3.89646839567778302538 -3.77876136087137970421 -1.52911076324728778530
-0.14897521734619534328 -1.80821137255615482786 1.42363277721750325355
-2.23734202993158781680 -3.89047521899181436567 3.14965234422424789074
-0.61763179088259168026 -3.85618889140764942169 0.71682820729986040931
-1.64815409131121892727 -2.42894271262617733598 1.66663076063874626698
-3.01176425782096623962 -3.21651221731417980010 -1.93752283207507325358
0.63490926235198941185 -3.01130008768140777775 -3.66827692957717399480
-0.93726879443282262727 -2.37821520190749513546 3.84665228571624506770
-3.84607983680650944436 0.31530265125982381846 2.55882540867230812154
1.58014215629220267090 -1.16691572271872878730 3.91276023320628052460
2.96529952768064042345 -1.96714070283361852631 -1.67494188061585180805
-0.66127152132637379012 0.02849843156762243979 4.42080089585728241985
4.35905143422436669454 2.08890553334728945600 4.28237761539002814715
-4.15209768119492039773 -1.60455765497587776736 -3.54998108831405145835
-1.90633486353439396410 -1.54103922885950250787 3.73738806075731222478
-4.47672131769974424031 -4.09094275534472373579 -2.73708646855240678164
-2.54918007823001824264 0.98550752933104579512 1.00592017165021996306
0.84203572540323445850 2.72435396467668500264 -3.60390659201443508408
-0.31498647199641016670 1.16412052455780656857 2.49671765357448993683
0.93067384753878723558 -1.58669973623708049359 1.06328274721868520913
2.19420952905700072932 -1.13723858098404129180 0.45699007389114942868
4.38054215551895342884 2.84116185991558545254 3.40224260886721818764
-1.67687398710066259966 -0.93352046390724030545 -3.44695535485275028620
-3.52513137272333576533 -3.64178162129342286590 -2.79965074212417563970
-2.52662544939915756359 4.42280632811967944207 4.33701488383597233423
3.35495955711162618940 1.05455290974259074943 -3.41180427536675567879
3.80548023904020649155 2.69200019367169485207 -0.20330351291412096515


