68
2.74387832192082559146 -2.64654284257069738473 -2.27830578309777731505
-1.07864493371563918700 2.08482459226816363440 0.16347177432630566329
-3.80328395778096739477 0.05017970982519948109 -1.16227067473489409366
-4.53391487646053636951 -1.14688220521293793297 3.41552642569848430298
-3.26322471132335767408 -4.32891266277796304962 3.38608132290776531192
0.08928043242394689827 0.30162194149866738968 3.65149797970920442225
0.18489170234840912599 -4.33035366253411346804 -4.51633561725552290511
-1.69195183682438665684 0.17788423996632296564 -0.96968500039772509425
0.96278165531873760585 -1.51495685737852081587 3.69991430824177580661
0.75040738079613866773 3.17210161166886717155 3.13583578190773071270
-3.69610554538661206792 -3.17987650072049277128 -0.08820570413265471643
0.76434650707372941980 -3.40296579230934970184 -1.25658290163844821308
4.42634401291187007388 -3.00815617066220530873 2.48344279139528101297
2.92415199828487271105 3.89034478794084837006 4.51667432963775450361
-2.28685940124069420065 2.13978482471130426745 4.27928783595112971483
1.62729664502085658029 -2.87558941614876095727 -1.98962402580494401860
-4.25902313289356015957 -1.01010774027419891752 -4.46792428503489880143
-0.11693548994987956746 0.25756820537591984532 -1.66248065722191906701
0.14250579446439459730 -1.24641272341524178557 -0.67616815084639192435
-3.23511134691566182298 2.67709086234305448926 4.36335541463148413044
3.94562399991656587162 -0.48505734560789370846 -3.13420362478100189563
2.53486944943619985082 -3.94738738581077575063 -0.16036937782517401985
-1.81530798818422489660 -3.53426775322373876165 -2.67503517543161439818
3.23116270062902977145 4.30812883444879712869 1.35165329697236114015
2.11455335033995073246 0.07121141056960578197 -2.75886889785991273882
0.44241284106629930051 -1.99571702464261591103 0.32318689997214455900
-2.20537260934611101248 -0.22479632777145397426 3.88582090624837928061
-1.18176937839372042660 1.76203578536816696243 -0.76547653786395741804
2.26810332626438349024 -3.01742677087844057837 0.92752437590824499125
1.61363577751632814028 -2.27205926809294922464 1.80541594315368403301
1.67795082201436063229 1.22369510067606857007 -2.56038377276269457639
3.31899919141726851279 -0.68529161923670134371 -1.39074307274011843560
4.21815827756775352242 -0.99669004032618335742 1.67999795179604838324
-1.74628081219849295991 -0.77021108005341565317 0.14438766389287494007
3.13451992776734034152 -1.94739075726708588121 3.81204051478125460761
0.77698170671129851428 4.47543181342236362497 -0.07439825935125821132
-3.92219558379299026996 -2.10905677419733272870 4.04525775086043193340
2.42036605553219441589 -2.97792787514834422780 4.15251034780088357223
1.06863046556721474900 0.25370793668337476845 0.69020191393456098439
3.92154721056342925323 4.43683033850687191801 4.29591897439743686249
1.35188862158183464857 3.58644990553844866810 -4.18423599530710976779
3.93555792845480123532 -2.89405244555619489688 4.13523529545214696412
-4.21361093180408285974 -0.08430221389587799763 -2.35998496524536660601
0.23362080883299984890 1.53054280176883050757 -1.19089669719243884671
-1.50779074022705694702 -2.00862548416778574634 -2.14719957406615424844
2.79088147697943878001 -1.10292482917184031521 -0.23507310451324769929
-1.06294383905738420992 2.86270781555461706347 -0.76527476647941350407
4.06632271447774673589 -1.85987328591798695143 4.30237196131752863693
-3.02372868041645670445 -0.58312296462590440527 -0.76337650495246567317
2.91385871844641552997 2.51411965231662737352 0.80721249305157005693
-4.45506469648718006482 1.33957252468953313951 1.49721385417475527646
0.52897376976708532226 -3.43428703571801596794 4.11597215530515558868
1.05864650443795937917 -4.53038216264404436373 -1.33991067089131687950
1.38650255823218948592 0.12035736918683426211 3.27896318957573118524
-3.13390401899828541232 3.91856238804472578607 0.50986271248898873409
-3.85126335318786106043 -0.24268901969688805309 3.08703231735631700161
-3.68234415663254521789 -3.10242417982088092288 3.41897280176537332608
-1.64377604649535680181 3.67894433919088204021 -2.81022727068635980174
-3.16664825635919333635 -3.86943311730425554273 -1.72409634228040431481
0.06650835279073774586 3.65987745312967671651 -0.77706626038917114840
-3.83676066420572547955 -3.85608581254415838657 2.19729645082296976000
-0.97488679027185476400 1.60413528859035192653 3.88785183262433431395
-2.05563957132333596789 0.09699317191064871224 -4.06390294040035016110
1.55407049322258838941 -1.58841127630167688878 0.90183612983907757155
0.71533609697868438815 -1.06227303701773223565 0.21057868546427194190
-2.06162245072701644233 -0.94777881977818578818 -1.90258021896828388719
-3.43456698746141020351 2.90390993233038141597 2.90179111667499789462
-3.13511641748754632530 -1.38057130599546296068 -4.48659031293066057344


