418
-4.21881621271658868721 1.22484485175476542906 0.49853759447282453010
-0.21717391389805484891 0.13669710501051124396 -4.13875503458575977334
1.17131839975652685126 -1.91619361985993297282 0.00120168051033786583
0.13574039224723666308 -4.52444320453772519386 -0.34153550560238787881
1.03964856479285927549 -0.54820769299037852562 0.23523289001944824861
2.29741068509400392372 0.53367610883639038377 -0.30257165013790299213
0.42049181486389564100 2.40304191780835374459 0.92427408347312756121
4.32067602038228226746 1.58311782843503845442 -2.49368724049110523922
0.69781665085579813734 0.14362377558547478884 2.44037312986975418738
-3.89385398486488520930 -1.95473398532144848616 -4.26742472069790501621
-1.21750669895550656108 1.29319589405051704745 -0.14385705107012380921
-2.13360911480882275981 -1.39987561906905355613 -2.73910389187473501948
1.06646004229347557413 -3.25616521674185444013 -3.80987058499214681362
-3.60605171971743043713 3.31278992847364239793 1.12214057275676015735
0.46511109086929280920 0.33610626780221952714 1.17275585378852031937
-0.27893025000496063370 -1.14779084250514928911 -1.75561035728890146856
-4.25807218631077599724 2.39472121919231017984 -2.87364355289687889439
0.16042878106922398018 2.96274801367212514691 1.76219769856627372917
-1.51108489542545365580 4.30082128930758411656 -4.46730262488282559019
0.63784967224832467281 4.17903918286609776800 2.27774008568871444425
2.52129621915602264437 0.07793201430967844345 2.60633495486470678770
-4.23479676235944690887 -3.96183162534355615136 -0.46988175122065367617
0.34762748492121975374 -2.71272235833203012589 -1.84678163404672535108
-1.91720436117955772559 -1.42879373695939682065 -1.52120284736380240176
-0.36547166286684618086 2.93880995130028477291 -4.30910583515759437745
-4.01628312383745900149 -1.07856942777995712390 0.39775583057384089614
4.36203792718471472512 -0.45917049302986434611 4.12271173057453932387
2.89862352394596811678 4.27844061233338290862 -1.11217291604180434916
-0.51003170385015916821 3.58280444400222197743 -0.50381336157020939481
-3.54257630230465681009 -3.02966983492035080161 -0.28054117082039820019
4.14228570433341314327 -2.45508705957751027782 -4.03035148247080066142
1.94395049855504087333 -4.39626427991067725287 -4.33706404978940085471
-0.76366627323056412990 -0.68281003089896863401 -3.56723786571373002730
1.02376692029301263887 2.34597631866846167981 -0.18287965546995632593
-2.18578188348560020771 -0.11221414626617232102 3.18346712824190003488
-2.61930012678277979177 0.00211619230972104333 -4.06261961464459453452
-3.72382326210628811225 -0.42338872073930389206 -0.49930793030258335818
1.63691431398584708035 3.87299167607249206213 4.21603100090805948952
-1.18026788691532669162 -3.73813228338422343100 -1.35077165382706754215
-1.51370541939717639934 -3.40694456555570868161 3.70388268071806070481
-3.18997920480806351762 4.27432825678998273844 1.36212899403064913173
3.43586989714538848517 2.65915232573656101778 1.46345744675762468034
1.03073640858738624360 -4.36816280821832414460 1.20049033970105067937
-4.38243847138219333459 -4.40180286111884111477 0.52618371106277805893
-2.82736944182706340101 -1.77806229071641164197 3.54055035955672803283
0.44809184651227429441 4.46914198044141830479 -2.74354643698423350529
-3.01410078697514149937 3.85601240385018950718 -2.53324482514902005192
2.76733795316754616067 -1.67119451738871083180 -1.82253357453530906440
0.17418644695259200006 2.27038356331176949254 -1.24681850870247101781
1.66210764774445518555 4.06775513465485172304 1.77441064013442595382
0.31660157520147524934 -1.76605021060284705925 -0.98133350653573891975
-1.02743206791347052587 -1.10378451916113995424 0.52028942778467701658
3.05306099345106662923 -3.83620982809708976902 2.97488039064974874037
-0.55227588731098853359 1.66740877534878162436 0.60801502567242859953
-1.24942030962481620548 -2.70249589621424135544 -0.64940018271887911538
3.42804075192204216194 3.62508608604508442141 2.26344963404477006463
3.46526311598349234799 2.35534657704962047120 -2.44948256694245669607
-4.13349848061501656815 -1.77471923723088220726 -0.36746694567601601022
4.17856475078807587664 4.06336583526176209347 -1.66916469948852697058
2.95207452129357061921 -1.61035990320196464864 3.72648810976246647186
-4.52379468964956998889 -3.07542831286386642020 4.15705892066630067205
-0.20501333988693293264 0.83060909441250618812 -2.65433626656876819894
-3.73509930384849964113 1.74318147942448398169 1.55472006730095113625
1.45026071155130864554 -4.27191857283004416956 -0.89995448694145130375
2.32092910913799777006 -0.82634668673198419242 1.80103608308891693923
-3.79923099650611062472 2.69607138595370354750 1.93858185629978763131
-1.43859985465707573837 1.68261549374221086595 4.01988961178460879609
-3.16511537403013099023 -2.83426859318483392869 2.63558643046739948801
-2.50842933536748935452 -0.79952934060756319923 3.75731693981344871958
0.61595606100060162902 0.30723153358672483648 4.35746094575395570558
-1.48640972277591387751 0.81974879930482913437 2.80517635138337251277
-1.58032265431309504322 -0.42270796357320428172 -1.11496921933379322667
-1.37769399176461337930 2.56211213044522256865 3.30192260834470552311
-3.14492152743535413606 1.17692957869001713078 3.95445147444331635000
3.55459719604954837990 0.54311505624319345031 3.30247518832723674365
3.50629242459469292470 -0.06515136498625739847 -2.53402398530300487778
-1.99428571566023737915 0.53608856910707114451 -0.68165090579997178466
1.93642112076588812641 2.17269849034948236977 1.49887114940227661464
4.13817440235576317065 -1.44001479373648422211 0.53415707201078532762
1.71061338149418862287 -4.45468721325973149305 3.09344595375613451438
3.09230563681416992239 1.88153597141559369987 4.02148712125574991916
2.07193478055463664589 -0.01802143160352454032 4.20446160582573202902
3.02432655418177365192 -3.46821520750617473539 -2.17515935122735193374
-2.17918496805223416146 3.42836679666131516342 3.54124694347838531172
0.27896241213214878485 -2.90304310596713310844 -0.14998538242350889504
-1.62452596221156664313 3.07625682442925985072 1.21612371553338771690
-2.92568498089961748221 -3.79883669318186356634 -3.14376951186593878163
4.15804583680128114764 3.24883190532080856627 -2.41716473841367429642
2.49220914381824165673 -0.57979585863756710751 -0.11559405565114566627
-2.66813798283004466327 -1.58327806158688844107 2.36365208524471093199
0.46777603445760629342 3.89805466162192626456 -4.12483616428507726681
-0.29039973180158185073 0.77319338854279973106 2.68577192516982066195
1.60303450643026490496 -2.44887585783389605254 2.19012785609014049015
-1.65210580486265801170 2.02671594239831254214 -2.04333959890906591284
-2.27882972814219408875 1.12153899272799506548 -2.52029571455270229308
2.50960504438399656379 -3.15947474840279607378 -3.13672986386712038254
-3.92260430383282754363 -2.87775279752275148226 -3.03761512105037523312
-2.09441706107537894965 1.57807751072641444523 1.22590390312059138722
-4.39924049084083179650 3.69168445837417369404 1.63160297980646351590
-3.25469738510473804993 -4.07976583946180948459 2.35819265439321856803
1.12574626775525299394 -2.15755622672213531743 -2.50437032623899380468
-2.05748215051609095738 -2.71971586951609856087 -3.11446229433469889969
0.16812765408509378062 -3.56575929085340526115 -4.38832355395082984728
4.17374560853620035772 -0.01684092289567917788 0.63034689222534545650
-2.95509111816276881513 0.96644006480159472261 1.29343960759074949607
-2.66969306626850233499 0.09810164651748642939 -1.28661570519625811926
-1.94328216131892084206 2.04451069112553351914 -1.03112482981623632128
2.30784429676388302966 1.26542634790259267419 -3.42063251102910514945
2.72050194937206502033 2.82016837061161318445 -3.24171623513466311550
-3.11978647457160729317 -1.55791081144347831611 -1.27964288383980928643
0.24192404406576528686 -0.62566908844979085558 1.20262353998883497752
-0.41126306180442551153 3.98760574107232645957 1.62699015759058074337
-1.39214480494338488370 -2.17264500082347167265 -2.68972773218602290157
-2.19702419293019701740 -3.66890335218767527081 -0.88393013352982041653
0.84092372636196621727 -0.17835813122952171028 -0.95955804045736847740
3.48970365132027904309 -3.82698072614895101751 0.59698472159013071803
4.23978686157293349623 -2.14655297146820611687 1.21282462135688096083
2.55330921991832227036 3.46296565551408175310 1.66404921724501431157
-3.14179192911664273424 1.86723375582984107979 -0.76450706235325593951
-3.97139272295842848948 -1.19315448763144349442 3.96479056029348431167
-2.53909959350314906601 3.43725277604857115676 1.94374704807268816609
-0.95436644313632612580 3.75048499127627810168 0.64833305239437333256
-0.85689624632162519902 0.29282333751295919200 -3.19857695199153813093
1.68867272961561898370 1.55151720331188869295 -0.44852985472762441077
-3.07578852651436562837 2.17061635252215889835 3.19224964239882158523
2.74521550571305539279 3.56233025108870915432 -1.95844009060239354625
-1.74671299060145424065 0.55202589703867666060 0.60755731062889495320
2.20278432905073007220 1.25992413946148484882 3.41522636728988704391
2.84544331730028421390 1.67768418522936801907 1.27496988883450246277
1.44828826903579432894 3.04399315333958941920 -1.39230564238208565087
0.07100722150914950959 -4.37193179614995841575 0.77694144666783948594
-3.86800339007456805973 -3.08951095894905281014 -4.05066055830526128290
-0.52376545001757701669 -2.83946586845662096721 -3.95358840450925308474
-3.53643590378893257764 1.93969912237404251698 -3.45666660016803728439
4.15236398945648321757 2.12889665353500756595 4.49623588884666158805
1.34307187878297096262 -3.96882122626549538325 4.00090965071643278606
2.82996947172444901497 -4.05116587159562335785 -3.71048664441416997661
3.69842211077081461923 -3.05883302408340629341 -3.08470171855148356244
3.81454033972561656896 2.39231436015908016657 3.07466393057494791208
4.11410329754965697902 -0.55445299380945600731 -0.17676088440521819933
-4.14306889631985697520 -1.24448939924260715273 -1.38931255953846788387
3.97264708243109776475 -1.92565793943659135934 3.87102815560239488235
3.21676701316915991669 -2.28507278564462179560 4.49575723887202638451
-2.62308199526951968394 -2.93275379145162773398 0.21632020490063741391
-0.26584677255645328131 -3.24043433599563801550 1.05317165963238501547
2.17907756820653819574 -1.50216063350829953649 0.99284933270238351355
2.16771540094355685824 -1.02420406377457418046 -3.88180747832553585397
1.41615607334555093644 2.08653814312545105025 -2.15349456293249419403
3.87177488445188888733 1.26882302199801966225 -1.01476270212485175648
4.35555851375816427407 -2.95785138141353032282 -0.53695436921899197813
-3.98607091030411586630 -4.27805380369708565524 -3.16490106766326695364
1.54409659375462382513 0.60836659196011311224 -3.93950550761964812807
-1.41427949460022617245 1.83080980039447549501 2.31076189706359880205
-4.14511295339279950412 -0.44577125383161941841 3.17922077264958957699
2.17670894784609014749 4.30743292218397311188 0.31046644061306505336
-4.50355372891023542081 -1.31750425062415654764 2.57206815887010886712
2.86254817434552766287 3.77243867973670088389 -4.16015551484355583511
3.00237175825501001469 -1.94205759276651956924 1.26045840336907755130
3.06567084573217751853 1.44040529043746179383 -4.09654384662564119424
3.22498548159878684061 -3.06917591592141336676 3.72308928434698582777
2.26475062854930886402 2.00221065035190726178 -2.62103821884630994177
-0.61109522135042038116 -4.11787404548841529106 3.85687561567738601553
0.70782462684469926728 3.14651305327362340591 4.15269171956252680644
-1.71407325744506433551 3.15426258699751294046 0.17967577021611091936
-2.07393840624773684311 -3.01068694885952403695 2.66400125248813512968
1.16058529309552493913 0.75292419442282643161 -1.51775874818756673079
-2.71630802014152994417 1.08708145751099127807 -1.48912527918866866017
0.82810932258998004585 -1.03629194467703289462 -2.62781335499603940775
-0.63817505845425070987 4.35975630307011297049 -2.18590344773461531247
-0.46973856998436414045 -0.59127699673503508748 -0.71066838599475712357
-0.31406792042959885691 -3.29035136561959173918 -0.93771232884141486608
3.10221873362388400608 0.87501523588439145129 4.15425302667267803969
4.12585256971361769018 -3.49844401961509010590 -3.93920910302877258502
2.26299214621519606538 -2.92271112383805364843 -1.95859578455322136392
-1.89550482509098650041 2.96602395312343958267 -2.00427743365709609691
-2.57472904467856311683 -3.41501658526364604285 -4.15713606699238624742
-0.25554971365581735654 2.35661336855030878468 3.96969067295194388834
-3.47339999551136946465 0.45651282253762470731 -0.03954712723711750755
3.21558800117384979700 -3.26599835808810068372 -4.36344237984767158167
-1.92568746695944303937 4.19839582113354037318 -3.20357666752350356276
3.37973356504167732339 1.50903542229910048178 2.58273979209224524567
1.03849793332375739396 -4.41335686888925859961 -3.74364427737355454084
-3.85948654056151907454 -2.17382577880101601764 -2.14832841099297056076
-0.60168332423798709385 1.58554687274087680038 -1.50336107738235646991
1.17276144633958434582 -1.25354523801870154642 1.05354734221358459223
2.45394087283939832389 0.10740355906382337281 0.95229749032667587727
-3.23141200386358651286 -1.24325845535182244461 -2.52283303488670584969
2.28115993049646004209 -2.78071640510553974579 4.10361242087455213579
-3.46329406539665773934 -2.72473454334083609041 4.18961662955160729638
-3.96888304632069610633 1.73398119147026275044 -1.41639221025212602711
3.26028794994162307574 2.77509787869518120829 -4.32800788286618765000
-1.90474972287192034770 3.18434955817845111170 -4.52108841064180122515
3.41434667310366268822 3.49039957505202647070 -0.53245615410102864473
2.03657892983195498715 2.91398084487359465555 -4.12854423946086157571
1.86657808362724253470 -4.26066631080161428713 -2.99825435147609287156
3.22687544763216660471 1.02542697057379772474 -0.25929281523300407031
-1.32436099223851000417 -3.80721911385745848122 -2.66649190489494758438
3.07644570287967678013 -3.75438788605914508523 1.73504364083628814797
2.69303018974656804829 3.98316530466183937875 -3.18961030903624109811
1.52815027343948539595 -2.15296295433320050705 -1.41732301587670939114
2.22719580927855442809 -2.05867921152553279285 -2.65810162386380710586
1.23035407097384208441 -1.42575870900841650268 -4.48801797257475953984
3.12995711821197364344 -3.13588807111203848876 -0.26626215736792602229
3.48036403421386086876 -2.33852636499130106529 -2.23791107536944622325
1.62726052708944735059 3.80231011487501557866 -3.80897631968568095573
0.36063053569652847585 -2.36147260143422021983 2.79654199407079850914
3.80542651655805652666 -0.10433672877868360729 2.45770772044968577319
-0.89880427054054612412 0.10712138964195450086 -2.00147872896024026090
-2.71525500629655569540 1.52997207010690505768 2.11402977164674066302
1.30565991930199931659 -0.13061289916956564383 -3.12597635972416787453
2.60686222057571193034 -3.64981003167086992534 -1.05077229076251121853
0.83259422183846343302 -3.94015049507530168427 0.17956965419277182150
3.37032633053491981201 2.50347208417643418699 -1.12208415849192455482
1.90684837035199006294 4.04040832443925790329 -2.40148163454473184686
-4.49376777998746401721 1.78497368438212067332 2.72824739467764576517
-2.87024143505109030627 2.39208097726650681381 1.43513360722256244628
-1.26756147959132103864 -1.53181185738897385207 -0.44462800558789794536
-4.08492090357680659451 -2.21836907499791191611 3.50031725739450738644
-2.24956008909106719429 2.44386750299042621037 3.91004096236489484539
-1.22062196342015116812 -0.00467020721314792553 3.42757538848591369884
0.75756259124973457375 3.20284660680809896149 -2.34530497118976821724
-1.22368127747623400836 3.19248353978884491511 -3.77049948794580513933
4.31919138784337430792 0.80765424409032871012 4.22493242929852197420
-2.68200640737254270007 -2.00386116516769474671 -0.19699303499624765124
2.94783375859995189217 -2.68787447570348847492 -1.22229856846847706464
1.65128407493337192591 2.07843021376603243056 3.81301942861701004261
4.20863365746694295666 3.02956678960245806564 4.24027516921591018928
0.97764773312259212190 1.17220551463000877135 2.09347122559348530757
4.50182117385687785571 2.26781225740711533945 0.83630351583743411936
2.89871676394184873971 0.84345817042094139993 -1.47881635383671561357
0.65942990434683590451 3.81696833338652741219 1.23278099747957003984
-3.65933740005461194400 -0.51421125604314354973 -3.60526736969562788815
-3.20750315808634978154 1.95774955919962057038 4.51054694439629155767
2.09697078756060317772 -3.63719634960560656012 2.28011591926759216165
-0.08588800299901055979 -1.79982172062963563519 0.88524509963074393681
-1.02242680727475931945 -4.12091428088847067102 0.80617497404917948245
-0.24815701489770347621 3.17492157720738621407 2.92467063117126802041
0.95644411617053481933 -2.89480730927348783865 -0.89508849692290848310
-3.04902429222326443181 -3.81204076545184067371 4.02075592058871489343
-1.50788629144566854734 -3.08350448107546659671 1.53665508415688290000
2.18165319723410267017 -4.12500941338582105544 1.27883865691225206973
-3.11436325223770182902 3.00050427760211668726 -4.51085773570930737009
-3.65642267515386043542 0.47155492072229332479 -1.72820650658825947232
2.09108108457483510279 3.80897202788458866252 -0.75478629272385289184
-0.48911191312437551915 -0.82910944057036406463 3.90948512242072165890
-0.30610516647425090042 1.68710499361486476744 1.92987754772643427259
2.45108930734037766541 2.51562690588300785777 -1.76742606602960128370
-2.14231396190847078742 1.77800473207555764787 -0.07903273086537776493
0.12485759570637089411 -3.62907942610544909101 -3.35084090275635748668
4.53400176459036519105 0.70247863837831747702 -0.52288249847482504151
3.38197192443904448567 -1.38558282582889713552 -4.08518750292930299395
-1.45857437324918626231 -3.69582049430384218525 -4.26810263935615985531
0.44540556050042390268 4.53265544981231816024 3.79183588869219700968
-0.40415306737135736626 -0.49613389209588110162 2.15963341228923333404
-3.72671108086279456728 2.46131146160959435321 0.06723056429843943249
2.32853078138091618143 -4.18310398942548111734 -1.86121934776455200122
-3.73399748971615119686 -2.39027348080181711865 0.78084642433785766968
-4.35111800744376342465 -1.34687772039931452639 -3.05708227186750525206
-4.43715145163482116430 4.22641145705032261759 3.84731663521631528369
-0.58366299415521183391 -2.42642982976410825913 0.31420090047131488120
-4.40927527274411978908 3.06614554604197309118 2.86673012237282875958
-3.94878273153541670126 -4.07096843351052761761 4.46121484134240287034
0.39840347806546905218 4.45092276958818100496 -1.62171984137438940365
2.95361837983239094996 -2.05924226330248494321 -3.37932634085648553324
3.80284377569304243849 4.35705388474524024645 0.03151457230751830707
-1.91614618881542586593 -0.78524065694764688672 0.97509497360941654875
1.63857759362546939741 3.03249014448489528917 -2.87309099007603530040
-2.64212406445733094529 -0.95806799417442478628 -3.89181451647996112797
-2.79283440703029617325 3.41293270496305201078 -1.38927294343538054733
-3.83451131446683657344 -1.91159254522250288133 1.72961828379608473227
3.28555841866273112828 -0.27386079228864002033 4.27557846086812798347
2.56333138038346763921 2.10897005913119439668 2.48038228502077018334
-4.35348032158906850242 -2.68223668170079099227 2.51131534340710782516
-1.56208268244864489915 -1.59163735275066553498 1.83832523595784014248
3.59752223928029390976 -4.44597771327732793623 -4.29118820228417074958
-1.74454997952666523986 4.48100426912006977176 1.54772529846688833288
-2.38259705458043002935 4.07749545576651239998 0.35427572222987535611
4.32141849759215812554 -2.16030482304691151541 -1.37600765403940306086
3.62007816622568778797 -1.82965174489593929152 2.25626855689434879793
-1.78842330006374305995 -0.51979097688591568982 -3.19676299416420839350
-1.33618618411131961921 4.43048814562051251897 -0.20078440407386288769
-1.45009755291975572788 3.58320891136270969213 2.79232755132856880209
-0.89543258073770104488 1.60080696933000776738 -2.56233032141863237285
-2.68181383895122626981 -1.94313897023250525820 -4.24788554517460337223
0.17784919294395518108 -0.28809821224361442660 -3.32348080634364206887
3.73757877289371176488 0.29800115505232760427 -1.41301150600992553308
3.96733951690916963884 -3.85719384860074931964 3.58578458842799729922
-2.68821802147920729809 3.66099131935855037767 -3.75836311069299888743
-1.48978873414177748202 -1.12513885180015904552 -4.13873198860934099486
1.21347087495594596618 -1.11035113732396295561 2.56121359421073879759
-1.36645300160307270332 -2.79849343920666582264 -1.81123054164319530202
-1.60982363715017129380 -0.04197852453955785990 -4.21262705121348624004
2.13354827519879552966 -2.77943791698922249012 -0.41182974696009289062
4.28297402669123794539 3.46737025952565414144 0.61211356851412190849
0.34390910844716771066 -2.35003700158714989854 -4.01070905723663617692
-2.62242404450214916523 -3.42983312964311926052 -2.28812700277197711429
2.37739227177746048625 -1.86265444861613405081 2.76177170467443922064
2.86967344772534804775 -2.76001652307891864879 2.07989768512829709124
1.02100649867521831027 -3.45246033652091233179 2.58282169331172806181
4.04046705696097152583 -4.48051549293725326351 1.80867453724993421105
1.56478342113572388428 1.86048130347993634359 2.76151039967738221037
3.37674785511526831527 -1.67321211042887441067 -0.42933594896782167893
0.09141082870303129937 -0.10109894578995159975 0.25984833537525897640
-2.01621600271222645162 1.04539262110921171711 -4.33691183376289046691
-3.45827341535062471323 4.15196586831944625118 -4.39837027442050665371
3.35949438035048597584 4.05116539133734487876 1.08362444383679967785
-0.78021537627696568862 0.53933406578494302863 -0.94367743028953920970
0.94298950646712587087 2.95778044483976110257 2.74711481836772009046
1.54946961804461391665 2.95373498896130559643 0.54182711139759653918
3.60208763373100193661 -3.76427879926718400583 -0.99773966456399953984
0.59013676922343627496 1.37861673782402860411 0.99821533681143037597
3.85536795431025236525 -2.50686630424052614430 2.96372869871087107896
-2.12586524612594329753 0.63882358345495138252 1.96994227116122377907
1.62863830818488164454 -1.07570196572635534693 -1.35727354970629354725
4.50889106313731513609 3.46095483402040837717 -0.77958535476025403455
-0.44316774186034280092 3.95398452488430063312 -3.78748764363082690565
0.78647638030627042838 3.09872834188658163868 -3.47633277614057778493
-3.32936574297080323248 3.01971961856325066265 -3.34303116832531177494
-0.68878687421441053829 1.72087539112902554450 3.25795297216842794086
2.53644408429119305737 0.00890907521996453511 -2.08171185728732277553
3.81680407905311280814 -0.97076342404811644116 -2.09290084339206172714
1.00878162513596780769 2.04968307968775320660 -3.16315261169965955546
-2.58739159349173286628 -0.83690479410269302818 -0.68471420802346960599
-3.01773922613963563322 1.80615505695128852892 0.68038573774017052642
2.58428327389948453430 3.70550787944889048475 2.89783885943310082212
4.41757280827238485443 -3.61553438306151297965 2.70537062624758117835
-3.43084142126810087703 3.28783130961319436381 3.58816911343790767575
-3.88703842180229530712 -3.58204615241547230653 3.44574295569481936496
-0.13987929429927969949 -3.32590979002965170253 2.17065481871192389463
-2.17490456283312605379 -2.29963919114655146458 -1.02727834271168383395
2.95658347240154828484 -1.15981051223943198991 -2.79440931415252169501
-1.89287137360207768921 0.48641979415999614389 -1.76528788434933359142
4.08791570906793122475 -3.39779796550798440791 1.63540914783021218426
1.44383308720980085837 3.07700128895816238384 1.83251351804471784845
1.95463709674390884174 -2.73673742092130423131 0.70400240725929563723
-1.12653611169445166951 2.26754750031665341936 -4.27460094025269121687
1.82982293775795135105 1.47985891022533699868 0.66129714103108572232
1.86027622499238276532 -1.73404596242400721451 3.66131107224332108530
-1.64641396165343767422 3.88175384803041101378 -1.69586510749140328969
-3.72455476277681762909 3.89786280082021630022 2.61968907586639065954
0.28732231641050720583 1.59733709973307025365 2.88445056926509479922
-0.54746448411988435367 -1.64961661038687346093 1.93529503297157567943
-2.61993289695084818902 1.47776532958437822884 -3.39639463045124578855
1.81472922472970843444 -3.00314831101128598689 3.15224540005231368411
-3.86076906639805939037 0.03711545941782823377 1.16517264121285979428
3.41348468585769282413 4.29765719074489016549 3.79660236189703059750
-1.21181660052868567234 3.67666622059282577339 3.92048483284442550456
3.72017103510354107954 -0.34712242294269035625 -3.71110618602038089264
0.23810368892151156928 0.95374686683292075884 -1.01953901037564564902
3.43893807005832652379 4.32985231761020816776 -2.41755920069681273787
-1.96353451792262401199 2.65521739895870823034 -3.10668901352601167787
-1.34986291785394696419 1.80335385607714382417 -3.39349318397839461170
-3.91175198028640158654 0.06597899689884734187 4.37848278478484598253
1.80684421867662603489 1.03993717185794221081 -2.53211737312424789437
0.51321437000314240606 0.69730253880622594664 -3.52951500611737323254
-3.86797967611803938937 3.63113145699897099661 0.00002355630380534990
1.73020647175459973965 -2.10694560379757112045 -3.79168155553972097138
-1.30405634068218700961 3.36642322296088014610 -2.74582379720805835888
3.96778647773108072982 -2.04315709824796387650 -2.98849619080099904167
0.74765207585971182880 -2.13967247948890593179 1.52237569946139394972
-2.03677972347026825517 0.53634830132528321656 -3.23970204266867023435
-2.09383410648076617733 1.53153425084228089759 3.22164225795785252870
-1.19389984556976624930 -0.17661260439837977998 -0.12357273576213234634
3.79272325566693790933 2.26089386741294973149 -0.00377731665312985854
3.69601618479892213287 1.50932462034592607125 0.74553084806028557807
3.65884040580117453345 -2.83316693582102097082 0.78785030093443708665
-3.83479124038914553907 3.03899427490392159967 -1.56316468155651211447
-0.93177302807245254712 0.56124870035818830161 1.77189704965233474354
-2.63914018911326042627 4.49235371753552836793 -1.85602916781811622116
1.90282330721582138011 1.66512075129182868238 -4.28108106756151585159
-0.47100798900068241437 -2.24087180513358275036 -1.52752294546762357186
4.00065144672452621677 4.43660545700352582088 2.85584884904548719220
-4.49514126308457306891 3.70235582091570858410 -4.03636998605136021467
-2.65714097699554940846 -4.40252082364189423203 -4.16223554966724318405
0.60156363673075130549 1.56530552646770537706 4.08162629802223531073
-0.05726682377785596856 -1.21486964928357288329 -0.02525001011084171409
2.69321292785377242041 -3.92478513849608434683 3.97136346000570394921
-2.82672260659975682628 0.59333577168644602295 2.97201381982580858931
-0.36319202486295676380 -2.43404644665894398514 4.09329619967051794305
3.69672960385584925547 -1.11815818806300493193 1.41428676241870920904
3.88699460081058401073 -3.97561108735460866370 -2.89895861518902542286
2.38227416205460951204 -1.65180979435055474980 -0.52678696051900697483
-2.86395799371417281165 4.20252001862338442351 3.76581188803572874946
-2.12879122533913589521 2.43053516878932907019 2.52050715709693218258
2.80892054658210810203 2.68734717117708665768 0.64013765897486063494
0.23222044371138483854 3.42682903554456075312 -1.36315813483609371559
-2.18799383493647026100 -0.38903636694465060231 -2.18218644279823159593
0.29454389572580108592 -0.36320591247112687938 -2.02790937339090859837
-0.32054719475140824869 0.95286994074580633196 4.12055667618146781450
-1.96848916018080011270 -4.30482297172729833079 3.84735688399229669443
-4.48018447399554364807 0.23990582579950991970 -3.37716547026558888689
-2.61282461112735209241 -0.07056852227798504629 1.18192843528768687378
-0.14319405060250112172 1.68573983145975336839 -3.45663006573208697603
-1.18736874787165547218 -1.02881590961599167500 -2.17364188499706534330
-2.77001875999810032170 -1.40806618631221125426 0.61056725789243682101
-0.64244118555757578903 2.54004759597009766026 -2.83898406712929762818
-3.16508456267319582267 -0.41308547038413223618 2.73347411409084717349
1.93930692416722383342 1.25821055669901049612 1.82522664852526528279
-3.66011957047235148011 0.84593038992570424028 2.00241958651692097959
-0.24344597433941217446 -1.41167298577703892448 -2.77350617267303745095
0.61902297751272961079 2.20117870461040343599 -4.15802098222116445214
3.00567619982658484901 -0.89804317260517185773 2.85059448875864163142
1.45957784923862998738 -3.41407972890256106169 -2.52706112501416058080
-3.48282854839869004948 0.55049940498256599852 -2.91298538061920053721
2.59856541472704893891 -0.76699012492588414247 -1.19230356023698602641
-2.68422466281081506523 3.10806638201253004894 -0.19874260809661148386
-3.14345812161662063744 1.80416061975932429107 -2.42859528822702275264
0.39338501245469092993 1.54585297093310369831 -1.99495250787632372180
-2.25320962862670270965 2.13542122638645182064 -4.19733897192033289514
-4.53640532901175941305 -1.03190521674780555372 -4.13103345540534405700
-1.34227857194286759324 -2.14192177905971981033 0.97050645150207959233
-1.74023721597759628565 -0.39021240284401770282 2.22988103551636118738
-0.90062638309921405622 2.78707822049172460055 1.96969716892938873087
0.47428322430648517383 -3.21651859131842954298 3.70500830174959983054
2.40713406262678564218 2.64816170034483011619 -0.31075223709440980002
-2.21726900129595927424 4.19335938160687771159 -0.76108268808777967962
-3.32100936971689320032 -1.90513326514588987592 -3.35063251854836430255
0.76469060857450887880 -1.91552011220283846527 3.77838218649656010228


