363
-0.22063441144261375371 3.85720205226768531048 -1.87700134516082828284
-2.14128187691795091041 -2.49207187196215995684 -1.19063931621690155538
-1.72558225213720639601 1.85151633309384866521 2.27544946233242750822
-2.43434261907060500718 3.80711025042754780401 0.52023873168386902677
2.50688906724628601808 1.24071518336594888154 0.23138363356930735648
0.46159996410401049616 -0.37696920174360393219 4.10638899546447344591
-1.85175591072764689216 2.80378441721339743964 -0.70911822654061440474
-0.79335765629261878473 1.91783763309183985513 2.81247472709953161285
-3.48528022625630873321 0.73696812570895442462 2.09390695141961469261
1.61106139094381628496 4.23568186269006385913 -2.18945402983414405540
0.44909392456807939453 -3.97776540494673946924 3.16576574945037325648
-0.65033321530580323611 0.09827752781804033333 1.00052050917156964971
0.16704186399253106998 2.57629593432944847819 0.06605842618946144995
3.71196045252828721317 1.96695565455270493516 -0.14055193449169056663
3.68275543373411817782 4.50585936394903452396 -4.20370613136022530654
1.89369699815998071557 3.90108030689234031030 1.38388088359726246779
3.04609874542876202241 3.02760197106311768067 -0.54947540943807249292
3.73672769204309229707 4.18491134759934180209 -0.26227043784542214411
2.41139254634553434897 -1.73591039547833370094 0.56531970641307971448
-3.44466801494524821337 -2.28350045961757208701 -0.76891596180727272980
-3.27031550448045926771 1.93886074760500992653 -3.54571174796749355451
4.41966664125461417001 2.66818420514691201362 2.68994651561944930762
-3.71964063003661271622 3.97535723735043422522 -2.47674259334329249782
2.07333497092050311750 2.31896825523599225960 -0.71529510945070384764
-1.93158529174719939547 1.70312090019360073967 -0.15193279509155122042
2.25756924683228543671 0.25054463237332580405 1.23646808194590285268
0.43891797190352299651 -3.56918708704264409093 -0.76237124850185189473
-4.38945215787710196764 -2.44252241709197681629 4.50440762834941121895
0.81115988106611247588 -0.33076987019341430596 2.92742704666025677085
3.50409899051926476687 2.88487114132211441841 -4.01722792633389591543
-2.37202786783084063060 4.40798451592008344591 -3.10668309975167300507
-1.43462372073888433377 0.28948052846607197353 3.18770971605299546781
2.02841767663862615478 -0.20393167618588403656 0.13479688944449019772
2.14313886831549371692 -2.54700003798048335568 1.15154006148760768014
-2.53997690865356506862 0.69439038479787296154 3.45886594765962751552
-1.68333108058822222830 2.82055364137931174895 0.35691677603325278056
0.94376250625080881917 -3.38740304134625436205 -2.04282294332582159413
-1.96241116085024991378 -4.27504689056457642948 0.91932001534708707169
-1.67959917657138380065 4.35463924073315045149 -2.03015788014649523063
0.09221972752572860088 -1.65304352211099825354 -4.50739269839290113140
-0.87291754138910615524 1.42722589871755545232 -1.27610945637800909935
4.38259437763668291410 1.14740259633360519587 -2.54932369205460851447
0.58083718428065100881 1.95887457049303748136 -1.65599273065011054484
-0.48975933783259950616 4.11907978905320515395 -3.60941678351208672382
-2.09152719712214629766 -1.62721550250306679075 4.32508184800530681713
0.74209321937836048022 2.48051418616998819999 4.41121156044590367884
-3.66508209441965648878 -0.32954931971692769110 2.26773219816538951221
3.13086414939466539664 3.31866696244909231694 -2.18937168275728177846
-1.01105006208219627695 0.24016774125373174797 -3.68531474801039982125
-2.26194770677219914035 2.31159101859381710398 -3.75723213565620195453
2.22040413814247727942 2.66665545292429140289 0.39938373904908974765
4.27953870232602451296 -1.88331946034178532301 -2.11991579769214943951
-2.75548198907294938920 4.29409511894553386213 2.96511978821333155310
-2.42570288916362208909 3.91894542003826185095 1.95607999174203150972
-2.78022954963269608442 -2.07483966420246312978 1.15182754724963576365
0.28014683829144626515 -2.15491840785385280199 1.18658294441360556704
-1.81342838535759254270 1.96807454022400829530 0.95813538739871351169
-4.20234919914558613385 -3.94326968346076922600 -3.36121658274971002456
1.30639331184202767133 0.71801325919370295736 0.67492342491814305561
-1.93992537459269520639 -2.18004926816231536790 2.70418050706529289329
-1.34204454222570390698 1.11503183423598173363 1.17385997989861756707
0.66132417796179243652 -0.55554566730863408353 -1.74480206938050041998
-2.97525980064694328675 3.95291349391017110548 4.04421534969133045223
4.47114780838865488732 0.21399785527352044312 0.54718664857873200447
-3.59843405615105416118 -4.22929463789370085891 -0.53530022605475569009
3.43763653412605219017 -2.66880484786562810484 -0.24335217960033972417
-4.34206007178985586847 -4.53421870425574891073 0.16684640633438618806
-0.64515619818954350606 3.27407266734807134156 -0.92865516385484614403
2.97795113830648006115 -4.44556585091081135630 -3.44869648330973532779
3.10809416482747913335 -0.88766592212185502220 0.53814748238583387518
0.62817144957075221612 -2.22045963248734601336 -3.81297867212067975728
-1.39006184763534346160 2.64655638211256682979 -3.09980980532691940965
-1.60134133124134958592 -4.06881529532292152140 -0.05385490041089902036
1.70968914452211162569 2.74801752375294849884 -1.67302906709965615306
2.44170880716199523164 -3.19124105056769691302 -0.25870966779887183407
3.89203998789477001452 -1.56384612417033297405 -4.18819820727752123446
4.03985274752132905718 4.26274050748188582105 -2.91388085116129325058
3.71324665400425057982 -4.07737035717696549852 1.06735003901438396667
-2.45349244741907046574 -0.56126768300731555428 3.81562899691494461507
2.36863613846503096028 3.68020764660909360799 2.57310989581335380905
-2.06959772873830605278 -1.79658608611475134609 -0.21174086829308613744
1.58988999925309659744 4.00149193369204336790 3.45184373208315786741
1.52924234115051849159 -1.21502993654177293692 2.84746532276150343677
-2.23584284816794420792 -2.68641621658984819376 4.52505450384300456079
3.41188046961358271147 -3.50337935640031794549 -3.42725703914693102803
-4.39477902773616779797 2.59125016944277053454 -3.46137773195420050953
3.55699136730755771652 -1.70155068799753417252 1.54690669914203748903
2.74909580153857557860 -3.33263557237403107436 0.79540255659713210434
-2.75990443673583918383 -3.29567154237711434916 1.04432634035770366410
-2.30751397756786547077 0.70083067525697728684 0.43449241859338716409
-3.10514537620842334675 1.32439284856899419651 -1.17333877715086387639
-3.83194959236032417493 1.51584303812406062661 -1.93020074285040887929
-2.74312656513554919968 -3.97047625511311874646 -1.06577641439832238035
-1.70890622759528065799 -0.13146948126917745725 4.53077772944411183431
-3.39842738379098374679 2.60977654844037498805 -1.03445978735099330947
3.36873205629876082412 4.49773842194560113938 -1.21333868403026645666
1.75715285110422492210 4.28549256673990530686 -3.36121526690051908304
1.76640196161466889180 -0.71217970575519551346 -1.37425695520655466453
2.75986139487034431994 -3.91520457763695484132 -4.40764243601410221629
-1.34081889380695828962 -1.75866008996667222419 -4.01818867732730300446
-1.66450256210003910695 -0.36544915188673510187 0.58809053774601416364
-3.29418203027582379150 -3.60657831942807494130 -3.76128900866863480346
-1.92293229152190603415 -2.65397043353251627096 1.75210156230449864978
0.14630768865245258326 -1.29300884641885271975 0.48609700752989670747
0.27534188513406299137 -2.02728277500705944547 -1.77544478806599448362
-2.55617884277265883242 -2.93127823854435787254 3.44051397424741178810
2.32087399707730757115 3.61541100536510651153 -1.28722741385660821578
1.37737952840986999092 1.40170901002678416347 -1.21045255711799404352
4.00795466259410115839 -2.09301011667311120945 3.72104375409900978156
3.66229819839360981604 -0.38172891703556732779 -3.03728850540093686661
-2.95867517463628271202 0.85474541021964789422 -2.10563798508008392929
3.16446792441254753925 4.24871775530493689388 3.03672062208219628587
-4.26414129524796692294 -3.33035351233514376190 -0.09884041848964120192
2.32383731801814530371 -4.19241899658890826430 3.58984039223753637060
4.31951452719125139623 2.84399301715058339113 -2.38514335753406969687
1.67515388364363637663 2.18768417833190209620 -3.07181708626991900601
-0.89896206671897704865 0.55024257372774254549 -2.63120106972520773070
3.57005370035943858653 -3.25782786150625458532 1.70726453114108434050
0.06370493546506317273 -3.10330748377081011569 -2.35608388106515054261
-1.06735104835701744008 -3.61336874770128213541 -2.01109335246066800451
-2.48652378429701315099 -3.98358383831238960227 2.24134637249384738311
1.57327334552883968399 -0.68774715545263509497 3.94938206288643467445
0.60469363139717202671 -0.70387982934556170278 -3.94762128700614445265
-2.21452276124599212181 0.72987128358456754285 -4.47799882660757919695
2.67769384487650352611 -1.89311284262448786819 -4.48628536116837928205
4.13007937676866010435 -1.37048618634035879182 -3.03649186636435164388
-1.31574872926043884291 2.07390493830130751007 -2.15682570435807097198
1.55986045009462070965 3.62675096658306461705 -0.45643669356254346070
0.16971043934356977445 2.84744669109063597290 -1.27662286962567250725
0.65444230405995984512 3.11949348891198319222 1.99648470166001956727
2.16048017194638664051 -3.30511488605127734530 2.36247296854058763671
-3.98844645206121084513 2.33665106714097081664 -4.49547492910847612535
-0.31488066272369330534 -1.56919798376636165926 -3.50575092350161421351
-0.83646891141469970066 -4.06865386924092931054 -4.42920445859985978387
2.01577567134763935286 3.13225384066324874510 -3.15161018223419508999
-1.88316935387453909811 2.72365396551162231020 3.27334490430238211900
1.57376157510929726158 -2.48394074469776260372 -3.32641786729307620263
1.81431393727158241092 -1.71295170426795095864 -2.54591952790794318062
3.13390072816401232814 0.24601197583364786681 0.54081520983998654373
-2.19679647312766235245 -3.59607396168136661530 -1.86574501871733922087
-1.70178237691581557556 -2.75710175244105482051 -2.38747558112892477311
-3.45752990527650716501 -3.83360246850167651900 2.86381619265876619096
-2.27193756307802763317 3.31086287452027594469 -3.57138441315370469553
-0.68605859854635387052 -2.35432917141637876313 -2.35929630940882084644
3.47106713012485723624 -3.81648847557021797527 3.99837121885620039308
-3.55484409608310558681 -2.67315838061593424868 0.42737146605509135355
1.60885531498200773370 3.51293689578662604589 -4.01604433527197990372
-0.24440874371978615898 -0.35462736318552234849 -3.25348796616415691929
2.85728018070352351998 -4.18861517308510755697 0.24150103841053915943
1.42219292092893567769 -2.58910994482582834664 -1.67283295143799470850
-1.00229089794312731243 -1.49819035086028451431 2.74094897736729770088
-0.73044083752108956986 1.01006256473217792546 -0.05929518748955153740
2.47587804849490566994 -4.08499423497472857747 1.36478764930357510110
-0.99495673956710550812 2.20525120049992473525 4.10487391259376632746
-3.46551119655556805199 -1.05360647759875369900 -2.92132276445651983821
4.20369291383247567495 -3.60679960038407454448 -4.10675524863146268473
1.71547174410892111496 -3.71954109148917222427 -1.45605453224390934963
-4.15566890305412783846 -1.30298472841861467941 4.06856414518392295321
-0.32939107710227943926 -2.11102338005778822350 3.56124475170533383306
2.25459037077053725540 -1.02418557017447042767 -3.69110942419002663328
4.06682338962876865907 2.88014913959217899730 0.46952665745705868261
3.66985560768641239093 -0.71843958766500559676 3.81684421496051573541
-1.44761465620009399657 -1.30806851996998441123 0.67968778309942656790
-0.77342571727562869910 -4.00093573418137626874 2.35503708173537962267
2.55302156196475760197 3.67412118020992028988 0.07542653912049335219
-2.98881116246720823781 2.72238488227674046982 1.19386253703343836463
4.35763606943305337182 1.56201744618332671877 1.08287669508376271921
0.27371528654677668158 1.13164136353351185704 -0.73723993731513148830
-1.55564908317364647417 3.86943425814687191888 -0.12047289146486228617
1.28567033848730449819 -1.60498201429205700208 -1.67978451407238615900
-4.40586047145023851357 0.03231448665551983623 -2.50736119851720840046
-0.24596512129172687366 1.14180663901613588251 1.17054711570966762935
2.04920121830843182664 2.37295609522563832883 -4.47075271599343881945
3.24896823424266756319 2.01332128343205418730 0.94073461502470046014
-3.96859110421747551811 2.19988143002670621939 1.72305989077953913835
-1.05484999127855560985 -1.23255205301654324757 3.81328310926207958431
-2.02625933566615579196 0.21853448593905344666 -1.38443524998368783230
-1.79271714301985474194 -4.44812829197124059988 2.98572875541455839965
-1.71347601714694830477 3.00387122508108017627 -2.17558068845581020767
1.57417105483562824730 -1.55799912634695836289 -0.17106940815447213566
-4.11360848006817914069 3.65274328842118745087 4.23656346066467914824
-2.10611374024210329381 0.06367012192378496138 -2.43265423254374457684
-3.31586217925030179998 -2.54551456688577326659 -3.24211792591647229855
3.98135355780320221442 1.80180956773903577783 -1.73411655102891248958
2.50700106195536687181 4.08347872085758023530 -2.60308725220527215072
-0.75200780853990600860 3.16690821905976171990 0.12259151145209123968
-0.67159192722514360341 -3.73525581775009385410 -0.42933633629072165405
-4.52036634647535073839 -4.51468330313023802347 -2.05975866100424864769
-3.81426930614676740205 3.68239316781816672375 0.17673389594027177907
-2.35628479974493920679 -1.14979180893780075223 -3.72092684849174037964
0.37177339643204199149 -0.33850992766109566645 1.42306122484678532203
2.61532718399880526050 -2.34350212728189521982 2.27796633427525740956
-1.94572876120105586750 1.21502522978868743309 -2.01100161023644252722
3.64801245277635199926 -3.66447736397857104507 -0.47345091049612531009
2.70302176689724849012 0.30281479403100508563 -0.66225832448851651435
3.78968328977596069507 -2.53131703430278642841 -3.64408416890645892039
1.15380693153180846622 -4.51544398467359719973 -0.71384904956066153048
-4.07159180335008308305 1.88167664881884899586 -0.01962220547396409387
0.36577704608387495711 -4.14500287538761913453 0.36781919492880810196
-3.84171390712869342821 1.82302524468851068207 3.64592737986906367809
4.21352552801523483339 -2.68587749652905616315 -0.97458397942444596751
4.11909331330473005295 -0.67390947678809709487 -0.02323968711056600966
0.57979588868089226850 -1.39617442880438824560 3.58349207962533622407
4.31052580455268685711 2.88367190982923649045 -0.53652550148869959656
2.97195331453659594700 -1.30335212364643204808 2.76487583065203690325
-4.07461601924371041861 0.88189600737384132856 3.33481651895991770829
0.80008104787210054809 3.76290336695646043808 -3.07102803662466605772
-3.49613067651349096465 -4.35057560384440211720 -4.35951443619873924007
-3.35787723090579293128 3.01091189750447885132 -2.82534229055032382050
-1.27146552946447677357 -1.63700099767783235905 -1.74821535175329412226
-4.44025591914144435179 3.62112105565552955255 -3.48038640342126992522
2.46752649864151241133 -3.93715095408041770852 -2.69171288334235025985
-1.68785750331545170155 -3.48684602470654381179 3.94423017478654802659
3.84674671440374904563 0.28565286051739136042 2.67230027680560677794
2.41168528433675088962 -2.88108213811736479926 -4.03415758407602975666
-1.85107792688381866952 4.27141959459715447878 4.10941269276755338780
-3.10990551326120989728 0.30105728695626510216 -0.47050917428321525904
0.47325333930581603425 4.51491753079580515617 -2.35450671892093854609
3.75573301463067732442 -0.26481908923212138518 1.33067154978724566661
0.68553131453351312530 1.73177603835995519432 -3.75412137441993509768
-2.94894257835292039616 2.36414767793780367100 0.20447809090205915084
-3.71708012316817804077 -1.53050969526324687209 0.99234289717963353183
-2.43449623160968808833 -0.11878088904896788591 1.62089039947600355163
-2.55882569163275030988 2.91883321165996978408 2.43767861710767430594
-3.56430287775881771140 0.74124523243913476023 0.43718131086544786967
1.75644703153421577468 -3.19207592689332830815 -2.58080609277824057912
-0.20120859430251680777 2.97068594303492439224 1.29384043396172021545
2.92569147837730714201 0.94690472505147571525 2.59723988047289822134
1.74765431284657690725 2.95370082626246510671 2.09803277513341424054
-0.56063370105514387376 -2.49637477264866003424 -4.15982685671092866642
0.49276862500621287921 0.39685527547487442490 0.11596331561887396333
-0.59878015784148974632 -0.62351839466377656507 0.07901655513362904060
3.87373095151034529948 2.08435444831063509952 3.52567573969834402448
3.19915323788254024606 -2.51478377105301920125 3.04399323545890876375
-2.97334953500680443383 2.82578217980976198476 -4.47001379117479835656
-1.19194876438777930261 -3.51851225530935263208 0.77469924040537740950
2.95173926138234055117 -3.58245338333259599750 -1.36752642171317173592
-3.50881084587515434947 -3.05673024769995027583 4.41116809458008329869
4.09576810659646373125 1.38867725142531295290 2.26893752014550376117
-2.85850220530733789559 1.61134618729268641601 4.04825689372173425085
0.14803646627959388127 -1.80288639483134760511 2.57909689881107251352
-3.16763493081841662757 3.50922247020333788470 -1.46435750592503710621
3.85275650672659164542 -0.82177321103626344012 2.22146332542536040222
-2.93799792556677630273 -2.84073255459594209427 2.23582665151194515119
-3.27382549947192025286 -1.22749920675062451636 2.52794024171061071371
2.68611645439768853549 4.11771971710233319897 4.16751283218597290414
2.76147231112960245270 -1.94954879624338150990 -1.18801815828983059475
1.91212156544594513718 1.52710612116312294262 0.95252741805984086909
-1.53296452048486475661 -3.36342765546090705087 -0.89097010856881286855
-0.60243064019408132381 2.29245731088498683192 -0.60853849179977803630
-1.61410047188203575885 1.47965274893389953093 3.46577014584131060104
-2.82807045137901935661 -1.58313569774878271090 3.40308471960776959264
3.57461656478927292113 -3.96905253342746888734 -2.30595494740960615943
-2.30665966897670760005 3.83798797676776803911 -0.92163651952725178518
1.73217199395153631514 4.46688803004588930179 0.24547635587499616605
-1.92686499983845216377 1.36554145769148060907 -3.06378176959712122951
-2.46487737255011163384 3.60501113529925287793 -2.36376494397057923535
0.41289443993993391047 3.47287175815127202583 -0.33673512748471523537
1.21739610479766913187 -1.72871356143241516889 0.82971429405587393546
-0.95730323199620492858 3.62261452184700782908 -4.45726308431485396255
-0.27955941044751853042 3.55421188702495793876 2.24724804749033868490
-3.65701826480456970714 -3.42351584466396241524 -2.68210044012003301361
0.46633413773156906501 2.87552726849335726911 -2.31163839386903369189
2.57893473139508078162 2.57584569016626829807 1.41784752872656749645
3.86230930545946105070 -3.73941230370487254220 2.94696147877872238752
-1.18136182619352370082 -2.63261307783157416651 3.40450376165881518631
-2.21843755592944713584 -1.13325655736683650332 -2.61336700599522941957
-4.39114149562013267314 -3.66279807748433672288 3.99575047182046372285
3.46474961533080172416 2.22694735502784180170 1.92289197351456664364
0.78414934642672928788 4.26192575465757084174 4.45302673747246213765
2.52868223566088001775 -2.29759127502033200230 -2.96581177238613991065
-0.05689379844116260188 2.10279049734424550167 1.97569402287518069983
-0.84821034616727963851 0.78590728422371469719 1.99068283858051131574
4.38308692590457749105 4.32687703469231177422 2.01309820634859892863
2.33032329327424392318 -2.74454274914343532288 3.61609651791876540727
2.17780761447208170978 2.46748821983159682958 3.13753861919616738874
0.46785557375527009327 -2.06787723691503755319 -0.24809141750628782574
0.49653352204853806739 -4.52854673619162806375 -3.45009407280235969040
2.23417923169778465109 -4.40413345703613678950 -0.67955538660180270227
-3.70327851471231150882 3.40642755595047308503 2.22033335319395153107
-0.30993055298396843256 0.33248097826713163272 -0.87563338583649974467
-3.95443746782361271741 -3.68089159031526458321 -1.64500661101640499595
4.49335894031196492193 0.40998973218041445676 1.79481112677636733821
-0.05266962240571437803 1.09817658031983444999 -1.95277323929544088799
-2.05075401430344239628 -4.01544824598982064146 -4.18821142872071661145
-2.75265714367296254750 -3.97664250984273603962 4.06075008999808151344
-0.61557432555806901320 2.08656349921299533179 0.81831901248341143429
0.94361159794427962311 3.41312137174586283095 -1.40434213266726404257
3.55856397140258362555 -2.80847799653240848272 4.46701607684292145706
0.32436535508463304467 -2.96807303179865611398 -4.47965328043507060585
-1.12847439186853026882 -2.54928317105421609057 -0.37719483532674491499
1.49113827812438604070 -3.39826728756530149766 -4.48233799434716839727
-3.32458342140030449485 -4.08866009024099508196 1.47201843629780793066
-3.82419486930384122658 3.16320566708413686285 3.27300451089478361411
2.93615715577599978303 -0.89043098296473477404 -1.64635721050862171566
4.42955817438816179532 1.04126286209179941267 -0.75022919440211488507
2.01038583194038622537 0.58534608746812200053 2.91765583155790242387
4.43297648570676994240 -2.04500006020714675259 0.00025021577804373862
0.70278113416396603697 -3.18334420559418784791 0.18985410169713734518
-0.26517551005544426346 -3.93028661711439042392 -1.47155753297969749127
1.38777848033939932293 0.54557769716950499372 4.30596074164045905519
-2.85720161071243738959 -3.74769021445716399299 0.11692137465484186976
-0.93830930072900242678 -1.85567263956468408992 1.70308605958214887011
-2.69564701848607635171 1.91656629475688689013 -1.92821998481664946823
-2.68082141004643981219 -1.12921437237209421056 0.46684572621731224018
1.42373280755871878256 3.22183000092760885025 4.09520987957971538407
4.12438508007041182424 -2.54879196901538085385 2.58186241412571071407
-1.97729295755578027283 2.99368544354407095653 -4.49552306478489605013
-2.23132209149211835353 -0.30537066605259077789 -0.57715813743969235361
4.10708501562587269262 3.23483520761215093131 1.68049814057772017861
0.70758140007346526090 2.19055438946225233821 1.30080501293655803607
-1.25225920956760816694 -0.24153309537068867741 2.07657421584275780901
2.81171025839403032620 -0.11157033179263731171 2.07433448908392747967
-3.16326710741812267003 -0.74500091147947422598 -0.42512332500757121778
-1.55113483315203470880 -2.42376887653359851527 0.64544448453975533653
-0.63286944793409594112 -3.50223498625086060443 3.43261429929157202423
3.69495530396611382429 0.02998147137598472511 -1.21680909258306524379
-0.15734848683440016970 3.51759365425873138378 4.00473017540939846270
-4.21355406063651294346 -2.03527193599394040646 -2.90869958970392250563
-1.97857579249250381537 1.83628593208394974567 -1.22420499286971340425
2.69457805282446560824 -0.91934177459985022551 -0.60468164945715585645
-0.34102376513673959835 -2.82629497252220263093 -1.21676337341974871720
3.19662176192476810144 -2.87491952464113165178 -2.16311297700163018831
2.65614345213805247425 2.28124782720542373937 -1.56753725110028119261
-1.41793696691356885253 3.80048581132156559903 2.40473202189111301408
-0.39938642868318652290 4.31716980954723350550 -0.84218073308920304854
-3.11293027435795144342 -1.81723504633186827562 -4.00489161733495979689
1.25323887474900619310 1.10274272226803660146 -3.12912656731105176533
-2.10569334314931566610 -1.46967302823281809054 1.68761545319702666035
0.54053441346897823649 -0.45104376490642383857 -0.50620293501265134495
-0.27826864280144203434 -0.23381138193395223368 2.69733034559731521540
0.81891735821373057291 -3.24626976523485710757 -3.23062547725797122311
0.40089498540368140311 1.44846549232147925323 0.33218738759951627060
-0.78425216192809221738 3.72114204101739698416 -2.77551199640455825701
-0.30610025702889309684 -3.49537836576692306778 -3.63115069961782888086
1.22247080748284009388 -1.92437593102671389289 2.06364939941491343234
1.94016933276066350089 -3.67814340932368422088 -3.55919151170019443242
1.80619132738879883959 -3.68032939640454515029 0.37130023977054804618
-3.12982058703443621894 -0.47087815204370908617 -3.88566293331586454229
-4.52549238031424572171 -1.58847048564436033047 2.96925296976688013473
-2.90657446492210258526 -4.19764762375863131894 -2.32640497769919507576
3.65512257515456706614 -1.54959623895759746048 -0.35432685541867048329
-4.45554767493748293816 -0.83372647103013175496 -1.97735954517014089760
-4.07848713650671168551 -1.30313398889601250730 -0.72150486200584040830
-4.13554171287535687895 -0.43028753495341476309 3.24881733282234641536
3.50268750038410470182 3.21429867008179392940 2.53901542093217447160
-0.41892041131942026055 -2.67558768148623871141 0.28822230826485473187
-1.23215077535852746138 4.40871197983465012982 1.62817952492801243380
-0.98787080431142904047 4.30787955744456407814 0.61550439618037611211
-4.12603813302821720299 -2.90354534649134610191 -3.59780610478596374335
-3.27036906076491140638 1.48793721015251012574 2.79903754049488373568
-2.48873832946517703490 2.54620590497793131135 -2.75969357370163947962
4.43127895535548343986 -4.36647337484063235991 -0.86671952906338045608
1.55752594340382799487 -2.29463191928212673076 -4.38657545693562855860
-2.71967645734212171149 -0.10808425344772043530 2.81101584093063561198
-0.98193258440971664669 -4.30402275894381158849 -2.79229462777363490744
1.18585584312650116345 1.47739226599270789819 2.22555468453647531391
4.41154102623408927997 -3.26940621609070003473 -2.29129532302754190809
-1.37996796854783188024 0.32874869063473255437 -0.54176804133086120530
-1.35128406656145916287 3.50235727172746269531 1.26135994670216700086
1.41493849646531444364 -3.66040825044027862134 3.33408514291690938336
3.07775451072919725704 0.91925689650261066532 -1.71359774689392052593
1.39347136656682568656 -2.57789225689971956967 3.55028223620910221570


