31
3.34846774552247605783 2.48458509519029480117 3.48513975365179806687
-2.15157286823711091373 1.50762474142014202272 1.89233452442843130825
2.01310996942377418151 -3.17186420260620138833 -0.04455000975419487474
2.18218938011925001064 -4.36886608388391817215 3.30656696957749485222
-0.98309350807148332407 -2.79840057618712823029 -0.85988930420216380668
0.06411881842775546403 4.21345586302744390395 1.23495204186156737336
2.01784431960679810913 3.77336692459353439943 3.69426674736696281087
-3.93187214606177093401 -3.68610848416624792279 -3.07652490615550000541
2.62797580233474015188 -2.86939490045329526069 -1.35564424480279566154
1.82558526102826679249 -0.13546838152839502101 4.50198731489442938170
2.92263643151661245412 2.51579621003660314216 2.15114391951363881361
-3.44308039044844482746 2.28746097778036183712 1.21719153172119032291
-3.82136015387681382549 2.52129699048836020125 -4.16999037496227309418
3.91494600978493334509 -3.84567651175295077692 -1.16348983680240802840
-2.41040508499530448105 2.93903018508378810481 1.84193084692347230913
-1.74239566929755795854 -1.60290887753659294646 -0.33299673213595948340
0.66488840208566557521 -3.55715004587734817676 -2.18933609373744308968
-0.83141931879963770768 1.92253213908334075199 -0.31260071287887569724
0.70401676751003705590 -2.81152758379924971877 4.18023210009482593108
-0.54620791575575378118 2.96759520034245216635 -0.86921280401189449094
-1.88089202004759048492 1.95751567824902394932 -3.54541487197234550521
3.42191794369330981596 -0.68433197536877443667 4.38458480188281729539
-1.66925865953472385428 3.83545943680815337729 -2.16722470142189616027
0.02917827995293720278 4.50056552769255002744 -2.00405046413315357512
-3.09994022087521825526 3.13811068794960501549 0.63517630108864864269
-4.42285287292186612973 -1.07401266436334363874 1.35368946347443230849
-0.11772846628384669998 -3.57687340898373662412 2.56825031945589632443
-2.12496464150055741626 -4.26039076902261371060 3.93496597433123707077
-0.02033285166958531676 -2.49081988967267786705 2.37892211802502107076
-1.11272849498085957265 -4.06938684726556942906 -2.97539795130622497510
-0.33092919017177191421 1.03615735535858366489 3.47250569688483334829


