294
-3.74284186556564879567 3.00729681415125682520 -3.38314407362724711703
-2.28564862307520710871 -2.42345990590001347798 -1.83008126193122011571
-1.83564972570951789876 1.37611783407664933776 1.05085282032318705348
3.41991666591188536728 -2.65219595143323783049 -3.54504556278765825539
-3.21163256786299644574 -2.04857580217454637861 -2.45102182267574741914
-0.69288747077000101271 0.84674620925360777335 -0.98536251955550691051
-2.05687917926011554215 0.27810619045135620553 -2.63731614069673270251
-0.16123334198087757585 -2.26301510083162993325 0.12569130116679261278
-2.76027152265681419152 4.34114916510261661386 2.74738630454235455147
4.12519174278102784825 -2.28776165102719941657 1.33539512283314909524
-3.97124250612343665523 3.83488945930094171644 -2.84740366271844935753
-3.99831623058736607135 1.65939536488122030278 -3.38006225124072656740
2.31846437639631375305 3.73345699501538508258 -0.66433956435616092762
-3.25280657060297384575 0.62518545422364724118 -3.87444148669215282510
3.66727824659855183853 -1.73777803477983150415 3.39624086614002695939
-3.60998712670552013293 3.48288001192568241748 -0.48484113734162370690
-1.02340082055605963163 -3.34781122575234668659 0.11603980061288599046
0.03689104853685343244 0.85184142563107734247 2.67199426199994416464
2.72596993057675529570 -3.51692745811145845991 -2.97204769783650801784
1.53833685481238102710 1.70180457085485148383 2.15718446676979791476
1.16869180990506027484 -1.90703883093822401662 -1.67481291072013238619
3.38893656787548369635 -1.06098746688916989456 -0.14968807906612635605
3.30313857422090162430 3.61460359560282906699 -1.68850794138671789213
-0.85803052249611910796 -3.53077097064042888519 -0.95214720512872563773
-0.56021594819162157108 3.21080306098463896802 -1.87457413013327478524
3.79759027507600332996 -4.02374213328695873315 -0.97658314245809574317
0.23409846216495910909 -0.95776028351378394987 2.92727795326110218355
0.80726716068191972653 0.67548836641083909171 -1.03885033229157297541
-1.10621561363470499728 4.15390826936434276462 -0.41601510272190633799
-1.50128910765635437130 -3.91613315002033557377 -2.24380992515018196087
-1.40187420894273051530 -2.54914514275205217331 -4.45749757355314102369
-3.15005419341869696837 3.43228222839192742555 2.01692396380437966030
-1.95030659709220666187 3.85801930286124328262 1.94122681353097537027
3.85852028333738150678 -3.50755883045856897695 2.38617194952454081402
-2.12720952638120541778 3.05231488061594458117 2.50196988977485634820
2.29115573941585637385 -2.12317477933731968420 2.92636783229657826411
2.97160811563718407768 2.04204472886283738831 0.31386255545113961318
4.16991371454259240892 -2.80154948859773433867 -1.39695036864808752597
-1.71521850461514224762 -3.45405488357265566535 2.22328625113329181318
0.64580151900174698198 2.89246578510483232094 4.35673764459930890069
4.04913727463744788082 -1.23547537996474821043 0.75381432788421065538
-2.11432533591569926656 -1.68869306913297556605 -0.83368732387325206190
-1.10546308420165262376 3.23488996021425645466 0.84071751423514839985
3.84086236909305522857 0.97138863588277857275 0.33034005830887824828
2.29438590277720333432 -3.17425965291683631619 -0.33341031929848341520
-2.74529698724008497379 0.95186749479502275051 -2.14791854420499017664
4.50945305013488617618 -2.62687454478491755339 2.41374671950080799121
-4.20500712629555373212 -1.20275060003885903015 -1.71653131857226082246
2.69437738464148690554 -2.83343971158458707293 -2.19856856810388334722
-3.49421748279272570414 -4.48143704762373307204 2.03688154047832181703
-2.28663381502440143933 -4.25294261960549047075 0.12343549032689793421
1.41358919849869391072 -1.15467058598525040836 2.92719105625891007350
-3.23162278635749711242 -3.60678377120911175524 -0.97221027117665670403
1.72534196886511015379 0.02022852676737940669 -2.70192567948745976381
-4.41481795508528929162 1.61297609540440767262 -0.14429327265116587142
0.67484506797717713766 3.60332403515631849444 0.12625164313092085422
3.55450744008032426535 0.69669627948021517483 1.58895452858108487959
-0.34771449090456840736 2.56432811714712105555 -4.45553836688226301277
-0.64736532430430804297 -1.11846770319572463848 1.78512760403583481406
0.78913527876804057115 1.91907980961756230442 4.31127035298530625340
-3.00070041411615529015 1.19250830787415562639 1.32386984106289151697
-1.50674303799625786127 -2.68302552699793928070 1.29195877959222382714
-2.57339714523114215794 -4.17433069702297210313 1.63837103688183827188
-2.53840576310261489823 -3.50876909548253257398 -4.53316376038907531409
0.09398396443364909203 1.35676419574224116360 -0.55348610388930907789
-1.27206900353692020644 1.13762647509438163951 2.17925539191201611544
-0.15854962564751584608 2.73015905878899456383 2.14791482385941900901
4.41472298369644544636 3.27371044271882905008 -1.69452502174940544677
2.04587755132334869757 1.97688742700715014422 0.90025243627448769956
-2.77886120351844878584 -3.20621335215027247756 0.25789023621493445404
3.11108422472171053386 -4.35675304306991151293 -0.22425205751851695624
4.39269537162693790577 1.27241512087963126731 2.21850632408939230089
-3.66157795755948001215 -3.23370715422741472622 -2.82949152449643159812
-2.28639431284247907072 2.21135747100676915977 1.68680259200929949515
2.65421273359957865523 -3.83832006664958269582 -3.98527887761995192051
1.31546501985876407304 1.19187925349521783858 0.78864264909688142069
1.01530149552463289098 2.59423835697979132675 -0.62320913211777906326
-1.38204121941275914764 -3.36336566569200279275 -3.28946057008556813628
-3.41366116906440719703 0.35756872391117955345 3.86028940637794359958
1.86249402136412367526 3.35337386322783093107 -3.66113803878874977116
-1.83887883607597624191 2.03239596428325963728 -2.84151128442879929992
-1.77495603800933832161 4.07208148113355061781 0.94015907132999210205
-0.30254588658812497926 2.55643408054915344252 -3.35789080979273579786
-1.01914138912083895860 -2.15909461002766178694 -1.55953483367835854523
-2.46485145135832084407 1.16597356523682904594 4.04596972373822172386
3.21636110709504752236 -1.48105305360942063331 2.45767373696512780867
2.54299779942071868533 -4.02664743608407604825 1.42514041667856350415
-0.32424513238336150067 -0.34340777802247846040 0.35917461494270064293
-0.75811262112196198260 -1.35618607718255290706 -0.49283618117620964227
1.06056220656972310934 -2.20490673681788251770 2.77283990893255971599
-2.46116130851026904125 -4.34993997329400272633 -1.78629257714400857537
3.99494613807235321445 -4.39698105575602937733 3.23800165182063448555
-1.40860648690112233439 -4.35823826977024086915 3.14692303067321077492
-4.47565185644745167082 -1.66683123451399595183 4.19211486037228286960
-4.44039393288157935302 2.64664985737489111273 -0.87423940437284253235
-0.46037721821433930103 1.05278510879838904657 0.85888109472819795798
3.97010686371687615548 3.90661258917997766815 1.48113975108015516469
-3.84062886491894150964 -0.73480847833227347365 0.16483584093741043830
3.19965367227311947573 4.37937765496428976775 0.77607034965053678377
2.13029291806707998802 2.02947866279124600197 3.58592588376253562643
2.64752114848304298533 1.41640887710502916264 2.76866442119592193194
-3.81176825831274568301 0.65471076256208959876 1.82437896096832741222
3.27672899200243339379 3.35074590054129473060 -0.62877605653282397924
3.79570829459995540134 -3.11973858719679730811 -2.35105898290432602238
3.43932293129009369892 0.04847241490351272830 -2.95492123736310752236
-0.63760105052684235005 -2.60000295254407198797 2.14547641916682341190
-2.71474137681907201625 1.39618833658395491426 2.93294821659697557692
-3.26944014079740741252 -2.48216692161214247392 -1.40824759227702678288
2.84901181298731298597 2.98018515153526308836 0.62160813946886861459
3.94962498140975082350 2.37617009507060306106 3.44291503679182664399
-4.20743575097071786928 -0.14000374040445695556 -2.79893005647591319729
-4.30227873451136755278 -0.78543054620783570030 -0.76323958606019015605
0.84046339097549616071 -0.84091615615164450048 0.54020484885663666574
-3.60785477791496855815 -2.97876852397476854506 2.47496620002755740586
3.29625492369272166115 0.55405272939644412133 -2.04735695335790079952
-0.30058226048751901516 -4.18570371440501443061 -1.54849369085530508272
-2.24474597152885735341 1.06049980874478855242 -1.16875120717894409594
-1.16335595947159120556 2.15879340563756816351 -1.82573761320012861731
2.13376073575577329677 -1.81040757184986178530 -0.98607787863326112898
2.29926625735479372992 -0.21336861139313167968 -1.06211066488445693423
1.80108990590308071233 3.65425279872816854976 0.69719846728526224666
1.02315775828755395338 -2.38918386478558852914 1.73730907500075915095
-4.14072404948494288135 -0.35713827456025803997 1.34358772939776027755
-2.44188391220463785203 2.76818345884874972285 3.63945177314071255381
-0.23447222529851075024 2.32972747313069827868 1.15235446120048923291
4.06420596145629442475 -3.34518357496250695604 3.31327436034619626781
4.46205536241708866640 0.19132842598214505614 0.46261858670354882861
-2.74900371370028073770 1.47375850335288216542 -0.13734292509332579613
4.03806274850006996502 4.14418655373239186446 -2.96475061836407327576
-2.38979655564601278783 -3.19558157912289919622 1.30844638844333882588
-0.01770529526740016735 -4.47796308204463944236 -0.40289188603687531298
-3.20917670167551705163 0.31568148291791153781 -2.97936816139943250192
3.46615738605981160703 -3.04257754994134499427 1.49573024188071723728
1.03651383796334695120 -1.23260020492995625574 1.88818710181068993847
-2.26811552296672358509 -3.03959992779016818787 -3.63625165845996445313
-2.70223214117295240655 -2.20231117708378354436 0.99852415511770242773
3.15377889961717716716 -1.98299486238292832496 0.20709346036589870721
-2.93486678073311368919 -0.11513773963314477555 1.95992747876384409977
1.81212402578988207580 4.47466291869196819420 -1.75811580292348779153
-4.09470518795336868578 -2.58379766225299256632 -0.45694751990381998752
-2.73554875708531541889 2.04850223469830883261 -1.70182038036685856497
1.62850727191242228287 -3.75166603106760687680 -2.69716246026348605014
-4.40799334902017658777 0.30227058096699721546 -3.87348123571072289195
-0.85305964215842111642 -1.44426040358997198609 0.68779293440822897310
0.44461512002218039896 -4.45914635658653502048 1.63556840255152202701
0.41322479695600566885 -0.84093913562813682461 -0.47999847320643773685
4.35567086863358543525 0.57107813468044898997 -1.69379741049180232437
2.92290506387074344730 0.25701318058986988291 -0.40799651799844394162
3.91862849800089119157 2.79810650528548698901 0.07013873009764637345
-4.21118036488795688399 2.98510932114654803371 2.82218132221714146368
3.50876674980029346074 -1.94356889208715610806 4.41340719225811906057
-2.38139712306577200351 -2.09167767830377604454 1.91115320058685700388
-3.31333270649285438481 3.03825676084661200349 1.13602791876688780093
-0.87138854375662244678 -4.01375633798760400595 -4.03921062408112696573
-0.85051722575107024937 -2.45864471012489449464 -0.50708187286960804130
3.31361702715777628470 1.78595209217255490586 2.04512961099217172034
-3.80972611954833206838 3.89473075533354329281 0.78077350864950467724
0.64166562480441058369 1.32858319072406239059 1.59655386485416972420
0.59648337619982960689 1.74403338949854003204 2.76056000002390078407
3.50628511125477881905 -1.62805462266056721887 -2.21801166552879802651
1.37316250890161928311 3.88957983067387491616 2.84481366317184480863
0.14208721432176307786 -1.76713193257194589592 2.13359584476410812925
-3.29891418360435650925 1.73037267908544212247 -2.50490900836730068235
2.87040598607835306666 0.63433438083326709744 0.68555464309009206403
4.19052753126982491239 -4.41996478694409944410 0.30417299471707526237
1.30103040609222464496 -4.51781335347851875639 -0.58309198674312501254
3.32957275878077840758 -3.07855640010140074736 -0.19424354833444201773
-4.31248548503920403618 4.27361389773339350739 -1.43871130236084399101
1.72190822420518241387 -3.32223044010165047268 1.80889233293548823411
-4.32276992271628923703 2.96797425203714926312 1.39265198741122464554
-4.44502818657179599171 4.27091588019882006932 2.32839412376840027008
3.43081165274487442929 3.34272887828314946290 2.82546453269820041498
0.98542348332689666535 2.33312525344870191901 1.33566188334116997538
-2.79413324831228893075 4.42852861759495208815 3.83568094188081953888
-4.47727884484135429943 2.43907933197064519248 -2.34847848445070273016
0.39630701920925659465 0.30775836479524532052 0.11803845866226225780
3.55625567631045580441 -1.87559704043112596139 -0.82166986146693155035
2.34097477493186900688 -1.48928323774094995002 1.93082397807253158817
-0.09706930066744501318 4.44499087393024705506 -3.52265455899192403422
-3.23864824259863803846 0.77675030065170425075 -1.27355055237983982863
1.96929506315225477664 2.63013648193107929529 -0.25016141662718016647
-0.29443144791652819947 1.59941867187589359389 1.86251766011690378377
2.06483317382699649301 3.02679566611798644971 3.27705885506049376943
-3.41143189627231713246 4.18174086285238022498 -2.02226890204813480878
3.88714614114076528750 0.73414359163550457765 -3.42151417407817071137
2.00220869104977960973 0.24003838254833809174 1.64577970154082553478
1.20304500775006228963 -1.49685264802033746179 -0.23487894414062715498
3.95823321516480763904 -3.63965712287619691523 0.95546921004628515561
0.01661349625704833244 0.11051366026969766665 -0.85135550208894317237
-3.94005402564547591027 3.17526317852261374952 -4.40678229606022586751
-4.07559854836522283961 -3.51607034566956455635 -1.78168272343748235187
-0.43347501305338376199 4.17051941221647393121 2.06495947122293266318
4.35058384472160231127 3.63777606822551380361 -0.42850689218734760999
2.04604434888041009089 -4.46915332493682893045 0.29097980296051417781
-1.08017164052256831042 3.43425687161482517951 3.61677486212795518128
1.85806318400313141836 1.88196194659279125716 -1.14935742062864143520
2.30552970239503007832 2.78513963256045382622 1.52723987138261652063
1.06840781452932098716 -3.98556696502439589125 2.24310986223349395630
-4.09542835421185280609 -3.87372611366563157631 -0.30679010990977939599
-4.04440549000949278735 -1.65171157561260439905 2.40788213123769789803
-3.71844780262890406419 -0.63353775773788356673 -3.62314545486529748786
-1.34098422837106889816 -3.67824928639248627249 1.32752067555946506872
-0.50182644459153902261 -2.86561573810770475745 0.91121686883867170081
1.57406477503406971863 -3.49876525771599666825 0.20644628510819540423
2.98183832146441663014 -0.15990652076967748485 2.44454791482723621243
2.91080260300789550598 -1.02306456687765079394 -1.28365397606267706010
-3.05161192813663273427 -0.98001241659865989675 1.30737360745882025270
1.18124083059111306682 -0.66570229810479641941 -1.36786131918240538852
-3.50399736556031315970 -3.96579859830052949832 -4.52441780885890221242
-4.53651604806151720339 -3.25795261672328129166 -3.23817202623744915257
-2.97210239898291561644 4.13829566361420386755 0.38962120602601935104
1.42097670687655952548 0.50390179956209113499 -0.25228075386811443792
1.94472791365034414213 -2.04932598717347103090 0.92829528938137517713
2.47339409677086141670 3.87952258151943762954 1.53640231790516779142
-4.26077972050470599186 1.36479591636344110839 -1.19636449007300083025
0.90944831300869211077 -4.44908558381746743748 0.52183547733537860580
1.63699443646198794511 -3.67718307868627203305 -1.10323463068125438014
-2.89492898506792473157 -1.69357383281982443179 3.91919408914865829985
3.98821596870869843343 1.53254863791349915658 -2.22882146012624504650
-1.06673114131415225359 1.79837650681300775801 -3.91890973353040950045
0.15383136948419018353 -2.13414303791167592195 1.13056437258188946515
-1.92083230424920170520 0.10220665452073429691 1.68820804606411023485
2.88814697765420458353 -0.95936340410871157047 -2.88989478141364708463
-0.49750262456811356060 -2.62699123166177228583 -3.40516963856476095884
0.74922382090266470556 4.03988953303358133695 4.19874117949226910440
-1.38581785922270128708 -1.70234038461910497375 2.26309931586572599116
0.20335025367698378318 -1.24184289921647250665 -1.82106628581981855319
2.69841289221914415464 1.03976048671573995108 3.79054989631712668796
2.09870849553990002079 2.68080781471899332047 -2.52220097605189064183
-0.01282374191846802347 4.11289138065147330536 0.75566743150467630130
1.63142382608446023795 -3.36135780151650553904 -3.95657482770901935965
3.17135747165673809178 -2.84355118957703156823 -1.11033236258411704966
1.03579561170292944183 1.95016619483860775830 0.21043534580234179998
-1.99931941082657349540 3.75728160719967174686 -1.88336711658603705999
-0.37042454929676438269 0.12672485318525072984 2.02870516400472045149
-2.32082004027147581482 -1.50133532682409409631 -2.46731048371857042412
1.09704807616913502244 3.88388467152635907809 -2.32421732643952028141
3.71863688988470553198 1.56408593683886110171 -1.17824152213818411639
-3.00087536380629682498 -1.46904639045273777143 -1.56947756774516333778
-2.95602431912374097323 -1.10991089467576653504 -0.31395592873214184237
-2.95635486980500239440 -0.17374045772708957003 0.52792873343165069855
-0.29180377634812160181 3.96653551597769737924 3.31708006547345668480
-1.24481795015531293558 1.85388341390873545578 -0.10931082731225849614
2.62352319599823946561 -2.71902355166997677927 2.01249455684858791216
0.49698276246288131119 -2.33181482054004085569 -2.39976504539239687830
-1.95140079603658644913 3.13274041452051221768 -0.02174081526945936815
-4.49561230639611064674 4.21015549590359494658 -3.87045680416163095927
-1.72125200255325072618 0.41546146297898367550 2.95376832241025955028
0.39946222594767188951 3.20038660169627409147 -2.70029692412453981021
3.22039460084288275965 2.43433387129063216747 -2.24004366026743095830
1.03761769019819549698 -1.34853717343672752094 -2.85483707063420588668
2.31921248081616138137 1.24709184247272641954 1.49037102967244639018
-0.58609350155571870999 -3.71432046276212002311 2.39878588521554991786
0.26152930042112831899 -3.37093244082681087193 0.31038504408340017449
-3.12556882859193541080 -3.60874315333891226842 -3.61109966440909513352
1.25843233733234516336 2.60918719954528111060 -4.00166366166716525044
-2.76874740433446753229 -2.51518334604109172759 -0.41812838712971700517
0.25799406133596480828 2.64816194582828501325 0.24942783323677719665
4.12166844213059402335 -1.29118013059504965767 -3.81379414333196109510
-3.90375192126889958288 -2.52277052449512684262 -3.70328494721936785083
3.46806195977233411298 4.31133101054393019780 -4.28784106831738309751
1.64847622027142026724 0.57366031686401530720 2.75843886617224676172
-3.49012651336964152549 2.84746567480207257717 -1.45169562378204819453
-1.40705652290227067880 3.84408352287092913713 -4.50501105153580372331
0.06100781402852550883 -1.81465234059835367475 -0.97427980774871514313
3.37127722482713476637 4.37603508889980030716 2.09766700409395578930
-2.79425469405798532208 3.04316860541464873080 -2.31534018979988598375
1.04774862324669637559 2.76208798638870156594 2.83405924461162772587
-1.73109276143084933608 2.04198300093485141105 3.17277365231354568920
-1.88667326208546359823 1.21901129230438076689 -3.64266115820065028430
0.83236730354849175484 3.48216651876377358832 1.64033745600639857543
3.59423409163791962584 4.51703911136129843129 -1.98160787643602986918
1.57332639761901393882 4.43634039223530063367 1.37016765205436019670
4.37000292782644006451 -0.30852174345292926461 2.61666797846232501712
2.44985067762140484859 3.50436940069501812189 2.49547448498163682018
-4.02054829308984906788 0.28556823029184830176 3.00946396286319828306
-2.74981928630043181983 -0.32152644430995547253 3.93930558242084583043
-3.32234038600251269102 2.13209334401877370624 0.45316253113240456685
0.77295136012379206392 -0.16818112707285060026 -2.40824421138381161711
1.84429433862644653885 -0.83847007239460413786 -2.24211616196101282128
-0.84213647950441927748 -4.46702249910099968844 4.06258271159518091764
-3.36675002548649215939 2.46473304301685214313 -0.48107952977490775481
3.07877638120264851551 -1.64283460799743696867 1.16530709548713407031
-4.15417458788231730438 -3.79249326493795146931 2.70728155071440834689
-3.72551423608094589568 -1.70723750893485748392 0.27910351912503550409
0.60474878538047693866 1.90003517229378271480 -1.25618785900144569467
-2.07556118255673327511 2.96858087498216427491 1.06868696499460913429
-3.93548737287369743143 4.23143734895815537556 3.88190532622679906893
2.83636927922703030447 -3.87678431773096221491 2.41034216071350027022
-2.96249932694935491639 -3.59214590986786808102 3.17769713732379788240
-0.03420637555437622268 2.37062978630204224118 -2.28967794143850200683
0.68953990514424035041 3.71027083542873814537 -3.73738087086627324140
3.51360698647559299701 2.67298634479773156158 1.54084003727884155666
3.37654733631509440528 2.62902333896951656556 -1.27409937466411493645


