293
-1.84746620997059274316 0.92243931401335643727 -0.19848792172853357840
-2.79864962775221037816 2.64201964678092426908 -1.06809200214799782103
-0.22974637432640854229 -2.94549225333886832701 -0.71928016768878677567
-0.88406335249468082083 0.96826161061957538578 1.97918028534150547415
0.12973770164477738120 4.22546037811204211465 3.34368414190685836473
3.71558376301279036369 4.44791988889285772046 3.44987221460908433102
-3.35641944944766468240 -2.51249510437581191624 -2.64955136079799524751
2.42137090710640823232 2.02578339338674062731 -2.12538236317729678504
-3.21813072007609113356 -3.67572733107049876011 -4.25886296803294683855
-4.01161661473642094933 2.66601147840397079136 -1.68821939055216319048
0.13722619361772281366 -2.27350275362066511775 4.36645135198179712432
-1.28931066135121241700 1.72495225968175791564 1.34708343069036384776
0.02298177183196603579 1.58149705312377442112 -0.19056618805615777035
-1.51347809301763680523 -4.18296464750433028001 4.19662907311246957676
4.26645763443076742050 3.05470711660986093960 -0.97811621568834361540
3.20675621355822038083 3.31355090671781749023 -0.55805742530113189304
1.62848333725046501286 -2.26118400017065601659 -0.68819542926256360715
3.56305451017142349457 1.86506211618191120039 2.92161876345686444267
-0.61540333081784126534 -1.14365448241157618980 2.84232462471696312178
-0.54309706998400830713 2.33280841851476683502 3.40932928871351226263
-2.02224213926563489707 0.59773575329608430451 0.73530470581874318725
-1.66927241993631536587 1.92887423943949354310 2.61058897983830906497
-2.47520140131497967673 -1.12139228965982518105 4.15838081975450801764
2.77517343822330619929 -2.19330858178696619376 -3.76686034130377267459
3.40578717272047182263 3.82575260192988064745 -2.98371919778484340213
1.70972503558701394155 2.96456421751784926499 -3.45263798204585858898
3.72757625081241616982 -4.35965907554001574908 -1.12097880393163507051
3.42810590556816396912 2.31522116602768068816 -1.78779490515247019289
-3.67738452243658020535 -0.81776732449247724333 4.23045017881619056510
-1.94924160140234947747 -0.26583982346698764587 -0.21171003435209545529
0.22474545329260031679 -4.36703752439343162450 -2.35724089289204519204
3.86647096656601174658 -2.47672174886556373252 -3.94017509023252454625
3.52735729289853860990 0.26684576666249260057 -1.51207700501717612340
-0.41449568737877307001 -1.45544133423373622804 3.81992395058140044029
0.49029703973826421759 -1.04822941781914780179 -4.11282299096207815126
-2.59387786653043050933 -2.40728281645645791897 3.03423401382246638036
-0.95455510685093791778 -2.29310929045790201641 2.69744112097680144302
1.56712854198727580268 0.96918530140587755284 0.43106645439571611433
-2.44679818952513095098 3.23070477428847357970 2.64095658171958636018
3.33997986414893865970 -2.93027690695559561718 3.50471778445668125102
1.41745180489562105919 1.62792984081645375483 1.53004695377473076690
0.99648352947120777401 2.20794916768607496493 -2.94193314596277843975
0.01573885779469819113 -3.59126695693357245176 3.33475198514018256191
0.34547767901954795633 3.60193164815715061167 -4.13914063002175236505
-3.06719314273856369368 -3.22371132918451586136 2.09456469298768244158
2.48822758278764499806 2.43336101389201520107 -1.10509283630121224462
-0.74876859649430915766 1.82215569233530416682 -3.94126433405010168087
-1.22038888412624668689 2.38525509942619518000 4.40276270282617598895
4.10639002564708288645 1.55881755500652108282 2.12933660545530045738
-2.37077450470956385686 1.47427537584107781754 -2.82403475642559786962
-1.99016353508495313918 -3.39425508100946027312 1.80329846462232801230
-2.60608590376816628975 0.50193086188238833500 3.03101596636821302155
-1.68656447531334707790 -1.32619600481362587274 3.15378890156125013533
-0.61623462960255581677 3.41323473248800990376 -4.25199719177652823987
4.46475762123887509603 1.81936369534669140080 3.61197769426730186382
-3.25753748360242134652 3.24656809003251556334 -3.84830089812320252918
-1.97437560474099527141 2.70348699267758352249 3.50005354289534142964
-2.95665574393741437120 3.73565595905619129979 -0.41920089732342447064
-1.88222891681317738843 -1.78377402380206406818 0.43048380814541076234
-1.76061960937070516309 -3.40677693974116024833 3.00577373183101759224
-3.90548474909560638935 -1.72898860906451723451 3.68624923684631777832
-2.24778287612879568158 -4.22099454988535960354 1.22307288426044191709
2.38505181921260689393 -2.44018382636409159048 3.43261305801516858338
-0.52688878821387419293 -1.32292360498514138811 -3.95511584069516830553
2.66898775490423556533 -3.84102523694744801830 2.88337776038787385602
0.16216034740735185693 2.93006663526541988318 3.84086559594763077286
2.84049507027059444653 3.47968576625855430251 0.46198626357743410864
-1.07326964709465721981 0.94320656124409296694 -2.08836896279696793144
0.23715542116650389914 -0.02490772699093213305 -1.30573331378071788578
-1.88081870128489292426 -1.80529845395729049429 -3.03665661482548854266
2.86551696423223134502 2.94429193707718539486 -3.67807059434323058156
-2.12101784196221654355 -2.46994053356329379412 2.09636147183847221243
-1.27417938787219409136 -1.39403834946486515634 2.05410054815994858046
-3.09298054880170569803 4.43838835525722341657 2.02019942558202370009
-2.86616809433485819625 0.76742902319531403066 1.35608379664761091732
-1.17529057826509042428 0.09077969338105340569 1.46752343132847151708
4.30673758762342284712 1.80929455925388982251 -1.34497727479138795559
-3.14319863971540103265 2.42602820312857314633 2.95386390882733174124
0.93884545295572596757 1.66055074325137219660 -1.26721388442204307978
-0.27008020092494522402 -3.83655206969705675490 -3.77367304151399496348
3.98467782546225368634 2.74965432640553508747 4.22479062726697573993
-4.04937751878278895390 -0.85745045088616222984 2.38962662738390374528
2.66932617501893876266 1.63788625584756442066 -3.94712284822468273404
3.13898701745131081253 4.04745348941485172389 2.52579285255286922762
0.19710689250788870908 -2.89039658422471834598 -2.16467849272218382239
-4.09744483829868499924 3.31607991482334352185 -4.50372804179175023620
-0.01697157054556797107 -0.93076443750347159778 0.52194123931854630172
0.52866783909518577644 2.42264554693531763974 1.85583822832857947560
-0.12794934772644772636 -2.43138447792312062390 -3.59535065336015646764
0.81972561207742611344 -4.15520083446723198506 2.89505053101674736382
-2.65567338460659518873 -3.49488522738431495185 -1.55791727916690891931
0.80041154721085039370 -3.33569912040141414167 -3.14643539674951666640
-1.67066827147248986307 3.76263798998606180390 -4.35675935567130423465
3.03984189115594904962 -3.52816566355494654061 -1.29292045836932656400
2.61598162997506999972 2.97555597783844039128 -2.68092039119653824386
3.13060312749096159024 2.50878268941569526618 0.70910703765195037818
4.26990794361638581478 -0.07794591457824839864 -3.11627522233836717902
-2.15482855011466378770 0.66474117088642881157 -1.60264295375853915715
-3.36384682260309553214 -0.66088214496917130347 -2.84997589897487468846
-2.67948774983289617069 -0.09944148873405822542 3.81161390002520317211
-1.01085825254060157619 3.31265166328733684509 2.75743455338144638489
3.91510325688238314257 2.06487510353905445726 -2.79536792181648596767
-2.15615945712218470831 4.33317880094540708313 -0.79377801996260410888
-3.55320206687342521334 -1.43278962977494250808 0.79437222141970931233
1.04175560230732333622 0.90088049751265142362 -1.92115984696007036092
-2.59735986393547335638 1.29428406293763220702 2.28653396384568008415
-2.42359789765019817409 -1.30621690119439159972 1.63563012892977166501
4.18584811846480153719 0.52519055772305289764 3.57570105347436406618
3.98873051306965020757 -4.34465903593816005213 -3.67294866319997614923
-0.08153789380650344754 0.12035102385563511973 1.08545948242593315314
-2.05333069810357304874 -3.26165151592120317048 4.47245502618194645805
4.53139553955779650352 -2.56826292013522827773 4.01293847043179585654
-1.59436842681154899992 0.03122624747027735737 3.51751105947476983005
3.18951302115317680830 -3.89077378181909105948 0.95469142199462719844
1.40639764123428800957 -0.61800739402353821461 4.31477996982067946163
-3.75725475990578949848 2.65262322997290578286 3.84102041231585555892
-4.22246490414972797112 -2.83737270339814084963 2.96721957693135163225
0.18247527087457360295 3.28583501811499179013 2.71883914829754314013
-2.50825669316877952753 1.73604743322682164575 3.44469170741792041213
-0.53400626061917577658 -0.62105920536612346794 1.77776131622177135938
-3.89640741984802874143 1.65460982255358413084 -2.57212537457019818632
-1.65459700791871089365 2.81460996915050198908 -2.99508601474945868048
-2.95992540630749445540 2.20334710401250344347 -2.04828580136342797147
-4.36399056350217318112 -3.57186549048948442930 -3.74705627045700140343
-3.82699588183911476591 1.54204864580381784123 1.78823174176797650148
-0.09635016803928930784 -2.44697629504109492871 3.36716612558397354604
1.05306068729351842705 3.46410912833236483976 1.50525074267888658852
-0.78633695436523209921 2.88486209263706250283 -2.52000259566933237920
-1.88502411672087832883 -0.69174357346772286093 2.42768763875509829830
3.09007973172672478768 1.50502011781080291541 -2.96906005060855848754
2.74610996710908050744 -0.39836620908533681984 -2.24915246702415494440
-4.51504144705780596780 -2.54303774888489231287 -3.09354610335955237943
-3.69908156024551892926 0.55048372053827865358 4.40792190496295166469
-3.29061780829160221984 0.28666491307804697897 -0.55296977443828820853
-3.14906894382021596002 3.96407988362496421786 4.23884989979899540202
-1.39116664273734169655 3.84471825049320070633 -3.23494960371491790951
-1.82633678477785110772 -4.39366429928753721157 -2.50487916513550779030
1.53182179688114050720 3.78626728217356056660 4.10960045480379232430
-1.78310277354439872255 -3.30528146090412278113 -3.02371659392451785919
1.67918122250964341191 2.82927818470386238658 -1.83669311940812640671
2.62518429168392586348 -3.85535119372584667019 -4.15803229999710755038
-2.23570259276793947834 1.16427998247341957239 -3.78980937858440647403
-4.01478417862243741610 -4.45735833547002435751 -4.38352214477472035270
2.70584916096810790265 -1.92360691300126207537 -1.96671214832945961959
-1.45801503921221176086 4.43498517626962662774 2.67068362366051825774
-3.54949422022808969146 3.26762243023476894876 -2.65192510683635385149
0.05412573155344269082 -3.58499999222221799045 -1.38542167093921353427
-3.21803415790978553090 0.35447041475759988316 -1.75700549686154872120
0.61855378463189314431 -0.41407479992461926344 3.32110267487418919785
-1.53791685617190587720 -2.18204486156648780337 1.37543779450413961030
-3.36221450296000812230 0.16490346485765527973 2.41267820195433557728
-4.35487428810832088999 1.70203781279109467306 -0.43240803291553842058
-4.34346094345732591790 2.57996822818248539022 -3.29302829560220899907
1.74317797932973217456 -4.53710302658484021521 2.41479049707506643330
4.06124106650951421926 2.95997571590758656868 1.21651740078002745804
1.10582696321279261298 -2.29259322092632755741 -4.10065826987320480868
-2.60874125611925355983 3.22554840639104245525 -2.08739047596902116410
4.25507304830811516894 0.99868900476898847529 -2.15812096824883070667
1.41019579389235527600 2.82335466198139428684 2.72725636734234289094
-2.42983444064029230347 1.66261706590457869481 0.90003815086040805937
-2.28554411445857130758 -4.15335024698872690152 -3.59273928151145405252
-1.38892546367938773955 0.68446792697489833301 -3.13639626863864284800
2.31657685591735873487 4.08559140552260391388 -0.94981315125794996135
-4.31611705929380029545 1.87444074372343383317 -4.36091788346862951897
-0.85364395770551215747 -0.09564132275102643632 0.23917012952253902114
3.99748147225071814859 3.56718938548119179899 -3.78095866123947654813
-4.27342713713837962786 0.13824254981419059618 1.66514328537952760456
-1.92714497449340527169 2.13177599512847049112 -3.96365687100426189460
2.31329741386756193577 -2.74168794338599530747 -2.98664192677968154399
4.50114005573405240312 -3.75483394092081912419 3.91401213187874841282
-2.75780051771436029995 -1.00688588373632814665 2.82941906517974217650
-4.48207702809483965467 -2.11256490483822645388 1.41383995941781304140
3.20446475045443524010 3.34223523408459843864 -1.78010209252010920267
-2.88626672861161992500 1.38664539494279193121 -1.37270482940493199209
-0.62303138140110991827 0.13276141707100208578 -3.91116411386954165863
-0.73886378832811638873 -3.13053714039987607265 1.23724566321481166398
1.70071550954749373119 -0.62972344128198276536 0.90723176672704131107
4.18739699388447927930 3.05291133896331867703 -2.19767812334494205828
-3.27921349815237928027 2.05696689714099800739 -4.34194733581397951383
-0.05876999515747272085 2.26475232216645228078 -2.62047421008791880936
-4.30602413406748585345 -2.95065036956045601002 -2.06943220096358881932
2.00731803309933098944 3.12322892729465362294 -0.45166939613734058412
2.64508979768636276475 0.91708048195760838439 -2.03348877363432878340
-4.03662762963114740700 -1.48626119993977834355 -2.96514652488823315934
-0.33394960936073569968 -4.36051567324670319437 2.56577330884669141398
-2.37980288576719578586 -0.78310478906602920546 0.53666703013775585163
-3.68774989478819259503 -3.83078736922435503232 2.73384593379592377715
-3.73532695020862171020 4.15565356482032743912 -3.36188452681957494761
1.24205929715485829945 1.65888088689361357098 -3.84578956521854387063
-1.50473658138152988073 -1.26879122852708059455 -0.50182520823914611441
2.90772944286230039523 3.96320273168100367656 -4.05961245181043839381
-3.82903720821647164385 -4.07373492232808320779 -1.99600691956690923234
0.98220097275933326841 -2.64584030386060797824 3.57258806693684771716
4.52948333668437097543 0.74424921874486127393 -1.18144497451503394103
-0.03126723446603829615 -1.82998018774471526982 -0.69013347336764141460
-1.74770151070548074301 1.68400005692938403712 -1.19696939354913745035
-1.44540515398233271327 1.35616963095190090627 3.41904587197692411138
0.02004381171921743032 0.20328432945574448354 -2.32843868768145689785
0.20878153201286853147 1.23799165771276076242 -2.79962980369849789852
3.48566452049360986365 -2.18577334768235331808 -0.32888701620071714160
-2.76693324254401984419 2.46359647573450413205 -3.28551185703322756737
0.56210987797069389416 -3.46760464350938946154 -4.15817108467717488907
-3.80370079546893169464 3.55240008635388893055 -1.11118144150853037644
3.75128943130000092054 1.44690596808436833243 -4.00792199302573770581
-4.12334588771030396970 -0.25767789805741525555 0.72825629335471386838
-4.25245203857699927141 -2.52302083690087464163 -0.50512699490251300460
1.85201334085885793712 -3.24234344721015110835 -3.94633691506295702922
-3.36388635823442028183 -2.01397071289834395103 1.63827239048157302648
-0.94448633257003766772 -3.99717830229869841574 -2.78109996911605961145
-0.00304881059184669567 1.54142750729419564237 2.24068408770270011132
-0.25245698199933919170 1.13982963803947523473 1.22969233585695558730
0.04092769787733008258 0.19744787597546498148 2.50463124803300818400
4.09160611017848285798 0.38522930802014165863 -4.05750702666666462903
3.38496691329563947903 -2.62985814484938984492 2.09627822325417501048
4.09929613113448265693 2.58470391359877016413 2.16227167605975534315
-0.91740924519971311923 1.05703373405256062512 4.38176653007240712867
3.10582481842777813341 3.42315485598922020216 3.73724923535939712593
-0.64884449671509347723 0.88195917398420853317 3.08128982627433334329
3.01769026772919346513 4.02161581900429521141 1.41607630963711361716
1.54353169301457793239 -4.16161193109596005968 -4.45864329289659533373
3.45937641082926727876 4.46168580827447147641 0.18376540344476044453
-2.31276759443198098865 3.74337491060169735846 1.78421531110520081853
-1.15914394096032768999 0.00782123835120618338 2.44217580648000076593
4.06915507552837940608 -0.51143874857774296316 -0.80255181497137950686
-0.99100748273359950957 -2.88880574220455832446 -4.19022243448285536260
-1.37747690235131248215 -1.85724051607746920567 3.99958947934418684866
-4.26748912299390426028 -1.19030691234116803301 -4.14970417117253376205
-3.24067423686066513611 3.54249443060131152805 3.26719386299958092224
2.27052769657813335868 -1.20420591306810953469 -0.20351718214572400711
-4.20037307339200616241 0.80268355327757312523 2.68250740671220366806
-3.90769316965874091707 -0.01081429861225746691 3.50686719064840612958
-3.38870216981750660423 0.76271137452810222612 0.40779117916617213524
0.94908940155444909692 2.72380635650540536830 4.45353307875913895231
-2.57256922362968554197 -3.06277871145507196715 -3.60114586435786776519
-2.67993340233968613262 -2.05253830606165887929 -3.88242240166677143876
2.46147710215720838534 2.62827839983114586175 4.53464571191896137492
0.21338460316157359387 1.65668236409307123580 -4.48252467600032478146
-3.45260625504160811872 -3.00481791294173650186 3.97230296513508474021
3.27182560405876188270 -1.13604030117943421985 -0.65417657045660604354
-2.53584691762194980313 2.88348724690373980906 4.42021688925095279643
-0.97254150311602538537 0.86641691713875612635 -0.64233282523679635645
1.23175338658194100105 2.66872473080100025555 0.78335025931716195657
-3.93659515808244941937 -0.05833145793736260742 -3.79009925977354766857
3.91301447262261437032 -2.39022234020824653200 -1.72891775177797946128
-1.23081864857678580094 -1.04244572536388435680 0.76153435797402124763
1.80636560103858023751 1.39520508427901379633 -2.73891271020928606106
-4.50395814672657213151 1.12302786485505468050 -3.24017917332189453461
1.06586879999180439427 -3.10143603710269255558 0.19330277406153406616
-3.67434237803165908431 -3.38873928588060424616 -2.97273986604947459966
-4.00453035510148769305 1.83859963390850200682 2.70015862865901912215
0.76626896112148301654 4.44354235923128282337 -3.57694391612312712070
-1.69991068829414659902 3.60074428602328833193 -1.74108309490695978283
2.34881725523803108757 -3.82624952283935115815 -2.91878792639733397607
3.09676754056244352142 2.25539346521640471366 1.86932257028485171446
2.43484466537327381985 -2.82824130132439810481 -0.12607616880520566838
-2.73029224232050227172 -4.00045974099055179352 3.85517372059390961425
4.16361264607322123510 3.85591333109409628577 4.20543135392395672767
-2.65097073643035407997 3.64496296170494726852 -3.16457063497399282426
0.58002480914434073611 -1.15467688920272326669 2.58570153082196618755
-1.79966551498086158034 -3.51886982174012619140 0.50104449611185764013
-2.20262668454581156396 4.15504667464541643795 3.33836957806878409372
-1.78248400311647214878 2.39863422615108845548 -2.04424124108857752091
-1.11824947349162151511 -2.39830424662347585496 0.50811914698733939844
-1.71144040938653319017 2.85769382963486862081 0.97922675254668600786
0.86357124316669064967 -1.47608383428046163743 0.93896500699095319931
0.01246957143291016479 3.46543443802125050723 0.34627859492956325482
-0.00648926119675596880 3.79387691495973822242 -3.10190827433093563315
-1.25992774760713999171 -0.90934885125445585885 4.04537943441491787411
-3.53539477622425213355 1.20343961303150415176 3.55719451059153168870
2.08509173924695367930 3.60079735767021968940 1.98251201779734476105
-0.60878730275664505456 -4.20093540177866664465 -0.76737146487294527475
-4.27233410626865417470 3.04395017647086518764 2.91419606461438007727
-2.96427519134399286571 -0.96801775417038005145 -3.75077570677000737831
-1.61342312061115178423 0.21097977684537472243 -4.53532562159218866071
-2.47296437827418991162 0.83821741491233137111 4.10360647189933569479
0.97102570902616491821 2.04108222704427344496 0.00744863579193921765
-4.07254553138878083729 4.27417335892076177828 3.61280943166540335909
1.24975627905919406402 1.39164938820060246627 2.93438290126817769021
-0.97813106829220419769 1.08148115067070005324 0.48168553863522056702
-3.31507311231494172787 1.08156559511947936159 -3.41819987364628374849
-2.34534250230492524736 -4.11944099607047320433 2.45639538775285881655
-2.55321456680221814395 -0.19115039341797768202 1.79186205319572433581
-2.87720904313135372732 -3.91318450878781032287 -2.58655683029521599181
-1.03445543678540552435 -3.33229438429291002777 3.83818127414423582167
-0.45533624814853990159 -0.18261792892312023184 3.96620047340455972318
-4.08193013290639328261 -2.35739608901466235480 -4.21591557895987723015
-1.85937638316872000388 -1.21783358127314444985 -4.02531088318221375033
0.49642258305697328780 0.79647504723574602536 3.61230578232120347337
-0.78222629454874192945 -3.08485606527519129472 -1.93412498723863723882
0.37433112860356754226 2.17734557008880535989 2.91309522016638222652
-0.10956772574593998115 3.30500884949664541779 1.48867429207921553314
0.82085352510427256334 0.37903325732029635731 -3.48398585277085270917
-4.22994860412195894384 4.07744859058957498377 -2.17282479973434572429


