470
-0.29730419584074674333 1.85504136029102628669 0.74607690596940834382
-2.09285838969611059923 -3.45826048189669377209 0.33752256020701398853
-0.08907876625449873131 -4.05813536370748551008 4.22511372282920572019
-3.62535372849103687543 -2.91895820554483931275 -2.77584190032603395082
-0.65604348639501663953 -3.13404517193343767900 3.16931031112797523264
1.38700892115383833669 2.71714004809215303737 2.89825359221398404230
-1.42910062421217087802 -4.35055289316080706641 1.23975712550252215038
1.01044588300805049386 -0.82033174112824980284 -0.06686080214617096118
-0.91145089899049036575 -1.80162294109772203043 -4.38210404229869787684
-0.68071330402515251023 3.57600670329642422729 -0.69774924198688648147
-0.67545529450778740710 -3.55117607097163023866 2.16036721984358326409
2.98724700993887815059 4.37465088647245448072 -1.58348355017185715710
-1.05141282929713852923 0.90312036081623681127 0.88509207990215355011
3.43416819703710984868 1.84068973540226554775 3.50375830653010122973
2.10313551474826088139 2.20063674431171474311 -1.14316508805632155443
-4.01501581974879417913 2.64654903078138037387 0.51421339631167750639
1.54505910058469186907 0.00157272997341895149 -1.01921045374529617433
2.74232099927171102394 -0.35847294722971057013 2.37658551147645269452
-1.51504394809470177563 -4.07950860437698104022 -1.42427467291181386599
3.59626115818216529618 1.58072110537957843945 -1.46052683403851579769
4.24138414627579418692 0.30877612159649547863 -4.50157445255057186984
0.59196646437961586429 -3.32180832187241037445 -2.69390547557169979243
4.40439231762786054247 -3.66733897893135640800 -2.49831243568094629737
-0.84298313648798162134 -4.52521910112903924528 3.31854975170081445413
-0.32798078092200810829 1.73319257701560847096 -1.61103970561922782423
-0.85927319358792075832 1.92884385788816814511 3.56937719813778731037
-2.94873317114484301271 0.03719661313505007172 -4.08290474645451340052
4.11284500349251924689 -1.60539149851504880928 1.46744527740656227621
-2.15236446171433559726 1.13200552646012475577 4.04977958101913682043
1.19113475572089821952 3.70166607632653477111 3.52880320955452031484
-4.53552435600483416778 -2.17071756317843833628 -0.63999826034895157534
2.85130984462163983295 3.47722537133815290389 -3.14306495037064337339
-1.56388667217482879579 4.12007301647151802371 -2.20498495736998556538
1.05731845211640251847 4.22646550004629073527 1.58725883603996553717
4.14079473892969485149 -4.08327878065849247946 -1.20780312908794407178
0.08729488549376274165 -3.94197470635911306758 3.27733464818577235889
0.03643404881863876454 -0.42797515148755316261 3.09084091014103368167
-4.14465120707400025424 1.68991366923115204912 -4.04512329433571959925
3.76830390389919234195 3.80044681949456997216 -2.38447315352614808148
2.13607349178643080023 -0.51258943173006610294 4.15022714103092749127
1.30050216139690721917 -1.74514515567680161823 -0.43042137010565362232
1.67845982414832306517 4.26224971891545489910 2.49510815095681159903
-1.03065556655175205591 3.77043865480883777508 2.38269969097497646970
3.22985421435010167102 3.42721265650666939706 0.85475448793853558982
-3.17510760551932502693 -0.95496516058961233853 -3.61510859122602656868
-3.62382578071699334998 -1.92771521045366833746 2.70902107765957467223
-2.29726014281466905942 3.18436529608239293765 -2.25929093081591902958
-2.21442772319293545991 0.84494042387159051799 1.87918548878224456189
3.32861072968469340339 1.06633289835993849692 -3.75695856283711915324
-2.14734173483339363386 2.16306126391700104250 4.22586730780706343324
0.99724064796011724354 3.44044153396545571155 -3.67599249297034624817
1.63693024430017697313 -1.45850175634531309399 1.33949700666945670235
1.93637538622625005047 1.04618223823778233594 -1.44149649160356929656
-3.00892759569680423581 -3.01169197631283847016 0.80543409969568990903
2.04846624710714220186 -1.03546813612391908066 0.40261416153926177230
-0.20470003071862397093 4.47213829181908106847 -0.94494012242822034153
1.19918453007610992245 3.84438935561654115958 -2.13303922976114268550
3.52386741727309082961 -3.62818176954145910074 2.54152571653508640992
3.66362097228543870386 1.21036889222156407442 -0.21705495616065295650
0.18313062235031818403 3.81348882323022042584 3.84265585559011224603
3.84195912618445145625 2.63374379015391912873 0.05765333546749751292
3.24367342739268949003 -2.23468844698530455517 1.96067759531475438450
-3.38133744588571349965 3.62855538669207700053 2.17355425957342784926
0.75168195294723449962 -2.16427298261821032810 1.76566713414812426208
-2.43712176839435645803 1.44515600240630792683 -3.57811515712679462098
-3.38473704086530391422 2.24229564373427692203 2.24832626650878442121
0.64717840496462564204 -1.99692698311648930698 -1.24548565290753243673
4.33405071953471843216 -0.75880420404289505854 -2.96576879001160698124
0.45862775097914276756 -0.72467783919309614049 -1.11049064271836739337
0.68573898035773250825 0.66035435999484803915 -0.63128267363971435344
-3.98098054212275931363 0.31846140285086743660 -2.45866334763066607394
-0.13396180408294267039 -1.06068454849809512552 0.14243497041026031980
1.15614784279946913870 -3.74298452198917219746 0.37583606852397721809
-1.61413731667578286277 -0.97298050355942899969 1.30226373489591740196
-1.07089492141408815229 2.39338048860878327417 1.06620864554871985774
1.68012801254122656758 2.46380577163396896623 -4.39951656758684617188
-4.16202973312642399151 3.44822349593095101028 -2.06470907127663583225
4.52300352670494998364 -3.37323501964979666212 0.57145274285799096958
1.66470143696412886669 -1.03229649544728552257 -1.25999134060464612617
3.74365276265349944396 -0.65208960340763288954 1.76092007801685834778
-1.73362535979588283652 2.44227813305779761777 -3.82984864554319948127
0.43366973116967244550 -1.43712520191366843747 2.93315126133022374688
1.72397689205129456269 -2.78431774066812831592 0.83448510072877013499
0.26998032250826131673 -1.95765184833171090872 -3.55338865909987777769
1.58599984692531492669 1.62194129193117664300 0.54687384602317834492
-2.67402961572346065111 -2.86091657151504419332 4.04261498270863040005
1.47213571882850136063 1.91290456961367905109 -2.24637694678237709311
-4.14400766298700329315 4.03594583757308367211 -1.09815623394419814574
-3.08017797482563304712 1.69401399145476627695 3.60008696246593284940
-0.21620517288197227401 2.59452061968613190146 -2.43148058908006214907
1.26643497998797194271 1.46667838612659551245 -4.46195656364629922308
1.79709483341668896372 3.79348688130117306372 -2.99664383692105085188
3.20039983736400568404 -3.55563644012964985563 3.57947096181696711170
2.80125107244179094579 -3.56463394302529312796 -2.83963442631947371453
-0.93938125455854848411 -2.01727740154417700680 -3.35807246239717338554
-1.90448928625166358231 3.47534854176642138412 4.11396081930882129285
1.07192105454869146541 -0.13259525392491955387 -2.46559432118363019981
1.83589998754882888221 0.52611636938949590814 -0.19355028707797838905
3.47156854516920976295 1.45529378593825864385 0.83926329570713864570
2.40625558996261812439 -1.20097239896683927185 -0.58328923364120743855
-3.07108687007196268226 -0.52411163624931234040 0.57225000456226027268
-3.39143850842657545996 2.70546065521959544498 -2.61843545243830888580
0.37266917670730137502 0.37566883521975213966 3.83857131669301576693
0.19643519602989556461 2.54060835942171170387 2.94418813143873148164
-1.35226181928088085016 1.75677066069309173457 -1.75589816538953957803
2.79367782257470587126 3.62607804002571665336 4.26307129250206440219
-0.41554118470414103115 -4.23906058136850028006 0.03418721040655015031
1.90154664291567687684 3.01553850299123915590 3.83385168614594729064
-3.92833082130346555871 -0.20922682422348248821 -0.79518339460708364896
3.14577675978517223854 0.74514986564048690809 1.72121692228263523106
1.01027713763827176052 -4.51049142974072747592 -3.90541766713440807735
1.35999728688539978094 -3.37053330091407632452 -3.37870665131330971676
-4.08800681146407729472 -2.37062210365344094853 -3.61604786431657920787
3.77888371281958779235 -3.69732410527747790141 -4.28410417871315196692
1.44866691932448166114 1.11799487961909704836 1.54883657527327933678
-1.83657695192513426008 -0.35118101247634125883 -4.10637343939024646033
1.36386219148420639868 -2.95877288695683260400 2.12845565703502881405
-0.82741208563614776494 -1.99455734700696662998 -2.35096999049608301746
-1.86650154915364874242 -2.25373778967800397766 0.17633721226265475224
-0.85929478545446080773 3.81682859656914796886 4.38651650501342782462
0.73068637247667922452 0.29243333646966807038 1.49313897936308048742
-0.39515313889937964120 -0.77020506222355056281 1.27329777929379606149
-3.63025745355696916050 -3.11078463845275576816 -0.00979650043830915251
1.13217399783801386803 -3.83260744627504168491 2.72599124538140902274
-0.00470419857951576148 -0.31337595611156476849 -2.43925454084577753022
2.06613249812182253606 2.30379510899904538235 2.06762700667624255146
-1.30466237023343101242 1.69534102917172546654 0.20998348851210746346
-0.67407195963343191636 3.49034899079803206945 0.41013189302068386866
4.45224525309926288941 0.58924351660206575332 1.68777409875958284147
2.57612953017954904311 -0.07375381114655610304 -0.68092660820224804041
4.38684133840114842684 0.56233316742322525528 -0.43674238498612005799
-2.70810409315340905323 1.93622018060848066767 -1.88683141964139267088
1.88842176900898106595 -2.41631485389921474294 -3.26469045732787588321
4.34090128038873412919 3.42997120436233071672 0.90562512391168503711
-0.71210538887531882324 0.97022123579045249642 -2.81034902965173438716
4.33264875640400415335 -2.36719857805242916982 2.24025473706056654777
-4.13326217176113352991 3.29187410810180391962 -4.48284486363337286718
0.17806180662995529929 1.24033590601411525256 1.55169555559235750053
1.56293526970697627121 -3.09870721938895998804 -2.40033101695500716843
-1.78660130573628084250 -4.33833887896406000806 -3.11714453019342530027
2.42740221397033995032 -2.05142131204550315360 0.31191660736237913909
-4.33978801129040459017 -3.44425167829633105399 -3.47095839902107838881
2.25100369303898251161 2.86594890522662115728 1.13279010550050251993
2.62960945392873757243 -1.33932079723303498753 -2.15378634725796747063
3.80333706087062228818 1.24967711912268963914 4.34063917195788651071
4.13534358801832180319 2.29511685500008955074 -4.27343217827726640223
0.17594733041744081703 2.64457538112724943602 -3.40012082676069171683
1.39297073277857563767 0.59270374177828166751 2.99028585729345763866
3.46712046480216695699 -2.89095929303886167716 -0.74011734443910670578
-3.69357255836256648251 1.64541105069071758038 0.98185497212497985231
-1.23154264619328568386 -1.49292106550208103499 -0.09830089242836415053
2.94553584578277938277 -2.28323945837487185528 -2.37155524394651173736
2.00298142286675151524 3.30586483657449026197 2.10301709398276415186
-2.56477757327763100648 -4.11084166841822273852 -1.78753703419118892270
-2.28602687539594562338 0.16358111500788830028 -1.77185830000560429198
-2.68613260966640021721 3.84743987695097988677 -1.54534180843751833834
-0.16563619182138200614 -2.29726914572733598163 2.86340321383008511447
-3.34662080601253375534 -3.23343212948071112578 -4.06942820175875130673
0.19763459378467995720 -2.80088161860893736232 -1.77239216323100867712
0.20620444178348229514 2.01510142058273089560 3.94405315245893728360
0.95092695907111313147 -1.10390936302878461817 -3.20343508971319268497
1.18488654944937632507 -4.10082695294960331012 -0.78915511226953549695
3.73854181741908231373 1.10903037276235227893 2.72093898086177610196
2.23726584103288672623 1.92423108270908205242 3.87905524802718115751
-1.93948607217364621391 -3.31776396690394870248 -0.67147509688796658267
-1.78766592967875714848 3.31411951363475676402 -0.23164864441816845897
-1.71012628603347582867 -1.77864798775105104056 1.93518390483976698846
-3.81417467556658928984 2.93741410936404179211 -3.58996325186028553134
3.57953737205669053623 -2.01813682663205451462 -0.10342663246132222099
3.86837139127534168637 3.45631858624740218033 -1.31613763355113011499
-0.32158119995486256215 -2.97015581095371938858 -3.26130135224256489934
-0.54721263069754266795 -3.63885367372176604661 -1.90894579049262258508
-4.00449494132830530191 3.31158846082313029768 3.10462352054527634948
-3.35596062320012622493 -1.02360997972685918711 2.95016042896728070133
2.80614695394077262591 3.63583207245452211254 0.00123752925364328803
4.21994768533136177524 -3.07248318685319610211 -1.52969576023557607414
1.28701542192470430592 1.77997164585296641093 3.47446419754660329460
-1.80907299520322251141 2.67037805189437538189 0.42533533272230616973
0.92250341218981990465 3.02652282658087834477 1.96634332260902144895
2.00023402622287616026 -1.12534480039616013869 2.43699038230183706588
-0.85453731827267143117 1.45193813187551779009 -0.70639090536348003724
-2.04507697234950169829 2.42611809161601588158 3.14801312837741686934
-3.69698460636305270555 1.52956122831939111961 -1.35452343337193825690
-2.76605384157770961551 1.88977598608777075384 0.46195196549416017717
1.59546911689828174730 -3.48140392185314961893 4.39439545602247871869
0.01964703140534762582 4.09430214751713972277 -4.15927973116651727992
-0.29724311119573165740 -2.34278583964299746967 -0.33840098982987676379
-1.98518735439818438948 0.56231810296459006082 -2.91845025433319271713
-0.58382443282265761297 3.39049998660506801684 1.36016458922061556081
-4.24291543341067001194 -4.28503608216111153695 -0.46102585255835659694
2.37651599423354387142 2.63893122201117424908 3.07205609930268508379
0.56312555318660173498 2.75434433020721947116 -1.84704459967963385836
2.44947372404522312195 -2.80791193231145408404 -4.01859920135850501310
2.47258679097904998656 -2.09032790769384213547 2.92936352628836260692
0.76871806070516335296 4.43682100634130716088 -0.00488160673490334318
-4.41045965442390031086 3.21264665873183741240 -0.37609263955659599787
-1.12601339292917135282 -0.39866062982880290377 0.59769545199349405351
4.39755281049352841904 -1.37150109627258265377 0.38207841235842465721
-0.58571495127443951034 -3.03378568352977895373 0.72196999506354764264
-2.87120823726845397772 -2.65128257227940755669 -0.61445535202326739821
0.03841524592953593498 -0.13409318040409345940 -0.29989408638175873989
-0.96638465476683066413 3.38065938270452104319 3.31703248464218525271
2.64896188198302429129 -2.59310416082861339149 4.00031994313368866045
2.92183741308537836545 -1.64476931568128659222 3.76836843615474936797
1.84141172022806642872 3.80971039303615466309 -4.23317765564141534895
-1.26798928197249427541 3.26281337999861431598 -1.62335343423281042163
-1.74210859022247355199 -0.84565125367864890649 2.84589381184803169589
3.37393537756787953441 -0.88748287137802339686 -1.26101355663532999074
4.51509163385645795330 -3.61690894041528698821 4.00613657682347845679
0.94118006859084335503 -4.36425531054515136731 3.97991713845162298213
-1.44368157752118664305 0.67529355345545383216 -4.24988119782413864556
-2.55672888723620905793 4.37222743873057861919 -3.70441893540542954710
-1.12330414745478979199 0.32489209192910273316 -0.77091346940843674673
3.71641183893279514194 0.07768773529617689633 -2.27189655094138709401
-1.68157595968258499752 -2.91797967748824316203 -3.91535962478983634583
-2.30451459585434115240 4.06367363096232825370 0.27934299843436694033
0.57544441836370641141 -3.35867097492573218886 -4.17641566658018437153
-2.71441499654813256370 -1.85385087989395058727 2.10353656836661784268
1.99942369884653192713 0.74086460038821488894 -2.53030948840372804653
-3.22703931024657686422 -4.12551422011288693170 0.41734257837586152817
-0.07125254522597490592 -1.18220048453233372854 -1.84248628159457172870
0.05423407912222177885 0.57299644973228058831 -3.57955022848176707129
0.92558346059477614176 0.87006849580877965167 -1.99698396558438773241
-2.24940973084317707986 -1.86287631866768732536 -4.45466413252458348637
1.21395488154053676766 -0.42112251150551927026 2.42298517155099890630
-1.24986798374597540828 -0.36533540031351030564 -1.88505308700580531678
-0.26047061320944386864 -2.12588671345917079591 3.91936736316015821302
1.54858078352545280865 -0.40770127023868507621 1.25749761382850788749
-2.00328823318999083014 0.99303659586558090666 -0.43744012737625848075
-4.19067163486269134154 -1.22360800571921224389 -4.21044574028222839956
-3.43513176583743540249 -0.88224281662779802105 -1.62733064863789955723
3.15433921058461042009 0.30222322282262226167 4.45970861596909085023
-2.23638792449558554409 1.03147189892133894773 0.73568699627047795531
-2.64576091761232312649 0.26495548369351951123 3.87188825478628384502
0.57142625508218625185 3.61394924570866304947 -0.79662359110798242057
-3.63414466337411035113 4.20236777373158343352 -3.58551129588637618184
2.14061562470924027224 -2.32456360383910087819 -0.93920327691668825665
-3.52053874359592544607 0.73415376060594361718 4.40979041359438372893
3.84590976510857363024 0.05531171268471180014 3.75286108254016870234
1.63922508040199144119 3.37626711888796382510 -1.03404096721484028976
-2.61364477083024393522 4.23895041951409989878 -2.62550941054203645919
3.60584774854878542527 -0.86936398274410997544 -0.10635348984438053321
2.77169242951423377974 1.22879630523418281740 -0.66276144006860304714
-2.16871487313725541668 -0.11895141538876519149 0.86798071353466976774
3.09154218153708182371 -0.61978955078557218528 3.41141519019117822609
2.92702531862695281006 -0.45294611457243760810 0.69508751499764809267
0.35103853799548279113 -4.52761156744796977591 -2.44547204055393319067
-3.37855821946442436143 -1.77119930426182481398 -0.41877793388602668756
-2.53317246804536289062 1.07540749301556548545 -1.37885873113711898696
-3.44482555796009659588 -0.67455928725616498554 1.94914929067643427629
-1.02333257363793839190 -2.04723210470826977314 1.08068184082552054548
3.82463638557778029536 0.09228964545917772710 2.42679023924989056837
-2.17646016730488689461 2.03327930759245756320 1.54884071026008474092
-2.33689352602915567658 -1.91925068844195134687 1.16885167915876753142
-3.96316841676612519052 -0.42979847506039359217 3.89237841551952268304
-1.81880891353346330064 -3.74401459226590738183 2.25666706696491470296
-1.99675843631120208954 4.36764163719596876234 3.05030000081700691794
2.46552750390799335634 -3.31302856130599687745 2.62248777028756396845
-3.25869921021984243481 4.48232688451527128137 -0.97168868795645169101
2.19396575207731459045 0.78356417572770276081 0.68794458729858387613
-3.68022984067757086279 -2.25563281238990942512 -1.49621977971845865341
-1.26348774910659988890 -3.25118662161550586731 -3.05392182403213574560
2.69969986019765251228 -1.30777641268264055441 1.54185000459281784657
-2.44198463243013019763 -4.00051179973121673328 1.50111956901022036703
-4.48010259939033250731 1.53452375845254529452 2.10122274926754837310
4.14424326056292802178 -4.04927715738173521487 1.51107841949660848258
2.05054580906978589638 4.24029551847792784969 1.46799432873520974141
1.25756345105273492635 2.93253469232707875136 -2.62119005933340210035
3.81161348630120766501 3.99049095145286703001 1.85701494482530549135
-1.86263681862084418128 -2.32280762757254688466 -2.98964399235128963639
-2.52744192111332699469 2.39078447232918467336 -3.21363107941638581622
-1.08938842797488355529 -3.28574285113706032746 -0.16304993192751293662
-3.08806777644146279727 -0.77270011562883755829 -2.55685520499197727062
-2.93044369739585874868 2.84200737186856766670 3.59142207294860593692
-3.44567091608286091287 -1.55072414260112356743 1.18302401983115590411
4.32089533253200475116 2.06826381434721806585 1.16020541179056113634
0.71470175888838305411 -2.22127125456749263677 3.61985438215101051895
3.05475486563929354844 0.84282193502965796483 -2.83443852965805564992
-1.73228300355949960121 -1.33595000379233308507 3.89956175158126239211
-0.56550786258323570976 -3.04175415776633784048 -4.26976772569562879056
2.54192972368872194266 1.20697162711653316336 -4.44204514693631580258
-0.36669667829634100542 -0.18648121346800294873 2.15364053051307902109
2.83459324623049635505 4.27880158981458347256 -3.78133344591266684631
3.37388306057516373926 -0.44269695419751009524 -3.89052797862858357192
0.80516291659856076279 -3.20543584336995390771 3.76611904782593942542
-1.52011169504839793731 -2.83611028807970777521 2.28773398930932803097
-3.40260621041952404653 -4.47057392160380739909 2.48940724035894600519
3.92262883987947308384 3.33946858488168896173 4.28891175296346194301
-2.83132778238081828093 1.82299341210842946737 -0.63795889058703814101
-4.33193710265526554792 -3.49774249911926560230 2.74157917958982277895
2.81044199727099108799 -4.08690222752978282728 4.46018598610213512501
-1.49983207292089204543 -0.01088172362480133160 3.89740623030695143569
0.50130145335301712350 -1.03785129056711555862 1.96930275581093638948
-3.52999683347723580695 1.08018813249025935619 -0.37404709844789785222
-2.92539942918292616980 0.45414278241078420706 0.10664097331908983790
0.34105963347366063942 1.41491761890544953673 -4.16085610953565154801
-2.97082287370826669815 2.86884066420433203604 -4.17016917095363837120
1.74387088746517004978 -3.85638019038097867863 1.72645177434796082139
-3.21077614437219782673 0.60877599597709064483 1.17556988626557679112
-2.34273710677531221691 -4.25864868996730105977 -0.63477283757940305975
0.39923619152660361209 3.44033956006271157690 -2.70765653671286665727
0.80872700228007143863 3.50991714994102732561 0.68640981872163031596
2.47618753809294300794 1.79419355198588359457 -2.20676995059660718823
-3.92082077144655904988 -0.11902516887122693845 -3.98060575347509315591
0.25303779475953813716 -0.98110884862097558212 4.05244530861768037511
-3.68112428846712891328 -3.74569401541238100606 -1.96201990390621450189
2.69177556899680237024 0.45449682727634321822 2.99120920287296510054
1.20161279928239839165 -2.54075079956020832839 -4.27231463640536279769
-4.23088639736008786940 1.01209905583345172175 3.03303524788667910883
0.77291625748905978810 -2.01086834879725495639 0.38472552346160782122
2.67040420465157435359 -3.25661455406283639746 1.53136886744115408021
3.27386109091512533809 2.69003086180094097557 -2.22108227755321419039
2.03277168143235176245 2.83032983503834945083 -3.41233812561661675744
-3.46327873800395957815 3.71366047430143009223 3.96552154351676922062
0.93465149949145587271 -1.15829107865909763930 -2.06393653126456166902
2.51354575662310519846 -3.07663658398656414406 -0.01335279609716888416
1.24847490150573303680 0.07399466837095403093 -3.52640906965125067174
2.20407966377608399711 -3.38804108163752148997 3.58271373439671503291
2.09171632240688154525 -4.11903546791838248708 -3.46267934107013530820
3.64849293611165403917 2.66307170439099305526 1.61823120231181238893
-4.47002200546483496879 -1.10539708668488945165 -0.86999853732035203890
1.38560513649105399026 -0.72989876266033304475 3.50916484086052360425
3.85432341309203518875 4.43228084122280474588 3.90854327666861234292
-1.83636277487946086850 -3.52658174933891910285 3.20426471242444410592
0.49275503776948603729 -3.99309912508376685381 1.14205411537901024843
2.11180968446736105903 -2.19715605505759326022 1.77388461108438288960
-2.98574874463028638871 2.69198723854020993684 1.21059979434664199971
-3.30727325428342444624 1.10131672781292166974 -3.01976428512232919488
4.20387156109759008160 1.70506524830958294814 -2.35788234789824224791
3.94668922391490450963 -2.05398686386016082750 -4.45210818129662833087
-0.49075550825666347521 2.61111030171156865975 0.00772571412981015726
-0.77793631598145962514 -0.75352945776204549588 4.26735752298751069844
-0.73781228959106659460 -1.29708270691942839647 2.24227289655609673957
2.68259259395805660375 -3.84573446021568265962 -0.92386848649840080938
2.90309835983034592033 -2.07060220485527946011 -3.48992793151780844596
0.08856334276130883865 -1.73486502144683196747 1.12322702248780093015
3.80646368860405370782 -1.78657318607513015962 -2.93440741739037491698
3.72641347980877402080 -2.78795428964129365923 1.13525888670103558553
-4.47850681590892296668 2.45711509686537699082 3.46981835129675442175
1.87857388612922893145 0.32176108941888781345 1.95758215789391432082
2.60248987887450233814 2.65724409799196603643 -4.38721885153873358831
4.47526376478501841660 -2.58377196366705419450 -2.85396088040958373355
-4.52360816864384229774 4.20599270093764143752 3.21289157520762191922
-1.90205125305243827327 4.09790044854181001455 1.98750260713300708204
4.03494113429736156462 -1.99698503423661888334 -1.84567607008332457141
-0.84221554438488777095 -1.16437570930648837120 3.37566271560082675762
-1.71039839276745198049 2.24188817229935377640 -0.93166814322426594330
-3.34508648293029198229 0.21361969311453510301 -1.66744497112986245213
4.33241152699993303798 -3.28962937665028132272 -0.47443862372611267375
0.34923225304417826464 -4.24342241928506780368 2.18195412229840268736
-0.75133368756334117933 3.12099352026859921949 -3.84084209113073615782
-4.36074965592537822090 4.52215633701107488918 0.63895587469832371141
-2.56523522874147547057 -0.61332292835051038793 3.44353997361382102582
2.51255694019832809261 -0.41569892587900092451 -1.66361563254929833988
-2.80611633002732130393 3.44941718274617059592 -3.20995829226352924479
1.37859790256623693239 -4.20439092119594803876 -2.42381339529070372052
-2.09771973719379811740 -1.27703929743297850408 -1.62785548380400335589
3.38581911518559142138 -2.69294685421218060739 3.04498594888688067783
-3.36100675174746621465 2.92429919896428014425 -1.37639595993196861556
2.93439385269560748526 -0.60026675550771724232 -2.92408278019533485192
-0.49046688851428399403 -1.17748773297450215480 -3.68964149195898549749
-2.20714259148602165439 -1.08282330599148002293 0.52728558413427073503
-3.15236267059025099257 -4.13425944378449639061 4.31146314935611041363
3.33029182003691115455 0.58744994686785378946 -1.22095224553918590971
0.83986959452496545708 2.17404354658894582997 0.97080666860179398725
-0.67324515442061638737 0.97244769852675450039 4.07425331549033931111
0.76511816300891588583 1.65643314770895688781 -1.39299556870284169108
4.51453601078080613007 0.95121091005961488918 0.76425381037360828884
-0.36058065848289100330 4.46416208715678930474 1.03415446181144154991
-1.63086283224240879974 3.69569973935511075780 0.86549402521836515945
0.43959923139155243632 1.69998553616951220135 -2.41947387117112144850
-4.31611702407525044123 4.47964768254676659609 -1.93331486071606306609
4.20603617665284712501 0.49091373202249855012 -3.48778480473519181260
1.92812423650545561316 4.25913227925877801994 -0.40918972425678035165
2.56211646928196845607 -4.06197355754885691681 0.83951841793382531165
-3.74692142918422232967 2.31179429996945806636 4.43882560793278013733
1.74521620618634276667 2.74861955945034797111 -0.18910675541336985361
0.34326325313330308120 0.91242742143541288868 2.58487518128888194013
2.71191814002845532627 -4.50589342670853021389 2.08785826104303318118
-1.34613194832446048110 -3.65303422450982573366 4.34112950664171659554
0.09085443505301160627 1.68002402714674214934 -0.24714440607613674672
-1.57281220484639927548 -3.10725648298749979048 1.31592171357204446025
0.87908616682000673137 -0.49310618062879019163 -4.33787127550295537048
-1.41314812793759481124 -2.43284164724470075569 3.94676604451530277373
4.28195864519372104695 0.73650114143086575780 -1.63246766862474990134
-0.01133848254956948409 2.39658330299424182641 1.79022091016748952086
-2.70780810167935737098 -2.26112334938991121902 3.13103806072672696814
3.97615672216399662631 -0.88630927679482729431 4.25815498613202603195
3.81827011148494488424 2.37627684237528491451 2.58424123717119602617
-4.21072403361024250046 -1.60812853202299921307 -2.34806346571527324585
0.96511178452610124623 -2.34228724170138269400 -2.76628305881584823922
-4.13403528347217097405 -0.24097981095928489026 2.80449400011613025896
3.04877688778349131837 3.35870614217670304669 2.56014914987696595716
1.63195212609469919585 -1.78438821587081175579 -2.12714824493364851321
3.43302074100618792585 -1.25960859312910589125 2.58122411064769963218
-3.75533334812354402388 -3.50417603443196412627 -0.92699932187829325869
3.66464140199813304122 -4.46274011813921678282 -3.29168100950374009628
-0.60637272328280156231 -2.58736813750365035602 1.96935684635395258368
2.74245772869798454252 3.46909655744496259189 -1.11471709756803250002
-4.00875451076137068185 -2.63323501165445383876 4.15356914542924737788
1.87684345514219153017 4.51750541890308365822 -1.51108237739711759318
1.12382619837288100229 2.13082672723645849544 -3.58216783913106473491
3.16344031383339174823 2.48890279226822119796 -0.69547232999260089059
-1.54511277486198483899 4.35685103737768653076 -4.20550849102800405888
-4.43389730751604460579 2.89447735835377084612 2.13586906297234335739
-0.38431146454340492369 2.20128563853476322265 -4.18504718835388889175
-2.64018749541156916294 -1.97026179329751727209 -3.41763838445129586319
2.29172485379045642873 4.44037346125477139225 3.69695620843688654844
-4.36815179775834749876 -0.64396176101953805926 1.43709490984505450228
2.32060645969939738364 -0.09133601147631154049 -3.81981473122348935689
0.63721684133261202732 -0.70960161882616068496 0.94165548086798267491
3.86915947172248575470 0.05143458419999991094 0.54772662290897144999
-3.27908518036409413199 -4.08383864405517726937 -2.89948991236333064592
4.53656400711668172931 -0.59431685205655959692 -1.82856174323378883884
-4.08489830555932798006 -2.25950310532589959678 0.39929645412571090901
-1.79596738864976002148 3.13023381689960800145 2.27104637739012193975
3.49300275130296800086 -3.66345187955641282684 -0.05817975473065128966
-0.64408104149932965399 -1.19090726780685063346 -0.84835342162580973380
-1.60880297139224115455 -1.93799603969997935593 3.06700979501244308523
-3.10299870124329890686 -0.67700117314527652468 -0.62856741669286009255
0.98129273879243061884 0.95917944791093834311 -3.05213723300837314056
-3.16940108924502839116 0.95795925335200937667 2.71445784432056047564
-0.17571386455870641186 0.10512679384921863601 0.75820112924412885747
1.56642061826184342266 0.34993138922613820085 4.52424336715785724294
-0.59938545354852745817 -4.03745894588512843626 -3.96748332649267831940
-3.92613451513125211179 3.95915291524086665476 1.41324908030727147690
-3.95408772080822146222 -2.42107984736836678863 1.63778765436680195933
-1.83026819927212969219 3.65826315370543664329 -3.49894192501680345586
-2.71775910512589957690 0.07704947590882582631 2.61763779966884246875
4.08264227186917860735 3.25078644350179413181 -3.68144129327665625695
-4.41960332524632448781 1.63535462289136557246 0.01036839983819604072
-1.82276331205979813532 -1.06809950972409506420 -3.05604822171038703615
1.97985327649925491045 0.88739085268528583583 3.78751067432744736863
-0.85106957379382608408 2.70569527888455674258 4.16665594335048350416
0.44763945884645828244 -3.22725565992271734572 2.33688177538904096053
-2.86523780060081723065 3.22632270821048106058 0.33860338731115913191
-0.25263595308411890272 3.52974014467097685355 -1.77111285673985907607
1.78433821582541707329 -1.59008401068469273909 3.77210315449074240490
3.13734816724308185343 -4.52418598111235414905 3.04763372990657011030
-1.41145693302784458467 1.68274298385407039547 -3.31324915838638434096
-1.71821326025303822149 -3.21970543956576449318 -2.03271859892960460314
-4.40012012703552368720 -1.26734976378318542345 2.31800763206386317705
-1.78876810204478964295 2.25653960916535289982 -2.41881890852650460744
-0.62879141899242707581 3.94521559695062418172 -2.90947213401716187064
-0.47394621000524495003 1.79886152383835185020 2.60261520965971282493
-0.72393408125510338991 0.53724165484428354489 3.09585832625876911095
-2.25515270658030519968 0.02155318954569374057 -0.40592356336244428405
-1.39933093289193788422 0.24168607078911819031 2.31665346386100967635
2.99504147608198678654 1.87368747901595700256 2.12162575866445557438
2.54791936386871498144 2.16977255493711940204 0.40811681900424723324
1.95853254256693443125 -1.70922340283144080786 -3.96637369737866762875
-3.39066846036435931566 -3.55197798979606993441 3.55070539087907288689
0.11871598436163921519 3.35853000499321741046 2.37355400470340249797
1.14072174345456733846 0.24378547004656780928 0.53091578879867551422
4.04247832480143554079 -0.25690850940497966803 -0.93070528955310116714
0.98540733596440244213 1.84086308634708917253 2.32288388111410615267
-1.00911517717434850994 1.24266280186378264005 1.84475684264131256640
3.02590309767205223324 -2.17290048687559922413 -1.31000430512813270667
1.87439372131948811528 2.97798479971522755960 -1.90830987945418684149
-1.30137479184401305687 4.30574051823727987909 0.08074039953114287016
0.64948010531403532752 1.21592635094882695057 0.62796452636696731275
-0.57446940390578138391 -3.15162789024958023276 -1.00534319000778138431
-3.84515235110349085090 2.25358350482517355573 -0.67620655871044910157
3.19856517174112386925 -3.17611677906522382742 -1.75472443731117344612
1.23351431548472501021 -2.00141679959148000023 2.63701785759803541964
2.14070210426240681301 1.33806646324671785209 2.65027165490005511828
2.23229700419415078017 1.84659015733837428286 -3.51133595216522920168
-4.17106751347412441078 -1.47957817358604337699 3.60458298138625199414
-4.01573969264930408229 0.04518405891168164601 0.53613341668232106230
-3.78938455382687422457 -3.47354052095855259097 1.75897638235122943939


