9
1.81519947976723372562 -0.82172323238983668858 4.08164636962436144785
-1.39090675038008182440 1.29736398962700771875 -2.52132073754257524101
4.02968384210932750733 -1.19353926107478525154 0.64993391035967196245
-0.34695540121815060530 -0.60658137513430077092 2.22327706082129594733
3.94132349211102006592 -3.66937369664336809905 2.93504332275177581835
2.97647523096442867541 -2.76228836507698316538 2.44882851263291900779
3.78282101211845134259 -2.91367063169005824363 3.99402543361956308132
-0.20687893936317358623 -3.29690074773915897666 2.69587627436213050913
1.04688898052289669494 0.04864817633352647164 3.28318117623031469066


