344
1.88812361614146162481 -3.28898100647316571354 3.09324006694783282256
3.21917904849614888718 2.55746003924288611842 1.69530711777099796223
-2.51516697167134140045 3.62321964031999232958 -1.88340239044015955727
-2.46721138439281517662 0.24372225568299565879 -2.23465530937704404124
-2.69635566567979267916 2.64212035498754804763 4.28175809129756945737
3.99553949069014269213 1.65775781214797657270 1.73944242510629454301
1.92445217131901635810 1.10201842964940954772 -0.28632750067154333351
0.76868799967508483206 2.93483082701613362531 -2.00810997026170179325
-1.93245477894137929198 -3.47813439318782613441 1.58957381623864701936
1.07869931824317877300 -4.38885753862289718086 -0.91317065040317890734
0.54159719958645258231 -4.42475854742293517319 -4.34978263250406627094
-2.40074685324803027697 -0.89482761157576895528 -2.52127595931289150144
-4.10884346318249527030 1.79833434326071017750 1.64231864871289179320
-2.87529185105064932770 -3.05187853611652704089 2.49259238542704331110
0.67345763754952603364 2.22300474035832085207 1.71364676751136002508
-2.83599968358193699203 4.18401115550195346060 1.96038664853018307355
-1.92539928851557995415 -1.77872259011370381643 0.76778805092807722588
-1.14401245670231865859 1.49263223005850420577 -3.47062467591887102714
2.34317355175888231145 1.23138943134197997864 4.23788696507353090936
3.59892315758834424599 -1.83451745765270590738 -1.68256848728945040961
-1.21230176044591297924 -3.52715486249545007169 2.83081276321014296826
-1.28629192618386989366 3.65034919600852258981 0.30908447553255768980
1.90591124891764707172 2.17233518445671425212 1.50405485608500200101
-3.85495215156147441604 1.43691423157687392376 -0.31115142137441331727
2.85260480112003111941 -2.40893001001059792188 3.92138614596233292531
1.29325810509908567525 -1.28973557080760681259 4.15696341862481499874
-0.45345142429400997486 3.34706957008500349815 -1.87746539232187581447
-1.38133029252777195239 -4.50576570831111578030 3.56402386416264160829
-3.99115299106900245363 1.12767477627086432079 0.70493854490163965210
0.63037406795144512728 2.98476307220727576919 3.75101488445827779827
-1.61020874146420567286 0.39857314310939706559 2.31770073862450498581
-1.01369408909198632784 -2.67220481506064810873 -3.65353654254349180519
0.07631643042317914905 -4.39100851620076504389 2.52117121322466442024
2.58549735230553245913 -3.11788826123014883862 -1.34786904529005324704
0.58102238814082429741 0.01937609479479363017 -0.04683329366663535609
0.81834486818819485165 -1.05294761161611649669 2.24532573566808490995
-1.87479661716598577925 -0.36288377558128370737 -1.63865030513041531890
-0.50402305503815814092 -2.68495370764311225287 1.25856618264950181896
1.56792336250878427961 1.20292811508458719061 3.37465843224672301659
-2.25497076752967462454 3.67103579955451042593 4.09989373556137248755
-1.58531130779771700645 2.77941044030121187092 3.75518007604344372652
-2.95803643049775644158 -1.92414716272153984988 0.51293062069832906502
0.18228659350653853011 -0.43271779456643155726 -1.75590800425545223717
-1.27971511700310980331 4.26725734498284747787 1.51109404369263433665
-4.06949037029078475314 3.61885270358545252378 1.71746111355604558213
2.22180904451367844388 4.49395193122997493873 0.21884883811932276387
4.02985724591678629025 1.60862007216389368836 0.54181802971345227604
4.38934672905576928059 -2.01733637070709770356 -2.67283796456176858669
-0.68177006438982701297 2.52453253627588392050 -3.44274351395358024774
3.01212511849419417587 2.27000500805971583418 -0.01544613262725835767
-0.90028342275776918058 -3.53953988893718118902 -1.70931213165942974541
-1.62263383775494229866 4.30205240409895051101 -2.06958081967342799601
-1.50497861851045389159 -1.88031525494931051057 -4.22132024770472469299
-3.44392211414916671330 3.91339195759410873876 -3.30197513140523568609
-0.43971567541060618822 3.72801582490447902529 4.05588751955797999216
2.90323378322075598135 2.92840037519652174325 3.52170211643138042490
-1.31788590737877076009 0.71820100074926340739 3.64853299800134944775
4.05936132107767644328 -1.06051557163446519283 -2.37742418688590850806
-4.42497227913124202558 -0.90074556926929449929 2.31661735468088547663
3.31591330368551329144 -2.45667179696823856361 -0.62938654208146660451
2.68378030831375102849 1.33817775286586115868 -3.80982668423493597842
0.84533469895397050919 1.03027206855028463650 1.36252720008122274464
-0.88161967704248578315 -3.89575277709061174036 1.00982497609391774773
4.07098343412232477334 0.59852727848363773688 0.42031116350582209407
-1.57110979579028731123 -4.09530166344569046544 -3.11557404883603572543
-4.37972580957214496777 1.09643724196958558537 2.40385776171363207965
0.25671807889140385583 0.22075635715993779939 3.82750951326303923139
1.20965237626522270631 -0.25660223163391115975 4.23452018818898334729
-0.27409009231773318049 -3.45922592682700003053 -2.96455448809930643961
0.90940505167955798527 3.50710647275238773801 2.75515337760745726570
1.39163964541328599722 1.76882677496319917765 -4.22965286049093336374
-2.26307306004827246682 -3.41769487510390046481 -0.98791061874623853356
-3.58328436579937648077 2.48594154392148514177 0.95026911320573415054
-4.12833586295332288785 3.17959282779585450385 -2.32293945558505843252
-3.46390390162249772743 -1.43121547320074782306 1.63192764282040858603
-0.71393686395870670225 0.21356088002348361243 2.83594462416762116419
0.41395048245857601898 -2.36528234051617536338 -0.51590432437616584593
-2.10198650377466655925 0.88506645551950580142 -0.15260106539510331913
2.78319326855885140759 1.64804363720368662882 1.95021672674432799965
1.73807623576373604379 -1.59618365253298311046 -0.53266370342414592898
3.63275707484033016925 -0.29592381855960159243 4.18387763478652896509
3.05418953874101273271 -0.50086155878418558984 -1.39715556149776443107
1.07189001058088528850 -0.94980044600333091154 -0.23729606376041267879
-1.45232465660581544498 -1.01803951011956783645 3.72316261107537638253
-3.36558882004594916992 4.07135982830223941420 -2.32347425066186996645
-1.60500718970542921582 -3.08232902114202600430 0.59909992751747420670
-3.00435290909156638151 -4.02736452429939006947 1.32434116769912435529
-4.23830730601653282719 4.37978972271117239501 -0.32364965247273946858
2.98268784426967492607 2.33734801334499309178 -3.18529069728725744426
3.54508228880076448064 1.06690768552115233803 -2.94314046745948276751
-2.88285376561093587000 -3.78857009468013927744 3.69387125544304151248
4.48974629793340707096 2.21772896055940105242 -4.05404454453887552745
3.17734344971912552325 0.60880791374148035544 0.99376822441613832382
3.48240040050558530282 -2.73519312299227967955 0.58858604730463959243
-4.43564615576487497606 0.01543047213599102463 -1.67541917361257297614
3.98928554295236548199 1.22050306915265505125 3.23883467318913975674
3.93526373142502361446 -1.83570612265010435493 4.28748058710678403571
3.16076108097568830857 1.83436746733464151049 0.94031531314079153105
-0.20255116458004174262 4.40198761137690564027 1.43012224782714980620
-1.40399151700180269131 2.65944419847844581994 -0.21232769914906768349
4.03905090418337220370 -3.31580002822227104531 1.66213806370375305477
2.58773158955706517048 -3.16138642313332951517 1.01875566127211847345
-2.21350014165751263207 2.42811816123467671957 -2.06098700385965249993
4.44239148045388976271 -0.97530135785246940827 -1.30049089561186548281
-1.84250674411647619166 2.09022581354042724655 -1.11512789898717601389
-1.00227461945492724027 -2.12021275133817788117 -2.26003180071131426487
-1.97998926282885179262 -0.06708675047813539294 -3.07595695744160790852
2.58231229865224776177 -2.58115369772430414130 2.19680574322394406295
-2.25573812138035556529 4.35423694743404521290 -1.03426732513957109205
1.92594807929090361398 -1.79697501275801174714 1.22334596961355579481
-3.89144817714460522495 -3.82177111055975204934 2.13857866627870674137
4.23248162461062715778 3.65871170907776299686 0.96462269764306451947
1.67848636881093593587 2.26642293586788223791 -3.04342433164137471380
0.14799750167022107661 -3.09071225476685818023 0.51892894334321049143
3.22695676286794874699 1.02586438896749942984 -0.04222670168583153583
-3.91937675186708212038 -0.94558595054377647671 -4.48037312954712785285
-3.52058042013397143322 -4.51706636897843871736 2.76754307016721678991
0.13041391600187779432 -0.21981752263155840410 2.26152040553300004433
1.97737856658384192343 -1.19571501290400927786 0.42292354953317268240
-2.47406716223355127582 -4.02908230970198566467 -0.15339462314626484130
4.16834943976367977569 4.44043745122757105293 4.46700425634262021646
-2.04189534512919923515 3.39010281473467767199 -2.89632072892958358779
-2.29246002789164071700 -2.53489601507206741005 -2.49119072758242188215
-3.10797996752646499274 -4.00739822609035556411 -1.44756388740523211922
3.31518761463028699410 3.06695470034498551826 2.55534721100752815204
-1.21815499050292164185 0.81534563985519437068 0.61438578984454128573
1.07243491189899398108 -2.86427241315198122251 4.26801354450958658759
3.33219158761761580223 1.76820500634407462570 2.74770772331781554243
0.73352663097860038022 -1.78641026328277696678 -2.20687925810352369993
-4.06304219502907582040 -4.40609696409035844766 -2.98075039289071908044
4.09752518009202670868 -0.08061214470359434614 -2.62285636534954091914
-1.55516612754373362293 2.67542004904145880317 -4.26486973238357336413
4.20162726241102912894 3.38517956488418736427 -4.03737681935191261573
-4.20389663653117651165 -2.36853663097469091525 0.80465485975017969622
-0.72837651255446278498 1.80218690257514690956 -4.35340385695531928434
-1.89938542058293613479 1.05017602213990635107 -2.87446056985343290080
-2.92871485982032320194 -1.77356253677770414612 -2.63357655957593239648
-0.26343607920103284670 0.79122611171471746161 -2.09337854933103084676
1.39635139049717960091 -0.43569801755789860920 -1.50661123709193223164
-1.82487184748319997141 -0.73834054961780726245 0.48070356662011093363
-3.93255848018974774050 -2.05142460132043291665 4.22510473424786692220
1.55618029071302199640 -3.08420098306252432607 -0.25785948008959813649
0.35969433964026542583 3.74208576568729878176 -2.33003978582390391949
-3.65505449270793203453 3.46402237379615396407 3.02441981951125526962
1.08996081153914126105 -0.09897615200226717036 1.69253159570280775625
-0.68803123019992540321 1.82043242101860602844 1.11980962404794137655
-2.86212962952759086832 0.43334660072525643670 0.50588215673910053027
-1.28869404374242524369 1.34200987739462807014 2.65931290119154706275
-2.85693570381511197098 4.17618270761860532758 3.39809275697367763058
-2.29050352264860723750 -2.57743242678127115752 1.55566079968670134548
-1.37355940775626139683 -1.57078505089967013220 -1.38229597812102245058
0.62994641853104837992 0.73339500752951014562 -1.21802869709287442390
-1.15775495761175850618 -0.14427691232210992922 1.34541683825763147553
-0.53854416055473119940 2.92143732704766811992 0.82051030342991460031
0.20009398576643189216 0.16180683378540372530 -3.44210825368353479092
-3.12179339537494993095 -0.28721348058695728156 3.74008656024891816827
-4.23699097689487658158 1.26256227611366966812 -3.36563959796056177964
-4.03994671969540863898 -0.91156360774262301661 -3.39260722321560148629
-0.84804657031929675526 -1.03060635878795459064 0.66911820591728421448
-2.54318347849701265062 -1.95668621131249409473 2.67563723193161351332
3.56455181713304281033 -3.00270568643807989062 2.94740710517285275927
-1.57815138014300559988 3.24112849822025506086 2.02946838751769842446
-3.27217010144546049943 1.74032102599780369445 3.97582620371943473714
-0.52652849098603482503 -0.14895214686541713434 0.47652735709709759249
-0.01163467772422954738 0.96761351795479466631 -0.03920959801972667691
-2.51764748922715764223 4.42982807367948172583 -2.78568045422310861525
-1.47965100239403124505 2.58313385749034019057 0.93014870957603967838
2.04860502966666935265 3.08666409323598944781 3.00395150192795856725
1.91428813928854246740 1.32347722780159759992 0.72616805438130427319
1.96847807204240421441 -0.45039900099439478254 -0.63138300919609857687
0.17473103332950490341 -3.28705012603099300250 -1.54270534007301840518
-1.66728801367624690499 1.78251000073318000005 1.68902609843239126519
-4.17223462950506984726 -2.17085049873189905867 -3.53548375773334377925
-3.47123573883588854017 4.50708227460713839463 0.50462290214227856211
4.14196668126986278224 -4.50351011922062216541 0.56077630171974579554
-2.49814995977308784703 0.55895740096628721005 -1.10459522922989172855
-2.88904249331190232652 -0.13424853482507170810 -0.32869333733152661381
-1.13796973416124025391 3.57684636925037491295 -3.74579577164947519208
-4.28528344718160969506 2.82817860075057314617 4.19958529735115160264
-3.46648532267954134767 1.44965600705043495822 -2.08255159917154397675
2.18214056841138948073 -1.29084001126454062103 -4.25863489088172020303
-0.53289599352918237685 1.98731198588749347067 -0.99187707056605756151
0.56231490162796138321 -0.85121720602940831313 -3.37049830343491230167
-1.28487394924655173867 -2.92613376746512443560 4.37226672539361782555
-1.59591402174672492009 -2.43422811928542870419 2.75551377413507925240
0.92396541692776690269 3.24863402221469055320 -0.77529500813836094153
1.70741447471460716656 -3.69194414091804246070 1.62301760638535430559
-0.23516728505342321398 0.70270651474349499210 1.10252787151330888804
0.14207265318515194252 -3.43563441646206690905 -3.92491364550299470793
1.93831777928193549343 2.83582877112865450187 -1.80223020562888169849
0.16958192351347545213 -2.67090812477842920458 3.09087356477390873266
-1.90019090932763390356 -3.32192838371848075951 3.61177389151579664173
-3.25631424586767836971 2.63693795279704534806 3.29124524913600335907
-3.02872695959431581514 -0.43912880393418607383 1.13724669691645718927
2.60885517974473835068 1.70307541324577638164 -1.21779324565102164968
-0.79870256862931388042 2.43836028507258006925 2.01876486920173814354
-4.07596901982116577301 0.01498941811393805779 -0.24877323298271480922
0.51670161286246951704 3.30383509341981795870 0.55498757902160189559
-3.58127022513456561015 0.67448273388892321378 -1.51699354439825562224
-2.12198364460125121767 -3.25025661816268574000 -3.22620796409063448351
-0.38200360251365506059 2.28260997056163805752 0.08130459238684917267
-2.93404689346506364345 1.62715217542967849340 -1.22335497069251175617
-3.24663752327579357981 0.83716724592566738039 1.45839511005172806080
-1.56209736965908518869 3.24080602043501553311 -1.76098706715848241089
-2.48798979702109690493 -0.60833056283607245263 2.57557018838462159493
-3.41105299750706381090 2.78207181629916622256 -0.66305668598241229716
3.67167987202849399608 0.81350484465313854798 2.35317339744427922454
3.71699857054853932681 -0.72998441863927032713 2.98814572777611076049
3.54094369307104717137 -3.62585953251947978870 -1.60653656257229293658
-3.24927137873390359246 -2.84845919716571716052 0.25903785018632952131
-0.41779787294959902511 3.38397158391477059780 1.86279749256276527802
4.16065057933913973187 -0.20294078254317771126 -0.60344872189035214660
0.04493154353079642505 4.00400948310727056167 -3.72417330876223839908
-2.46104487713672037685 3.56990500388814435695 -3.89121752388813124668
-2.21353332953824777363 -2.03776932942642652336 -3.45667774277236983238
3.38049419405433493324 -0.86460277552841269255 -3.97494440872550747201
3.70399555145646264265 -0.13812045506134307260 2.05838879035902166947
-3.54012185460265005332 -2.92222707443768037194 -2.57537116681958755393
-3.36270021997364487731 2.30957186612488563071 -3.68149548064993403784
-3.23420621046675327293 -3.76218343944884470176 -3.66065982998483008259
-2.74305598855176757667 -2.70760986617803789400 -1.58478339785357569269
4.38313366641823609626 -1.63490491444256669240 3.18771525190461613164
0.29065336352371495821 1.45569727671953419446 -3.79848994794667849106
-0.73657411184304200091 -2.09109598784748040856 0.36299334125324467237
-2.62518526949607933219 0.62334750115616976984 4.05800569586381687515
0.47811366493156981505 -1.54926111515623032844 3.42432634446596839695
-0.16010944747815525346 2.67466078607749846441 4.45255087564067419947
3.35542677019181390108 0.40387476090395058037 3.25710868400412056900
3.64315771202725802169 -0.67734860540236629944 1.18258801399387714071
-1.59558082947377499750 -2.62587323993074850392 -1.36777780167621987317
2.48583837754346781423 -4.00299761289916133933 2.60374926044526411317
-0.95481658940208902209 1.68147054869142653644 -2.07253503676519734711
4.33442177180773580147 -2.94811761858173104756 -0.87940507733519357458
-0.23526952765565667391 2.38686983919995832082 -2.04064363135316373388
-3.34582458723604814210 3.73093849325752824342 -0.27503764788518214601
2.37387740811189118517 0.43163231363901921611 3.64355617384510832579
-2.15881410685504526725 -2.24915663084681627382 -0.03947720376007257670
-3.01208695296578987666 -4.49782922860768152873 4.46995047558155444989
-3.88481544444814552719 -1.68258421025832616280 -0.03616967947426275032
4.06478251294054171439 -3.84986166439182309063 -2.89400778021086191316
-4.27119340311880879568 -4.16689716491975303825 3.91840288476872355972
-0.49201608747336056382 -2.48795600138708028481 -1.51665964516914675286
0.26959392010192750888 2.55593909004619845859 2.60414267925825537731
0.97099498267654205108 1.99852993098191245025 -0.04281606305321439265
3.24179339370884722626 0.53164403336658150323 -0.93393654912665269308
0.92795761191161219017 -4.29062230788155307692 1.84781975584144131375
1.22871932192817734375 0.64103791810582233524 0.48372073561707029654
2.17397486839922571278 -0.80585037217290311773 3.23943120024652131406
-0.88156072346597591505 1.93046575826820099309 3.53098512450777679561
4.19280529460393136532 2.28093507249180049712 -2.54247074355107294252
-4.18957149052043931192 -0.71227442959812758971 0.83760451764966603605
-2.45767623055772155283 1.87447556729031195033 3.03247786092742366293
1.80327459416007673809 2.15097380894312628641 -0.62244715632241209846
-2.61672439784259358575 3.17624132098236255928 2.43913093216277321318
-1.41056939250295965138 4.31641500215822926378 -4.39849464912127352534
1.69451167906885569181 -1.67580868155254147922 -1.56469008536993614555
1.66808422424031999043 -2.06699196495028392206 2.87493895860667070252
1.05517391514034919453 0.05487674550905730086 3.03884885304899388103
2.36476989547519345081 3.29363609824589786967 1.98238318090522103176
-2.35303290411733989629 4.26928496557310932502 0.37968612273762314402
4.31628549950304130078 2.67948882674093447065 2.04389465743600151626
2.27875680877801478630 0.21288438180436841662 0.28325235000439263899
2.78632242226444493127 4.46778558627846056339 3.33943196285729104744
-0.70106559388166544977 3.27967258685865292733 -2.81195976003060144066
4.19407802283352015849 2.12446275259401406998 -0.93902732161808710742
-0.12349957498334962480 -2.49310659506366150140 -4.33284379526424423545
-4.41863506973684483370 -2.26257680435781693973 2.18969951632284409726
-1.68273416035691214532 3.71007537131393139163 3.10524209714925003567
0.26411675046079174933 -0.75332460959264224698 4.13441053504012412390
4.14333005183947999939 -0.11391052312504346133 -3.71850335079820659701
-0.12714706992018953713 3.44103202886112580217 -0.78853764799212111569
-0.43879888189203253290 -3.73091966986971668163 -0.74319082998294838660
0.10704555112974301068 -4.47002237467857010955 -1.53991890967529165835
-2.03216976441422270128 -3.82539714462701585518 -2.02814456449340552169
-2.09631621026503101035 -1.06889577009095937399 1.67785814851810055615
1.05985952721282838951 -2.98768677235142199322 2.31395718034784803052
-2.81852241946305737130 0.78054300887089755889 -3.54371637255483040718
2.35460395401211375344 0.85278600831964812556 -2.56608171731791667725
-0.07411704784550465774 -1.34428722704915948327 -0.74174091237295014523
-0.70589280319899172511 2.96883497984835731387 3.12238439706300940912
2.73244017827630703010 0.42986144843525408987 1.90734496411339193855
-4.52172787922937313709 4.13689949297214010215 2.70931425933982872323
-1.92157811428606084547 -0.26129546562730254777 -0.63182064305953300476
2.80523255166839469155 3.85764863483046926973 0.96043319784642022796
4.48933169193129355534 0.39012755688181055547 1.42627348153041833001
1.87807676699314196611 3.93608313984451374523 -2.28286855057404425295
-4.07797843225203937578 -0.77177830852300921549 3.36950394329248048564
3.05476644198175417699 0.09202011797742137844 -2.47438463437786460020
-3.77502575734160883414 -2.41515089349627976034 -1.45325586122338101802
3.33603331905071609498 -1.34200174998830679129 2.18855870539297647781
0.30860274346370886178 4.51272301657754137949 0.26629684659374674993
-0.76358474205151027903 -1.93471496149165478329 2.05688425353815862451
1.20848846150033928382 0.63882193513784812922 -4.51272310032776946542
1.97799327825145976334 3.55784551452281316841 -0.91854236812849165972
3.81880814562834469683 2.69855684994965638879 3.89291008935862858920
-3.01792418644164239794 -1.49818744506219436730 -4.05312626796461650258
-1.61362238939884994338 -1.30834009124873729135 -0.27829193317944511676
-3.98161356790547404927 -3.38898038563313797056 1.12885890405034938766
1.34424636935110264346 3.87501837809864202455 0.11566664840996487840
-2.14372055330583499710 -0.73067897950427784792 -4.28901549167911344540
4.37584717850694904229 2.59748619654716517147 0.91290134280825796509
3.27902517988358521706 1.76147446618830461063 -2.18365651642198832505
-3.70850368713407840815 -0.84044843433024629675 -1.76605466233070229620
1.95858443933060488718 0.54297628274755993516 -1.22481637826306055672
1.21123611491147720187 -3.80547442839281258031 0.50861477650248509974
-0.20076450202437712278 -3.71136661484579200021 3.61983989330026734166
-2.89717144325945641370 3.49495261541280566320 1.04685451334884849217
-3.21514180653163528234 -0.08418383522784189665 -3.94895616420755013465
-1.96093473259254169605 1.63964611838241136610 -4.17304566062366166790
2.80885271232317546009 -1.16083026332898819888 -0.71975499661732733614
1.67951401852592763220 2.66084516657608904922 0.33446723781592435643
3.72490211681522342957 -1.14307714542138150193 -0.24619060459646568972
-0.55876901747151519473 -4.12575605579668636125 -4.09782127162353404515
-0.93117696869057819953 -2.23030778830634046628 -0.50707035107734821366
-4.12538357605887018309 -3.68261383691233756821 -1.81278141833847072917
0.46041696777099527793 -1.26942332258135115453 0.60424638995934909502
1.85881083966358584547 3.44597764469010403587 4.13001043910831011630
2.23327332568119807377 2.41495674935939508288 4.25627632378942966085
0.34131514718083799664 2.60173472028982821769 -3.08957643056872388598
1.46692361773047696971 4.37065100539873707675 1.14951779958853261832
-0.35370513250904966895 -0.37863273239109584978 -0.72114678606755333590
0.86352715812826996711 -4.09515854804180357007 -2.25425647297722475670
-1.11816384604339491560 1.41799216227490543218 -0.19144905605815143446
-0.69954513951811314598 -0.62574216369783108860 -3.51334313613256998821
3.20534103093631195236 -4.03724088165446737264 0.71963548543816102665
2.77521699643165575822 -1.52708653810009353791 -2.51122517688381963197
-2.05092774947529710161 -4.11446497852320280941 2.66922083545753707767
-0.58655712001581017390 -4.43061832353183060462 -2.42462984406967274609
4.18960991120257286724 3.12969314646491980625 3.09601507299300404696
2.42457616772704032115 -0.22765975618652589674 4.42158558109639354683
-1.02841896002834021218 4.32703713892910091232 2.53971904894176159218
-2.65860909075098472698 0.41971611874639336293 2.94108244129635210129
-0.90487488402321014647 4.13527972782404429353 -1.25118695912498134604
1.49057856204388716748 1.28374668248120382685 -3.30319499791779680464
-0.99290760499421626406 0.59086724171738591593 -1.10678599878647832000
-2.14403700068170532944 3.40962559027376155285 -0.56263919204961387877
-3.71874640567651315592 0.47345856029407951127 -2.77449294802672286053
1.97963628877380326543 -2.50687878890633530915 -2.12809474371048956698
-0.20372447044699981689 -1.20872235158668628330 1.60544892495476254624
-1.13837301585159611506 -0.81803668106695148765 2.11853548489948018130
-4.14464412458790043559 2.32371440606007428897 2.78852183932208586015
-2.03032256336274441466 -3.90625473183450200310 -4.35506315164962831687
4.30918378883629404896 0.21507896849666430228 3.06788961006953275756
-1.30811283497781749574 -3.04214211486120289507 -2.71591035792661505965


