140
-0.17969805212415845830 -2.06420727851923757612 0.58886249567343007527
4.46581381533548604779 -3.14125062848820491013 -4.44826075825438227440
-0.60850061127004551054 3.76150133943937259318 2.55892810070123299937
-3.41405438551284179383 -4.10281529812823464454 -1.34861546689072397953
-1.34111324419346988890 2.39948820115648775442 -2.65952143325026924003
-2.79290491891063119567 -0.75017073632284159146 -2.99408590245150652009
4.00403731821822095327 -3.96275818935846846358 2.89520685473582428671
2.15988030721253299049 -2.99945308598739313055 -1.23915433431966892641
0.14276523997486645357 -3.02254620064381906985 -1.58560699297726159784
1.17039947213071915399 1.71910640493149902142 3.05163824068956834878
1.24428248642744510022 2.61395498079220001131 -2.66255227696074703303
-2.60268226910553801545 2.01430062491041717010 -2.64742647745580850227
-0.96953860534104574498 -2.94423008355567272787 -4.15072751262431438590
-4.41903161442706160500 0.04099786978800601389 -1.66030920461902820051
3.84976722443723939904 -3.51846639614539391516 -0.46853299588759433902
1.47045231484829841406 -1.26035000488358583937 0.87039566095011089430
4.42093177272166482084 -1.33943108012093148318 -4.28680130798045233576
4.06097089960288126775 -4.44983922728906566846 -3.68863005025040902041
2.55399455144294584841 -1.39352556427844476161 0.56985882875043181173
-2.48813893080371784094 1.25106565593661489544 4.42723519969543044539
-0.62997068306834869134 1.73623733518872125359 -4.22413552784077328539
-0.37765028056278815427 -0.01356801281745489973 4.15772632458350965834
-2.68589976951488029755 -3.23559686403796042953 -0.02370793837747875443
4.17644247651065381177 1.57381628002111995102 -3.63215963626449944712
2.07793262087080687905 0.44727414057968672978 -0.87453706737562608708
2.77121765385699969642 -1.73433951740152147991 -0.47954121661217374850
0.59621813307196980247 0.00004205448849781135 1.87684401463365357898
-0.29069320573843260291 3.93967085607635514322 -4.38304096137383680798
2.34794277036695042682 0.55745951933394888300 -4.11884460369881555408
-4.17543017197187715794 -2.01429917013379622404 -3.05938751577820999827
3.47899524195193254883 0.99694434218146987803 1.80238023697583749083
3.17356666418902744198 1.01306535952402310130 -2.05125532317674030836
0.59973780786297137269 -1.14595835878337215519 1.64481376449667404671
-2.69417332945271015276 2.38093007980616544472 -3.76996060172404412469
0.53889663066181192619 1.99577841435133329639 0.93400395627137822174
-0.27726277803991106197 -1.98485228648940914553 -1.00069442007532583006
-1.77400089121946136217 3.97543223155745462094 -2.76527910466790594057
2.65829964888986491900 -0.54079049450600980009 -0.45142809203666178774
-1.05154474518428919794 3.83389305581253747590 3.81116564453381290178
4.22242780060048072954 2.16481911677984140141 -2.33896638724557304201
-2.33808902865259771175 -4.53614795790205160841 -4.27080363462458123536
3.52433369805955631904 2.31199973344582598855 -3.55966833294789664066
-1.46542530939046011795 -2.89838785469215753920 -0.16600315628957673653
-4.42667852830208286008 -1.15911167514242396948 2.02835766098317105133
-1.96592508446916358622 4.32950795051058801022 1.78370240956192827042
4.04831957979079692933 -1.83705794231358421342 -0.71534613267414659532
-0.25224477902936559559 2.75911867705139535190 3.43696671943671194782
-0.09929801958350381597 2.67158533118676455587 -0.08307840072361916128
1.56844026330490926568 0.73112594055297108753 1.99932464072530269306
-0.24938844781894875524 -1.27757496045823870645 3.19696068879729011769
3.28242642151661012662 -1.89654445008965666375 -2.50488148189688519807
2.96685638688922903583 3.80526337151553217808 -2.27936206222128534549
1.66700919186376506076 -0.97128779038433066262 -0.28708359161810292903
3.17097734633638150825 2.39299858978453983127 -2.36731792584229339127
2.11797026748974825949 -1.22711622726199776068 -3.72921371372134258237
-0.06521534775269088868 3.63109385049885435848 -1.96084261430599315901
2.66526799700425254258 1.31963414945429224900 1.16703887636690151197
0.54762382217153771080 -0.42974217821272375772 3.59826961146303059280
-1.77715264237931691582 -1.73704029852895835973 3.91233898680052316621
0.35041527874308719959 1.75321053232558021762 1.94952203282751668212
4.18635730830856278573 -1.63793086655991704248 0.31108074345848280018
-0.75913899912623250543 1.36991997730047732063 2.65270178990765170823
2.30262693728686862471 1.24790118183530562845 0.08247360133636849611
3.58142378693965124370 -2.35430906498139558281 0.10596260140240687520
-4.01227662359577053053 -1.34845211403033626851 -1.10059275256250321817
-3.34014872156416320337 -2.80138165509709891055 -2.33984647505641873977
-3.72085476965306316544 -0.64455427259740583068 1.67571884985559371728
3.94167893219939013960 1.67555397672754313732 -1.08002219968286983232
4.09770362274283694859 -2.74247070351339905514 1.15714929124211618472
1.92746234854507392242 0.20566755150203519520 1.07049200757519447080
2.18486000248848899474 2.14191724949281958601 -1.32617120001999744261
3.48435087405400434335 2.72880298648485908330 2.71908653518866660903
1.01342269979878096819 2.52216240215378295630 -1.37485667471811368046
-0.66253534309821215942 2.08854254437644470954 -1.11479360084498679839
1.59163380187964431656 1.28382809825822885585 4.16014911168035705913
0.07813325821249250680 -2.94933629726147117367 -2.96609867833847618002
2.09655241464589270350 2.89362417353418255317 -3.87609551615768843646
-1.03428677872002916516 -4.26363559034436701012 -4.05170289585732401605
-2.80063937973359600164 3.61447133717812096876 -4.16300404131739476554
-1.29203661208129760851 3.44349908935540671706 1.64565035124819747381
-4.30873159946677919407 -0.75598608464313388211 -3.18624829711172896651
-3.24329848061301584394 -4.28883564778861980926 3.43273340316840869235
-3.52006113304764234329 0.88353986933236949852 3.36399419179785930112
-3.84893966178791657740 -4.21771786147792671073 0.83169185441841886330
0.09038209541915165346 1.07224516540194425573 4.26834376521425351569
-2.44474506204415398258 1.51093875752822537351 1.47249633599682994145
-2.60292293849011580065 3.60967923316793370958 1.03240251502877899981
-2.35434037787560734856 -3.04689064109923180013 -2.71120728187110859864
3.29552845070342836920 3.62318060105208328281 -3.42098477108989840190
3.08597263658768117267 -0.30921740453513546498 0.52690771205860542636
-0.52886643440353520162 -1.32700365099073414044 -4.37218244112896758935
3.07745797915942542744 -2.79605136177594770786 -0.71675278431900846243
-3.19192120113004129678 0.40233152410722805570 -2.19250688543964278310
-4.12456835169559532517 -2.77466099950647837602 -0.08662347468512265891
-0.80846110942439208813 0.10369059235670974317 3.18320525701209167124
-4.47873302514630378113 -3.10592267754507345145 -1.22940530774298828476
-1.23820468642390935088 0.22549983009313923077 1.86558572542708311914
-3.54533523247656923161 3.36339261414118251281 -3.46036982902128675832
-2.91646487421723277222 3.70221537636376663016 3.65867756319557724254
2.01792499731221575132 -2.45396984002130302827 -2.98303581335956513598
-1.70682618106031824823 -3.26798154567015819438 1.82080537858222424319
0.00571101352890934777 -2.55134519563608286319 -3.92799052687712357823
3.89382058154240429104 0.68066732812031904842 0.11635122583366630522
0.29781241619592790926 2.57497365171482694990 -3.78043205714297725351
4.23437846552392560540 3.83819208888290130943 -2.36330590460430789435
0.52315523982828437966 3.96733725968571082632 -0.54176340191302507776
-3.39667529110223531674 1.14264579743109973009 2.00772681425198484817
2.65644899070789985984 -4.36811315498392804813 -3.51713522581255588761
2.01391456421794501352 -3.98202542469157805272 2.94925329969919580719
-1.98070399336426827830 -2.89073971393671902419 3.78656609198831706209
3.73276920343806128955 0.39494767534399954911 -1.17025070859788060673
-1.19136529420109527067 -4.17986385211085575975 -2.89722704796523711224
0.76436231871627402512 2.18465206476117490553 4.22478201986128976131
-2.92867072087400526215 2.09985465670603588251 2.08477934826598776397
2.70708034798516639086 -3.88820990439804914374 2.02347910288360655073
3.08857221285849625758 -1.03789240852545194826 1.68157704709578492697
-3.46054774470780568407 -1.94837926973394193197 -0.14445588854740964990
-1.75621630696812491834 0.96870348456089327982 2.21895808663009486139
4.09554363906855112276 -0.67847214300984859392 -0.89081523888810432155
-2.79322267981631267020 1.88510512534818097663 0.49404512741255057762
-2.15628270311603120746 -0.05369858631929069759 -2.06663523184315023329
-2.67789437377056804834 -1.71482843886383928833 -1.71964045282480126886
-4.13968497357903064682 0.62656365105397426873 -0.72280686344418132450
-2.12960551992557789447 3.14421830873910579385 3.16185963069404074588
-1.64833054751589092035 3.08585381582316120586 4.38287033762044675456
1.81082524847436854287 -0.82733537082444641442 2.44696882333513432428
-4.25406671650723211542 2.25233645196524889798 4.15244525092663163690
-1.83872155862231112522 3.46394795268843491698 -3.70067818498754874668
1.58448947571755915931 2.68540185795733865604 0.99161287010460519298
-0.93540071121094969797 3.45043022669102406041 -3.12087333011462675358
-3.18621779035011432057 3.60431264499114600852 2.67929487870446347841
4.41548808623962241171 2.92737593312184518624 -3.43718783576334407925
-0.77425492718121669000 -4.45737406106680822404 -0.63716888997426490704
1.54286472224610893278 3.28246659459206302500 -1.89735713636223302103
3.22255570230164511969 -2.08977388013966525193 1.17607947962959524801
-2.47071602623154840117 0.11386947226666954691 3.62154799930870030522
0.64496864556080435449 0.93574296971178938520 2.63745391458329070389
-2.82755656431974466969 -2.95346387009990340999 -1.21360202452569110321
-2.23002608589276629658 -1.67819800743874214533 0.82775282173639919137
-1.17665148211875436601 -3.26403205613985125666 2.94219263112327045206


