146
-0.32730916725731606931 4.11987496322132340509 1.34067749898138544040
3.73165026144923839269 3.51447260175424514017 2.28437058171488427405
-2.94814630770716723518 1.88237183221994541782 -1.13580325879518717613
3.59385550596663083667 0.83046578301557083535 -1.09825248235515804396
-1.95496693993763548391 -3.97810107886134245447 1.00836432471682524437
4.20456731485301116180 1.99166817866064516096 0.24264079527077164755
3.32250973420892847798 1.82381892737278761274 -0.48166107511313693834
-4.27475771788059599743 1.05523899363881579205 0.71382806912852814207
-3.07931349183763902744 1.86417071210553064731 2.23895959993129434196
-0.03949675956757658923 3.68216932957023512785 3.00780777836840851336
-2.81403812166650979520 -1.97339627418307728135 3.84839678074650581863
-4.28096935099472997166 1.73049579629480998477 -1.24895728348963785947
2.48507825712608010349 0.50073574891674876852 -1.16546765541599706140
0.35256321960927028414 -1.79068014759233973265 -1.49979314673737729180
-1.86046636713784163675 4.48026819006298548942 -4.30829391935228223076
-4.13783138288358021128 4.51534077219820328963 -2.40317460514209813027
-2.88728887410136447755 3.07150195557345195851 -1.65130712583857963693
0.44547935995092924344 1.55732473349493982795 4.29052651251311711889
-3.40410121609402871456 0.41461607101734987424 -0.06733258422911614360
-0.15443776112235152453 -4.34870086473377970293 -2.48100153890134356161
-0.60825624125536004172 -4.16145077103216554093 -4.08373883044514585094
-0.83528930819875757408 1.04263852933115686028 -2.50086414601202644548
2.29102847289705380263 -0.49110724382975590174 1.80396680179833612812
-0.05016107439530248513 -0.14066510882777105707 -2.34694579079880893957
-0.35209523442504320201 -0.95004087858800456701 4.06570140793194934048
1.52276025982304030748 -1.88499740513424107746 -1.70420923934631796115
-3.54735953523156588574 0.30638032281723859285 1.96099692148397863889
0.02624845049501267624 4.05082197035066560176 4.26960439123582258247
-2.45400051810200814373 1.22264428658690782470 3.45743813244395337136
2.76444600724760558563 -3.63506299053169756874 3.76791447512761035199
-4.43320871541019201345 0.94751337785280576043 2.52547107638989309919
3.71515576354743704002 -3.62850246510626073260 3.30618469313738394533
-3.90709599547391661645 2.99560353726145667252 -1.77018801132900538420
-1.67448570131441920594 0.67458549719806892853 4.12499060467700129351
0.93947224734784562372 -3.87275254029262727684 0.71185308576293326865
2.02790072705132029540 -1.08756130677677553820 0.11842714008425669903
-3.15012126700013128655 1.46086770241370622614 -0.02473076937684925980
3.86638958110435648763 -2.44352257197550004619 -0.57397844735835112928
-0.33993543237952117408 1.71629488592987566875 3.29934075597579123951
-3.84802759658277304666 -1.18104889051607209183 2.53283485410886033407
2.98859930991652955612 -3.37167127074927686081 -0.82789141575157199071
-0.34232903701494521442 2.24548127095494720606 -3.03995180728421487970
1.43006227172349564825 -3.56493114273104705347 -0.31587302594719890436
3.11684787995689749351 4.12524721244429581901 -4.39126725457099809091
2.48983383886281028907 3.52019097697939198355 3.07476663434860419954
-3.03178996423243729552 -3.10525653353908470677 -2.55614066614579638070
-1.74493484149856570298 1.21550262781478490837 -1.83963826563910437528
4.23552681238675798880 1.32982613878812916397 3.37363785130438476045
4.50205920754809074680 -2.31865787786333621412 -2.47560949684968001350
1.38946611940231523619 2.73389226257976059031 4.34032231654683098299
-3.40731694232004711509 1.18023672172880100817 2.88568232568691040996
4.20112846991783239758 -1.18682130157574183826 2.00265313627037588873
2.67718016729843188983 -0.44338619933007006324 0.63196933142154509966
3.09239422429880317367 1.64741567241372610653 4.24140487213201478056
-1.83265158046517973034 4.25409549438150325074 -0.25208618669519378130
-0.36625747251310247776 -1.07000381189226878575 2.95280224208031949473
4.13170748096603457356 3.97482882348271981954 -2.84406160661159912451
-3.33627571705200676178 3.16437804192831784178 -0.63552758326906788611
-4.18005264686798838625 1.90856795309882887324 2.34414593379445879151
-2.09431356287441028385 2.35665446944637579918 -1.68246273695352899225
-0.85243758116016499216 -1.13544115484318819398 1.00501453945660212952
3.40427586112132196661 0.70485628839863689876 2.28393381341433698850
-3.43829247219798617152 -1.89645870503637059556 -0.88934871335902432321
-3.60473467659614055236 -0.78999778016448907181 1.54119305566491959780
-0.75428054131014654615 3.54798634218443265098 0.01162311557848827448
3.63424519114773847406 -0.66238445312365534789 -1.32797909063899766124
-1.44763293983218410688 -0.70133405341037846625 -2.57477304135955309405
-2.96520669614605347775 -4.04922348141131482890 3.75621409982599363531
-1.39276576195211942988 -2.81151466884623779663 -3.44252580482902592607
0.81819946676766441840 0.01014018104624980765 2.35778021404778659331
3.00108550668953810714 1.49941552454431015207 3.13012704092849869397
4.34089984070631462743 -2.03001892123334526374 2.68571484639979729536
2.03705785367337899316 0.39370706077247241694 2.36903514332334719228
0.76699204617316052435 3.90709925235616051253 1.38547425762231224411
1.29865825088914910168 2.66545507689003535745 2.77132803118394832609
2.01317873545016556847 4.11756444337491078755 -3.25411011476754019611
1.67305179370304113462 0.69370078287263314820 -4.10919514237752814267
4.50245836474268568139 -0.15883628247560110935 2.39008149318078810808
-1.49912343296061134623 -3.94196719688551677763 -3.57859754532774099189
-0.08324288597420803626 -0.10994602332870684336 -1.22456367608194494068
1.29239504419826278792 3.98015405938365862681 -2.25211306239321373823
-4.08757493622963785640 -3.89727633724753541600 -0.94043364067868573386
2.41097498403668542011 -0.27861628815197025943 -3.97459381760045182830
1.44947097296361349095 3.85442234268681982456 2.42123099999581992137
-3.65890154451057281193 4.21108560273199916679 3.21402171930300895042
-4.06045869342903831267 -3.59062140620934622248 0.49783449040272742536
-3.22750411868963560380 0.23887297062127643699 -1.81751808413990900704
-4.36884429030302268160 0.09077458237237223670 4.44430111610944766909
0.98342593527384103425 2.04969494897335913208 3.53845178046040498288
-2.41915855819772485091 -2.33797483301419406487 -1.94813871640979430211
-3.37357982531423239436 2.11459531554070512271 -2.13314865332949965548
3.34388763119064602591 4.52121338319587895427 3.44707315699284766453
-0.85895416568746396635 0.21618946123347537736 -3.42446810080619945538
-1.08897218651060345707 -1.43570992085063320332 -1.73787487119025030324
-2.98375585146671573611 2.51330109116675615155 4.45784362619683793838
-4.36613597725699875696 2.34451573910473509699 1.05869938790474460433
4.02199796442116674910 2.61937455543843977779 3.18806402625871587730
2.68530025599189681174 -0.62861899823273859056 2.84077117960895986215
-1.12714892992704074359 3.69840964130663341081 4.50706705985852362772
-1.99237263386878904470 2.24718147965555914425 2.85921791157443827558
4.00717120448497521323 1.51687038712351185410 -4.15538039636391598464
-4.09317576136666705366 0.85416623124909918374 -3.70412400319330270548
1.89408705232063390156 4.43150753100983774146 3.44732230380191051466
0.44250899893445616584 3.06258016920355036206 -4.14737018890202069343
3.59505804162295472537 -1.25072171801542220138 -0.20382597797431234454
-3.92448277939162304406 2.71339031797639851362 -3.03036111466913471446
-1.21618894592635928831 1.53640863622701484559 2.46960863189530055450
3.91566625466177864467 -0.13763206628010049570 -0.10703954596227571727
-0.32093428423105940794 -1.90633101924637538005 -4.20565877544119359754
-3.70394356406019742423 -2.18191581519551203172 0.16200157198778875056
0.42841416685660416164 -2.69673897702992881875 -0.81697310481817364547
0.64623338064685409421 -0.11808770914991750800 -3.58730105252235409452
-4.18336585885411693653 2.87846654146690195120 -0.08577930640395337036
-0.16107488947065551343 2.40206404105791637704 1.19565200223717660322
-0.51175391873566589140 4.01705212931111699248 -1.25849362861339564290
3.56656581540126982333 -2.48042604424762913595 2.04757301363311317033
-2.90984230967259360767 -4.37830158848415873507 -3.47479498185430646373
-3.48943536983573077137 3.78671235504541581207 -3.03667701926225896969
1.64179908617121927961 2.25421116237540619665 -3.14092548980726071761
-3.67928623263024645595 -0.85868726823937180370 0.23897988214250975858
4.03702287227990463947 2.90307615768595272954 -2.74997162352085844361
-3.84808091528422613337 -1.94212100813665422550 -1.80698321156960073353
-4.08462232651461043531 0.34468770513339297423 3.31104321352523722766
-0.48818529106736097134 2.87702395193406168517 4.38476099429721966061
-2.53378993103633565198 -2.68428285724871429352 -0.24857221587257161133
-2.40723453848195534377 2.88967188386406181877 -2.58027508006327099821
4.49702655732328171467 -3.22457281451453647847 2.68478372289605093926
-3.50910837289744792500 1.34820974288946615616 4.32029324060680774977
0.88060530049450758128 2.77735374859628425526 1.65704448075475418989
-4.47115348659440936530 -0.92362229119752115025 -0.66557601594392767907
0.77944493996927644019 -2.81162222056824973038 0.71533754350539258127
2.09146056321908080378 1.96839024447897781300 3.47526697364783299093
3.28931287326907462187 -1.53028481823003748019 -1.38935381611286778991
1.10912834866159926150 0.35260132950606593027 -2.83410760948588524855
2.26239004743211857829 -0.91545736163653845807 -0.80411293900330393924
2.62155458953243414300 2.96466356013828402638 4.09698779581051386600
3.84346004985036504564 -0.84199131809470939558 2.88370076502217020931
0.16639374376533400124 1.70166226242882334674 -3.75379851760375915504
-0.66031973879317229503 3.51948249201420804155 -2.50338016264896134899
-0.97939599794186893433 3.08199734008841819133 3.25170342098164955047
3.64995216317516746329 1.77616639581028312733 2.23628669663156287584
0.82584057533317700717 1.68988784564238336827 1.53880925991716122070
0.81372404531925823790 4.28526727544159680150 3.08161288856928639035
2.64081082816966539184 1.33822504056925506433 2.18897937489030791625
0.45599621941998425001 0.12302803957149954783 4.43400454347983963288
3.84807865463354925595 -4.11043937155697225450 -3.85839793274023712399


