214
-3.74161216107448169055 2.78764901356711458646 -4.00471215477734965305
2.29384092001668538074 -0.81650483763230141676 4.52063544200748435031
-1.44867029000220703949 4.12881352419790825792 -3.34561422531510821443
-1.68564473424656657841 0.10678689159626220118 -3.91411191690760418282
-2.03061128156463333028 1.61546781580203546724 -2.10749729337489855041
-2.37166359421375005923 3.41952546060492856839 -1.50698842904485630356
-0.97346899312861090436 0.25685137781122868716 2.71478848354207524807
-1.29089254067114156399 2.03656382882647069010 -0.54051893000821493729
1.21450566258668946062 2.22568683000780698222 -3.28888107606553559137
-3.24179617389684349149 -0.31607302863481923083 0.18283785989570056074
-1.06273777444881512011 1.24813731250452342181 -1.79466872837489210823
-0.48425326796952905539 1.41747931889492395641 4.40295479921853516458
0.35461263644840546050 -0.09824262394135896415 3.14937322807627495536
1.83131420475984807439 2.62893121242073579680 -4.41085212147312244468
-3.32544499984432473383 3.79030909983923347539 -0.53382681299016976340
-0.38549122902545907010 3.90150131890527784861 -1.19550461849068145881
-4.01461866733950234476 1.26353359301149836824 3.73331185423232181364
-0.65880839357898768327 2.51853341695128030153 3.15441565117119626649
-4.09980414179019803100 0.90347819016393859926 -4.21274861197549288505
1.02225551191080743507 1.58753635852991603628 -4.42243988438611790315
1.98357859611152953505 2.86601752130859743772 0.46282803477060774355
-1.57048955525253486343 0.00475359140186526474 3.79801944381988132449
3.01667121059475462630 0.74829160384520321259 3.54220571265103156833
2.67395672731669975519 1.64098053826089884666 -3.57963125869844089877
-4.35715806983625952853 1.90453527287095614184 2.75812660241539120420
-1.25099892771363752075 -2.59733483922633734409 1.25750831835408316550
-0.46763950723237002194 -1.12137927371105261543 1.21331676613288674815
-1.24554281385044385289 1.01201708529752121279 -0.12211087709058077166
2.49324386887100057919 -4.33740600440827961393 0.35440282879923579173
2.91601227626196202181 3.82791928522268154467 3.22911462655739089911
-0.38157362752295487240 3.58215331968680938957 2.12217374190847873905
-2.33205654471693124563 -1.28840553588499862059 2.75431656292304882783
0.98676436053177951635 0.55735339350863188912 -1.63689081758502830155
-2.23465540068843848687 4.24344388922121407148 -0.42953705426990396177
0.66448152043287844748 -0.40299861243159007529 1.99570080624535783897
3.12501987926899893466 0.03472849203321626277 -0.09421672910549538926
-3.69752554625600415861 1.06097280614474520632 -0.01186191394187208203
1.27035793967918753111 0.33260190594687344401 2.95300759569682202965
2.56954236290969717516 3.19991797792483190221 4.01166567682368846448
-2.84351795928899919730 -1.60700099670415141873 1.53609618496807609489
-2.03740949828187023485 2.74242907524121104501 0.09296998969071967878
-1.48700670988785077498 2.20839711259029414236 1.91704176916676694020
-4.37206913195594992771 -3.16330787706187965824 1.20892134989308441817
-1.75136730358952297237 1.23390847902713662876 -2.99937412228946254089
-3.09263451791834631521 2.46881058060829250422 -0.24773771778616637818
-3.21369623938041382161 2.53865882489272198796 -1.69872106749390061609
4.21145601966710980690 -1.29695836703153988267 -2.60057842236406999703
-3.77457279309322535354 3.52689649742959776546 -2.23652494210912244910
-2.55230596910670737287 3.87478898455118514477 -2.53234815460686668587
2.22864599146156727727 -3.66748794984762760407 3.86674899181847120389
-0.65877429895434769236 1.54301017788727978797 2.60208246893359351759
0.77416417620394728516 -3.84049273085513664938 -4.31221983280115583881
-2.88753789070057598209 0.86910035285662079474 -2.25946145109364682213
-2.05351415173466067543 -2.29368955832996324062 1.84877967183975044918
-1.64683194318553427493 0.19643187231338821164 1.94209225556044540184
-3.59652034404772047438 1.85883881868282418992 -2.81344684006525103115
-1.47610292642156082366 2.40130335209975154243 -2.96104928126833621960
-0.70281343149106501045 -2.07235662519594621145 3.35524745948917235694
-0.23306453797767012759 -0.12560491352823177635 0.08923583281183766758
-2.42892794961035196621 0.05214799816203630201 1.03822928031655781211
-2.81237201846735551669 -2.90896288439766159684 -2.89143165564060966588
-1.21309013906891260959 -2.97849341516924104312 -2.56075158747078779342
-4.33897952088110994140 1.44378950911025061288 1.50303123303049712689
-3.47686126222272173791 1.55559447696184971477 -3.72752316679672413002
2.18505364830289217082 4.36220946040919255182 3.94314177971839630032
0.46537961572978669977 -0.31702422092626836303 -1.77512367478739152560
0.66612154074946872129 1.47871073552703524712 3.12092813330485885359
-0.60522231973715001629 -1.58963980516477620952 -1.84593825391186605600
-3.24599383888443293600 2.87615452018276140933 3.93086797431423828897
-1.92611247026960441531 -2.21911358796624780254 -3.46267959315772566598
-1.96101062932971803576 1.15700303328485976095 1.97224728615005773236
-1.92673910995307373639 3.72793186838222379009 0.48895295773545210949
-0.16087232317227595502 -2.91895149631807448998 0.08840964102822201909
2.17925771596283990306 -2.51467628913932728096 -0.43921424335268888228
-0.90678947490680039678 -3.46463519481120663102 3.96002001943905224124
-3.18021889452695205591 0.80051204811250542548 3.03149678331407113063
3.92536923542800675335 2.19415912990860650922 3.50966257305558659851
-0.72941231894902180954 -4.13376234003398135286 -2.90945112773563918651
-1.23923771402905114059 4.17617393585835383618 -0.66595379397458120962
0.97266384264764127465 -1.57509555692920244496 -3.18418423972882891348
2.17152785329737962883 1.22421074870752111252 -4.46132264779531872989
-4.26501048682544858792 2.35587180306541998931 -0.16490950802104276107
-3.48701329087338685042 2.35365647720339143945 0.99156981543438593718
-3.14337956318645472820 0.12622152859216484444 -3.21178676532458018400
-1.65083618229225859153 -2.56388904645418591599 2.98953388090760707740
-0.20329440979235879894 -0.87504301845840704033 3.96451589572014650997
-0.44203165205255512404 3.74765775077710205920 -0.09317019439787976864
-0.43599432366883039691 0.63277100172183864402 3.60330535303531096503
-1.86772418912569548866 -4.34018220230572371321 0.51676214366497230657
-0.88104218381677812388 3.05333881995925260355 -3.66879395852382472754
0.09050043858452028189 1.65236787340029245286 -2.22098950728885302652
-2.34188572008877926578 0.01553840717919552361 3.00682306987665981524
-0.12429563910123597736 0.57218193675109763063 -1.57762131447966424957
4.41705087485657710289 4.09476661612149239744 -0.47932566490634975764
-1.00590669110139918629 -3.55331694054960056661 -1.50585205402459543222
-0.81368693017622550911 -0.15199461577373263310 1.43694892315086431012
-1.74276276226954163207 1.00344808559828901906 -4.42562653144139428463
-1.78505353288026746839 -3.48936047087079304063 1.60954023676124347020
4.49782949825457745163 0.92054800882194687262 -1.64793573685880945234
3.55665516541483039958 -0.17252457492215622636 4.01083559555959023868
-0.11287545001420884461 -1.14044952256049203498 -2.60518240439737480685
-4.11415242193808516902 3.01781539809991272705 1.54060542619120965924
1.73302936826037434770 2.75259076370912669773 3.11633369940175786184
-2.04882489456752692192 1.02419146759912749189 3.03434760222610133695
-1.68541839426862338769 1.58019851018614776450 0.77242954168114330571
0.47760541304916159788 -0.66017303441289154620 -3.62489824755375611431
-1.02845600548169979760 -0.83288295816311785913 2.96581319464697923394
-1.67604474826006555332 -0.14797759228833307077 0.41269722678240849945
-0.35824373501847706081 3.02183477779826592524 -2.06844235912313045844
3.41654463760162929731 2.96259929882333139517 -1.82215310924168960582
2.57204945225383863061 3.82257799182549806716 1.34515623801374761825
1.30677158031153961559 -2.34779274535236082144 -3.89347286970716943699
-2.51246105909419004121 1.98591182530136300954 2.95694105830106312993
-0.79841362590476983030 -1.84377006276242250138 2.25616472390613242993
-2.59219417612115776706 -3.36393373123971262117 -4.24962166856585810137
-1.29884089715745876248 -1.57553759293889283910 -2.98408899142045624941
2.56930359725720069974 -0.79996816297888617697 -0.61471590387169428027
-0.93064013971433157124 3.15762446791968454107 4.10452998797089829708
3.73947076908149877994 1.78748386803133563205 1.74093040784952091116
0.02193436914639335100 0.83178804597876254689 2.65063015603238216755
-0.31062349481289075470 -1.86890172933790488230 -0.58703135870596412360
-3.29308025244839264190 -0.23932657163682247159 -2.20743037719068357916
-2.04072222536341119081 4.11470950492053599845 -4.42506672740652096110
-0.72541393819350563632 2.25902846451682481899 -1.58019488903027660598
-4.53527918051128864363 1.79518381574806706880 -4.40442117160342316851
2.72711562652190675493 -0.09884851246554582360 3.15941972893744971174
-0.73728445085224469935 -2.62291787437001788774 -3.43588063241565144779
-2.25019429437236828662 -0.79228306059998487854 3.75870541266447499851
-2.39618566471707916676 2.30972003530441494235 -1.02278365156722728102
3.39910563313789193529 3.08087150327951686535 1.66913094078376378349
0.49725390332947849714 -1.01469400781601937211 0.17345981378120622907
-0.06787274454151148717 0.43826729617845927578 -4.44804595918320444525
4.24484225626135280862 3.16261903121809950790 3.43218078324663622425
-0.81208254703846716183 1.87309341497068881921 1.28927787173055197201
1.57646083214970555986 3.42971143764853980684 -3.14150093923573292543
4.09388906887286463387 -2.17780349863917344067 0.06396510643388353401
-1.17467224325912811267 -2.48724573522383662905 -0.21910268445776370783
4.31948964672009605437 2.09914992547276035850 0.62300200015180440261
-3.45669038145167295539 -3.83644164549573218892 0.04358240546348302047
2.98168410730523891772 -3.22400816095106046433 -4.41735579635005137789
-3.85316474983434131829 2.74307998448061063357 2.73783728364739165073
0.00529606230810930612 -2.86600612324778847295 4.39759657336970288810
-4.26629344508392716051 0.83187238186396861295 -3.19161978369721976989
1.71314626826036509044 0.21105572571418562688 1.73166315769387235690
1.34071999305295097571 -1.08393678952263705639 2.97779871413324226381
-2.34484221146116533774 -3.01514112800745293086 0.68003960181836742294
0.49407148325909044928 4.44373891036191448478 -2.38401675485252839692
0.50510040596376004629 2.97163187325017652540 -3.30348078059992023015
-0.82799822352345486820 3.33498230056425537526 0.98321088289760716350
-1.64447684272571548192 -3.76750138728132677457 -3.70953533359627440902
3.55986110047004356005 3.84562018590063470214 -3.78472614502896442801
-4.35493393657635774474 -2.00710925620197722097 0.96662635694688248122
-1.76737145598269096425 0.45067336661441093071 -1.52163857648331823924
0.85676165491428513121 -4.30135008514920080813 -3.31989753362393447134
-1.85674115407578455006 -3.81093401358338024210 -2.50908135118030273247
1.81423911232478562994 -0.00909906253218562000 -1.88337145171949771338
-4.43508781164817733611 2.92992599072937931481 4.35641803579740649610
1.19469761732943524635 -0.72349101940855042869 -1.16500048773090636445
-2.42134827680548214701 2.64127600320552513580 -2.67849944615051160923
4.41007534830310898855 4.43858868380181004198 2.19768356989616275854
-3.43982945030109599216 -1.57710762460544540176 -0.04903894153776366949
-4.38166432984867704192 2.10334811271864285942 -3.41121746302599770928
4.00307235494450619484 0.91960424372375193514 4.32986765263808859316
-0.41230331886949755926 0.90113127819853033884 1.68121334835316726952
-2.73297750018186569321 2.40719515105683612433 1.88104965488796249673
-1.42287956472362298044 3.04449553757872859450 -1.13160547589515303457
0.24262241931660710748 1.79583247997800832252 1.39443960333507366300
-1.73055437275390922025 3.36491424538455596860 2.33867471418825001450
0.55100472121492583000 1.67180187155847459479 -1.17531814451933813714
-3.94103622849725532262 3.60645987244981913733 0.31216739596269071910
-0.45380386431391350754 0.81167792896884627396 0.43688064235172774374
2.27369661968252412265 3.22451247538853902341 -2.28264528956456125286
0.29233839883206691468 0.80420243963742166216 -2.60892024895521679184
-0.73285182013301986004 -1.73963066600003957163 -4.12062769689818075847
4.53296092615082013566 2.97898672967327726724 -1.43816258855716272436
-1.32861740628221669525 1.97864179491713176873 -4.47582518811102669787
-0.22540626377464256791 2.10335510873438025214 -3.66964780943866530905
-2.66411222930360747085 1.34840991975639123979 -0.68337103682954136730
0.50943171481369020626 3.20055853745106144714 -1.13253550700097083137
-2.94857195438766694906 1.36916420550472661688 1.32702116813124160188
-2.14655597727062774638 0.10719359347053991627 -2.77690767488407130870
0.30255487236841105414 2.71059453933611926857 4.06415200704706602863
-1.56158773663470551440 4.17046286071439720189 -1.96406720286630775973
2.05181261687490135159 -3.04895781127317588854 -3.57444627927847546900
0.66756919200224196231 4.41297305593268607282 -0.25755060189873013599
-1.01371910890541849781 -0.80203568795137680780 -3.52988785739506560901
-1.07667465564694753155 3.73263027027724714202 3.00726829753027669057
-4.14648263230879621233 -0.63413513119244591110 -0.46777043740279733441
0.54658124975322497363 0.27639886672437441462 -0.78229249085476038061
-3.65638468565491159268 -0.66383704114948738351 -3.67112835484620525506
-3.82310804533877801603 1.02707964178317912030 2.27663598910873776759
-1.37272947525995814289 -1.63967693270719205856 0.71533817759998186148
-4.41760362443287402101 4.02949997712002438988 3.14566657874288946317
-0.17264160239080617032 -2.84514836967130690937 1.05581835493266229520
-0.82231747238024244240 -3.37865792117130547823 2.87291930897552560964
-2.56941728731342422520 1.07001036900668022867 -3.60851073056245397197
-1.50309814066667257748 3.08796453344235555249 -2.22592632701598835965
-0.73359374436918489693 4.48617160731481501301 3.73997040181600137743
4.27893998279210219238 3.86453379334482871599 4.27576215551676863669
2.04941293527390211437 -4.47063651732118039206 -2.25017717979598019795
0.08637289884365184633 -0.85306747136012006649 -0.95410885230836273152
2.71047179982023944689 -0.59516041832770349984 1.05456578964688763023
-4.00066050490566027520 -2.44886975974071985362 -0.03858751116406100579
2.97555649985275660896 3.10764345960856669393 -0.15899010751572806299
0.45885304106966007254 -1.56146931362225860340 3.11285765038274053751
1.64197216069263252081 1.04248624519957644452 -3.18700799197993234202
3.66291495766583441451 -4.48540698717793429040 3.18447274773343913523
1.50753646375414351866 4.00761376215770592779 -1.44030691459027870849
-1.15351343356257451944 1.59565684547677211214 3.51354217924486622593
0.82041233923752887591 -0.55741766977647566605 4.02845460394441712282
0.25330247386997939429 -1.65622878825046715434 -4.17429508702403140319
-1.36452288439107238815 -2.64768633649968210264 -4.26075279431429443378
-0.74577402287692606819 4.01446153718543907729 -4.12592776379302872414
1.09756004504620552353 0.32625357552417444396 -4.51474108276404795248


