126
0.74196524875361902218 -0.65406047626590035904 2.65558365914878891090
1.42785250117481066212 -2.69853041807807336738 3.65304229733747742870
-1.33343766281372166915 0.81988433658385062586 3.47405498399893009065
-1.13954993395744308415 -4.26811419975129879845 -1.26643470718669437503
-0.59728659901245251262 -0.21813847178819401051 1.25267476625806484236
1.83177795907804963349 -3.11651304539113116476 2.02686652814397572087
-3.34603379690079361097 -3.59020731289920957963 1.26366486034398128879
3.54049132949108713575 -2.50738823459139448246 -2.19674716104553446883
-2.19612896336537355424 -3.02920592561492441064 4.12412530510321939659
1.83528060096440093218 3.47606280109241883025 1.42797485193077822174
-3.42767004603903302495 -3.23963430377226835333 2.79636995311113789597
3.44619793877348268296 0.88650176896475318955 3.33207600054629349273
-4.17206316047687320037 -0.75014743358503555015 -0.53912311069915119788
2.61052729618578549520 0.77676865656172378038 2.71751027581229731567
4.47721449975336138749 3.00077725620735336065 -4.15627335761519223212
-4.50660150312276552853 -1.43810181523319435826 1.35828086554562599275
1.65572710178609927567 -1.35148819958939014896 2.37880560277921393464
-0.43739482400481755064 0.87924077105021236633 -4.19738857882121774168
1.00894127003605849069 -4.43075958979032247242 0.35785694806611623164
-3.72178312222892193617 -4.16454375607713522811 3.50615264933645587320
3.51214080084164326223 -0.70102596058669330858 -2.29293602942531427047
-2.70212599287925536728 -2.89933207390567737605 -2.89280034138709352121
-0.82263812488482201957 0.13063199928908542091 2.82805903742844666482
-4.02066091999366292953 4.36867545441535209960 1.31365860694908942463
-1.72010950440417476059 1.05865092796197046709 -0.20655430510907191177
0.03952787601060414602 -3.75638555694068942969 -1.20191426996258909909
2.07633964517275693140 4.12308190789168715895 0.47035737231627017252
-0.30413421329719803055 -2.77626198090287923392 4.10181532870926535139
1.06241743616490769142 0.72761801491559019439 1.17152854590261945589
-3.96672389476149023224 -2.82211050177285649454 1.83035827221220603889
-3.94250903406631669768 -2.38998956770188097920 3.33140164523963644427
0.70514932697713650356 -2.11477876549555787733 -0.55121568824977362766
-2.65498012502505975618 -3.91499327117249151797 3.46223024417248925744
0.32643355824456055103 1.66755533026362545712 1.86151522520248224879
4.00577386596424656062 0.12826766329737360195 -1.95462345428862649399
-3.75946249755524997127 3.25293700974668187342 4.21409412506186864533
3.78921736100295714067 -1.65781631810472163124 2.28394121931967131189
-4.24556576721861933521 0.41638625886312308211 -0.87168895568589022105
2.47289600055015679203 -2.53683295434794509049 2.64250635271693390393
-1.20663699835113513714 3.73458092850634226778 -0.05080636645300984355
-2.81662712891194466636 -2.51386071346572448348 2.48272898466257263550
1.86253360041207738362 0.07809199510056341609 4.05056543139853797442
-1.96076183181435848013 -2.78536893145040309605 2.79408500601197218316
2.71438310027113871570 -4.42920945732623305702 1.36451479331849867549
0.27311427324807002748 4.40840956014308904543 -0.43515489345412561306
-1.15789130052620414801 -3.21591294009758765782 -1.70017376146929111158
-1.61312393220276018013 -3.74030742847113106819 2.54062505619908751697
4.50345344337155761849 -3.48310255152171643900 3.57833337461509781718
3.94098927041056423803 -2.55629188251633276963 3.98362643672436522735
1.81470352557159664286 0.56935122111751645946 -0.64851267475908169757
-3.58397502068399198549 -1.77202230540251459701 -4.21871501477479515785
-3.94583887945747857628 -3.95974736666929505446 2.17732829177834030787
-0.63106825560043278145 -4.29569727605002160686 1.52489594189491928233
-4.29070783082984696932 -2.62453776941655103627 0.50667956533179037137
-2.60645762813077563891 0.39866635148663309707 -4.22109016649000601262
3.11799990484791145207 -3.38531458078875724382 4.24033164340810753146
0.48643881920063414270 -0.24960508726557950610 0.68484734930733281999
-1.90031137765613422630 -4.11173837747765524853 -0.42659014168913156340
4.32267222632504033442 -3.06583845709961178017 2.54708303372047861757
-3.09559212078564538473 -3.69256900073393934392 -4.52056191412574026600
1.04822119132277435938 -3.27007646048725186816 -0.19963158737144404142
0.19053362798025830216 3.79607566313196098662 2.50796725973710188384
-2.51508138358860922068 -3.21177171502003355741 -3.95490323749634020700
3.51812266046748955972 -1.41303146798679435392 3.36045135197277833328
-0.54455422572535727710 -0.08374584578596966367 -3.90858338776443581253
3.01522114910940164378 -0.78558042184771803562 4.19345925948831865782
1.05639566158748809954 4.44024262375385969648 1.70191467126254281084
4.50658569502329608980 -1.60438760422149861995 3.70605332759566774570
-2.52155882901358951997 -2.13917734519009572480 3.51752038405254463527
3.26440418120223441178 1.06565493598450533597 -3.14497266500717831406
2.76463606914144843785 -1.16750164691675673012 1.46767626100276249446
-2.62884314197989832351 -1.72071461513291712464 0.43596823984395705054
3.68802419771205247656 1.43146522196801750937 -0.69020180263487684869
-3.34038409007718994914 1.45270744661271145048 -0.86615912577016418439
-1.87712585531441344955 0.27049392852252651664 0.32615218906391874043
-4.10671260877060184669 -1.98486105835342652171 -0.38393704549380114344
-2.00143280634011766494 3.92124521680499338316 -0.85337573619206708031
-0.20318770042262190856 3.97793108094014780107 0.49245017171092442254
2.70388087898588569402 -1.36172344435426051490 2.56453607053061904963
2.61346438533393676806 0.91277402959156361817 -4.46205751759174784610
-2.88318099560180440832 -4.11097662582478662330 -3.04801813234601626235
-3.51443434162021794975 2.19428929716537712835 3.84935490037732375157
2.90973662126862375743 0.71215246455899805511 0.14627785227495504472
-3.23864489360610940949 3.98677412134004693911 3.77921829303042056125
-4.44588416683642950744 1.54587587503279966228 -0.59681737395438005933
1.93741158333800012059 -3.55479671718711953687 -1.41666065073379598971
0.46328380235709776258 -1.63827722875392911561 1.33355620629012339151
1.49816224660075736352 -0.87872681624697879244 1.03492735516767098147
2.47085751024807098730 1.46106623418436587514 0.87483408579922095072
-0.45609212990467362658 -1.66936317614014040345 1.85062739407248866286
0.24675488023511071844 3.37267454343853056997 4.23524245729111736836
3.95710874550540925298 -3.67563594198650234190 0.07206517633872699946
-2.97424624569460149814 1.70516675245150217677 1.13206166743380176598
2.54238228829494428140 -0.19139407065177493905 3.11916885371394325688
0.13411790274119006483 -1.08370592613100846791 -2.55054048349758133440
4.45470039561777308990 -0.43759487262311580480 1.63491918408283520847
-1.54072192414013109385 -0.96619890487957604819 0.19956850976463691438
0.69242215595164502417 -1.43686325301260531262 -1.54440889847191842321
-3.28849337290208554307 -0.68620874854550084621 3.37523924058901059198
0.91311578271773008453 -1.04032917581180672784 3.65450408111628899377
-0.81603741782224226142 -0.96628701607425337983 -1.04057840764805309419
2.71185320105712257543 -1.92525338128219658529 -3.72296265638985257596
1.91174258151009368589 -0.94428699528576265365 -0.01959718222917761210
-3.98291946622108872234 -4.44439353793079572341 -2.04158979404601659269
2.48615767417654698335 -2.19796632192164675956 -0.32117993825628499138
1.64006326442003125266 2.92478309879372666558 -0.08530304805367627807
-2.78682315431494886937 0.98224545106264926631 3.80461418394621997408
0.87649462950084799928 2.71641393298095490394 1.86182438820266238366
-3.87309817110179466226 3.69555617831584815036 -1.26242724659618499317
4.18019277537418343371 -3.34129444138695985700 1.53402497344718558026
-4.03327281935897197229 -1.89670689796263047810 -3.26083878204245491972
-2.39559410684385332146 -4.09270813494705176794 1.68382565659995453444
2.18344240369200992546 -1.86088772524856116419 0.80025432086309233881
4.37728669740158959911 1.99874406604287191414 0.79050944894210140035
-1.93018829007081649252 4.42984691420037979270 3.70410114567805859309
-2.03699603521305894205 -0.01021076656526087589 1.55338833563464628895
-3.59377803414189234132 -3.03106838206577311468 -3.56747858368375814209
4.43768754974091539367 -0.81712364537449833080 2.70269074662641006768
4.32665200369377611622 -0.00842844249275565005 -4.38269424927979578399
1.06568436384741449530 -1.09227972801004025172 -0.68405031688069328766
0.02198853683604706788 3.14776612329203064888 -2.24232975645785481689
3.53580886399663452124 2.03146094455439563120 -2.18957077818985723638
3.75338995783274054219 -0.77210863586689670868 -3.98529546839629444932
3.45367427957919215231 -2.49092846300688153249 0.84251434478580833343
1.36380556672231900706 -4.53648927296932580333 2.62631143178373260838
-2.05666815017702342416 -1.16927715309914326269 3.30980636444674125585


