193
-0.45276359148133060728 2.98844952889490755865 3.54918235492892986116
3.05280536573489325036 -2.73874295036924175761 -3.46104940242858827304
0.86793347677188847911 -1.62314136403866093872 2.19986945427138369524
-1.81020318896038290291 2.06641088145731810499 -0.77148001204158589417
1.44209292202544947514 1.21630623380528479771 4.11906505415707346884
4.43226754800608002682 3.28044904773984402624 1.27006360365245374311
2.39013619680683220281 -3.82965693241142757230 -1.95160997553038573216
2.83416355729017421794 -1.32629449271792765330 1.55671340182023154597
-1.15882875765692938685 -3.81551206556828681471 1.75379306327548523115
1.38228869891938810355 1.43232315082206351775 1.92763888531486582423
0.50003541366593484696 0.61062272204786882668 -2.06759231777213825509
-3.02265847048608371495 -2.39981896127514815475 0.32622836395348286942
4.27484465676402169976 0.30001079356708526547 -0.98047783022674028786
-4.11028884457985821399 -1.96302039620546509013 -1.38512178798280372050
1.96155929156052177831 4.21668535975005109862 -2.67137237946751904261
2.42533209737739330336 1.24958482360579381520 -3.74183352539507785295
0.68560593587244067493 0.51217658685208000691 4.03204179850805122243
3.01706936583289486720 4.18847766570090396243 -0.91569558566726483306
-3.75924654612365305439 -3.31550941467859638934 -2.21917833604039271833
-1.32715892469957719157 3.83294986143251303901 -2.96459800056720457206
-4.00670361568108557293 2.32136884802293241847 1.06279024899193608178
-2.62502031928062384836 3.91574482551208813419 -2.22501748722120229473
-4.37373483705178944803 3.52236768840601666142 -2.66740373182551815390
-3.74634828302234534902 4.28663576356384989907 -2.03509807731743741499
1.90482293711845240836 3.86982027765259939400 -1.32317764960539641095
-2.61050169922427732772 -3.44604740892293381904 4.37933955409116304480
2.14480343964444131188 3.61314069409254390308 -3.42099012378596745165
-2.81447240430379519438 -4.24054455552089137882 2.46967889673514839899
2.14908723962378456207 -1.86389426825972837065 -3.26396321269807243581
3.91918866973701174317 -1.76932399120048877705 0.00720937221099493541
0.85602408468148194487 1.26889063914815825029 -0.93935516261847284980
2.46369947140244871520 -0.57391241569478168572 -4.30702326072441454841
3.33626300777101203465 -1.78033713819525196698 -3.86610554576814724470
-3.32071426599334484919 -1.01093216266927754532 -0.95437926481232526754
0.29942837121152621194 2.58952043184788927022 -1.89695898449219324533
1.23188729989348910721 1.18855413516062391466 -3.60414846450325310201
-0.25924512758825990488 2.07539589117766354320 -4.30691436783480607886
0.62326100959070096508 -3.64289546450450396620 0.39590213784973915523
4.34878395155738228794 -2.43027379611704930085 1.60876606316210590819
-3.41755750474837771691 -3.44634467682816758582 0.02389753288378670959
-0.37873391653824839409 0.44692702600961098369 -2.75911596713136519909
3.04538848511632753713 -3.50741820375944968191 -0.20055241075382657101
-4.34230110516646927721 -4.34793722008922767230 -3.22045335523123954502
-1.32145371009593359801 4.43384978334849311210 2.53845611853856389928
3.79307326565698854637 -2.91325243012190160385 -1.82806313930845565352
-3.77033333980088913862 4.10641114593941036759 0.41573955850551680413
4.33589329554355185081 1.24969065506710474978 -3.70877679243934021969
-1.70594772497994995319 -2.44983442403911055862 2.54534985975031524674
-1.47241805602963804489 -3.16573899801627467454 3.34828831754353117844
-1.34784749881553178597 -2.00163314047214146996 -0.76448905357733121235
1.85084387328744082168 -4.09105438449507108345 -1.08832158068480877589
3.22950788320384507557 -0.50601333251149860359 2.95368617514978382133
0.67687553806178346605 -2.02184841502245982170 -2.63612055091457619938
1.31638870994440537743 2.31532675526807185662 -1.45025054581995860303
2.20593501389071899865 -2.95968173690369962259 -0.95581111998072953995
-3.42846720392354509244 4.23776585919890091958 3.12281911176396231866
-0.05615663287227601330 -0.42074530920642239096 -2.18106456500140444277
-4.39940238033823050046 -0.80895915830936582225 -1.40273101665716826147
3.68927217021132047847 -1.77941812505972407621 -1.42484749056786874633
-2.94509247260659590140 -2.40815490296316836449 1.95276990971446640089
-0.26740345056564951420 3.42024011895855739596 -0.22053504507640653287
1.98572823198996406546 3.30873830831389437179 0.53650016951889778483
1.91954032533662211080 0.68073979705918219452 -1.35505549105673406274
-3.78344538053969792202 3.54945782574439849810 4.51026427380448691196
2.01049329671478016479 4.09514673850028199098 3.39497071582494491793
2.06401345073885966741 0.73339086616327264778 -2.78538816658224730460
4.26732756659192258297 4.12743985701492999141 0.29012159724676678252
4.25242297699565252600 -4.09641846578347923469 -2.32370041506851032764
1.80717171932185483030 -2.01185043559411536052 -1.42874590450816096876
2.25053484910514089989 -0.34069560214362848427 2.96002405244268551598
-1.26723679242481646057 2.06196767570318240104 3.11701105539718970050
1.26387874690197765659 -4.33044029506726424472 3.02336635310570400748
4.07512369035169452758 -4.37446468133758958885 -1.34928136835323719822
-1.66080882824185493973 -1.17938703654684839961 0.71289107336466006615
-3.19213617633964696907 1.91436566890401937968 -1.30623778560948089478
3.35040981742097709883 -3.68940105062505674383 -2.60763964177993079474
0.44668842251201290594 0.01015355792716476913 -3.71864456676573240657
2.36205187680329942168 -3.82275575561073255315 2.42315043797580464968
1.74921657484525905346 -1.43815130426300674671 3.77016091200964620356
-3.61529066385332775724 3.82964997885290348023 -3.28596537972614610723
-3.34231982446736797243 -4.09295401085790366835 -3.58777896440465227101
-0.35595089895814169267 2.86107153974174188704 -2.92403052745613178942
4.20318266790790584508 -3.17882367545718524937 -3.08857723068702405556
-3.87839521227823569305 -2.37201599376277005859 -2.60956181096903128136
-2.22443828991069025847 -1.53734672208641764968 -0.38723562714537429486
-1.67185151332606007912 3.50575738387946866936 2.03033333352690092966
0.84295471039146718795 -0.24280615668477079083 -1.61640671692802362358
-3.59656799798006199254 -3.66780108159450479732 4.42514264334771123544
-2.43993567185433413158 2.59321923547923827158 -1.74410479560246178821
4.39039269058820291747 2.58815972215400336154 2.44175947435904117100
-1.44022839951323344820 -3.71446520599603324797 -3.68678153030565658455
2.30587375601449107165 2.88787676957379435549 -2.48566851299012681054
2.87086688611339013733 -4.41494846879436675380 -3.49320970018604715079
-3.73648444579609018135 0.17163598021570614094 -1.07630691469551731387
-0.64996255000796887558 -1.51008131161680836385 0.32131269643021376226
2.73955752979890121424 -2.53401130750105929579 -1.97016207204306459388
1.21652852511928966095 3.53975725983142464059 3.04531090169438911630
2.29305832867473302628 -2.35982423021025056187 -4.25590198134544017705
4.20575622807613580534 -3.03284021737063191893 0.78649158026579168990
3.60774097838687435313 -2.70649940504511787864 -0.81338559265521004349
-4.24316923527220701828 2.77179290179502491043 -0.05328633924088421736
3.41127727015122594878 1.15434586368653935295 -2.86907949641819426390
2.93678166065545820373 0.12238493718153264922 3.95657107637471394668
0.43609318559102039359 -3.88184923423932204400 -1.87609494322388936638
4.27603199487827279057 4.52600069462844967205 2.85860207287581058466
2.68075642445609574338 2.10778242382448244285 -3.06672295097929925589
-1.98166663325546377195 4.46467318719267947102 4.41608592316976977799
4.07665619604937656817 -3.95069617007496054484 -0.40035724833647545751
3.24171453587471614100 -1.15892951021936196909 -0.53357255119733437709
-0.46255891185201392091 3.98447170971495889802 4.09574466116696012108
1.64202335628890683239 2.62957462842964151406 -3.41654311309024283361
-1.73051272480222895211 4.30628382753169969277 1.33801059848879333458
-2.35688054204346686404 -3.74380018636126932208 1.39884214496196257471
-1.56259563045164018291 2.01843857509146307194 4.11316564832675535257
4.52732565542510290157 -4.27080456262770535858 -4.49015494010560356486
3.59049308879480388867 -0.30149355101513020116 -3.87572583352155675129
1.69204221565151424755 -3.90881442167597192849 -2.82439030413046276990
3.81938443753851242235 3.03098383248487035502 -0.07127529236211138652
3.02797582612005733438 -3.34359527080435992019 1.67485137386310878327
1.44457447230066993171 -3.31340833507339649344 -4.05741747384711448632
-2.27561388190478330884 3.94992925884751056032 0.24720836036066451413
0.52125863048887310924 -1.22754231523892354261 -4.11449592014577003596
3.55852725239588085770 -2.27445874179083906697 -2.58551515971477696709
1.31023266045463504526 1.57355708758961299054 -2.44959773304340755473
-0.24996140166770697277 -0.65701516455168729181 -0.61164300877993316163
0.17058040802265850289 1.73445454541048693642 -3.24820072202953946672
3.10396013312310792287 -3.54646664503993047646 -1.27165007128100437939
2.90600991988524892662 -1.34308996613954612087 3.93705635564032174756
-1.64893141199179282808 3.46081129522195674042 4.08702664382018010514
2.59311228178486263829 -0.00935363172957970335 0.94655500013585669450
2.76159066039448575225 4.23494579909585322497 1.05856262247503885021
2.86558694411602399299 -3.27887191106084419090 -4.37438927306030311826
4.34819894553659924696 0.46390571513076395149 4.02784129225265008500
0.81523406000916498471 4.22021745070813469880 -1.62856719991669018910
-0.32678940103678044693 -0.72558619817258929174 -3.70670024122466346128
-1.81176352504152227141 -2.70769868520976952908 1.17946968993059364550
1.54196980420121843025 -3.98976880073924888848 4.19483831694930753287
2.95516025790817682406 -1.28091314697615388241 -1.82130091567668994657
0.54867932261135532457 -2.56399726067539779351 -1.68731430767622470057
2.79588168143316906367 3.64132623633090002357 -0.01673819107487517499
1.01210250507760068928 -3.01238478347008609148 3.29882763992414052012
1.94311293536994256215 0.51774232840283396229 3.58508188827737495075
-0.44433123655300121868 -3.29563496317066650931 -1.99992812589994128913
0.68761213528974085563 -0.10282694691526472752 -2.72486197420151210480
-0.83898306786237064614 -1.15736674363432623380 -1.96596643755246658358
-0.20000240483678322079 1.27663172548115699811 -2.30669033534970946420
-0.13724111296505103752 3.41064751503411667244 -1.19953192009810738483
-3.85955270256001448104 -1.57313421645051709774 2.28020566467163821045
2.42363957882127944998 -3.83122277571739999757 0.67685273289664760199
0.67636723573661505782 2.56059028192302218230 -0.73532807248762344088
-0.72953288822021811200 -1.53744653479225945603 -3.07100555792476681560
-0.28798124588755413811 0.96087621720730975738 -4.40995746084373241303
-0.19818318669874290805 -2.53372631562399108773 -3.11135305845795429036
4.42078061030558355782 1.36575435548501200600 -1.82231799827009943726
1.24905707655966136116 -0.50569226727426741519 -0.44869836836169962879
2.38151747481658038197 -1.96439836106473109112 -0.51079870075074396141
3.50299621963333951413 2.91644040391894865394 -1.29268822986476461523
-4.03748336114703398891 3.65039339499596504623 -1.24269871945107723832
-4.45107363331154015640 -2.64250820571396971559 -0.15277963175818065622
-0.45724877427738874758 3.90545271679975680712 -2.17361081183803772632
-2.88398294604974658739 -4.37493197044262949191 -1.16987777564888961734
0.49629243222760610621 -3.40245926808713594625 -0.63812148454397066288
1.98470684111133888194 -2.98817882818551394664 1.71179825005513297498
0.50336640555014788845 0.16064187803056650949 -0.40983384169250935969
-2.31905424866960352404 -3.96279788643743557941 -2.92956813336603572040
-0.70772115664217682962 3.42099268109695220375 2.37404706570145318523
0.55163216764611000542 -2.49752485170059879138 -3.98755368406301480277
-1.38632827044889328505 3.08844132347167654729 0.79098554230786177754
3.90101512728711607991 3.80488172275957747814 -0.82795567638784195452
0.67237458941571492943 2.85954809109670549105 0.46104273531208495029
1.51508611392681302732 -1.53039876594777091157 -4.14339374469423837866
-3.73294555759423252184 -3.17253113403799602565 -3.69069451655369729082
-1.57883344352266874466 -4.40323619578353131487 0.04204803049616323563
0.09758724314202105177 1.80134587304529691920 -0.29002071807880458465
3.43220928256245993992 4.28636652738732681911 -2.14763983585846007784
-3.05678089739676739356 -4.53402758410151829338 4.48626242847732736863
-0.62624497258494082885 -2.79997542927154485781 -0.72294455501632493011
0.75865263156355400298 4.31492259709727488115 -0.55079378567431103164
1.04317430788924614404 1.95041303394124643233 0.92320549096658943711
-0.94990977905982898477 2.16192926643843286172 -1.24386352466863492339
-4.51050380459333322136 -2.22137707771931003364 -3.76877679815197996760
-1.19136847228901920914 2.41721230214879589937 -3.95340600847353274006
0.09901054513811313740 -2.06726928043040958372 -0.29249163574084491302
-3.95987563555420152284 -4.24539639344923180886 -0.34881519312769260210
2.42153260093253219765 1.36687820855995578739 3.68857035642052810687
-3.93371439705658598740 -2.66435114798053174212 4.42425665953869451386
1.19496429764178113686 -3.53908627355827931638 1.41391417512903405651
1.85175260081990344929 0.37756143856302326611 -3.94328116485899915489
-2.29374430867516565513 0.35160167842756973045 0.41602544664174345712
3.70911836120623927826 -0.24165375846390801939 0.71414927623119872635
1.59592827246332635838 4.30959853416086158262 0.37952257781147924476
3.72414569011561180645 -0.72115123096567579353 -2.10289856435156874426
1.41509854461964934558 -2.79520223839370718366 0.31561705164772835275


