12
-3.34936761958140127859 -0.68096937970280002617 2.50979585794593873516
-2.98884032919530495676 -0.17527404208952646059 3.56439089647240248127
3.43106486549502864847 -2.07729693415347460572 -2.98680809406122538263
-0.29970969425661753149 0.84114317770314883660 1.57783014515675645839
-3.72852489561877931123 -1.50924217483461919898 4.50043689769560462111
-1.06920870450719984746 0.09694075270481405937 -3.69519400732441694046
4.07723226310808062323 -3.88487256325670937684 -3.55364967323554958867
0.07601464724548279150 1.26807631080318117256 2.55611676133680276735
-0.59934062097535978353 0.87513927763354892875 -0.85982567345840665851
3.91859443063768519977 4.31139335745924778820 -2.59127167625473076029
0.34982466553083657601 -2.01652536862059683642 -2.48023919692259742220
-0.18936682642980429137 -2.70077278325233471890 3.41820720560146629197


