104
2.23843994325257700240 2.12570018588003062376 2.04430058655521573741
0.27445174812532879827 -2.61013492069809904805 -3.95143189565566688159
-3.59316659648534830751 0.29730996303693491001 1.91684109294285143221
0.13683048412565401719 -1.32033443340910583430 -0.28935826938397202213
2.40674169663706472022 0.78898988963490168658 -1.17023162306770256436
0.96305627233213719762 2.54672306023778638462 0.55297418518848218127
3.11013586988793999666 -0.15561291913752661742 -0.61419202509501369391
-2.86826951673144225907 1.00710628856333173076 2.79138126052195634230
2.27775459278269654106 0.55703880091573942934 -4.45977397116181517589
0.51826094632107633231 3.02941338920136438162 -4.23725719517837973171
1.30370840073495930511 2.35768703208151464423 -2.04528039970751551735
-0.13287126584450614786 -0.81786514976212032479 -1.32517281165750677729
-0.39461700184557013671 -3.34812504502923502514 -0.97999898590999645620
-3.68032648382313709590 0.98959152746429790426 0.51155169263750899233
-4.08976807569794242880 -0.06948379311133212610 0.55519585330072551699
3.26327976893597782038 1.19864578286590184319 -0.26205679041301888077
0.96733037761891171868 0.29624185874559127996 2.21957273491919604425
-3.52984445464441298768 2.65336816162378319461 2.69466770107793163191
2.19396179630517362824 -0.44475936361766255089 2.80563851508767392318
2.12268708778929404701 -2.42646171102862950875 1.05117372608537262835
1.43603666428721243875 -3.53076489164340134863 -3.40735630194995220421
0.44972520185914621749 -0.57270951129022940052 1.62187139356413911884
-3.93770019986563868386 3.05520183649782506308 3.79057685595684024094
-2.25217480578209938713 -4.38170588442437836108 -4.33776720165867057943
1.03472693388668002257 -2.56877576549218211710 1.60153290617465593471
3.55505811880480759868 4.20616172670738119876 3.65710631114142703524
-2.67310382567644877483 0.76510805203989384893 1.08218123415109435115
2.50959568085954032313 -2.97202994024936195672 -0.08340362187017014151
-4.33492134514065252660 0.73249749451506218634 1.25111349107792246826
4.50427698434851730980 3.18584944085773269506 1.05119014188784287711
-4.41700104458560183218 -4.13873700164670577095 0.49275813695501824441
4.18874330259427463119 4.11588010378300506176 -3.93007216097610045935
-0.34549545146965598974 1.90865903961472049843 -0.31372846866581216574
-0.08874145633366481434 4.50185955650913616211 -0.23932632792142705114
0.43329157929427886131 1.51855970597232481367 -2.66902713993242013402
2.18044753870165575194 -2.03719352178213508608 2.66400508623193577051
0.64692558473341854608 -0.78076827339635412883 4.24493384292711528616
0.95687869759906973854 -0.17522837462380280726 -0.41754834664778606168
-3.85998139520041005923 0.32256663992792322659 2.99368849364336941932
0.10490563356969495601 2.00132047109381350225 -1.69661535658095541379
-0.17893071971957663635 -1.41871345019446870594 1.29490325543903583849
-3.81008240530028619020 -3.84463412616089206253 3.42042195665378923053
-2.25707659184314790579 3.16827034511649952009 2.32841302917479175960
-0.94496799351738225425 -3.10499666933243201328 -1.94140482755925614100
4.27414288350070403766 2.23101648880018821330 0.42004449959297307515
-4.32004866276540244741 3.89932082626465881248 3.35247827126151154431
2.97934240374745318292 -1.55927692829074571179 3.58200409397914665277
1.55732006831246838630 4.01262815601711242408 4.39290456367177650776
1.90628365038973957013 -3.18226633809569792177 2.08102698298551835876
1.56176473530739556850 2.82979874056728863962 1.49495091886435726991
1.41194925377814239909 2.33777540121329696632 -0.94764314638341851094
4.04229163061651686206 0.59666432342926079002 -0.74938475808544957601
1.10727510268143802818 -4.43550182128730874354 -4.00465185271661283650
-4.07935903847075920226 1.94120299493349346420 1.11589627821490378068
-1.09109726393436456959 -3.75458189403890862934 0.72313912138787284078
2.22038657830598662457 -1.19772382350187811539 -1.58070169396633408709
0.18528463632239944303 -3.86992759095892502330 -3.66984231127443649711
-4.14790303130470583426 -2.62775845116638073762 -2.04999297314017514537
1.73761897153364053281 -2.55774049789348278949 -3.04203946485976306491
-0.56105305919509795842 1.25783118869979038124 -1.69479330310927434056
1.95859101497127863212 -1.29565629938626081241 3.81572772043238028772
4.24613573380481579278 0.83254651142447677614 0.32636253153992189624
1.25327543838138755206 4.03467658288573094438 2.02442250673746748646
0.49934899398780885349 3.89915259265754965412 4.31165629123479643425
4.06166961811856008779 -4.21729087904539667875 -1.06071791438462614821
-0.93734826125792647389 -1.01740169881908215643 -4.28474806619146253439
4.20329763232515940530 2.95597095458029013315 -0.72767135133348137543
-0.61743803690907439474 -0.48718245473820154245 -2.46457479943229396113
-1.71540876590213375863 -4.49625695216044096725 1.17320388655868068639
2.93215189754380123333 -0.32939316264218909680 0.38752260531392312970
0.02737779123956762817 -2.53058191543264277001 0.99259427805837763259
-0.75322664171025532909 -1.99699199091762791269 -1.92528453652198905388
-3.28523607134021666809 -0.72513046823370608251 4.32044434485482486963
4.32191094705138834087 -2.26712814962471664870 -2.98074750810571575954
1.74293682715049147447 -4.20358699647910061259 3.50933397016801951196
3.04414042906825699220 4.46038633711842091856 -0.91141422435860031115
-2.25170778538340288222 3.77606648876405959214 -2.87065163620156216240
0.88498620925730620002 4.41685448218543275090 3.33948677085379852514
0.56684001902144132146 -1.86382794541946816835 2.27248009181413923585
0.61741989616024017806 -3.37130229256930569193 -2.12786012814035307983
0.38151525589259005500 2.74485443758622515986 -2.45365129063395093212
4.18806081197745339040 -4.03894598487757860994 -2.10754270312336844384
3.45939476528379152853 -1.58815524994301604522 0.87271645110793638622
-0.13650905241128885592 3.99407359566761410719 -3.72594290632821278919
2.82928804813049250555 -4.37170617384845172637 4.18539909005033461398
0.30081377328580849451 3.88726378379991732714 1.51208709018411280312
2.56459846902679622360 -3.44460129803559578221 3.33576090002218084152
1.31113659821803274497 -2.09977843760557725261 3.93918662012460796262
-0.20312239710505242130 -1.58326795689839006087 3.18810246130172814105
-0.24686671716937347298 -3.57095518351014673541 0.05705013854297114051
1.11860644617479998431 -1.53589566774691688167 -4.12204632174430596336
-0.91564883384387485421 -1.09335228626572211752 -0.14140002315539845767
0.33382450392279139351 0.25838751820584526797 -1.51498598491830938073
1.80169810415933806524 3.36519821846531286269 -1.89174268741946516315
3.14820829435430038501 -3.96589627712989223340 -1.72605982101573385279
-1.92204969148947935054 -0.56223244598882571310 -0.89758936767541630530
-0.35160183785586696104 -0.57874797119020016112 3.80896614916585729560
1.77528964922045329189 -3.03960153627259499487 -4.21653876145122818997
1.59105058731295212482 -3.62503166220819883492 1.25296556647065049361
4.03825706536928219492 -1.90212290137532358258 4.16284914070634481931
-1.04218259299432602916 3.82575782338189096521 0.31941160096781828770
-0.07046372849171067543 -1.78414327769754521569 4.32458443074323906075
-3.46384302721184322849 4.34697893981406568997 0.36942566674717625119
-3.75205448213523196088 -1.34007329921298445896 0.18288579890960487973


