273
-3.10372133078646195159 -1.73250247891567132896 -2.72551654702938295216
-4.44589737489597602860 3.78537435475746608660 -1.18166074136250109916
-2.58514944271869762105 2.31746769624913984131 0.76282557662532024523
3.79005102943101324087 -3.41260741410897905368 -1.07471926838657072523
1.29841876254180643713 -3.15502362811206227278 4.40828069398482913499
-1.71031298444939672265 -2.82955579461683459641 -0.52609893478701241776
-4.37473233146636175661 -1.22165200444980559524 1.03468838969925869264
-2.26579247246530046667 -3.51949436309261809441 1.80103331782499154201
-2.29333548022042821302 2.04128730977921879486 -2.29004123234880374582
-4.19622045946802657568 -3.37025910354079316633 2.28734967298270586156
-1.23046238002785202070 1.47433040414855032196 -2.25767839697084493622
-3.95733641489002740954 -4.39224468635957965290 1.20895614038748178132
0.07624128196092083698 0.50556528154807178765 1.50830497472014357641
1.45904210147044022250 3.10198360364263603373 -1.38609533354919056691
3.63891762264485318923 -3.61367702566876403125 1.97900505919330438331
-3.69616408603717339076 0.95577333063395109036 2.18006353308101719080
2.84944743289274438069 -4.53186217469306384942 -1.04199452522190716408
1.96370299377090251625 -3.78992916467046514484 -2.05434798230536541652
-4.23898968144505428057 -3.00032642375155234049 -1.16951879132044966880
-3.23605674728558811992 3.40538074028134207794 -3.22497436984918817160
4.05301807485373810636 0.21142825997812053629 3.20747730706652500743
-1.03558516579898451937 -1.39279242279806858562 0.04904992896678361802
2.51196454660366974565 0.33442387313328492127 -2.69016783656402935776
1.89168635488127279132 1.71589492610351701529 3.62312425541442006960
-2.32161853872013868028 3.25878737642542137820 -2.73320501301771834335
0.41738437443321085851 4.03588683514866186641 -1.43890332821944211261
-0.28308466179704616650 -0.74874151031439772908 0.69345720470309135663
-2.54802828323066909988 -3.99776963678216734621 -3.10314192832148627588
0.61266418357049623467 2.43347263496284504924 -1.60268840028324888181
1.30196395652037733015 3.82585820171803359102 -2.12550776470719338107
-3.55130756320426321793 0.41138694809464038116 0.32174560318671119319
-0.15398925516483785714 -4.16680948378484661276 0.23853328915823190925
-0.66774947722874422595 1.65776232389217614838 -0.90818503828977181769
-1.37787936432956437116 -3.88028272773323834599 1.76038192007667060324
1.01589920245561238232 1.59970989092492743566 4.29083218131107368976
0.33981848591303265295 -2.80246995338068405346 4.31694449226901877381
-3.00036134397252807204 0.64209198281048074364 3.01823736107207896140
-1.96261636960906615812 -3.81330212638888266241 -1.79622119119041334656
0.56249903806068601853 -3.50110996939254714988 0.32654266074373250461
2.52378619444661911331 4.26815584955740501272 -0.03652755442239286054
0.19083487390782138959 -4.10481299600264559757 -1.02179898694425119743
-0.58650849734309540295 0.06215768954178990668 3.85453595338096821621
3.24151082664803613653 0.63192428345218232266 4.41287465123641364784
-2.90084779618389365652 -0.15931967986116646330 -4.49758151793239502325
-1.24518752717477454439 2.84128929578125699607 -2.50504377838037139981
3.15143177107298289030 -0.40616648079578343555 -3.34038127925361028048
-4.07280969500618184043 -0.64002480872409828194 4.02320501344218595108
3.88556073645386756965 -0.91450101471081168825 -4.01363683275162586028
2.92636419986195317477 0.09271900582242320610 3.19418633976441235234
-1.31194338017976708244 0.99298556500385526391 -0.15483205467091121221
1.22819768837102838432 -0.10757070391418288580 1.32704636091513172858
-2.42556631197718486348 -4.38723871057040604171 4.49368085318082588486
4.19438964593139740344 -1.55183027063113732069 4.01089992713897292020
-0.72199132299605528473 -3.30285317632831221246 -0.19618738704292759678
-3.73510308597316686985 -0.68221641692632939424 -0.68102231474175489723
0.93818123266720210296 1.16221847059767213750 -1.77087481550423042620
-0.47122000778294914625 2.09302732218272335984 -2.47592769207876939319
-3.35472815994114315075 3.62565073988849473352 -1.04607644059508420042
-3.16966861714908132441 1.36010393815912777882 -4.41120804182617387568
1.50380505492182781069 -1.54066286702564969602 -1.22156069448765070007
1.61552022435264408529 3.76102497272170044340 -0.55085666305626190820
0.06094552122587248988 1.49558078154202878096 3.76092767382306458757
0.39236303360206914448 2.93337456621356285069 1.14766325295502813475
-4.05889052601005495546 3.25764267893731496173 2.20434888150629415549
1.08384807155615892071 3.77027661293165028411 4.51917497694706948863
-1.58649820585070600032 -1.70839801639494215380 0.81650639014682457884
-0.27641799720631965442 4.45847081275006740242 3.10964778343817638273
-1.47595252366639062558 3.69815394820074683224 2.67506993739930720722
0.01071495977807046529 3.33593612991267374213 3.47448973957226936449
3.50493669972365662346 -2.28155860936216781099 2.05927722193324846955
-1.48582360362822685218 1.99056263017719192732 0.84512612336607961794
-3.06762849834462469900 -1.57857535440736418408 2.64672238067014031770
1.06365008859319853940 0.82173549994293892951 3.47369298192647857348
-2.51418913503468566262 0.91959793944364509599 1.96386372064281733429
-0.45836723320627825728 2.86172919454612095791 -1.26857311291112484497
-0.46395798312117264572 3.55107973236073437562 -2.17148881578503782919
-1.92700517635702617270 -0.31775587548531980531 2.48070062898231480375
4.02460399132499002661 3.29088586774826996617 -0.44960624031317042437
2.74394149966625544579 -4.09409630011119585191 4.32368019177162477007
-2.99584700110125590200 -2.46275542686656612190 3.21697477855447644401
-3.50252411718338496627 -0.94048190585633140159 -3.81837708713813617223
-1.49041945239553363933 -0.44799183538657683101 1.07358982296925908884
-4.32642307084747024248 1.01063964101925751748 -3.31849434564325429520
-2.53696411506874808239 1.42268056753172178475 3.62341628586667052758
-1.56426681967582226207 -2.09657601030542606324 3.58094724967214528277
-1.39117230988013051984 -2.66900933019880959307 -1.81257704557112964139
-0.54826633436195137961 -1.31099471752307383809 -1.02882256726334997410
-3.27109786030910631993 -1.48916580258523012503 1.53446456976447098697
-0.18199922474665530814 4.36585380646011866901 -3.20182094572599762472
-3.29387400555303155869 -3.77819564446320699247 2.01063996546263812348
2.92692479691200535541 1.78850637258758915493 -1.99936896896929061640
-0.86592220105345951708 -4.06195685983572829514 -1.14863359743503368193
0.13021507462737869076 -0.99316719928228813785 -2.54388554648658438140
3.29962491638714983111 -1.03881899846423575440 3.15512009942825688569
0.32676319843836321155 -1.66887327518352357458 0.88243341734465552406
0.70246551675652568747 -1.74187135635223455665 3.82620934463318906893
-2.13000140687393058059 -1.42504553898258023992 1.94419220176112350629
2.85422508731882818012 -0.70231829528524869488 -0.26777623125774319135
-2.14324487856990764101 4.01653210417955985889 -3.66867274962642264668
0.29967441229711511141 0.26770558321733251006 3.02069659053539929516
1.99880486281755143096 0.75647611517998747388 -1.21062900810213358582
3.42788661045186593412 -4.39926029563523890431 -3.54452417009456688390
-1.73407319676939231101 4.52319793892854971062 -2.44842170452725893526
0.09042416134759623247 2.77841987462672346254 2.53242182460675469002
-3.56582779955885253997 -2.28241161858244234750 3.98508619769457883564
1.09641778994472893771 -3.65694288652141308305 2.85554910031318431862
3.04746385666252983526 -1.51420703537264245142 -2.36229476631078716409
0.46762431336621990141 3.74382867581224143549 2.47046323568547787630
2.49593866648775009054 -0.61043239246052083402 -1.64201919655583505886
2.23527797348350443229 0.38559242063538512468 -4.52204894707761706485
-2.85796151622321792374 -2.73407232689410850668 2.16151403989853374554
0.65694083038655470830 1.52075760833801343352 1.59070170220204420986
1.99347865895389730895 4.34453712560733418258 -1.47922860602253969375
3.47333400082996579528 -1.78209758281594110585 -4.16492001604902473133
3.30629227151684101926 -4.20022026867482356494 1.09388357480121900522
-1.44128501060458447114 4.04672975420076053155 4.49036473155624360487
1.92676731105854148751 2.85267594877367702821 3.52971690153701711523
4.38200878976244734275 1.91714362548814687415 3.90463778253911808491
-4.33533323436546780272 -4.12037289948272533735 3.07467795606254323815
-1.19921104093774344435 -2.69615634680373039700 0.52285543517638544131
-1.76585975908043790739 1.96861284137013115014 -0.17490278355675226152
-0.52371996783421526089 -1.85867391531507308855 2.62680917941940617055
-0.74696828280071470019 1.56453288960333036783 -4.49896406636363987985
0.91614132989268526330 2.69865780512661146417 3.14002017656491982933
-0.62438316381429537216 -1.01835670141001699562 3.26829445951841091045
-4.19360076967922967839 -1.86656342656385865197 3.33331097440130896814
-1.12602952199259087607 2.96454127784084064956 4.33299220311705735043
-1.39842188099268227575 -3.12145411208133749525 3.41671222875978131128
1.66490793454852781252 1.24457004956316819033 -4.01051930450394777949
2.23776688291886394211 3.26969483628033774636 -2.76782632985525145486
3.01642187240773651524 1.53921866645267879647 -4.04096142582471973270
-2.15229250031338414928 -4.38691580673217629283 2.55246129669456855993
-1.81706968837836146946 -3.60661390850434981914 0.77505857400231459309
-3.27352065218584931117 -3.28835767392191424818 0.42349671523276022356
4.18306769873014960837 0.19623244283386220843 -1.12596501005376792293
4.26689733203302790088 -1.23696513297889953975 -2.32804669331858793413
3.38094703974938237678 4.05269005574321905527 3.52964469599483887663
1.20835556883149042307 4.35727441475498533663 -3.48656722923219364318
2.66944358289235683657 -4.47927525056679254334 -2.93979253842660703810
3.16564006096498840037 3.68264305006417824728 0.74127235731385621165
-1.33935462954481065978 2.60711757688787670872 -3.75593716640917829608
3.58178194775841252095 3.55941528132554285691 -1.60462571361242600787
1.05021181376223893267 -2.78043522280121502277 2.17538752432166404560
-0.94169210903320532680 3.70426784449248014397 3.59454781871131867632
-2.36979697921189869092 -2.35539355336810674046 1.27504027537224562394
-2.48700184342846020158 2.71694198643730366882 -3.97704451884310605791
0.94848316040026592333 2.75987669332182594673 -4.45203009013901329638
0.73222337376558943589 -2.54410843662568364465 -2.37815513894074426204
1.70847366852470816667 0.26794302947425840955 -3.58330905766331042628
-0.48182333464590776373 -3.38173302985823331923 -1.97214823196671407146
-4.14802390128571119021 2.27122634105157050755 2.27780902544296548484
-1.23962579168421171971 4.40204276184034259956 -0.02296503793197057774
-0.20502424229667770561 3.69558263034944101122 -4.35870449477238874891
4.48407002844439173117 -2.94690174891011436031 -0.16413961193678794359
0.01381590546190825108 2.33420073026361762913 -4.25247132663983951062
-1.00396817018877948513 -0.20142272223506285656 -4.22977743014807483490
-2.59369046566577887702 -0.13400798268196645324 -2.56715482123997107422
2.97063663517768894451 -1.85192535351259124354 3.92216707754806304109
3.75085392926309157957 -4.11333162741390978567 -0.34496773008565639884
-0.36634558722971544142 -1.46348163936344288771 1.60886824424055951965
0.34972243309096828767 0.56826982758062349887 4.37844605221671212547
1.87754486758736938157 2.15934253559973310388 -1.54564916635980287296
-2.85238390216345649719 -3.87399160215369287030 -1.23305523964192786934
-2.10291534137682223360 -1.82504824425569900370 -0.36684822411209072612
1.67544573454067791118 3.39647096149904825779 0.85232950926109207757
-3.56028428687833153887 4.31216551930747282739 -3.61055409215292222314
4.45291801116719820897 3.82845557878863740342 -2.33875517276375033404
3.46947977354610070932 3.50067898621880235766 -2.65374513028116520985
4.15537941870797578048 0.31388185700183779403 -2.24549921519576800577
-3.16308713405012698061 1.62567465293742063892 -3.02663934849799831639
0.04307576833069859390 -2.78776296883933794035 1.02044593419913010024
2.00849240286792696253 -0.58296562775016180780 3.68494143312720989769
1.83895046610354384597 2.41226868802685423532 2.22378677264717428130
0.21784029941573113121 -2.91796763212067222781 2.90171287491005269743
-2.38345529023022084658 -0.15245014157947434086 1.53996801221020174211
-0.27946395757218756017 -2.30169531367398949584 -0.04374561384883346449
-1.03141418953061503316 -2.98195181568619593904 2.32688744036562145112
-1.73527277365192711400 0.53008120471697584009 -1.48333662199753435473
-4.23812399942369921746 -1.74173177770014531163 -4.01905787144758530616
0.69849026353612675422 -3.09849987279465821643 -3.59752431607908107480
2.16836974884855937518 3.85009018467377739370 4.48748716433160854677
2.19037007287903140451 -2.29793436364739322997 -1.82529064866470491779
1.37809276935618196802 3.79010928457289519855 3.49319569216149350410
-1.88819716677768267843 -2.45038521894702254755 2.63356476275506867779
1.34804488919363496535 1.96412499844771293311 -2.51799455092768154074
3.39092795682795777878 0.13510345443258753306 2.13765905429537905746
-0.65820861639962480183 2.53911367775310825579 3.22716507101522243062
-4.38180832554028842907 -2.43603222527864682334 -2.83134601536034713476
3.39310708871344157700 3.79980933428363076843 4.49959117018682785982
0.38377942942895337808 4.45613412608009351601 -2.38117232466645489808
0.24333794448595646998 -3.12532169655439995282 -0.70670163463187707364
3.88655976298586214313 -2.70668528289338450321 1.06236704821617156114
2.80126589507885714880 -3.15113042729593928470 1.25524214201368256028
3.17682886806746722641 0.74611565177515970504 -2.05206081788453964521
4.22309632865876505292 0.21300793691191000079 -4.48309975217107048451
-2.98152449261300889205 -1.34260616470125970778 3.82112551774804654059
-0.22727917729391133861 0.70624202837648386577 -3.81863547949338988374
-3.06842163468197215437 -4.41408814026084694859 0.17342740970643166776
4.27224899447810901876 3.75939832375603177894 1.31421078238779376335
-3.41462003562430016501 3.44709506040384727754 0.06921855595852832721
-1.20720764284732062777 3.51588084301406578192 -1.34535759538766530596
-4.29242205886844807594 4.40274489662732104733 -0.22497170798131449487
1.33753555622203901265 4.39359405917289880250 0.39724766109631115540
-1.37442477337623403244 -4.19718200913296790588 3.84299980134095608975
4.29416788956630934848 1.91905221034030848415 -2.64067224530312438802
-0.31163713250981306402 2.00981478827013315680 1.69708822847311946447
2.84429280677028462065 3.26852705843888990955 -0.50431826600550433426
1.72339724818333550616 -2.82152251104251705627 0.00682056798695018784
1.81495438967143751796 0.88386847359029108162 1.68405417097723297815
-1.29902777443266703727 0.72110617607302707199 2.13256968211857600437
1.93110362656195189146 -3.53455128048491751258 -3.62300615586828334003
3.96625212178641728400 -2.18840006294212674476 -1.59622688025966041891
4.09958392361593926267 -1.53510482345516763303 0.05969645843934401341
-2.94658551698217996417 -0.38298111878140428388 2.40478329189916184561
-3.85932387604951410154 3.14799357726472095464 1.08244668926372611395
2.58014790298150753500 2.01436485265228171215 0.83501241699410755359
-3.99841379467040791695 -3.06272488366949469096 1.15181220255454430657
-3.60441672596969331366 0.34566792799910661671 -4.03547578176453214382
-2.12465041970881074462 -1.43745144188500661997 2.92994553449487238339
1.64963437279723290629 -3.91043115999844825836 -0.81921855181462488460
0.52008731101652649897 3.40244160368733083999 -2.63202838205996636489
-0.98937483295435324493 0.08665810291885023275 -0.57953884373316810752
1.20824578267690263544 0.20202668268901113890 -1.46397910631711347662
-0.79350833147549471036 -0.24522830830023867321 2.71494011877663243837
-0.53575894559011683072 3.10781858657549836522 1.79410553620798918217
0.57411128653698018098 0.82418436999607891380 -3.11303897933511830587
2.25103027400295641058 -0.37831131041418952776 0.57591945749252548836
-1.85870495112332934085 -0.05093878802965701169 0.03866994033351023319
2.24031388183017643456 2.83614799918199711470 -4.29246263184243037614
-3.74527358443077407202 0.45235350469582602528 -2.09434106903668704192
3.11259034291680425355 -3.88557519672857409887 -2.03411704045636732019
1.03920281518701873580 -4.30946556603503427851 3.74353602316333056166
0.93046842758113434968 -3.90073210373790857375 -1.82508094933180720076
-3.95665328475793964813 -4.44408385080331402861 -1.23764023760003150088
0.71356503209910027152 -1.29399446229773218420 2.39154816409236570252
1.58341212077482573761 0.92053246508659736236 -2.82328701958068872813
0.82875968803950073038 0.87166287892227867218 2.38868811374196710062
-0.34278468491293079268 3.03402722940286651010 -3.09933363627670210860
-0.01006476079620988173 -0.51149895175177029216 1.84782480833971352041
3.09959198316868711487 -0.60215314686629906049 4.11702153864470243860
2.54232267771124664790 -0.97232835541792628220 2.42415198662650066552
3.53248681713355860978 2.72534407797795541484 0.64554252951709667485
-1.34586998805853985672 4.17396647849893920323 1.09893128203343248828
4.13391698702591359194 2.71776283696981124649 3.00411243830767293872
1.42202201964990315730 2.42486247538796373391 1.02385240868917204438
-2.12149313652136806141 2.09949960252025835672 -1.32157515901211697340
2.14147823496799372123 0.71855708155509212531 2.70539867167090886113
3.57086355123454612936 4.45244608604669789287 2.39247760952549448632
3.88236426646534749096 2.26997916841113589470 1.68994312216176290065
-1.42560686935048730462 2.30931827681532375607 2.02484288487401276058
-3.91100844456879404021 2.19965841054838673330 -4.01751817710842118458
-0.44087126722353886521 2.97292947922331496358 0.37079031240658899549
-3.90818457306320476974 -2.13314248701756259408 0.30970821412133897610
-4.48778265802160625242 -2.08406673685789689543 1.75393569633689860865
-4.37110684834356533202 2.09374576434630821353 -1.74812460966805094387
-1.84592765854103468826 0.54406978395587834996 3.07872242844869870027
1.64326515353075652826 -1.21916283180878615156 1.07526800260159749456
0.82956763878728700945 -0.12212330901034018638 -2.75279416281912148179
-3.62751574968978030000 -3.39748108815983274056 3.65655478862230243209
-2.21599747024596105405 3.15846922864146417709 -1.15470626237026507965
-2.78192869459166702839 4.28774991545569594820 3.33718461388520193367
-1.53728362685782782293 -0.30033733030803677622 3.72501781013857158342
-3.57319148344033754583 2.57944977101683559084 3.32145558166232657271
2.73554409566515044361 -2.28543825483775719931 -3.62170327743833997403
-2.60997589672879293232 -0.25295432967579412065 -0.62836387987978525871
-2.01026083863580673494 4.09826785971616924797 -0.95476078099457284409
4.10391538835887015324 -1.70323697385621786182 -3.34092797329496882242
-3.40450936012087046478 -1.26730070624393453826 -1.78254722561710110540
-0.36900876794690784521 0.88572294010290342214 2.40496452847589115009
4.17991248161466710798 -4.39084647553194429292 -1.66146441701506208943
-0.41259476916244253175 -2.50445553678689947219 -1.20292633614638688755
4.11433789982602871049 1.61523176490236153313 -3.85122174509712422719
3.72098123060697805187 -3.27164070197422285347 -3.63395420478556552268


