350
2.31767014649409741622 -2.92655874762484957685 -1.53217264173730693955
0.79382376547825206359 2.01481745723441019180 4.04541974473319765337
-1.33636279790739642692 -1.76682522181871082267 4.31730814992795419727
-0.31558774627834473847 -2.48720461633583944661 -2.44253519009262598516
3.12513352923300047337 0.53834023723540536110 -4.25514466610920116807
-3.04029201005012517101 3.23320914765858002937 -4.48959392485304764620
-2.53542524496292198677 -2.87537935474204608965 -3.51256550272511969268
0.23886100449404690238 -2.02659281606951280352 2.89920375749905456786
0.02276206324816953952 -3.43430777266848252793 -0.56593077132270508400
0.72683205297801922740 -0.58738461338422842672 -2.91866669169934311867
-2.03649064596530271487 3.79667822553396039353 4.47821151672051609438
-3.34572353352065121612 1.72520896312177196563 -0.04588645197249618946
0.52819278306243688803 -3.94675387683521927684 -3.48830874982686500729
1.90898144636889988135 2.99935513102901651905 -0.10911727730100384548
1.86303769527732931977 -3.70256772946804701974 1.06481558263288533794
2.72051643432275991330 -2.93474521814876476711 4.34973456023380133928
0.81265017521754323582 -1.31392202930670265459 4.09986888435997354208
2.58755655580148857808 -3.85242242978214299853 -1.36512945459049639396
-4.26615293065226275360 2.96778015749679546786 -0.37078728957931161858
-1.86043609365985229687 1.56090444919941528923 -2.92441781407741796528
3.23449391406562991591 -0.63755386077789832910 1.80568635539052468886
-2.59041487390905400545 3.60504944962359719085 1.12351475113685417284
1.83372827459332210509 -2.88396539404401863749 -3.50608836331930184826
-2.93001622818408646864 -3.58859926880227497747 -0.94839752208225869268
-3.13232077139492082196 1.11290425375710899658 -4.33437510046291230026
-4.16042917096232311991 0.95487389596056093666 -4.34341856364334955032
-0.15933838611372763694 -2.18249929883269677688 4.39700287311537163504
4.19491265874026542093 -1.83085669648782412011 -4.43259605244645182864
2.25200367403966161817 2.00068744007303944699 -0.74960991032471113726
-1.81910358066962274393 3.05214502920821573184 2.80857944158299410731
-3.42611853886693218385 1.54188537187975338583 -1.99277591588816882506
-2.36133685334985310433 2.49988491204394325251 4.17073347231079427644
1.74567226670250175147 -1.58269114005250877142 2.68280278550963391382
-0.35648140055345933774 3.32258334715975323093 -1.47278345811669852949
1.14518193775968324388 3.38241761649035588277 -1.69770960033824769297
-4.21597720679512466546 -3.41412953274550590166 -0.99769055897539171696
3.25007621262231793935 -1.90377380741445634271 2.43611591025139784250
3.57939033263126216156 1.85120659064919834691 2.23075272313433625726
3.65890744337389950402 -4.01585023017024855818 -3.48767568733666477598
-4.36124671672025332470 -3.35704859548033507366 2.12931353118750710252
-1.52590180533747066249 3.07243175419726011199 3.90528416427741031924
1.22052101371493737503 2.31387180473979281459 -1.07620047360339698983
0.05249445696161458841 2.09284348516466156553 -1.37404659505994120039
-0.98543142178067277825 0.76700939004285295653 3.84925594182803632037
-3.88051302914365825458 -2.67339385050369271468 -2.74468337721366539839
1.84898990933259543823 0.02813793542869547082 -1.95018386865377557626
2.72742585110852697738 -3.25833802001770500567 3.13867280388248115486
-2.70753499449546763955 -2.41529724506366472170 2.49303863185301199934
-3.95713826201894125489 -1.74763183935357346854 -2.31766845047688052617
-4.53766661561739947928 -2.72040691136627632574 4.27580912403451218751
0.72198052816163738044 -2.60528981564596406884 0.06337876222787031111
3.05695678755970146057 1.52253566178237154105 4.26755010231010967203
2.49993880756010611321 -2.10556456083052845329 0.61650964326117208003
-3.84332855102228121424 0.28094102749475791114 0.16742693209157621936
1.55969610433900118807 -0.35895358504159879942 -3.35112748216592093442
3.54145876537679793472 -1.92465316730880875440 0.24166640355129320739
3.31479708088564439805 -1.81700875167007280808 -2.39907573221599434987
0.78242541670201060100 -4.42652009174072791353 1.08125110142680025405
-3.40669845884157318494 2.12770441873591931170 4.49444311420497566445
2.43252466076018425412 3.83011066868046423650 0.32716888655961806620
-0.69127586951521990954 -0.53264099091789862683 -0.44485173698091617922
-1.43051490849313900355 -0.09113819632483810551 0.59852299177065848568
0.96707335791746373843 -2.73785664074244960986 -4.13128043436852365744
0.11416219794347082228 1.88416812990625448521 0.55035711638103546051
0.27537952069221471874 -3.55778241444513998459 -2.58165531027635131167
0.12415567050511810976 3.66666747047686936156 2.63290649531596354649
4.48070029013544779417 -3.64682036419184552045 -2.05085786293842708972
-3.08936807185343820237 0.13941802627632338130 4.10870735920948693121
0.34612027240883502799 0.95872459548847910327 -2.49749764308141797287
-4.29680695113260480156 -4.01479777012189309460 1.29905876153568744513
0.55942556306407364985 -3.65266899900084718311 0.46833511063849986300
-0.95297255352112486548 2.85306480260864070431 1.79837401923686801553
-1.58911807582959774265 -3.63345239622977889127 3.00281024933213647188
2.62454357850129138541 0.05938083587230646998 -3.37197272056470254142
3.98985551095285462253 -3.09301662179024328125 0.48727516819555649619
-1.04724507335412919673 -2.88526598571056558384 1.70457028143982292079
2.80219794041547842767 -3.43823284820629648806 -0.03619511016834486838
-2.93509785933490885412 2.06483461123481237820 2.98880835302070213544
1.27004495524743354906 -1.51987122512961736476 -3.19525257995193578964
-2.34924332745230168840 -0.31279222276053353369 0.93070846976418231122
-1.52055124743275982269 -3.96159983939577031720 1.13801630849916790567
2.68534869150855914910 0.55100813563939698980 1.19111160857925835188
-2.01726554994401796606 1.87201743717484703211 -4.16180940254015574453
-1.57272680739396131244 -3.76510081590547862618 -3.17769150099099206841
-1.17852223883523965497 -4.28928480135128342710 -0.36409802345790609479
-2.63966759670649286917 -1.33838409202031183298 0.24311382730510455730
2.05518744032700517721 1.98600192795217012076 -3.98894099209596975086
-0.20868222289624860366 -3.20894825997963684117 4.01439295957791397740
-1.49396098597932835972 3.59316134121773256282 0.92022796664861861160
-2.12998152178236832555 2.08975716949078371698 -0.87246628408386062148
-0.21417350761497466749 -2.37564859694145580349 -0.71095692620135420015
-0.25924593578260601845 -3.08641019949327954919 2.82902526389028263765
-1.09829073212183558894 4.10627593525889889037 3.51977729781839432377
-0.27921419933493751842 -3.36447001768117637255 -1.65589192659517348005
-1.90954630382194823213 -4.51795239691975236695 -1.40618653242707747353
-2.80604457335885904001 -0.84973309665318375039 3.33377922231642020989
-1.05665509495953768848 -0.04856882873994727845 -2.56665324572728303920
2.17690491545742048629 3.85898807939777821474 -1.64523652145964893734
1.13652306205346143031 4.13083694938009227116 2.20990127914894429750
-0.36590545421497466805 -1.19420730889824655563 4.38213269069095279207
-4.05166946356758828074 1.70777786871067149832 1.04136728549844548297
-2.36197402202357675804 0.69046664356319897848 0.20852255709005440565
0.72977744123682874999 4.44353132255957117280 -0.64239931171311681624
-3.25205121210306780100 -2.57802025480836727311 -4.27909648129675623807
-1.64164562067781982790 -0.96697887117075209673 -3.42066663878561927348
-2.10496663586136900648 -1.95194451538267665924 3.49221426369971066350
-2.50585764449143066912 -4.32706940343788915015 -3.64257216263981931093
1.08077827483457777902 1.27790981590721397509 -4.13527794487148270264
-1.75418976845025653688 2.37081910531389983277 -1.98402187653461048455
-0.34686848884426524364 1.81711705130657463769 1.83185384162241593486
-0.91729507287180167552 1.05872410082537360410 -2.51788393377649333260
-4.26763370457364921151 1.52099713246729084659 2.22174730072030435224
0.26656043812331553511 -1.94168922817200906294 1.08286703709278686603
1.57594941164863744376 0.63914636066418761828 4.29866588657330073175
1.02066334811750891731 -0.06658863092731603928 1.97394178857575841590
2.63471488187094404765 -1.71119748382005765208 -0.39998685264024569364
0.00946599083331101099 3.70257415235072695481 3.94874861184945036285
-3.35499323024783935310 -3.45812503849692376434 2.67225871279387039436
1.67422887127414288244 -4.27819827921108331026 -0.79681190640532584268
2.54017703449684351114 4.24004739769855287790 4.33105079587416152975
1.36346017280646858438 -3.55960109999785956347 -2.60700953571261440089
-1.22486557665135542550 1.48779731600492315380 3.12799843397870525052
-2.60873252610590178335 -3.30284423574232022247 3.49755282286058477581
-3.25815593367442879469 -2.52116733200064757625 -0.79795568368802083370
-2.36021425536032269932 0.00777525562194636422 -1.29988853474081089701
-1.49179865127667721225 -2.94104294306967917194 -2.25171789373491293418
3.30471045501393145827 -0.52877883219954213700 -2.69241654564365662239
-3.98369315421750158634 -3.89293728777002234764 -4.42033060097127261656
3.90281349386036513494 -2.79043998638702905879 2.76531408167911596507
0.87038931124448737364 0.78910797507332031131 3.32518548027020255375
1.83529980899135836125 -0.28309109236312579583 2.77713546878482464564
3.42958661749295945498 0.45239761383413412688 3.76119766466211746803
-2.73143734907352220276 -4.17653724698882555799 0.65419462319799492889
1.10533074171213385739 1.64251473028110162033 -3.14858999295988706280
-0.14292210988163667196 1.67561471556872820798 3.22979699330232961074
-2.85095459092862180128 3.75456381248797743666 3.63525143052670340893
1.20172881652996998980 -1.60477668442833820706 -1.05296207975777011967
3.71619136379672010406 -3.68378159815214312189 -0.92180029085225623220
2.82591343762255231553 2.65691263511520237017 4.09815439305346540522
-0.79746303134420326586 2.42886850967072387419 0.49678403322939956865
-2.98295719750380872171 -1.36511791861647591162 4.35008851392791040524
2.43224648835883883180 0.00574038743665195028 3.95350100436823037597
-0.39833329188545718580 -0.93524063324345840797 -3.33374953392894379789
1.97308375398484070473 -3.84551421325075004631 -4.35849819237236513203
-0.12628762241992230742 -0.04253536551778136499 -3.12412196009195231028
-3.98593513580216063374 -4.41618005307548955329 -1.37035942797616083766
2.88052457501287850761 -1.21949944955930078549 -3.37767221524797234267
-1.63753364140702961649 0.75757580256382439643 1.36055819794323529237
-2.00973296515892840830 0.53522325980012208646 -2.45426213321555541924
4.11769617327810433238 0.54116654123668794796 2.55275981409018637436
3.87385074108966254158 2.47092648818165816493 -1.12203828946857786519
1.52227243263683931218 2.24343419201880944769 0.60166720870541912092
0.55447335581657508641 4.19353486692133525793 -4.10938488874876117762
-0.15461087658889383079 -1.01712952690703151148 3.38033721214040649983
4.26685725722995368159 -0.76799809898026705213 -1.08168296427563603856
1.77864058027949756280 -3.04152261890128317035 2.32977295054424882181
-3.07291534997480209057 -2.60274108295260164780 0.61569628693114886175
1.26005019199033796440 -0.25883152354629235248 3.76106718789772020983
-0.44747390848905865823 3.45184422744809005223 0.47947662825503822859
-2.12334679816394888974 -0.73468657671388548636 -2.52166786552133936894
2.70714199945664635294 4.13950509863588234083 -0.74655607656861189270
-1.62453465909166450132 2.78778910560097603621 -0.19801034320810906308
-1.31754979334223198961 -2.89849239347326559368 -1.28096148885431926345
-4.14062450129194026260 4.13689729470193778837 4.31529680705196927448
1.64250114105857658586 -2.79079398160746006141 0.48189487776069839242
3.36504903789716625084 -4.40718858068162688824 -0.06491178724037371950
3.24506218764987863779 -2.69662971219397951117 -0.56052582403488671048
-3.14282942298501399847 1.41581975706181761865 2.22752226257231100703
-0.67350719079940013501 2.89430671108212411724 3.23582765713620812420
0.40252106137521703744 -1.90264772927015979320 -3.76631632062627108581
1.42948782235432947374 1.00296695661326662474 -2.31229497191768773590
-4.18641772303590897764 -1.00738099811345938051 3.65138738403773377428
-0.81153103346137900331 2.11260588402588922463 -2.77147585805146290383
-4.52574755879626255961 0.14558608947531137545 4.09745461541861200061
-0.63253279265575912405 0.82518833308948114080 0.43695905194773310143
0.83750321921561088345 -3.39988601067875295669 1.57279001381095451251
-2.32284400530677892505 3.38260908004756899459 -1.10990923116520168179
-1.48999850168728809052 2.42142244265223016697 -3.42151671850968464028
-2.07709165547332874624 -0.69002897861774581401 2.46569336309096609483
0.31231321502028386305 2.37514547315578639086 2.54617341470522173807
-2.11734835277278499177 0.74481499865055500464 4.33588071728941581995
-0.65465230628228265886 -1.29683697178521439852 2.53516161879798129775
-3.12327550544844134706 2.55120641823213389898 -3.33493795832072059682
2.61727241408376798404 -0.82374415566808023570 -1.84111230905436107363
0.24883622451350184690 2.20242199760637724637 -0.42296252540681145149
-1.08100461244923140569 2.63725319646393518980 -1.06669279105093295357
3.63465735526483779694 -2.85613721971867517979 -4.12972085926831233849
-4.07633495228589204373 -0.59747860244698713927 -3.98271271040409935438
-2.34758526843156944963 -3.90468654716470942034 4.45696025421426167412
-2.22274364159217929782 -1.96490047726972649755 -4.08513267784772615698
-0.38250808564099170184 -4.53230498404068793405 -1.22747194329134590163
-2.05043513850473146931 -2.50518805725698401332 -0.57883430759304266289
1.53811942584395122680 4.52195773655008093073 0.40480736649980109121
-2.63231116203634440964 -2.70930204907705896034 -1.67636466559178254343
4.42863750538518363697 1.91194426261867089778 3.97263144515963606551
-3.61286128920023807964 1.25722371231743856868 3.48321964491802926744
-1.21590525947326044687 -1.96861470274722405449 -2.52749886355905273305
-2.01074803188923389996 -3.66596624655047564900 -0.42385992466147026647
3.92661883944723388851 0.26808772266948022178 1.46088279572676338347
3.30239360598218567588 1.37240682311435957530 1.00691524218645245270
0.92355025810577817680 2.12010529849489959275 -2.16988743655859694925
-4.03539763069256895989 2.91426396801816967042 -4.13038645286328698347
-3.33007039244226499264 -0.43622893626253222976 1.99563986118964020733
-4.19687611116593473071 2.67502448945973991812 3.08396994267066748563
0.91759778597911711984 -3.08365722718103763000 3.11148056938220651801
1.86219788288740772941 2.50782744878308250236 -2.01588235365230961094
-0.31974554898621132537 -0.78290150043506923083 1.56664240701672685674
-2.30785456466195526559 -1.69175238432989338833 -2.13450533533708108891
-1.94490693696368577292 4.20784187589273717123 1.78391752532003966536
-3.81841991456486251622 -1.70109236520381656987 -3.47823606449169986377
-0.73225034380812825674 0.62300408969431053663 -1.11626618404368693760
0.04685660953102210868 -3.97883452811815763184 2.12749606170086291712
-1.52461675651309214174 -0.94178819760201415434 1.44414691871701350578
-0.99829944649897051079 4.18188064218080679524 -4.19576991012995748065
1.99055596771531018163 0.84910258465135779460 -3.69967253835116727245
-0.92272087804098479324 -1.90998326969570486611 -1.39921484213189817325
-4.18454831994789255845 -2.46619571070806609114 -0.00584903929902758080
-0.52438788832897387238 -3.54750970170442414542 0.32413182318530164849
-1.02049566019315385290 -2.26578664006070162884 -3.67987173055114880071
3.48333933526502637079 0.03429571497303918193 0.40593783545668493673
1.19733776981575790188 3.57587181900400086221 1.29974095735879036084
-0.86679114119255018522 -1.29441969713334703584 0.10686139116495763091
0.42019881685113880110 -0.15934445315772904905 -0.47366427309714698168
0.55792099281250262521 -1.63584185022161765488 -2.39919447605976321469
-1.41898675362144732759 1.39616445370352604272 -1.53167540748802144535
-1.11610909291811655208 0.16272685933461517038 -4.40422899971236425642
-3.63696549566027105271 -4.27875787854760591955 3.46082217070577780049
-0.10320184593065206968 1.30367148639664964804 4.24521745149485862925
-1.14939632566849780915 -2.32297681560153979063 2.55559895212242160767
2.72033170637997745445 -2.39216847470115201446 -3.28895203685101300550
2.03573245583884077092 -1.61461969332858856774 -2.42311389096441365254
-0.28892676308592335488 -3.82398211208812677242 -4.13734089258908088738
-0.32209709426089006001 0.15679882281792245635 2.95353126616380556868
-0.39488489562156114943 -4.30044123317447102295 1.04761419481843010004
-4.48762929343029171037 -3.64475691534700629859 3.58995671385029080369
-0.17033029466929594520 3.70236339336956721269 1.48401120886306170377
2.95389059413643373375 -1.53789336047687630327 3.87909153641721271555
-4.44958443587730112512 -2.07074624612536783985 1.15795633516515383832
-0.02353026407957248267 -0.74990327454182725830 -2.34071447284692002455
3.45957643870080300275 -4.01164684938422588800 -2.07397733561769648247
-2.07250455906923791716 0.69902716124781605345 3.00957020762833860061
-2.32420974635998511815 4.03607846806577175158 2.65698974735871207287
4.28684521865716217093 -0.43055746328411359514 -0.04589703608050399453
0.26794096850634474549 -0.02061779741182601100 4.16371141497420271804
2.14289425809310341009 -0.87644477005834575678 3.68723352370408097300
-3.68667611312968190873 0.59288816002191246923 2.53066398421123661677
1.44043621875453720094 2.59898914971336658652 -2.94319751946075847115
-3.29165648601287408326 0.76604213818715471973 1.25271772129556691056
0.68612038122510998761 -3.64830340727134494472 4.20954789250798722122
2.90472228028156553847 -3.18528846986892766324 -2.60625107990735038754
-4.03778239851481135503 -2.17535584568568296504 -1.28468657401543273622
-2.12038523924564570322 -0.13773913000685222841 3.74641513716772767140
0.42380214401978211214 -2.48569271689669335501 -1.74340152886718335878
2.79761488501178323673 -1.02437488243021412870 0.36024489567750794805
-0.10406780274187799051 -2.80147167616118508704 -3.71436689940922670772
-0.63068944715428720826 -2.04200404155306314280 3.34655875104463795822
3.60643736467999520556 1.39784165868850429604 3.30514367328265468160
-2.06571624186314783955 1.57084435530038479811 3.69896734293442630559
4.38238582508622354084 4.33679395398928502203 -0.24878666178537045539
0.33437241878683998664 -2.54804978362268697012 1.95250499260919685440
1.24702183780459474605 -4.21645244506714256261 -1.69747595196139666740
1.93404764726570199684 4.46085505322246955728 -2.72476979502960370283
-4.52513650894253860457 -0.87172416878339920032 -2.63487345709717191156
2.64795967980881297166 2.59535726627577556513 -2.73724584368515477806
3.50167117191237142748 -2.66033312548454281554 -1.85938503395705145849
0.03553333205496578273 -2.98430860722966695420 1.06731830512431979940
0.56626928276073584811 -1.19388960750282135947 2.19396788951793908495
2.72824747513677046129 -3.43791386878605687016 -3.59916627512523890076
-1.88697274310928886365 0.09513848953173820178 -3.37255737956634416008
-2.29201720868634106765 3.03174108684093468469 -3.82010329935616743668
-2.90145301374271413763 4.40761994089572173294 -2.62633625383446345225
-1.67503244268355633295 -2.95417101524150949032 3.85847240510213129738
-3.68290184811856757818 -3.17535486917261966511 3.89290214733433170835
3.43339165927599676564 -3.80163073793897599018 4.45219235153219994316
3.27520005685626092173 -2.48648861400488963014 1.26102170582864214765
1.59282298662417165502 4.03108898919259939220 -3.74866843537621541316
2.35631941542757861185 1.43541558952346726130 2.32746233518685041730
4.07619765842170789227 -0.15179056794551115672 -3.66831609705632599727
-1.21007998732936306041 3.84812347788701902829 -0.85879504558887775900
3.45451561904699122607 -0.59639456549170688504 3.49808011612952451941
-2.16942510520760167836 -2.56583261108716653709 1.19455967934645101991
2.50372449958294129857 3.00719580904873051708 -1.01105860734975072646
2.42069396271749504024 -0.58092503098082026725 -4.20758042624229400275
0.22665834788978234116 3.50487599155222273595 -0.60702755398468566383
1.53662902703213966049 -1.81196254046737692533 0.04003348954008512095
-1.07091594937740985927 1.50597258220461771572 -3.96912597636042452365
-0.82086144652429871016 -0.43739375385487999637 3.83874791658780534220
1.45621874992788935543 -0.88815137411274047707 -2.01016215945295106948
1.66048299456584391720 0.45995338146908437693 -0.97087965338318182873
1.15858056841630574496 1.28036366805373180711 2.34401588999012400194
0.91332380100292276381 0.27153792638442197926 -3.82422928437366138610
4.34414267930365749493 -0.42640655432391927349 1.99861698459325864974
-3.37634056667047177669 -3.57876787967022158554 -3.29505969090058847826
1.93556309035024742826 -3.01687562229898764699 -0.65399627997894427267
0.81521955426031045278 -2.48978150228612316042 -2.87895865847712784102
-3.15761991972066979883 0.42207241399774897417 -1.96851765884896634518
-0.76909218394977818534 0.25606575836450140571 1.78754096081210622771
1.67298259922057734883 -4.17549758194360176589 3.68485700784736014413
1.99661846900598849430 -2.19692019286822404212 3.53365026241902402404
3.83813967992191340528 2.79449832371980111390 -4.45713944556751417991
0.96009648649766887729 -3.05941517910174898276 -0.90993532134312049564
-0.08551333556635132283 -0.18587891008358958800 0.53075467263419273678
2.30806504713141524832 1.57455138397756400082 -2.76547334130388655637
-3.80623959886857043955 -1.00970809355561819132 -0.45583557388566386948
-3.23059273685597769799 2.68523865008303275204 -2.02871752949543759925
-4.25552091120248121570 -2.69920967958359225847 -3.83072306707380505486
-4.51255398773145177671 -3.30880879951323425558 -3.16931386936735925985
-2.22909246650722492333 -3.89699988457810109210 2.26407341572680476105
-1.34841735636196213832 -0.55972111510866895401 -1.51385426652626797761
-0.97851908794536912595 -4.23201722218074305459 2.53083610795847580022
-2.21053077402865927326 -0.48031863596446289222 -0.21890271279193207477
4.12696973005669232037 -1.89096827640396414338 -3.24155894592416915501
-1.23211488391403012344 -4.13316004954198135124 -2.06224080559024258719
0.58922311176327557547 -1.33696573212928537799 -0.16175991120421073788
3.16410631649192453096 2.94381167906628871123 0.33035619940782368076
0.92814162377871678444 -2.38374028585594555096 3.87476523241239778628
-3.48419984775756530482 -3.26391662871889431941 -1.98201433015849914909
1.40946632302756569288 -0.73460637909578352378 -0.13204269526555023617
-1.80220312960719031281 -1.48694319322749368695 -0.49296488700839891095
3.74599335293229085408 -3.09224727855086234385 3.79356469657396200290
2.03276949631375902783 4.41312619292874952492 1.39505860431931694166
-1.30238695393835524072 3.07523009598751873028 -4.23808822809347773841
-2.67403917338808838622 -1.24162207305512772848 -0.96218200806143894255
-2.77901258469605050294 -0.93613998944858600737 -3.55461347517611736535
-1.09595573782387001316 1.97084213510115180412 4.08506272053100882857
2.05955842517229648081 2.25481550932280683242 2.93149058279942220651
-3.45748839703944721435 -1.96897517572326563595 3.59370573732839826420
-0.20936115035650892935 1.04052406162629118569 -3.50357187204100295475
0.32597636306159660791 -0.53517346813302157926 -4.05490118537861565784
3.72514816607837584428 -2.79134358656167336221 -3.00514497443698402890
-0.00762390345676067227 -4.34688945771199453105 3.40730093720190652107
-1.25607953992537524357 4.01604216369121669317 -3.12933830036244264861
-1.18213930254679500109 -3.30297321644365915461 -4.28039311397422306271
0.72435498888801141959 0.03657300192191836885 -1.91707020323681520679
-0.22609555783681933860 4.35964640562458516371 -0.11045899490693056322
-3.32562861775715079560 -0.18061905071944295287 -0.83066972790839033181
-0.93035005881784815784 -2.02079104162457445781 1.03136112738290997015
2.90194701175591340814 0.27262209943796111844 2.69739929800759625778
-0.92966921228543553113 1.53863924432809984211 -0.50023302833055982575
-0.86212631918337434556 3.90079467402083412964 2.18454443043144586056
2.71280861882903057136 -1.94636314728694737042 -1.58623526469662401439
1.14902915447373299429 -1.38532585647214867564 1.08956274432667221674
2.61552287809226147175 -1.00013044220916613725 2.51989865224769449270
-1.89817043056416379088 3.37781225051844469220 -2.12673713946994924484
-3.00702543143533596037 -1.74013860537547504492 1.60836707490068153703
3.81107121820910332843 4.35527239018881484611 -4.42316609902926494158
3.48488858657033784283 -0.29046973939360043460 -1.63916596755697518972
-3.70368795467094269469 1.65158420614820489192 -3.32552554139638401054
-2.10047460295590315837 -1.93979191349324420202 -3.05360708930800495153
1.74542321483101936508 -1.85506896587732583725 -4.46078559818509479129


