51
-0.95899210202493678779 -1.28410372201316258511 1.45501726042784973458
-2.21088886324319355836 3.25998039344163270670 1.75305931199180786706
3.28715063293453813031 -0.74135886685955121322 -2.17657744918920093014
-3.65181768495152159204 0.33355073088135345216 -2.68045651427803033329
1.02600965000570631958 3.45570131087264975633 4.43987113822833645571
-4.38750054974631353844 -1.97189773580993144009 -1.42731510706078346118
2.16855345037686308984 3.88901477026720154839 -0.17983606940415164388
-3.85369493572805366099 -3.22490099318969836162 0.77008355388277127673
0.14899758289944298184 -2.05677127305929330348 -3.02644526187709983489
-4.53774783742921705709 -0.64788426436384138896 1.67642598163137535039
2.54596386631748750062 2.47180758091232188889 -4.42464650468433795538
3.36378651343222934145 -4.01681799650195348050 2.77378789700389827289
4.47837469598362769574 4.04532730994913247713 -1.21346415122399919895
3.73768508554683176470 0.87469930689131825119 2.60563067982875828932
-1.62564077402300855013 -3.50439109295449124915 2.88902800752230515258
-1.40487134382178346925 4.44819795332489231754 0.91454546231635003295
-0.67660444327533708631 -2.82537005350631487133 -4.17293930378932653724
4.32613528971049365879 -3.34754930820384499768 2.69875415385680472724
2.22356806789087002585 -2.02226734563043697435 -3.28210262449513878735
1.31832782294456674066 1.33282925530268681058 4.32167154157700306172
4.15029918315235857307 1.21888672234296624453 -4.32809981612886218727
-3.45775689410383568756 4.51491521965865860722 -0.14907826815134583853
4.50240329438341913004 -3.05282894035548535427 -1.70007343312294789683
-4.30674377026309596062 1.30552990040408367634 2.01294622031978409638
0.61875439997527337255 3.20106725667130032065 -0.60932397935796167587
1.55911288855465013370 -1.70617522089744699798 -2.53086505348138501859
2.60124441898600267109 -1.09096085952077581638 -3.74207613718973464145
-4.23903166658136676404 -2.81895404257715709306 -0.26175386558065127929
3.66722879600710971459 -4.20494610184826633770 -1.91801194067116398401
-4.38396123053994735130 -2.40822322553381562571 3.04402759333906036687
3.75243074192741499218 -4.51354647205930614717 1.38881220782760816945
2.22132359116449240588 4.28855280873553201815 -4.18502496960063830045
-0.73100985322247113984 0.04760914204620814161 -4.06297080272273181123
-4.02986280302239041617 -0.57593940135285137671 3.27755956547825455516
-4.45112893022056876902 -1.57019888035340837718 2.35130162293568378828
3.85853412790352745532 0.05965014599252960181 -1.12282575340361034932
-1.97553854779821369547 -1.08416893662989766156 3.67264186215202226293
4.07276678169562966758 -0.62704940817015319965 2.74034088543533727034
3.61858902312694485914 -1.66301872436450226544 -4.24780557492180488310
3.10229472486855062385 0.01865581434643104330 3.17313533722296181594
2.75703809835386781657 1.08406943670990507655 3.42680734908388640036
2.11148660124610909605 1.52810122972449047296 -4.02492489362429228805
1.93762466635840180373 -1.27576487582032527257 1.35100593207257357875
0.96014160065663123333 -1.57008498037957044957 0.80979545987058454415
0.07143854107588332170 -0.88174048299471241563 -3.49139045632935385299
-4.52749136080620839806 3.80209398515688956621 3.79765679689017954246
2.71046629780885250938 -0.05954924568572561583 -1.81391260413840660348
-1.16375736708829258248 3.33829350347356612616 -1.45469338437008843812
4.26538980323136218686 -3.64319540634131033841 0.63758713007787370941
0.14659793122411990396 4.28923461116369875157 -0.17689061558898444559
0.15029151098852100432 1.24433359872695259440 -0.21755847113493409495


