245
-0.14006712983528224470 3.50536258596465177817 0.20464847439070243951
3.53256349682230297304 0.96158913905428633484 3.49742075444159272735
2.64252615869116791458 -1.33028683971325456525 1.25630896597210917065
-0.29699347321916924614 -3.26319979257046988153 -0.04421243254452367211
3.66222607149832324325 2.70066308165010227071 -2.65626983195215871092
3.43242329159616677003 -1.11406314911898363107 -3.70626559995072213383
-4.26109406239102384006 -2.72165383297318941302 -1.51875661384357574235
-0.11324500321478492282 -1.35575236140426191866 3.38915865508960312269
-1.26317649406452048311 0.99564948851888424031 -0.01001100314153458015
-4.38803352278172908996 -1.40784887112490952887 2.83448824162676604743
4.37357852690300230591 1.54999862717285541436 4.39479140638008214381
-0.74539547451784482490 -3.27110384146606225642 2.24408379981994432484
0.53592102189359902553 1.52051126037054640250 2.11235529735029103904
1.75140686834531322802 -3.43915259870808087683 -0.79632322993214899043
-3.80989824248614494806 -1.66639143812945667023 4.10485203398979958678
-4.49807696501737996897 1.28695133133621286703 0.65385590920765324086
-0.17880451472206626562 -1.99965336529542625499 -4.19536400704846457188
-2.95150803780199399995 -1.79011748918214452786 0.86096479485046462088
-1.94001912169492030102 -2.31883007183100176007 -0.68446507543229451187
1.19642888876755559835 0.03196069447280347475 -2.02308786625926240177
-1.56179328975635911547 -1.55551489498151029878 -4.40476930504291530610
1.94510591403403321209 3.08609609759035752319 -4.51404029452973087899
-1.50418856289431612794 2.76765571052124581541 -0.96873606047745131065
3.60525878159510515530 3.13506444195788258611 -0.86987978940497967528
-2.50278062996172812049 -3.93871176825959201651 3.37472375358280096691
-4.39569963951673781111 -4.19247039362177442712 -0.71050770774412663755
2.36324911174929308544 0.44066646867415215638 -3.04108149392594251381
-4.01890519034210580429 0.72161844356258253441 -2.34029446960164300151
-2.60544775287017404963 2.81300856013960576263 -0.11730452282181147439
1.17081370964864373008 0.18257770924017258096 -0.86256128671579235245
4.28541275113778308281 -1.19167300608638138115 -2.91973779710570546797
3.20046157987714607884 2.62068567153680831439 4.30534267701083184221
-3.41871592228068221786 -2.48337059054079967169 -2.03820856202128464219
4.07996450185205628003 3.40677797891733913360 -3.83631899370094942014
3.40913149538164539365 0.17020669337459626291 -2.43393509255660944746
3.36431599753606569436 3.41952024797609510642 2.98936043869414902474
1.26090266148788732181 4.09140483158364087757 -4.31121256642524386393
4.32267733217038152560 -3.44163813937652474095 3.39986198204248246668
3.48150258869095541314 0.04291265942468225347 -3.50148796443690502045
2.21098428148987569131 -4.48203485895566000607 -4.16235051298095726224
3.55626143191090005047 2.10716621854726415819 -0.70910579465034562219
3.24892562079852442736 3.93466107879431614691 -0.32642831157844565126
2.94165102989357141183 2.27690996127403977312 -3.70076461945843782075
-1.19885941590839051329 4.11061023499858446684 1.90568610855723985509
0.96999234422262858857 -1.19831995937103830130 -3.39250361613922946091
2.66092942592707704108 -4.14729585396730282554 0.26867170820994790148
0.72347290244387352232 -3.43219733307595653571 0.97359819888439957936
-2.10803880174966318251 4.14893409824558911936 0.79565265761820480606
-0.51147914495426238801 3.45304362893968352921 2.98594380951766957821
-2.52837284138392259791 0.30610657785426997890 -1.09146677325035712514
0.22026528982349447006 -3.96973080485651053095 -4.29952499139888644208
0.67260508084402026441 -4.25347069590961268659 2.90597067678773246513
-4.28151812745925042236 -0.05284880671242397909 -3.13563121684651013865
-3.02181266471159037934 -3.11400123416157992295 1.50936264354443316904
2.34292163881202775144 -4.12244408710398779760 1.24956910225849604501
-2.90923297646994960530 -1.70282135368407461229 3.27773587380764119814
2.41981384208038807770 0.92274238385475015889 -0.63649658752422100250
-2.10986527891798436585 -4.27634755681995049059 -1.16430088470199333273
-0.62654291730196387533 -1.79287803082149643785 -1.68005330138115782646
-3.13499139270208226904 1.26709860554956321721 0.86847571556334290932
-1.77444112203318038468 3.76222571879505895964 -0.90846160421470401047
2.14072922191736303432 1.99149115959467160053 4.45856096932400003396
0.18185441734320662022 1.55397437162914453523 -2.40616942884340945241
-3.02690133825579144045 2.83786781963133893925 -3.54217172794156853755
-0.27667498271364188156 -3.61024008359292469805 -1.22773331364849624947
-4.00388606860185536362 0.55064169535457896387 2.20473525140697912406
4.31722253691530877262 2.57160712491665321977 -1.62440631924765499505
0.01795499531398014881 1.56065967276517891804 0.37790862249470880130
-1.96374761914624951231 -2.40528221763395366750 -1.89397444848446294685
-4.48956101733705903456 -1.94866710071536575200 -4.05045186360512055046
-0.17872741966748950659 0.67400020908527569219 -0.38402434276776986621
-2.81528813548901002406 -1.91537661184079954779 -1.48293785563811475470
-3.53801773826628451758 -0.42502893150414777779 3.44842882629286773266
-0.51653838392258411005 -3.48731324110454643517 1.07284010892105019508
1.68095487149333155941 1.30173704885480212567 0.97186370199343219412
1.26923765941153288139 -1.83727869535234056286 -0.99975468252617627485
-3.14703252327313842684 -3.82999880044729534845 -0.67732343538376582615
-1.84117697285286441300 -1.47142033682601436340 1.24029674596032268852
4.43073662522159228416 -0.42834425665024511432 -2.05372214644499972991
1.17927267001245983380 -4.28661586787226323025 -1.30151227222504317638
-1.00292903019113888163 -2.68492319508424071017 -2.01253095420663763448
-1.76590965409656686091 -1.18539970013850215480 -1.72234631940200433320
-3.35613789663288075715 1.86290893708309202026 -0.29914894291670712789
2.35100958198548770639 -0.78714020122795425038 -3.70239947569777205771
0.78566429742211241205 -2.45126157445656334133 -2.87993218642821346975
-0.72483636404213314108 -3.88006008397280677258 4.33475989827459340376
-2.31661496757120044521 -2.69741467229876485945 3.58591272839847707843
0.37995435210760675204 -2.06831944266556266854 -1.64714776660292727684
-2.09204459009947285608 -0.06490644983229643117 -2.46169013602212594094
-2.95769926807698224636 3.52474796681150959188 -0.86265696243835465751
3.76154798516755928262 0.97875975530433478866 -3.11363494341131730181
-2.20471023026741752560 -1.09892613920922865844 -0.65396971457926778015
-0.85638650595431364820 0.31582597365384668109 -1.86952765820924504681
-2.11922486342030946815 0.01180333881607076307 0.00655137361465829571
-3.27463057365158460854 1.65116960845341953501 -1.88325898325948770662
-2.78909867526970556284 -0.69678594478790500943 4.27793059394606967061
2.33260375224462190857 -1.28246633457697756242 -0.90346112839165026998
-1.69080916300599870539 1.44797744134895811641 -2.09357923160161973897
-1.19260100709304683875 2.13982187849879679220 0.24269146154636622725
1.03758547743935114482 2.81620155982041264764 1.42995829610016578215
-0.40805806134609845515 3.99683393069685433119 1.15037452678377771775
3.30854189405772824983 -3.67322525436103619612 -2.00406842680069630092
0.36470580201780222751 3.77674361557841198334 -2.40262064282020171291
1.09092156970778919600 -2.87223411977666565065 -1.82123683394533353308
1.29460848231768643757 1.28599812054742468348 -1.47574206188173562282
-3.78221154718441843201 2.61050324633894081927 -1.33303467735898761859
2.43396085712507836973 -2.46057799176389524476 -0.26398006505131643706
-2.51681350074615384216 -3.70864777858659833143 0.51295298577424652819
-3.73689196667061951374 0.25818976224504641692 1.11576154384996240054
-2.59131090861122270752 0.15709035550946826021 1.05531617575568148482
-3.83943111738410269851 -3.71457011115209212448 2.62954307508624474110
0.38344013800279252990 -4.48322987238052839132 -0.12502161440435433093
3.86653838367898661232 -1.82529178135027425611 3.70503537049294084937
-0.26547529570892081097 -3.33158470279671048431 -2.47129634739320502845
3.81601593026014729304 1.68086717241912797505 -3.85638357824868238666
0.97257663242702641071 0.54784796638591082285 0.55857137439831472392
-1.15050170960685615995 0.84589696653985591013 -1.08273107044131799981
2.06195568373764093195 4.05237926480711774246 -0.84281138445327652420
2.96522809598251946284 0.09634874201684606732 3.88567473720632339251
2.43334787343626235412 1.53425653514820137246 -3.11894139240391243817
-0.33246335344967281600 -0.62704452719797965088 -4.10857482270941165581
-2.02882391481091639562 -4.42324977035122834934 2.29438989464734977020
4.06036388899340128233 -4.31532133313691268484 3.86219343898059097597
0.81272121330773305914 -0.49746601954823166380 0.17961463951439515796
0.34783842621684435414 -1.35509301258728909190 -0.68043631389959990940
-3.92587501159729868050 -0.77078277561486485681 -4.13242925827860041466
2.78366897088597031740 -4.09052736490513790812 -0.87523265802546790226
-1.26750525124308044411 -1.37672259887884962382 3.65026903399927693528
0.55313360873262862327 -3.79437434043911547832 -2.58039024956679652334
2.80249251836389223769 3.30156873564571995416 -3.17602626325669312735
-3.69919632794951258603 -1.58320441656797816776 -3.36961674377743758413
4.39425453801434695578 1.82681028034625025924 -2.88007313902486039581
2.26132558869428113013 -4.24978509970897277981 -1.84724142627213883117
2.74813453750817515697 1.80196866514048092967 -1.82205534441662875267
-2.72660657174410259174 -1.25581691992890709386 -3.86192905495922422787
1.30128662248237159105 -3.81245549917480630597 -4.25042918261675684022
4.32197584974316217910 3.59353324783734517922 -2.37352530445305376361
1.13401271837251282903 1.02973577124108839342 -3.56785156163283412312
-3.02283678852282822191 -2.60086746835199678074 -3.52409322179384032481
0.07331649483490654262 0.42785207171037864526 -3.80354132268684841378
-1.03061164859743614741 -0.23980020331360396568 -0.93225908383023536885
-2.86505456739443209457 4.39164488239718320273 -0.09462743560034425627
1.63292737253883313286 -2.17755394839801130757 -3.81190626351478067946
-2.87892956507291852830 -0.45371184050338708715 -3.32427473436908726967
-3.93467041855452492882 -1.26860287898719725774 -1.90580205214832076877
-3.38370175252214000494 -2.94140687921825261242 3.13726305318727671789
-1.96931890070848947261 -4.17863437047687646952 4.50397659415489126644
-3.54947570648621413270 2.43043182949751201960 -2.45967547241778827782
0.44048563755002145825 -2.86023060338439139016 -0.92848481049631548245
0.74803435371897997186 2.24616455998224573420 -1.52376907695849395097
2.65816903739541654517 3.03664517234829922643 -1.30330884755450604473
-1.57998047989104239974 1.93989082337864360284 2.45218040581526341981
-2.76136465584874279955 -2.02333315269047231411 4.23562101419853487272
3.56613044185003236208 -0.42741758501169435647 -1.32519043011944326338
-2.07285681910026120534 -0.58131890022364629544 -3.96204061552800101964
0.20637470456600404134 -4.30687542707511283879 1.82112837823693407557
2.55710428773389875090 2.14746039318899573090 1.23002826644996243743
-2.46528750985664668605 -1.13107689927665422402 0.30044152812966817834
-3.14274248711989789840 -3.93370513646041120026 -1.95590252577286571878
-0.15138866848225518424 -2.88918188590119440207 -3.52232635273959271416
1.27219561101627665067 -1.27351036174154241820 -1.92191991199008338498
4.20935404150438952087 -0.34263027283824776248 2.87957972413942897560
-4.26534467223652580259 -2.53714132802104153086 2.50487778991910570170
-0.09507199743846772577 -3.24439744533848495323 3.17972492094505909677
-3.91115365327524289185 2.33570016607525499097 0.54035775216393933107
-1.11055630515975867212 -2.67546158832536118410 1.52738468390330783819
-4.20467337187349077254 2.37990034465612065873 -3.89349579371086340629
2.16625226150842742356 -0.60829832028067087890 2.31090036392348618932
1.86825442675612141130 2.26055757038112847823 -2.50683206521155899082
2.85571449400492394233 3.60536541128377496790 -4.35002093731443384428
-1.30945377705758803089 3.30328627827581122745 0.11811572293430483427
2.19911664878117285582 -2.48577007224755153203 -1.80110686428213995214
1.53023951158202109468 -0.69064158085172699941 -0.74472208485170021675
-1.31683187651188893241 -3.83855095958260283950 2.81034393522635372875
-1.23994494258252840879 -3.94894604447391772695 -0.71907556139713113552
-2.17046655756943396298 -2.86776131490968966276 2.69445914418588827743
-3.69646234240476534438 -0.67688000520840230223 -0.35091520872730708192
3.60667915115100701229 -2.64669894593992127696 -1.98910538641284562189
1.19424531239918163550 3.75414882199102084570 -0.19877194843517731471
-3.82579845778172078496 0.60606853288891571196 -0.10409451158733240561
0.86798892856680431862 2.92570239513967234046 -2.91832677520461114540
0.66762695359786317084 4.11352355856736995321 0.82132888146534721585
3.70886798524918415154 1.56374195454450415355 -2.13063616277246392627
-3.37110381927375968303 3.12989694124636930184 4.38075015333881889745
-0.85189743596782374624 4.21097410903472546551 4.43637175016855334064
-0.90636504280636920328 -2.52237330330561304592 -0.71307302295022756411
-1.26532975868965014143 0.19121205224847148685 0.56699403548363402905
1.39745209696986538717 3.74307560430690333675 -1.77211375520287939267
-1.14639597859118369527 -2.09696634359663303115 -3.53120588459142759064
-1.75481140508973965098 1.67796494302598997450 -0.90486413930273990047
3.99256048266211127640 4.34934758306672275552 -1.47289944158528429696
-0.61815767059894488611 -2.89462750884745423363 4.28114440242443716755
-2.78657014698575089540 -0.84575848236439643557 1.49000597035764137388
-0.54384233731157749503 -4.32361947598222862155 0.01014704096802265809
1.46109103193187639391 -4.07671231129871891596 -0.05549499203101415645
2.99072010030962598393 3.91345541733268031948 1.19975130109602368123
4.38648569918396180611 1.50838906850952980676 -0.70634744779613978238
2.35497302350174120278 4.07940612235609290082 -2.63807305573992234571
3.39661977740657494707 4.41704367698104771733 -2.47213683650617310761
2.23987967705129253915 0.81461092819109026664 -1.61282409895086242813
-3.45141654638292694202 -0.41161070281837552898 2.07187270001383883056
3.80603140733365297166 -3.72838809981439078811 -1.08232962601219862009
4.30945004936581721466 -0.17195526211736389399 -0.52987465195166372212
1.24224740714871195735 -4.35677910214578556491 1.37627645996956093910
2.59855326152448196098 -1.37605119359773819809 -1.92320887947567165099
-4.24002057073454086122 -0.72199745175922869223 0.60080937396811151530
-0.88591417085657964137 3.07842003313933521014 0.98797522793499936711
-1.27518550728910362579 -1.70161057467251985997 -2.43248414960928149853
1.50187212483898235860 3.69478587753500509194 -3.00129693009358966549
-0.19656134976636607803 -2.00287767894993207207 -2.80898202794174878250
-3.20101388565200117853 -4.48406641671682049122 1.98495854487617862105
0.68678006463279661631 4.50713790515483392340 -3.48954518687208725680
-3.08442251071520257000 0.66948622888505848749 -2.90008768098351366049
0.18149061655931664205 0.53182432681255953355 -2.11767597856731315531
3.26802844924478907984 -0.09167092757114581048 0.27091005152441827164
-1.02778613897814796729 4.38787701280234809786 3.42296412931245974676
0.49665286068863156999 3.36003243199777212880 -3.75944986814391191032
1.62360639185021593534 2.98190782200470572150 -0.95962952987506033864
0.01180556105560892632 -0.29290990291750595986 -0.74560916997008019891
-3.62263713593164826676 -0.30827856182759472148 -2.29589133151906654717
-0.40765105548318203432 -4.30751331447889818094 2.65808710876319675975
-0.99222380361307704888 -4.40847738408933942367 -2.15950022302138577857
-4.20472204067137855787 3.57222706664477396288 -0.92915742528588207705
-3.73217266721541340857 -3.03205958192355451430 0.73110164213640604913
-2.24199454387213359396 -0.30007640277676195240 3.47641720831686296123
4.00619939706370953303 2.61681210089466897983 3.60834106105792340458
0.62963153027867591049 2.62453970662006330627 -0.47377100908531399881
2.98229326373358372138 1.11498553891911100777 4.53108848754644366608
-0.59680655807191262952 3.59325270658518558520 -3.75842324204875666283
-4.16295540644214057124 -2.52089035377335823895 -2.93929615785733933109
-4.19187302589021548727 3.67964106296354120929 3.74382487218613047020
2.11493118391495915631 4.33234454828766413215 2.43287925964440976401
4.35532604534586820222 0.50281537398885234325 -4.22848192654874743823
-2.85760679485633550811 -0.73158415817605426668 -1.52309061989520078129
-2.63785342589684068670 2.47342996421986516253 -1.63346574273063982474
-0.73688572971017141100 1.75214483898394401962 -0.62721748573657887249
-3.55262875277923528827 -1.55281503827982758636 2.11972584866224789124
-0.10512129529957192631 3.25825180226313193543 -0.86604818710483266742
-1.72738315295741351463 -3.37431418756365886225 -1.54048714766256900077
3.68928222601176170059 2.39058479447312599575 0.73703093890813242695
-3.25160494270441358111 -2.04132578101531025894 -0.12643597359380809309
-0.45230075946265468900 -3.91178517553462556933 -3.30869358288342363394
3.81959430269294930582 -2.49985070565093847605 4.52743268418557942567
3.12937321348864028181 3.98619618671124609222 -1.38435233446499772469
-1.96373563375904014450 0.18070436170886150506 1.95475449334427953119


