30
-4.45069897748517639968 3.45947626242041383904 -3.98965636362027042949
0.10211907620769178351 -1.54680634852491394327 -0.11783391397552467339
4.32139393715245834215 1.79321584335342887329 1.98888223315267609337
-0.83890772220858123021 -4.24123898816977273896 1.19838688459989395341
-0.80320354433325080734 -1.52776790517982785644 -1.80671480914978355159
-3.36016755483345708200 -4.23245803847432178202 0.70729435789341454921
-0.56754674782296454794 0.17557538620724510992 1.29697190592875877257
-2.16774797149906373050 0.86881083023069205495 3.91143140416543300120
3.65280949993543568866 2.95392999905866471266 1.88672850624886656590
-2.54750550265584996268 -0.60859887571212034629 2.60064757138028301853
1.00475828978744718967 -1.50061466240445007259 0.98840943880015608158
-0.64840413736619773033 -2.35690432001222749392 -0.69857298391337074861
1.95589429337326148328 2.25064993100813470761 -0.97630943631299427210
-0.88015757441427933117 0.99781481591437071188 -0.78697933436082312397
-2.12927962647747692770 -2.76048663673278227293 3.57448864168296776000
-3.94494905020996888823 3.33817931513047039260 -0.90594427778734498702
-0.91729067214338355640 2.54273979146632811421 4.26809310908760775050
3.21883748344843034772 2.98777000428886907457 -1.17660317057049823575
-2.66110927170535704889 -1.81690944825098199544 3.70647016812608764980
3.14840066392331685563 3.72322544635561758497 2.47482236331057681156
-4.34446443978316487744 -2.73371458779907250403 3.27483046512965092489
-1.92423045533101078064 3.61033272788118342334 -3.02764764857547996613
-1.18498254046520790084 0.20570853460359028730 3.34195507948333059289
1.13780772836385679625 -1.89076984927336599895 -1.05048773410358631253
-2.33887382510478847308 2.80450846724276825483 -4.31333951110683244679
0.86809225137659051796 -0.67567341224390498056 2.94027174208992203575
-3.82433981057840544082 -1.22513436304695844115 -1.24307381772796077257
-3.64495680583825532040 2.56752389923308665942 1.38709655049548974404
-2.98221058082721457438 -1.72658581733777172218 2.22724947929446681627
3.30896546160353999255 2.39030514904466517834 2.81110608487803848021


