455
3.21599122928690217549 -1.12450472760089947855 0.31241006283600469828
0.32020863813344746518 -2.97829006563220977100 -1.42612809100489190683
1.19132677492306360278 0.97426412511603732725 1.03727743296799079786
4.28490958195678128817 0.31964241090936784673 4.01070537587734410323
4.10992261775886458253 -0.86161342158664222524 -0.67054858778841275324
-4.22826964354527046197 3.35024995457850582881 2.97917942329738227869
1.62434613309998798769 4.22197085486353440587 -3.80241496025216685339
-0.53741750702293256126 -1.15284186485055251126 0.84338906892380016700
-3.16634912252485989370 -3.09797483099828641073 -2.15777071893992511420
-0.62279418066156067013 2.31178689496039790896 3.83771263651324812116
-3.96382254048883275743 0.05965977447223558272 -2.51360896967127445123
3.93681030834871759083 3.42642932959430890349 1.28385912999114726318
-0.79771468044168791778 2.88027346107696757826 0.50882058472253888226
-1.30517966993461609349 -1.30106104959089874384 3.68101121052347490803
-0.77268831499073353797 0.71321086275441647473 2.83311333866932635317
4.08468712275989975780 2.32078929935954025865 -1.59773643847031721066
-2.72584223625215571474 -4.49104646502197635272 0.41491684041053300547
1.78257833881419891497 -0.69189944398251190805 -0.75271496427531925377
3.78170196128411628678 1.69520321319311761954 4.21230993004570297700
0.46206704610917714859 -4.32291710516466665126 -3.88811806927941017165
4.27949630668813707501 -1.15440894606887667351 2.90386942805904535447
-3.96120351051876529169 -3.15436598652848987356 -1.16075741543847144044
-1.99784135800884010692 3.75478612569695169299 -2.81562304372802962860
-0.30568046240293877958 3.04358969168357429425 -4.42621540117723633045
-0.57113798701841123062 -2.67532488537306267773 4.17529409530262807237
0.94016340120447328133 -0.18835862577596707013 -2.15417788547382693665
-3.98573193608566311852 3.85665763319298005030 1.30580086904697356687
-4.30124186648066331173 -4.38413076440546323198 3.05407127372983122626
-3.08737109557384892256 4.16670953001209820599 -2.13621521473598230401
0.71929152682869279545 1.90450711499384794934 1.65636043940932697893
1.88458616497151876246 1.77603198706783960148 4.08763012980956030873
-1.11288959487413396943 1.47509591595586453394 -0.27168027957634954817
-1.66242091433826377767 -0.74248064247605816135 -2.26632262554284347189
-0.54284009000320576632 1.63398192689629162544 1.88697207957511281506
2.38558251534555498807 1.44876694694985541645 -3.31513472115000995544
0.41749422037707883959 0.32145719534566463693 0.98502810059701406686
-3.23503448653845415706 -3.62376694249530562075 3.83459117616780087445
2.80015629140126609542 0.94867066544923872584 1.52856810321077407622
4.17320575600187648746 -2.91678813318883944916 2.35124033447706803912
1.59029169735822240028 -2.06168340603928967880 -4.16110412940396923176
-2.62057328292274505088 2.68596131132895354909 -3.86007872978753896476
2.14029090119441001150 0.99831520726135014598 -2.07235620247218887968
-1.59427313366796186145 -4.16890246627136917823 1.42512902598996848980
4.26949095359363628432 -2.60284288521109674619 -3.85001463170534163893
-1.95031363041678318382 -1.89079090500637558847 2.53812189119555942085
1.56501885289727216133 -1.53351844600484676917 1.28162061193257681424
1.01607919744176111720 -2.25793432879412359071 2.02079166701304924203
1.89379906339888037792 0.87214580649753870034 2.94548782969203593041
0.35991140661899478914 3.98288211309891071465 0.45394784469201709953
3.00879008797836977607 3.42292067221053741832 0.71854745368170647168
1.76309608201036649433 -0.98790880737099762143 -2.40447906461108162901
-4.15390580721270197273 -4.16195711567305259848 4.21580796449386507874
1.24542130721696686635 -3.86842742469109301950 -2.96839850779656133639
1.03310335422281429629 -3.56034236297745687594 -1.09495448007802353985
3.95958347205635785571 2.47453000025717972932 1.61857065295907531777
-3.16791963192589376419 -0.92786385142493887912 3.95434198676471471146
2.68184412238524050309 2.04053387764038607344 -0.72245026726770866787
1.60389199859856734776 1.69957600066989833465 -3.96355144327182351560
2.77562078393214495264 -3.53521110995983267600 -0.02253336170087472112
-0.34451561693565224687 4.32655604518675129810 -1.68614652687050980973
-1.98599535776267765996 -3.34609806689887134823 -3.19343660529282979965
-0.37055065731813652263 2.60900121800746909173 -0.52035961206551650804
0.57315985634194444032 -3.22256427069247974870 2.09547498759485595343
2.62962337105966348361 4.00377600240309039492 -1.43354007827665785868
-3.04463201733595667520 3.45694295137835094778 -2.94257999359544930584
1.64950280955204053868 -2.72791727165985964376 4.08817379781555612084
1.81720724276186551549 -2.53246810387084142491 1.27044894132306485091
4.15665263956844110993 -1.64834867231329962323 0.10178116820614313554
-0.07683629876104802747 2.31076336602782461682 -3.63419702986905024389
0.20584004518671683570 1.45833246237630032027 -1.52808641104556164336
3.93712438382341911591 2.56690902128600928478 3.13238574987500761893
-1.59040315952176936065 2.79202766809539770776 4.50839193414827033024
1.01644122903569833483 3.59047489550115184187 1.16116960224286014380
0.09093858608448091019 -3.67951948300881914733 2.87636353195395244597
-4.29805801137145859769 -2.01336061664008525440 -1.74472797920796951487
-2.21654230555504261346 2.58840850797345733980 -2.89496947021826134261
-2.54028320669127882780 -4.05865427192870775741 -1.97139684653921376523
1.87455078642474592954 -0.88168408794357322478 -4.05471374386458016659
-2.97508748393053679138 1.79869262989098199768 -1.43302935520010654713
-2.71129756034217672678 2.46208235141309828009 0.38555288612860394437
4.12353468282737178896 -0.95238907435879038843 1.47378508528491281027
-4.34590321162723824955 -0.82203873013654948920 3.78620172445674629813
1.48626319528325989694 -0.12030338571291387950 4.28170942364415818560
-1.50364000185721913283 1.83936988836745651810 -2.47686272045052602309
0.58510921015749151053 -3.12111911663741459222 -2.36672684414874856529
0.80817843087132246183 2.04765500920629772708 3.44825141711496296892
2.01799742901928436112 -0.70614527441222696424 0.18014596954467965162
-2.16798365562581496491 2.50058529908117854745 -1.72554214567979968820
-1.04807000776467384995 -2.21570250841343341364 3.13382110124879442736
4.22488983329637779462 -3.50667478742076621501 -3.27574637914963995300
0.57143543992015111144 0.15890846798935509554 2.24021188266366610975
-1.70850618449738789195 2.37844841073557944355 1.33546806086725577956
-3.00957056685663060236 -3.12877061082403651326 2.12831178803328224802
2.08642389743563949622 -0.94728913603150344258 4.02549936387372664370
0.49141462387792955724 -0.20878549420876169052 -0.76651565591557613288
0.08083475564981856820 -3.06954597435207743317 -3.50955897402603822499
3.69245903826823163030 1.60469496266864464218 2.35976052802651903306
1.51891856437173444760 3.62343406749912855247 2.95703590742250721490
0.46176007246801376027 -0.36905358528227782955 0.29936165118138902130
-3.27282596879110343480 2.08787101844292077857 1.21969685146271356047
-3.02775422584788955760 1.04886878221730217575 1.87056308639832558072
3.36796020671053764062 1.68219865346580377263 -1.66166466431298198714
-2.17463219424499731858 1.54056062993994391519 3.74684494142095214642
-4.36473274808244671163 2.79375987803034409040 0.72924327691293733267
-4.00958150631591614399 -2.38309029257000881685 -0.33055241691245029756
-1.45805981193381128946 1.82257023242528060081 -1.37853540464316104419
3.48271707784618111958 2.31287808763781566057 -4.04719155360205995464
1.30993018998342947157 1.95776757188013039723 0.65488424816336898715
1.61129725736107598522 0.23240510182768225889 2.08822942756600316017
2.69735588321218600072 -0.15881649879721937424 4.37577153272085350721
-0.04400222745173998362 -2.81616166932864553374 1.11813330803488408804
-2.59939058846616433129 4.17769716890503683970 2.29632860639184688267
-2.81879133795537439866 -4.46356307010686759185 -4.49215296582220169341
0.52391665572008250251 2.38991347067753778788 4.41641365269165309115
-2.48979535330027790252 -0.19507947585443474736 -4.05272971670352788465
2.94017699306432600537 3.69922208724269285796 3.55435433666557809573
2.57641638947058204678 -4.05495202600801007975 4.32016644759303058976
1.37078591886485501306 -3.95497062002392407720 2.50657191818733071642
1.69012056405617094867 4.45100412554331992254 -2.16892282549095094524
0.74069750581026472247 -4.32171053270036420457 1.53309190431114927833
4.15645938710302242924 -1.66990470026187853847 4.43302086312290466452
-1.76062476191907890666 1.05939962241760543549 -4.32332187594514838480
-2.97450491014403350931 -0.66763312584945833095 1.98935378677828733629
2.96747996301488026205 -3.26848796514747785835 -1.55948065497153276482
3.61322433812609400405 0.84151796361610298192 -4.00158317801642393619
3.68988973487365523596 2.83430156891847939704 0.05850755981763988700
1.03194406811684924463 3.94762179449775718609 2.11997458502382762902
2.34674621617834322507 -0.03771394222645518823 -3.66404698337816636666
-4.47358457498510908579 4.17576462638288159468 -0.06186445423443664993
1.71192061427853214894 -3.79283284450446478431 3.71240099003828394331
0.07034458847659497138 -0.85219698719748793181 -4.15099502192195846106
0.58117103737670117170 0.62700304645388271751 -1.24462653212193075092
-2.91127854498206195544 -3.36839032089375889356 -1.10521378563613703605
-3.54165929405640689254 -0.44840657256024574195 2.85806811828377060891
0.02531565254747913940 1.47042206011845610902 2.82549398720169531174
-3.10583012242932143820 -0.72405477930992123703 -2.55174120791671610320
0.62431746009096666938 -3.04083187179386227328 4.14106802766000736682
0.10780675196964217832 -2.20243335910008841694 -2.85368135621942276003
-1.86467850470687324105 -3.32959087436740341914 0.58819446832670152503
-2.93473662787904787663 4.26731848989623241408 -0.85624924896307419431
3.42908294962947479689 -2.52148123225325271335 1.32461565005391967986
-2.66961506681241456107 -1.95959943779620715532 3.92347814914254922058
-0.01713134289208628758 -3.87709336943815774390 3.90447899297751011005
1.66159396886254917547 -2.86823757278239188651 2.99826804735906460309
-4.19079547186359313571 -1.26869549473183207411 -2.95130740300042626600
1.13273170013755919427 1.14925373843933442686 2.34226565230490102465
-1.45477771499846841863 4.43810038378143456583 -1.41209217737278880378
0.15027573557914397639 -0.16368781849605440470 3.14639546433669625713
2.78526471747756954045 1.68990881239093582167 4.53573388430064472487
1.83170119920016905013 2.11082451334504295204 2.61495657471011266892
1.95671412458230431497 2.82542584741495783618 0.67197474052801808853
-3.11081451667163522146 -1.63481893320021320903 1.20169385277333073958
1.79454186009643734678 -3.37176706071079435034 0.09639571649734079983
1.23650097762830402104 -0.53878009136189408679 -3.21322201014469710501
2.01008431770583406717 2.56555900570795269999 -1.29563417520249535286
-4.03321235352482787562 3.61251030087731539453 4.11750600474565775500
-3.90370628230045157991 1.05920660034796565441 1.32643064546839895002
-2.00489924120498796967 3.99145036409155817836 1.53503636867814741152
-1.40935814855862284745 0.61080761935828586928 -3.22297886756220641757
-3.29533632351922944892 0.41654745249481006653 0.54526300918121339834
1.91366664663626995235 1.13834677562036912235 -0.51793873002047341458
-1.65648377427726689604 2.40513388216310719514 -0.02556377704568646436
-1.34311220393500496684 -0.49958088169606007511 -1.14814506985255926352
-2.07109620251616677322 -1.70694076714554343610 -1.98612162997892571781
0.98474322627714894196 4.03434003038989086320 -2.85725441265502144716
2.59814744832933453011 -3.25262247438064955318 1.20388731339629995176
3.08284565615579531084 1.85225733480495957650 3.48161236155463083008
3.54246829716479094685 -3.49470413654632494627 0.82793739969279300794
-2.49552356803213237768 -2.29371033504643229151 -0.11289760387714142809
2.95501202809196517052 -2.43034990784241511363 3.48668953455008701070
0.05144024207369479740 2.90046045630994964171 1.29572248349969054715
-1.52238476562388180824 -0.42268773988547714282 0.72779876544666421978
-0.59134131280150414867 -0.83683436421302870301 -0.28748369377306648431
1.96644117755932690272 4.28541572788293212426 2.03114500467583969368
0.51810185117846074832 3.59662419977423741813 -2.00681714025230073517
-3.68258020026004606606 2.17667029506081188828 -4.17900198647562248766
1.33269210194795473257 -3.54293978722766134126 -4.29595065890836380618
3.24808314715702994846 -4.53294423189062722912 -3.47186594844836715623
-4.22099080594419451273 1.66100702825202528601 -0.64044248179443918900
4.04346117375683444806 3.52266659684042782175 3.55699057270761453964
4.22612759073604404847 3.71117553908130215490 -1.92586654457372397076
3.63328072820621894579 1.61411412369223850050 0.02356459940519517460
1.63340124158892407991 0.71764168614542356295 -3.01402882531596549853
-2.96911549300443100563 -1.45755071837656791089 2.63394976234641919888
-1.10147066821162997741 3.22598562123088772324 -3.60863967755386116920
-3.21984662030195911697 -0.94556265546072459927 -1.60170106859477767713
3.46563396018813829613 3.47922849494052588426 2.27939549071157188109
-0.70318132229496210783 1.43640016532919290171 -3.47215749817519059306
-4.07125253640564999102 -3.47528210341609167244 -4.05000479944210312055
3.04335741734768383537 2.01569854678088855593 1.35222717569160710838
3.20763429285027878990 -1.04536943561684037007 3.36719164305951057514
1.30628952536650011496 -2.43017090007279445985 -0.30947391157850123733
-1.06894584167943929032 1.85930372981480207528 0.70640448229440977457
1.29482064797990581440 3.49094599871847055539 0.05547639046754593295
-0.97302473354707430531 0.12297938725131185578 -2.25767099963805373264
-2.06656335766656384934 -2.83429450993621534494 1.62313641315872825288
3.97997495456798855429 -2.69349042984684405866 -2.60072229971521284853
3.59635138174015178691 -4.53072242232386113159 3.91889887709263806670
-4.07693453177644027363 0.66280018875037338688 2.42011867225731425179
3.69507738285664455447 -2.62381393925315231641 -0.32296506950947012626
3.11427556622591961144 -3.33940712064041811402 -2.93082704631872958956
-0.26530105980888407657 -1.00274071830157396334 2.50605196085220516267
-1.40310793399264310821 0.40855068286184259563 -0.49264071413073651229
2.40088184738271870344 -4.45328378348986397839 3.07181717280220745181
-2.92310582215864078748 2.66463053534747462692 2.97022851361117457003
-0.88977279832341782395 -4.39354978979389532157 0.60606694859115783913
-1.17348971325988404857 -1.63985355195003856821 -1.08176851680944041689
-0.38033448029290806147 1.59688281437055934475 -2.36948526094496703109
3.68419033196658585183 -0.63133290757903903767 4.32006038646175216655
-1.50462113759984017491 -0.50913160770136567379 -3.48231181409671997073
4.48380436021713624228 1.23634811304145841859 -1.69873230177817102771
-0.47717535656681508982 4.11813559629452452526 -3.69219956338453014766
1.65678735136641108738 -2.62365431788670688817 -1.31774053294457393903
-3.07297645513309891641 -2.11864556835408768265 -2.50407911030662955199
3.22591327761239554661 3.21155487613492507393 -3.65927092395120734380
3.44158427565588898034 3.27357321718779825659 -2.38726977208114465867
-1.51414772057658542082 -4.34832450136560577647 3.33127156610213770449
2.40977606063142779647 -0.15840462237193175810 3.18508023385736738220
-2.56497748016525095593 -4.08614184396557789114 1.49812252233275877700
3.60334573235494826093 -4.15568821654923148401 -0.96200398936231579228
-2.14749918681785656460 -0.04716512828368646382 -2.89407673478546634271
2.24219805727666088302 3.99358463036809485658 1.12803298037727284253
-3.26949090180815016282 -2.78998394626777868055 0.86078281596666883502
3.70057597864042708835 4.44162891181372021521 0.44480460508460861746
-3.89563278989507555394 2.28121076557819879582 2.32131683127321686300
-0.86323181691534678350 -2.87178704685723529266 -1.37028566867292411757
4.06786588156529216320 -3.54989142685807035349 -0.27379973375211275055
-1.08061027236040407828 -0.48982720306916860409 2.94202650329125159345
2.61719742489728890433 -0.03346434630567163282 -2.21114449924160849648
-3.46319180029858797454 1.53138504976336964347 0.31237482142566808108
-3.38682392663776399289 2.23154092417622340605 -2.96567118054307954367
-3.05997364727116849537 -2.49141069731988729075 3.09363431884963979712
1.04712225264365521582 -1.51524682839341640062 4.27162301723973580891
3.02747291420866915246 2.88783632970914361238 -1.32084758879060171211
-2.51623670898101048365 -3.61605582819333903899 3.03331393962866524561
2.68733693312749988280 -2.74906228489925785752 2.21172055673590950420
0.66256871975575570843 2.73691739720539306546 -0.85593725968651579450
4.25664165417238304912 -2.78532198158779298325 0.49200648343233588378
1.61295309906770345520 3.10434358823667277960 1.96652756042150222981
-1.27331975921687234887 0.56614044688656228743 1.31945574980344115801
-0.68847420312587592761 0.72271006950057259388 0.40628534057756837683
-1.82486909188155621564 -3.19239160196791571522 -0.45413560044991729825
-4.51337540387766811278 2.75676173476195973677 -3.72299765589628339768
-3.50531581101007150281 -4.01992034609636217368 -2.69048663777096708216
0.87178769748355211533 0.69273376287056631639 3.23652730216202400015
3.32121370214960887068 -0.37883139223681272512 2.35534940056644170880
-2.96256326518467982822 3.03989202770087363348 -0.94176794702561572592
1.46314711269386954484 -0.75656655193244404245 3.30815656537283597771
-0.88834696547131608568 -3.84419935972892012899 -1.24335449710828926939
3.65967266562658632978 0.80398354272723260294 -1.07193982608802329537
3.54304072599272945610 -3.93922087509430607355 -2.16307050544681622739
-0.51484067337931538333 3.67939288683477361275 3.28042209474785195766
-3.75645683373631689150 0.99307192489775264477 4.26591778740732774367
3.17505842180165664956 -1.42656041431581481760 2.23694372818654318991
0.95560015288596744654 2.35553533232152112475 -1.72885694053747407395
-1.99282967020743351227 3.16906205766805193491 2.15166777415934529216
-4.10769813525922167230 0.17090875689082984934 -0.56431570422754395722
-3.92163781718111437158 -3.33098264492192486230 2.83374036555889130540
-2.72193008484917031709 0.76991707594487834854 3.19511381551021145242
1.23221150058754158607 -2.81255511189139939532 -3.47501343384629945987
3.36983043906367374376 0.58323517839577831978 0.47228337122696384398
1.77506786547081052419 4.27977291874087750756 4.08048556154861596923
0.48937837897145453070 2.54543332017184020799 2.50954166152807989221
-1.83430369273507043459 1.14194079746447751944 2.80469137672324819732
4.01044211335203737434 0.69713875790703383473 1.82777001315938658621
-3.98631784167763125737 2.09811834521855100633 -2.06574422115546019185
-1.08046254046310297170 -1.75553023145649111925 0.12414922367145297954
-0.57968895732769354368 -0.12844142516068846049 -3.75671873833857272729
-3.16679007225876629761 2.87433920577399693030 -2.09366886030368659632
1.69214993728474460966 -3.39808005981030714082 -2.04717307955310934275
-1.44576472345857309776 4.45702284928847358714 -4.05195806733697150293
0.80059543104389963020 -1.26931457131318659037 -0.67913594345482852788
2.85937352137007128050 2.48002452100784598343 2.65403942572645146214
-1.19414764154101815663 2.92586073501983978673 -2.53997072155711256514
4.20764745901562786656 0.95082072092603198143 -2.95340894330814229818
0.64338477464535337447 3.07962246663131100632 3.32623672223868016573
-1.71356837619244029014 -3.26295936849485990194 -2.10463622379665560302
4.45532267651032842792 -0.83494198372212391490 -1.78056672634339374639
3.41620245299750546764 -2.14109500996738555401 -1.52432633026086783445
-4.48769660050088869951 -0.33498464674562633547 2.22910620453300545307
-2.24591862142539477887 3.68718665622511299063 -4.09504981431573877870
0.74630606592444692637 0.81551773107986313960 -2.33574714026212548745
2.56617226236699647046 -1.54466690016426833054 -0.61078501559610209881
4.11189288632698168868 3.79000152020411729126 -2.96915950507448922480
-3.92631762131014871997 1.17300087137999931031 -2.70345032940855967141
1.09463978685718554829 -1.80285937847389021726 2.94516766202281221609
-3.61749649192596400837 3.49785216465991499746 -0.19283433222363743909
-4.42466169095112693554 -4.35525972043005893397 -1.03896379812427142042
1.37854981936061360415 2.50663627406227806915 -0.22040095320438179982
-2.34170660438869893127 0.94804601911482144772 -3.18852707305321914077
-1.67692637946287392836 -1.10661750819235704668 -0.41441085121376364242
-3.78028327657523943728 -4.23704055630589326853 -0.22750244597150359738
2.61902920488838741875 4.50783420184951832965 -0.14474843498874534475
-4.50558159152285231386 -4.51380649216360740894 -2.49846405793856707334
0.49864057853522325559 4.37473884573930771325 3.24348015937838418665
-4.53583391177744399414 1.49327498641893807729 3.11729717576959064473
-4.45138701223015420538 -3.92569298894080942475 2.01195718930265687874
-0.10073830078675793942 -0.44328547976595089608 -1.61928226410116327116
1.16093698628518549043 -4.28979385005381974594 0.19613160931191853109
-3.53175896859132043559 1.36293327429044808241 2.98047398353309400676
3.86582630342607114216 -0.28306468748437740857 3.33197950816662658013
-3.92606151644032053127 3.66331466771725455800 -2.51726109751359494737
2.24530740211333501577 1.64745657503483045048 0.68859734850903642212
-4.53483886703954031105 2.61429610840592108190 4.33886108556627814181
-3.80683386686298685930 -2.05846091836980704670 4.35494968055879017044
0.34501351023120996331 2.69856247630017609396 0.28963883511383681224
2.06361670609262137788 -4.18609789609078841721 0.85138718368560883931
-0.33178229450953189428 -1.37876894407356509475 4.13698066638706851705
-3.18919258471079780648 -2.41820680694420797607 -1.24051189457602450972
4.03994052229381050978 -0.34326402900360353243 -2.69324041807625036427
-4.38185303911693768697 4.11031321820444350834 -3.90512209113022912277
3.14132933806698755319 -1.62643626801403717863 4.35573960223089340360
-1.38154938753970135679 -2.39715560858101817132 -2.98364292036835854205
-4.40497083416730905725 -3.48493000999337620982 -2.15140622816681537088
4.18765189134838333729 -1.83675753531996388546 2.03784878408859793097
-2.38540837936651461959 1.60239708328648866598 -0.27491685392140752242
0.93438533635710552261 1.43644287433077533223 -0.23554924653641595711
-0.64503089171749916630 2.63222643664635480576 2.53115065342806655480
-2.08892352631125355344 -1.39658784818077030820 0.54203883183655943157
2.17252644905099678851 -1.68319618925117264752 -3.41092081940676727925
-0.14212511046103326606 0.81717777469834640414 -4.40576908527196398069
-1.41688136957599519761 3.01819212316380003358 3.25903815255280715490
1.89624150794082524385 2.78591659750078601832 3.53060811471773572379
2.46391283981229936018 3.91155314326562386640 -4.34989176835698998502
0.75050544198359325776 -1.56683199035729447957 -3.50516958706440506788
-3.94389872469503810493 -2.76003980711728580388 -2.97712168327370818588
4.45633858119279668841 1.72390228065933825974 -3.86258701471739396283
3.61164815860840082706 -1.27864695413354123588 -2.62730474026557603295
-3.06303303368939516815 4.49119339542114470731 3.43904825781333212120
2.05128961456345582093 0.50532362172255229638 0.80477451683571210594
1.36353552295998614596 3.31040872333934110827 4.33721253720887300886
-2.47233707914263778349 -3.88948865701437895837 -0.33278607173060326119
4.20227683389309536466 -3.47786249304562566920 3.28559493910569511144
-0.02153738728202725383 2.73915161168928467106 -1.90311335977830919930
3.87456210083142860157 -2.05939809525621386754 3.22900394211284424983
-1.60214312795869417982 -0.66507453305428887447 -4.50521640925485389317
2.16297132444654494066 2.61824231940539942087 -3.31304200340629684263
-2.73408749288760821727 -0.77894330933688493701 -0.24146529403787653223
-1.94940543018638479111 -1.18957554137011056739 1.56540664309566679435
1.67627881096661912608 3.33477916421937425895 -1.92524856275676725659
0.18131391618614056682 -2.49669404127674177118 3.09021320467541205090
2.26235525273152138226 -3.73281767794558039242 2.25493751130772945857
-1.53157719626032351457 3.41258067237441498065 -1.47700537287593558489
-0.32899674000328094081 0.37543591294519718105 1.67300127042901092267
0.76813438829690916521 3.08128441030383815047 -3.91571760319592243604
0.29331803933033651077 1.43912875581715749007 0.74045076086499239665
-0.73825479526063286784 0.80304837107205617741 -1.58453377371724579703
2.46399096420883445546 -4.03656994325051776684 -1.18088320489507614397
2.46759781676541845030 -2.82285020685677912056 -3.57374797011098710442
-1.31325275931033580434 -2.16216727240660544496 1.13301485369753240917
2.05981284711005763199 0.73626235795059091771 -4.34273864146860777424
-3.02762916605810827875 0.46065744650095918900 -0.45348404135815023608
2.59171841035889904958 -0.75729971291594910809 -3.00288365641527876804
-3.54474121663820485040 -4.25189643106102987957 2.36026197731139308900
0.67985108791562876007 -2.06845474506085524879 1.03315404246009112654
2.37375717699007093842 2.64479229867076082172 -4.39397770389208019992
3.29103896666423434425 3.79047356154264836192 -0.56972726610008539438
-0.60174986977935684962 -1.57004751235323514180 -2.11539089252996381774
4.47584238745791029856 3.22848118764367075784 -0.69309618109252379980
2.69071187468079831007 0.79346215094421168601 3.72384112867919991885
-0.30214671940540327455 -2.79572693469832200819 0.15971194969338586844
3.81912981935499740160 -4.03784377154315521352 -4.31844810603001150184
4.02956520771930382097 2.54013634560805812157 -2.79873360346669075582
0.09552681388344286262 -3.97858952641958030227 -0.60937988206124948931
3.42264602509184356904 -3.67215084977061589910 1.93516100213349773185
-3.76458130756296105446 -2.16021773639891589980 1.81649620995862104422
-3.92309837069604094850 -1.17501360066509041857 2.17052292905744081963
-1.10490807247524847057 -1.39470963668901060117 -3.02707936797666521400
-2.59542394695703793062 1.77823830375928526593 -2.35659952328895005991
-3.84101472088859807741 2.33685557932449139429 3.52503057750346027177
-0.11650432773091345950 -3.79842792690608765938 -2.08101733155922197227
3.42196581097406760108 2.86802452181668243725 4.11822868125319541122
-3.82554791748215050617 -1.37113074998442563412 -0.81364437990924187716
-3.83708048154035452626 -0.01786691252146255238 1.51584493052264068780
-2.20383624856382764889 2.10695199554421463972 2.42858064569073039962
0.71778456343931829053 -3.43097848176325248559 -0.06358724056331244157
-3.44780177477354010662 3.39781785605213304535 2.08571529630617291673
1.82900550896170255299 1.45545085372150051484 1.73991220003599789123
2.99525792018858361132 -3.46369092386151589125 2.96614880004076741926
-0.31030982491184655458 0.44462652653981304951 -2.85651930016430810610
-3.84237179582295018676 -0.58886859882440489855 0.35680709079020722641
0.78955007286272493872 -0.69319593288789382868 1.21993649304335072259
-4.14718575777299314211 -2.18726494361321366355 3.42795880416038389882
2.75125716724946922653 2.35416973974837606676 0.23573048830954501653
-2.42319654644924087350 -1.58821520798382875839 -0.93060320689256492699
-3.13475957286037987259 1.30204296425334842269 -3.84540223440861872461
1.00866272933709755222 1.02320859768501914999 4.40544180018389663900
-2.72883263501981021548 3.18255114286607554419 4.01611379403108070818
2.55960916320355202913 3.88220240180954601072 -2.68204812762679445370
3.85175213557076023818 3.53746557256637306210 -4.33044069100241291181
2.61167449527220618677 2.18513139789379895461 -2.26530614939181562661
3.49595215045224261274 -4.45448271842108134422 2.60232391332474310985
3.98322138493167887674 -2.99367284791716503634 -1.20514570714067303925
3.15444531839263841988 -0.83922747566849320577 -1.70491666104232830747
4.47930254146499340351 1.64089817721359931824 0.55903725615191390830
-1.16329697215119765019 -0.71573329240175853627 1.91230187510920490723
-2.58752511821538089265 -0.08157435009091518197 -1.70395191045620286729
1.92947939764158160614 -1.71517554744210354301 -1.72608206821197507352
1.38275718820933324338 -1.94610000796269488887 -2.53958901470866305061
3.62161186201865614720 -3.05865964326039430077 4.02895600005253395892
-4.41937867351355695433 -2.89708773342636538572 1.42231069716154934213
0.27345059637499247174 -2.18266369449073138753 -4.21464038411648012072
4.05799600120962988825 -1.63266895859068039698 -3.59436204287562777182
-1.03518914796018002278 3.86768881067531200557 4.27223819810974436706
2.89101750890041930830 -2.51795662521938945488 -2.23862402972338214724
-1.91048816095104800894 1.00605276395400711209 0.52156841974550616214
2.10397993804413463437 -1.84588649337046728505 2.32189940804414707287
-2.29575160471822181663 -1.03653753399457748685 3.34064634846413976987
-2.29581798680131354828 0.08855917794965773027 0.21200733724158382643
-3.51246110342253325953 -1.39108895388197906229 -3.90665593294217128317
0.57425796221649605400 0.48943923080262141667 -3.56151946854185741387
1.33766943640470170607 -1.09553511375142242912 2.19229318482913981825
-0.63708340365112148262 -3.01417350783000381753 -2.52132274173307813214
-1.90558225041259188259 -2.45086076356654425368 -1.23507182966612116815
-1.01172402009052220251 3.57210620899231745540 1.25767647696899143028
2.69374697949607622149 3.10872476799956043436 1.64130475405742348727
-1.34492553309678219975 -4.13439937051640615806 -0.38268463303178013035
-3.84760621720744433460 0.47857841295457781428 3.39462657006478618626
3.12523693372100286325 -0.30440274320577653810 1.13909629150324764879
-0.93167142589893447990 -3.07216638615845294424 -3.67727905452161829558
-2.83551970042986933862 -0.58951457242909022227 0.86894881800643641867
0.02371839392513841460 -0.93989380069044381472 -2.94639588170413357915
4.31365036638309629069 0.17688481270284839297 1.03900931866917378699
2.87824667373981402108 -0.18582759114354541197 -0.20415943881343512345
1.22604694442933404019 1.38208072224448663690 -1.59686493193865963747
0.15979718205197634973 3.73899085822091503672 -0.69165893437068604044
0.53950529014656734006 -1.55095510068547426386 -1.58180636505980043438
-0.87992047479697355072 -4.22089368843891055150 -2.88282771617935651420
-3.17253604971780456268 0.78621320604996469683 -2.02028140331855299294
-3.21856160257759738030 -3.15266052490090897820 -0.16046574949570313606
-0.87147204109788001247 4.01243665132530491491 2.20487462900023967194
-2.76537765303645777237 0.72764092010358005780 4.33743794139821492450
-0.58557074207185966230 1.76239189254581951616 -4.48672860196969303104
-0.36408732047905356666 -3.95407973019931224812 1.83711479575973601897
4.10021341299862474017 -0.47635920903949902083 0.33683859281417127818
-3.63088153015917347588 2.44117311675172832253 -0.19968216770799340765
-2.18449272582843700974 1.09040703858023402262 -1.09689701260356642365
-4.32236550942702191236 -1.92127926156072437180 0.94138302124017059214
-2.45699439735807789731 -4.51738047777101670022 -3.01244533703574424166
1.95565928379148079586 -1.83434574145052486926 3.49138910711709460344
3.48059273063134977377 1.63037882029678105056 -3.16824481039164718155
3.25841179188651253185 -0.90457591284755523020 -3.81549649332460916185
-4.31321501707058452268 -3.86185393412361799292 0.64152393955059316966
-1.69331191082070819931 1.77077692146224219272 -3.53065322337053011381
-3.45876477728244102749 -0.37608169326962226364 -3.76786810142725947514
1.32872263450166361309 0.34272120607034750606 -0.02463430881266237549
-2.09333661253963798643 1.12758099544255419033 1.49966393026736088956
3.44530971453562884221 4.48415276236434845458 1.43625200902205829578
-0.39926322456505314307 -2.04260333074765787487 1.63255800690035091094
-3.87001776079323667190 3.42494056496583620941 -1.49213205796141412662
-2.12022695629261992423 -0.34721984955642248849 2.54438098306690552164
-2.33193924280187392384 -1.87759544525211730104 -3.57672447813194027688
-0.91747710670527427013 1.30790659043297363695 3.70667650227639011717
-2.57659972552301752557 0.20626501162365418196 1.62488054376509349908
1.41650506965636413526 1.75684387634714322957 -2.71587359229650981973


