195
-3.91971145546585209019 3.71399454766466075029 0.10911216451952032713
0.77960322374932466971 3.66051924387432503494 0.64602334644858316892
-1.22810898246343036533 4.12452283848541600975 -2.85220527883760954779
1.72561179690071586634 -0.71158103768698222069 3.84291870194079177026
0.09694086069287877194 3.22018364190548123105 1.89316523043571205420
-3.52014869434280353033 3.16548517961007558341 -1.41573232748991717500
2.42389548681931454865 1.87444006991858369560 3.91547647741103954644
-1.72731808691703392356 -4.01102733941773248461 2.13128645462838406388
3.45580575498727338157 -1.02473613360129478522 4.12977563926375790260
-0.11619958597384716370 -0.82970759048295805727 0.57370640497286196080
-4.51913557061457193953 1.84367721516542371063 -3.61695527029576657796
-3.37630780826079224255 3.73825066155852692162 -2.72001349631030286957
3.10848731979208015019 -4.06882971099018142525 -1.19378489023375022882
-0.03307773889537823919 -3.39259890463485724865 3.31170581491617088687
-1.31885979105858197613 -4.42534315780062925683 -3.74966211715279218453
3.87318646886197459622 -1.16385904704439768764 -3.83304636550015942476
1.81444878053523606098 -2.02725520485534849158 2.38122976501523986315
1.73329956677140106791 -1.48460086250698264365 1.32913781988470081075
3.04118266634276235294 0.84390917803466969360 -2.97167130282140856679
-1.79741562440749325091 4.15915761744704948200 1.23566281860421511851
0.09434527468035280862 -2.07328068079534677537 -2.17271410293266598046
2.08266802292951336284 -1.74579681602677183605 -0.75307969563087029385
-0.61108353550887750671 -3.65047066328050284767 -1.00867408099019462142
-1.56174459473867344173 1.43860000758128325771 -3.99471143605956990896
0.31653141517769611823 -2.87863424284812685627 -3.90512536336156079741
-3.05380884852307588062 -1.68017503084371266908 1.23234441959405227607
1.54771895446192520041 -0.01974059890919299676 2.81962407340533882660
-2.49867539438194175005 2.05026492126812431849 -1.26432802852388270765
3.46494203586837468123 -1.50903577429474111682 2.09489785116799520637
-3.28119397993989325713 -4.14973033038919414395 -0.77819094125247456617
3.62185826800852606056 -1.59818509486698800970 1.04391617250630819314
1.24643687657709545391 2.38697836178487410308 1.49390355562453791549
-0.00724875415991288463 -2.66272543130317673743 2.37153350487380532030
0.91453642203573703995 -1.27085809379631697880 -1.03846085427356982223
-2.71202955856082494890 1.49082869553584895783 -2.30019941105522240932
0.73090599734820838052 -0.03415698856403004413 -1.31080053942220953189
-2.09638678960380531180 -3.20903325152241647444 0.89220432145696548787
-1.25449430825143526391 0.89123705432467303922 -0.13976747370679110105
0.97636839338988412607 -2.63614129022376042499 4.44906172219824025404
1.72745534125912048040 -1.12342566065706073175 2.85131709305460390169
3.58941535100626740729 1.62572765710110012094 4.38761485184361976764
2.64932565628613403419 -2.08631027148221104284 2.96749591573799254007
0.23575343872663445666 0.49448893967818641215 3.78426729689623808639
0.94105609305535775633 -2.74250317713291780208 -2.74859118928942214310
3.50160744399754175760 -0.25930797608380284913 -4.08189865621616387870
-0.96382119094171381235 -1.07975948964759815851 -1.38503778019629031348
0.56283952182802821085 0.83168661094940699030 2.83162018753245448011
-0.37873025330039933323 3.92790655617044937031 2.94983612502502712260
3.32859311525314183200 3.31067685682566636984 -2.63330622595609975534
-0.88153224657456608071 3.70230727386813196489 1.29218297020468764202
0.56939070214540432602 1.00082734311484067291 -3.06393972449427076654
-2.24644256438574307921 -2.09447370729034831882 -1.75786614517455586082
1.89451055790730737982 0.01724738955005999941 -4.41726149290214742393
1.27095395576485170608 -2.77712965049424997943 -0.65233569788589829130
2.42792780065099922382 3.53658434720063485912 2.70934515806474163213
1.25484594818744543687 0.86671500226050390836 -0.69096747873582886612
-1.30759350747629587985 1.15281533864679808232 -2.33617295861703500037
0.48881677415254909391 2.83731950266299559615 -3.50156615650861580136
-0.29275840262762464761 -1.83043790309002085692 4.24114407189672260046
0.28477100992846615668 -4.02775169249447273501 -1.57771653023902924673
1.23419813086442609062 1.97035287749845178240 3.71561611554384096934
3.04039182891952908250 -1.33406709144268242895 -1.63533826711509977514
-0.40768327774126156271 2.62947270348019035424 2.85126421621286141317
0.76572591112425936188 3.29138459943659089646 3.08907356233629304398
2.02478340480780172328 -1.41726017461119147001 -1.91181742972188528640
-0.44935486553216996697 -3.93410945757981656001 -3.35933675475036119806
-0.46318191163567234980 -1.69110990099245439566 2.60124267891321547808
1.39233975561341960514 -2.51644482438430028282 -1.77352247803803297899
0.62444396089014464479 1.90349729504514364464 2.50128165233274302182
2.36400217731156647716 0.40189857141588536393 3.49996003298058777631
-1.98005474753755095207 3.58846124497662355424 -3.85864110567077434055
0.40820268556911010194 3.43655730774713763509 -0.69732333887372410786
-4.20155196960326815514 -3.96058222559257311346 -1.47512851164108260704
-4.46883842361605498894 2.74711796746759961962 -2.84524626157079385536
2.74785129206333156304 -0.78888657243504356487 2.70885764991245103772
1.55198626962057861789 2.83748155729338868980 2.51478030305368704944
-3.19683095764467761768 3.89923375413777062448 1.77301549473813135904
1.29186292231504307182 0.94018446608618777560 -3.85143648740441912892
1.25632806023111953664 0.21170712152791271166 3.93680937105065620329
-1.57380944391461774501 -1.46824836177368833745 -0.45517492302408157911
-3.14118835922911010528 2.78059762195600512769 -2.27832573135861427005
-4.09959124109088257626 1.26077173074706561096 0.72304021442201893421
4.52794713468769938203 0.21036159109526142430 -2.78424903687148628251
1.47004854895066561227 -1.90425650795155609885 -3.61292783460227040493
2.13705382496832552164 -3.73895720392919272967 3.67721061730232090525
0.07598175037387644437 -0.56242711314993698579 2.47018142966717757503
-1.58434443337006891639 -2.20505739689642421553 0.35296432201503424864
1.69311727932432809496 1.60395637980099525777 2.94320922952351171631
-4.25525621442093981983 -0.45774306929929231558 0.07464034839679456468
1.93254854951901933191 -4.15990703054471389066 -0.41927040940773885325
4.00466061335182654801 -2.76893718098596952615 4.14345371963827613371
-1.35859339103058207598 -1.46206127971814492383 -2.30903125755824989440
-0.93429343879443571552 -3.35017477788474504763 2.66320713969825551004
-2.97776059261992065430 1.95270357497402180513 -3.60656449427282144171
-4.52413912068151535806 1.12279972856936272052 4.44196275873654666810
2.06667807419446081241 2.34391240463620231793 -3.05011801019292105863
-2.74047643964209486356 3.42685251291195580592 4.15249274394008960343
-0.57467092857576673737 -3.09460119729180993531 1.59735849920165318139
2.06011917245933418030 -2.58073630325722103152 -4.45949920358823259647
0.54420500402198168644 4.39610175302942618458 2.75034180189938304295
-4.32832984888117078270 3.67011378214321037916 1.96800606977097114481
-0.17427717582467039392 -1.84076436799491993668 1.10750485359482286896
-2.16507492836905734990 2.97199529545763496685 -1.90838643674860719557
4.26097912093512309895 3.62749704585303067716 -0.41160400247341755176
-0.24032349649720341489 2.04157587915732907646 -3.06883853515852145222
2.72710614282955798870 2.87975201847866291160 0.33977112188547664573
-1.00065025756857028938 -0.45783032783201882410 -0.35345096397857478365
-0.96610964463253257151 -1.19629140320964388877 1.48876724940451321544
3.25911580633224673420 -1.50575963368471876791 -2.94091161922251087546
1.70883561302222553024 0.79573061589286719908 -1.62597945155251011329
2.90513708907462753217 -1.10714361691324292281 -3.78291343805818280899
3.44694504701407122838 0.03906666051861407141 3.27925273115226456611
1.89892383841836220881 -1.70020867089493865620 4.07083555747201142339
2.69010360384815072621 2.19083030566446712584 2.53447820175108162744
-0.17929277573292878856 4.07800578756239051614 -1.28409376141606834665
-0.37588146697585678169 0.16279641839476344245 -2.91740060186060023995
1.64451784925580124508 -0.28862686182952934644 -2.94880086556100895478
0.62566888427532774131 -0.46270493448285421323 1.47616371241583710372
-1.70738074185505483982 -4.31164889978274068483 -0.33602142304288573627
2.37856154831837685037 1.30236703420519628338 2.31795505922282973899
-0.48294877847227279943 -3.07885832215532495582 4.51166299825905792176
1.45132030311478210649 -3.90966325150190030513 -1.29296315531452954417
-1.71010424363266722025 -0.86061525428780782931 0.71337532511508161548
-2.32829090893929357975 4.31770101346800938558 3.92948867584714012224
-2.80557161053500125902 -0.68770595718540450392 0.31999521156799293209
0.45354685026072782961 4.24196553155937206014 3.72709238243472196217
-0.48901322520130996452 0.25622169156070295770 -4.45601501025038526649
-0.76255818875978409466 0.98551181438824286829 -3.42962277899749112819
3.75334557336550656004 2.46967519350991349114 0.17566021619521343666
4.10934034233917255818 4.19561564645197204726 -3.79071086553200498059
-0.42153008033643057928 -0.83042813413298866010 -4.17833898136292170022
-2.94774035383917532016 2.99008298334365996141 -3.47159922345079419159
-2.74494987215470498398 2.00064844714847112073 1.39938542843524604820
-3.90234710428807130000 1.13005846652665464802 3.28195856511324279836
0.64841458711791588598 -0.56144521346070952461 4.44980594349211155958
2.50617117972287406502 0.05517377503196208011 -3.59859174367481848833
3.44453126974652601433 -2.79001237907777532854 -2.95515077376935986209
3.81919185212546619113 3.16372029840553548041 -4.26552405009919777257
1.57971387089364245782 -4.18763674539388652818 2.41951229052315586188
-2.92627581242785383964 4.41977122133516342473 -4.04339655729356994840
0.21472622500756965991 -0.37502070036804102671 -2.26975069876788904111
0.55040836556540906344 -1.68855409923770105607 2.06059772954027042857
-1.07404565224390724509 3.57925304302653746191 4.42950333970569243291
-1.35509970111631306011 2.01262832984022388416 -1.55876003965569154275
0.53504008014075044031 -1.51392520919885598119 -4.17156920816299692234
-2.19838326193535138486 -3.14043857849493912582 -0.61494836273071840083
-4.03169868214231641446 3.54452002606017568809 -3.75836410523904485004
4.10311923116017052138 -1.86990779797677397767 -3.17944208110268711209
2.25311721628884242818 2.63957710280104773659 3.36179568038003306896
0.30748318558280729462 -3.98993795741518875175 -4.36740676856541121253
-0.13224926550204774145 4.35903286201021256119 1.71691243383695191227
-1.22086214410385629492 2.60628181072046505307 -3.27508103032179187508
0.90406677077019281796 4.23105878322293360583 -2.01447965703076237176
2.26646280868194249791 -3.02937836994345088826 -2.66781316295906423264
0.01110677615384236816 4.22278940103941646811 -3.54814609952616155653
0.48905676574618883734 1.15437423716547993280 4.50245413635992530743
1.25558540430132570265 -0.19775625413603581393 0.00064202556188863724
1.08203295948077204969 -0.67007934503194022113 -3.76573827967546082007
0.35366809351570971387 -4.44022928647567560745 -0.53480568404344008826
-1.02176382690728040359 2.71761084743807312947 0.99231637138435591083
4.18526668158511139239 3.35257708126222642164 3.13311446870104237661
-3.33431142821301529366 -3.28195354908987457776 -0.26934935661552472652
3.43642972302738325396 1.83896389348505540084 1.24724200905919424542
3.11346726047498911782 3.16557197277081758813 1.96282863420593400861
-1.38203314476024319291 -2.61740435604515431223 -2.42234268436324340357
-0.23982734612598743951 -3.28195107054841628269 -2.43639844520323878285
2.05068977850128408846 -0.33644143847674090608 -0.94932766447220062744
3.87002158001792562203 0.57194058125770830259 -1.38945556005746695405
-0.26418257268514633296 3.91158079204841957477 -0.12488155441621806574
3.32866814786611620036 4.07300597229468319682 0.03948489957061251943
0.35923569420680223629 0.41153170559382346028 -3.93322087735536696229
2.90309278193338116125 -3.15646659805353690942 0.43321405685968095156
2.65244186991229913275 1.34175462581915549976 -3.92918269257747487799
2.20593856859428871786 2.77139103772309969287 1.42577890521977490579
-1.42827867214987280775 -3.13623442770665095125 -3.52619445994701852243
3.99559538273270486997 -0.58760484245417154980 -2.03245861438790953457
3.80002259809880538199 1.75016990572458563946 -1.71154291238760736249
-3.47111370695671306308 1.80479334032661675735 4.28262002291970755863
-1.62306359498745189640 -2.38619956659421283973 1.82992143574708698850
0.61030154697902805339 2.00215218856759680222 0.49866480682760627730
-0.23635833752300605681 2.74470053735527219629 4.26848625459582731168
-1.13911794037931368706 3.44632192890462629720 0.22758948739846562859
0.14217277169669451098 -3.72263973688078309010 2.16343108188552779581
-1.02039629586871383182 -4.19069463218479132394 1.23417958579046338485
-2.99009067764184433003 0.10349819171618879210 -0.40811012773020749478
-0.36632830193743526337 1.68973241745222235721 2.00718471622553806810
1.49624128256724286956 3.86233533287197072781 1.99997255536578943946
0.92311312404592626990 -2.21728270986519682140 1.24202819819770216014
2.45880868034068900130 -0.82327779825441638195 0.04710627324829541607
-3.28659472757933279752 0.40586276392789510936 -3.17907300343523235853
3.27481698952627109378 2.38188994671028719807 -3.68371348261578068772
-0.13358829376804948197 -0.64409328225275697122 3.46459405773235129544
1.38976446502715678122 1.85807325804921941170 -4.27549776264419012506
-2.07509488562442845350 2.21296800874151067262 -2.71012797135300242957
-2.52582631805809043612 2.22588406678710004627 3.94843569515303460804


