298
3.95358225742336788500 0.69302085838985938437 -2.31201593756573808847
1.72496098066730674248 2.70578963990726517608 -0.21024064791502006244
-4.22619214273719112640 0.78813212006753730066 -0.36660409264042037591
1.85830697818456069825 3.89308520443676275846 0.83203708081141858344
-2.73271357991618746297 -3.63581271679436568434 3.03980987935624558105
-4.11037081224301914517 -2.11864968485877280813 3.17267325863116145257
-0.62944585716356371563 -0.10984824790505687275 1.94865974715617973345
-2.62474113299570221969 -2.11240538378985842627 -0.19038382174506995881
1.80621333482362533829 -0.07405364457784813226 -3.44105385769057159351
2.52679558412726290584 2.78596780104695618263 4.26806902468811610873
-2.23345485302300872377 -1.54700856761688543273 -4.23394426192479045312
0.24307722331420222872 2.12557512474935617064 0.56429057559513484676
-2.53264982410771022359 -3.96829707725444746913 4.18352413584452786921
-4.23952170172174902518 -0.74600464637722119221 0.49502291664899633616
1.43377931411834680375 4.01466070494222915244 -1.03757113687965940585
-0.53737297362973368564 1.89475622637825669159 -2.56145844674208955638
0.84757741255930429958 -4.30841265363351322293 -2.15116002161099739709
-4.47799997941899619036 3.54097033288709095444 3.01272175655223328761
1.16447664223127222982 -3.85791135204615587284 -1.12043256508940292093
4.22585146277469636544 -0.45002304136506765531 -2.03928342926846672967
3.53347167828177344262 -2.86136450509760376093 1.45611026451820091410
3.81734923701831885268 -1.93130524878118503551 3.51076589613678269330
1.57782417340472935763 -2.16573324583808624055 1.21813469788492856338
-4.43896222213372038112 -4.18467490289100396694 -2.28694054213509279094
3.79619981188748578660 1.00891405645818021952 -3.36445115079451317897
1.83406816925900617576 2.33285349736782432473 -1.66350639953010315253
3.70729874739452736065 -1.52767570679063169337 -3.54587931224507002526
3.17916638032620824106 -4.15509045074212135518 0.72075501768917416001
3.97857479924820101047 -3.92779546783863287018 2.13612913107301682913
-1.23107220975485009973 2.68109074695003002375 2.50774106440823807418
1.20460835673523636302 -0.33219827957925041062 3.53462299062258988869
-2.22776490851363773160 1.98085479940683395483 1.83038632800294376324
-3.56909490796936834656 2.48342507165191328511 3.25234389676792012835
2.81454515235681057561 -1.55223425590234098692 -0.90986775648664597327
4.13015035085645809687 1.51146388119036867437 4.44610825139003207340
-3.79709468654711779223 -3.32273927377693834018 4.37682498890491000765
0.55052505653863192947 3.21826332152413385757 0.65779234093893457214
-3.14920474260748139983 2.39216325638550930677 -1.77738173699660562121
1.10257051296835673071 -1.04346689701962969110 -1.49865388002525801170
1.17795466278864235932 0.27086810994536225650 -4.43043519418695730394
-3.80958907663486767703 3.07065365258638589552 -4.23199602539891284181
2.18465308962949045224 1.80611951380688218194 4.32102157629044736353
0.19213780100506561155 -1.26589813432210984701 1.43701077957695755316
2.81938841935716677511 -1.05342237518149550723 2.97862051327013599433
0.72709673844748845539 -0.94267411494157649088 -2.87144882055587880032
0.48668737994132982294 3.03607941031166639334 -4.15827278011029122240
2.79799029267213317240 1.82628228018595528681 1.47664854628823238869
-4.19532088444461148669 0.82828024151149914900 -1.55933586011386093872
-1.20305979518863459532 -2.12013342465649179402 -0.96561275383079614443
1.84783663794130870173 2.09987878135747685349 2.45026729681517796422
-1.56357954898681583700 2.03173245914037803317 -1.30673105794223864962
2.08712352729724504030 -4.25725007159476387386 -3.79670623256184303074
-1.14550018384364493684 1.16510435824854585718 0.59259200487724861262
-2.94552296714162897828 -1.53590691753139019227 -1.12938871074503577319
-0.85216880355926427626 4.32795128898459591227 -3.20592752040310591255
1.62593289677458230358 1.12564133216251160974 2.10804443692022225321
1.66832049504071999735 2.94331418543267187005 3.47162511492018577286
-3.10866440275380329084 4.18459038974091068752 0.58701566179745068297
-4.43474805897152624112 -3.13633829504908501207 1.31827626560356225838
-2.08862785895131830571 1.40907005995730738590 -0.51366077053266501196
-2.28290541023940907195 1.00560631328487115610 -4.36865465854120937905
-1.57452790689170907257 0.48991408082184051409 2.46366193946537936910
3.52565621378151572429 -0.95734197947952726082 -0.43671715861599125219
-1.95884610513982515556 0.78013669072077629352 1.34919427559625404456
-2.89569426251065920042 0.47108371001812887613 -1.61427663273305377345
-3.67280560986158688408 -0.75018217421512201071 4.01310725915201071956
-2.70475797672652884529 3.03655733366716962252 -1.03788941581779869949
3.16682911862914906465 -3.02676049090110321771 -0.86249759899663835938
1.69646123604001619611 2.54053961703302277897 -2.83359059649740796516
3.84870796845391449637 -3.92897578838038530336 -3.85821032742347558298
4.44693119921310664466 3.66640114668224459393 -2.38116213979971602654
2.85589318295067773334 1.15485426244112510119 -3.88737357464722288469
3.69977724789271800176 -1.07612691038787655629 0.72713794204727832948
-3.93810609897092422926 -4.47954885397819424497 -0.08061533385430230680
-0.58805895307468558642 -3.16510861693746115009 -1.26765218625481690395
-1.81823561028107860693 -0.78772281467649607478 3.80077668267950397052
2.24372710534490860113 -0.78965124281002641027 0.15846174423387093810
-2.49370619672000648492 2.63266457162157774263 -3.76775167337009575519
1.85924904138803537279 -1.73823940332582482782 -1.63825254210718540548
-4.46897991162651830876 -0.22902892309147482308 -2.98435700373597745383
-3.42526130773673864738 -3.10230083855329885623 1.90425016811440617204
4.11436806413858047193 -1.36696116845820769825 -1.42520721442355480235
0.80096670698355243445 1.23215503926700264969 1.29510002560992010245
2.92707297168207336568 -2.16176854019258124495 -0.02834457682410462809
-3.78613860495202914080 -0.09037607343332965115 -1.11024988180365902224
3.92988895302708218793 -0.58816153979815899433 1.83901828221083984971
-3.38238906333451350150 2.10304263025564885936 -3.75024067772679359223
-3.98344396560789482109 0.71299879950360534053 2.01562754187908144132
-3.70210562522914488071 -1.61641191390845673226 -0.29862530044278745578
-0.64416204062009985165 1.11618759551905544214 3.90587803057203952761
4.48592876769134729642 -1.91441756234006277282 -0.12715654898310191356
2.28833562984472660418 -1.74001941264592829839 4.34753804639465446513
3.90863727794033177787 4.25851736203554676052 -4.31899194452113288634
-1.12707424728705296602 -1.95366206085332194675 0.09983275621332587946
2.73114439885287207943 -2.30754453577411444698 1.35927484978343660060
0.11169084128103445863 1.41987644568865167827 -3.91413518511304170389
0.37089950656026271503 1.12243439854501669828 -1.44951873447585999344
-3.99793202350902499020 4.27208014911455347118 4.45144182977452107508
-0.07132301439703070400 -0.18400537643211301031 3.77116443853158589405
-0.79768661560720888204 -3.81513028688249722364 2.69270204167637583481
2.40977448330735288806 -0.58212967748928967637 -2.86152711478353705132
3.45654180896555907054 -0.58657172715188199419 -2.76688815769840079639
4.10316166671521198595 -2.92712406914396794377 0.03696391613531524456
1.29071141723751825481 -0.05834995270284348834 0.62025646499019249092
-0.77534106936627900097 -2.71222936394710201213 1.08175562567600636044
2.27392886965331264548 -2.71878541777383064826 -1.39375935764894309798
2.94820954645414268214 -0.32046635773343368214 -4.09518345548896167685
1.80033948650165598337 1.65341999262110039837 -3.55757840020126980818
-0.47732046373108527604 -4.26754927411309292751 -4.07171447794173957391
0.52702100434732557233 -1.85620494716215622688 -1.94721618947913110986
0.22483826219007863045 -3.77442615256535152213 3.10872305209362309597
4.36490895761259789509 -3.14919977653585059230 -2.54463228726564461013
-2.04149930617862462867 -1.17121195259253418897 -0.24791466512983451054
2.31358147586745666047 0.52063705571143703565 4.48047500966382461485
-3.98068212911655150421 -2.58879243855737417590 0.28331561306585140159
2.63165918327671999322 0.93612120336265913778 0.32505742200191622970
-0.52157699586399530745 3.32381084999109166489 3.24305260111851456628
-3.09824440107210863360 0.74208294512339367799 3.91499045046280880200
4.38039352046987584544 0.45542463000547073193 4.28404841232292898923
1.03196283204699579272 1.40203968877843099250 -4.52939099564456348901
1.48515457647192317125 2.58623647796629541062 -3.96067285831126092432
-0.90641800954781626132 -4.45360390920288917727 3.83107659643598541521
-3.57617839730797593134 1.62441883373619422315 -1.09380097216951188699
0.94204848438404642508 -0.22620842104738336786 2.43122553070646407747
1.79563140156997302910 -4.22075347151996105310 2.13907599329820463652
0.75368419325677393772 2.31328648594040497954 2.40055431997576551595
1.37772426633845679333 1.21009632630559149646 0.32874091788425019445
-2.22160072686325227309 3.05607480090928973482 1.34019456726356978038
-1.56284849758774946338 -2.25969982466816121658 -2.25558964268681139131
0.31412712458646385727 2.73514240317949841597 3.62400345194382378367
-2.84489608636168256339 -2.95262062017955262405 4.22417923809937345681
-1.27166680680862942410 -1.76129685891295650890 4.06246697256435407297
-1.51075277415447306595 -3.43965040896926455005 3.61724684432714393978
-1.63224740117656352822 0.62217556816728603053 -1.06468793112442527971
-4.24752296583185806611 -1.62797444873151864186 4.08159863761065277998
1.54764623765752773465 3.07445028775196327331 1.75109381195435798162
-2.62745347665191131270 -0.80189780953642797456 -3.21142099871165420666
-3.69399616898249183450 -1.52084248125558030296 -3.94844310453592051147
-4.29923384110816453330 -1.13907044985365146772 2.55069249383714247159
2.01050984228124551834 -4.05285015230769385397 -2.27386897674239207845
3.82781922898326865123 0.04278200083189975800 -3.67456289860967411087
-3.14261311432454792936 -0.47322190629939608897 -2.36885210582959881975
-0.17116793645053274275 -4.41463407654330453056 1.77770972237285729278
-4.37708974180310050883 3.85911106549873306193 -3.62297029842035156477
-3.61393419776601776405 0.33611634353226449434 0.64869642613677580556
-2.32498513112147575654 -3.41630107618344558418 1.46955066719534421793
0.93186520890969237740 -2.51655432507727105929 -4.25168984341152800255
3.19872424676327327120 1.16581177581731143533 4.12192297250441530565
2.89085587908445784677 4.32685665685132914149 4.38836276908007771880
-4.50575170186074647205 2.88459946095335695304 1.52913558790593029357
-2.42980587293006466965 -1.39137528836496926488 2.91581998872808956236
-1.17555567658216730820 1.24207006436672084959 1.83022068371049417834
2.72713334213983404908 -3.59618566370139713939 -4.32514953799352230845
-3.00767350175873726670 -0.67923851998400941454 0.06452537696775983989
-0.60059925857643658986 0.69169943563996660885 -3.41264978752051373334
0.17184645905835171931 1.75205880915873724035 3.61450870175081373503
3.29468064278102890086 -0.62743476388460273085 -1.40219221769797286470
1.05334148100793090208 -3.80203137362020715528 -3.11709890026794900209
-3.06494136189356369826 0.81818139649161203408 -0.25404628145404828388
1.38921070691266823616 -2.87549173760359533247 -1.96164358122243775995
-2.48708450523065494053 -0.24544170907392270919 2.63483467869276033468
0.41270201080394208759 -0.33827408528791824693 -4.00769971388357770792
0.61068713711989897064 3.24166056775393141010 -2.53465985430809315204
3.42888679147499697564 -1.71359231581698612246 2.54368828629417453868
2.79298571686656149637 3.05500701567553267779 1.43292999206199400675
-2.61682111340712930669 1.61934551483961097773 -2.03041334002825735183
-0.49894517607228472400 0.78481085796627869655 2.74712208406192726073
0.88894274126423944438 4.18178697846435110108 2.37929753122509612950
3.88677887801885812991 -2.98373526549001066854 3.84984588748040668094
1.31739637633097839142 1.63206527055306782614 3.24523022815877393299
-3.05237505155432664594 3.36714674595822582859 3.91550785898607234259
-2.11881117606210578330 0.59720618118168911082 0.17716552974863297720
-3.87995892253925500626 -0.88222433579919989910 1.42506298493936789384
-0.05424109008389166320 3.87887678052949791407 -1.84238486717366445333
-2.64133012634333308455 -0.60001771168098727571 -4.39662713154175666119
3.31397070004198912585 1.90897041583848370294 2.67723104257724919819
-1.49958208584781083061 2.25634357801246299147 -4.51097131945262397323
-1.12859470572031828084 0.09112620595097808973 4.50099374549686448432
4.24916493992193711193 0.86214964494180179599 0.62766540711745211212
0.98471980924128654777 3.90466791614103936325 -3.30271515384584724018
-2.24015142092380425964 1.22077966992554731718 2.77132451640122123848
-0.31497497427346221599 4.43858833602022340159 2.83322938210750852051
3.64568512122664767361 -3.00801333457662822823 2.55194349728250724496
-3.05825327710991246022 -1.78375269353095777802 1.83692143576806987681
1.42340811510699705167 2.05266427143344554196 1.06604690277131108900
2.93492774609461459789 4.19063958747602516297 -2.29200229720349657470
4.20014383728950146946 -1.01040763253008059053 -4.24784149594014071027
4.40674294796147503206 2.17926377955066552516 -3.89080604272495111928
2.01588671583092526873 -1.56465657066986318924 2.23316479886680330225
-3.03421495518758055354 -4.25988073733021010980 -0.44039840473252844788
2.22884451545353545754 -3.17602315642930355111 1.76026622581411995583
3.35002866582825031827 -4.53274846512650597674 -0.79959884974951478398
-1.52084227506489977344 -0.80912152885520249868 -1.37958390841590672338
-0.56582621889777318103 -0.27465881958616122915 0.82338040553582381165
2.11070927077209002931 -4.24956889410094884596 3.14954559172474635176
-3.60705897951321574624 -3.63130064849259026616 -1.40600756936205106840
-2.84227218025005257118 -3.47998747739428004877 0.52440397588089027181
3.68501503066676949771 -0.59076936756716991184 3.79297594980857066815
3.29539717783724661615 2.27896822450128677673 -4.02175185023891579306
1.16053490478283816145 -2.97074655555855127176 3.57786833600995723970
-1.80751005401336950484 -3.33869518217329908083 2.55652194912804642257
0.05587575867359895199 -4.52578836759483049690 0.14469863278482897329
3.45960427418327842730 1.09323058872883027703 1.64424252532169656860
0.63207534870945547567 -1.93699826277129893981 0.64503417025954856712
-2.51849181171661218315 0.38927186303795124900 -2.82365447068119479468
0.78879083692176443776 1.48929546015800529091 -3.18314283437610523464
-0.03160197239833184568 3.83194494500513993529 -4.45793597474542746539
4.13023192366946201304 3.17496131624323485454 -4.35920130353955137537
-4.21015538491678587008 0.71221256792876808106 -3.46129070745716838076
0.93443624565609351151 0.53611256512100258220 -2.88050222799477850799
-0.65447218962450337543 -0.82107776544503474625 -3.41915154036560764439
2.65964960094603952712 0.34486757386504329759 1.86239643883417826942
-3.75089939270577676922 1.66528642707443363946 4.49238923688457614247
0.82733039797927254710 3.91263506825925855281 3.96824207216009039456
-2.31574101713251856438 -1.09638009292769122993 1.10373373678621700122
2.90754973137863359511 2.76986918481885080467 0.42148386629173906215
1.14415296289305778998 -1.21757169730405134800 0.05917569342552830847
1.41736621840470444766 0.18467944859671181490 1.65680487921621732994
-0.29544617919727045319 2.42460934981957354495 2.68127073587609476846
-4.15869879624485694336 2.88952925177959496494 -3.11987327343447029548
3.07139813143079276614 3.93904997770132592194 -3.76358304411845034920
3.45860826185407255196 1.94046621771024074832 0.50713263642574712975
1.53796982114104086037 -1.95986930495655320428 3.38303642478381494385
0.67284336502190456031 3.24065161331003714906 2.74900231890184265637
3.79219734596444180141 3.36323381481267968951 -3.33900048409985439335
-2.69548646605777753038 1.58209010464726596012 1.08661611198573204717
0.27423459162955676760 -4.20560656490950623976 4.08546164605151940208
3.28545024165186116960 0.06081724068759264412 0.85621489487416901909
4.52506160721045969098 1.71487205452944824202 1.47948267137716715780
-3.08100054720592542168 0.21807442336031179764 1.56963762548501595262
2.15897787919906480880 -2.56162177205844798777 -4.08156349125163586677
0.12467249723491224955 -1.44964082053974463449 -0.41615853196924756929
1.90707535162317842747 -4.28111827660001242890 4.14471361806410509843
3.82590075489555214716 -1.89556319372222992214 4.51316089108665163820
2.90969302681336383642 0.30777595942768165571 -1.56492966809814060269
-1.64070268054473400454 4.31921708888262312342 2.57650939397275013931
-0.28875487553313838873 0.81417006610644016007 1.54847888824418244980
0.78823246329096541274 -2.78765736526716212396 1.34358008132992079453
-1.56437938106536122973 -2.62350730882211902184 1.74954880165807313830
-3.20868715201435605877 -1.65415266034039643017 4.21887097565694002554
2.61149894422771033931 -2.37727578009791518099 2.59374896158473422503
4.52210642051675559827 -0.71379108251621037340 -0.82717368598430995874
2.00157807754457106597 1.02739404354484697990 -2.60956716962342216704
2.63169504401966491969 -0.69696294325310148565 1.16256253381676177838
-0.29953836732699734569 2.49721899052843454569 4.40910379308872801829
2.84080059441289289879 2.16882145735235720707 -1.13905483072647140119
0.26595221690476567034 -0.04058137301141684361 -2.34792763329846732034
2.41085304750105411387 -3.24682987619625995634 -2.96221040145780722952
1.20383727580295207815 -3.38187938991563585844 2.07420873690351470486
3.87400491198447038954 2.16479501875934143840 -2.84056694440240775634
1.87657582672405975899 3.55743911875753138219 4.44132615381207340732
1.94348938360769363243 -0.43366147092058415780 -0.91590241418083984115
1.22204590837371362966 -2.02124098101924776216 -0.65022789750482612448
-1.15047503778243509487 0.22401954965298376266 3.51429236131382705111
3.80328691366190607681 1.06489639661130564008 3.17497705513949224354
3.90159148674093092524 0.28499641045257195771 -1.19634490577854846194
2.26743247891450128151 3.67140202783105973339 -2.95610558823083469093
-3.94213788169760137592 0.43709237507587594962 -2.51781968744389139658
-3.63480147661379460189 -3.18423552220761685305 3.35995138720875008431
-4.02972282929656966388 -0.13230172658958139209 2.72311138167791622067
4.33563532463035183895 -1.85392895580009930967 1.92910535248550463194
-3.57125133404978267748 4.46366596636757062555 -3.23112157705395963703
0.39509399703333691889 -2.85594616262882983193 -0.30080504930098150851
-0.60232191562060544143 2.74608887330446282959 0.47233185392831611438
0.41872816815456470607 -0.02886691141692487861 1.47057105887427663760
-1.07444018505453176004 -0.82572570769060904539 2.56931450553513052171
2.24653197970591467225 -2.68870723854463911096 0.57201125715977507724
-1.56954293832613611670 3.29064201436762893138 -4.38428141822975803166
-0.09596337220198147833 -3.17623371052326541886 -3.87852471611670113205
2.78731487519220433313 3.73064421308710958414 -0.57711612836131331861
-1.70202053926870799927 2.23189158642049978454 0.52168550230025534375
-3.46505366550395255132 -4.05044973839507616020 1.32483309165535789731
2.98207539697528645206 0.03160084576975297210 2.96101208969111429070
-1.76662976136926452853 1.82817434790285737733 3.46116053803947920642
1.96742665112898240665 0.33926014553121230932 -0.12027474249955716346
3.92480290458705649570 -3.79745760677127552896 3.16852503342762581440
-1.72960156622757477152 4.35652482921746919686 -4.19265517872395587773
2.26471119102484852448 2.93162667230087325976 -3.62902446623082042265
-3.58257229136953636583 1.84376246734073401257 0.26970461747415530596
-3.78565788394087388014 -1.06238266796136837655 -1.53382465566357151232
2.47720727287083963830 -2.75386324726726128276 3.91191355383819061586
1.33294722913721930269 -0.99156604783632618094 1.29668982539683508293
3.13310636710738954491 0.35740834825638234662 -0.53626405986534031456
0.15286588773626785809 -4.13710542921736745825 -3.07308008300995005868
4.26354603007591759223 1.40599329876002787643 -0.86213096751263185169
2.15742567503929016937 0.90131680075920428408 3.01270536175318159877
3.79874294066140105741 -2.13072539635450608486 -0.81614193453445071924
-2.59349371000314476987 -0.48021299409637485667 -0.92268279227093952244
-1.28119674000284966553 -1.02319746416663415189 -2.63923151129405075821
2.63120719675101710777 2.93082362025339193679 2.86397553959075157337
1.60683031458153458004 -2.95042964402692664549 -0.32465850812178675966
-4.08633552847487102611 -4.30960759012297245363 2.48122256725599932281
4.17936090816725336339 -0.10583526093031014881 -0.02841315764057039672
0.11488632202064597010 3.19195050907111177452 1.78041047847224742640
-0.45445483990029433841 -2.33635676742075260037 -2.25960089967844801606
0.39646665246395951243 1.88023204943002308909 -2.11964062105383321821
-0.60007949073842503651 2.22913898172237612272 1.44383228133450636221
-1.33443018212444508563 -3.71069789194715271563 1.65459269519126905834


