286
-4.46272265585629668294 2.65196881039020748716 -1.21805925487167998611
0.66453111676154019705 -3.24295665356351392461 1.63944969833247444768
-0.36031632370229260687 -1.46546507422710980961 -2.86000307103631490335
-2.09611773460416062065 -2.01161639161652727736 -1.09903040055626899374
3.45109349815129551331 -1.03639596536341604960 2.83602013184783707800
-3.01647169241446810872 3.25136399042698354123 -0.57437035765777322283
0.50677706772650132905 -2.11481863878583364880 1.97223385190665201350
-3.46262629826800516497 3.44464794029522103358 0.95929882210189809655
0.82163690204702888309 -4.39472633907495779937 1.93611746602597722955
2.71181380072274524906 -3.66700934970085024034 4.46043568459175343577
-0.28831936449411621481 -1.82454129248638352578 -1.26067174348214638968
1.50898002531654018554 -4.08182772025769047275 -0.77749129892881185810
-4.36367663747290279730 1.80066085732176173195 0.19697132131021266588
-1.58228325629651411788 4.21600193922067756347 -2.74904883029555824336
-1.43460576458828503732 -3.40240185151204332925 -1.40271426847761659928
0.16226824484897584000 -2.44815146343922718231 -3.13750706946856139368
2.26403242120022252237 -2.20621258399242448078 4.25681319151400128220
0.50749590949966449926 -2.62105241502945185417 -0.13990866712967164887
-3.85453374144132077106 -4.12840158038532312190 1.01188243092742613527
0.65578407353649836864 -1.31129948551961073022 1.34027066879896494811
-0.52458550762398559186 3.85489612821308380575 -2.45459197596255229712
2.55259889387637883829 3.91287360616029555871 -2.97095210294934419792
1.48461884783983411040 2.85594049041986153270 -1.55921094560895223680
-2.54181624522537186195 -4.24812584653633162901 1.44933821491237768697
-0.74407982702573782774 -0.19452872934789144921 -2.61074850263328039901
-4.06293535231548386122 3.95258207418037788017 0.13697384829956416041
-0.46244530942758643732 -2.75729469132928084463 -0.67455333267989114887
0.85614005201332687989 0.93124468276039618075 0.53257105689404937721
-1.20973004271636108697 0.40605396957991235496 3.12897522633708113915
-0.08862002687016090618 -2.87332119547162889717 1.04239067836737930861
3.66620132268503606809 -2.63535913211445116389 -2.18991776386154146650
-1.93822451235518267154 -3.69494995492605271536 4.15253508512345259618
0.94212443606607276791 3.89933148468670065512 -4.13395932141111632774
-4.11515579641957529589 -2.49117727897107199553 -0.21709287286016554219
1.34346521449221878441 -4.34643190733839013262 4.26646432296649624760
-0.77252708434483974287 -4.19690497417939312186 0.40996149633880563101
3.01803420772329378252 -3.43993417683909230576 1.56385556468427378007
0.40608917716162995504 4.37296262119303147387 -3.18456041702143588523
-3.80666750628291739034 -2.17926938735999842223 -1.79882409091956141367
4.21053765822860537327 -1.91240411061110471280 3.50406815705674024031
2.23085601848462289354 -1.90672446350688140626 3.03804815344086964757
-4.34584979039187579986 0.30211161177441958614 -4.07420200781472630069
-4.32700928582738519879 4.13130174408285011367 1.83385097392378781933
-3.23709974463491656493 -3.58475148850894509422 2.00762449477601734316
3.09840258415084957022 -2.64707591004834208448 -3.76561807433357209618
4.16632619923021518815 -1.88181503752524914574 -1.35142243774832326864
-1.01809941020072480811 0.86128660114390243052 -0.88586588107590902297
-0.13013694167207390251 -0.49478043883114430912 2.86206932888723475372
3.56419047290310597731 -3.38154839440728460787 -1.51426598660655553630
1.39722277290478302803 3.30343721277747093268 0.15181979657494881764
-3.12314889767545267318 4.34499727116638023716 0.47544357948695825655
2.47243629278100307545 2.43644909300372969341 3.17655595795693290739
2.38332443139292404766 2.47397281627461129716 1.05997040857766133826
0.84984601479752441833 -1.12770818224544111530 2.82900652832318133534
-1.30727604347544001939 -0.69512184896771023190 2.70074483394508124690
1.21288056728103210702 -3.57856595235209251626 -3.61037349877020696809
2.74200884366851838081 3.14639198502762518217 -1.65951715365139840230
4.28693723029701967420 1.37073437057739955236 2.99819988478849008828
3.79882531102677400980 -3.92261230778118674678 0.63172568368925130500
-1.08009498046461782650 1.52260077782811276137 0.62232484547438193800
-4.04060229042821816847 -1.98316145951001043812 4.46962862850082398580
-0.21389433469962071399 -2.81313958942671105135 3.02544846518827181825
2.66543229486747268453 -3.42353645858153710080 -1.76837966470819285547
2.29484877247270357969 -3.25110935972285908235 -3.59814319467068610692
1.63549949152483709014 -2.21334510684146135162 2.29638207696290930215
-1.17891825739239664017 -3.05117462209856649125 3.61097236939643106979
1.13518716759222382251 2.74591830448882845417 -4.16283847901307524353
1.32765183859379032327 -3.88976150959325917000 0.37839386848601819224
-2.04919932731520226810 -1.77598552101008655413 -2.42356830972295478333
-2.55510154132376410274 -0.63932400592071836343 1.57395583923912418811
-0.70112660478148303156 4.13705270898956012360 1.99351228709912486892
2.55013234045725223353 -2.99755460845552201832 2.60777043484735582268
1.44818746897785732841 3.17387627517532600052 1.16779700198260716348
1.57126903355148783703 -1.80594732781848188452 -1.36188605764043257906
-1.51057371974311704932 -0.86920703717263680943 1.10014778702807713984
-0.07716534803979246959 0.07767882613266774428 0.62551968762477461183
0.90312557147154404191 -0.55891055503883979583 -4.28599389641759032088
0.46447740602069131910 -3.49000710421818549634 -0.94643294326880678113
-0.86541329049506332538 -0.64684651848223584381 0.20768619987740066790
-3.22592376202815467323 -0.58959120834518063958 -2.03467622377311352366
1.25034356638937094175 1.36235210793351857461 3.17502793592222243291
4.52953794921530228379 3.68107263366368098190 -3.03476689974900670776
0.27445544986045167235 2.13493300663070950662 -3.47618375258132861205
-0.17133797826040098045 1.10658472345181024821 -3.92071387527471504342
1.25881997717964111416 -2.57206710181686215577 0.86966640340450229729
1.18832644358221006797 4.19403315748679883512 0.92807316526813377067
-1.04921789983693347637 -1.91267360556658694293 0.04413325753170482812
3.41962397173184662336 -1.37424497402417067349 -4.11796271807847968915
3.50158435505185483549 3.51454932885253779062 1.56266574398380786448
0.65086505300999597523 -2.91414908053915411301 -4.14711266305318737579
-4.35838693413358679862 1.47788859917172477054 -0.96763599125221633201
0.40826801742443130649 3.63125811130561348961 1.57268692482080485462
3.61523244245238384309 3.89229492053246328709 -4.42163213394060772288
2.30055902130652789594 -0.42305439727823301865 4.33941119212478820799
0.53925430264010199011 -1.00808957776727048383 0.10521392759812808748
-4.30727893992918087207 -3.57842185058072193016 2.22428984161442055978
-2.21437935077970227127 4.30876789225800838068 -4.05992850355849288491
3.77959204290699002371 3.34283079210073186260 -1.01279060916364915812
2.52380464806329118943 4.39928235259103939114 4.34661814558355619198
3.84394265583541550058 -1.32121867422448602269 0.10695977722198968252
-3.15204691407998538466 -1.49941086569429504749 0.99864107337188023905
-0.73491413006429651134 3.81383295240316311236 0.59259860225091731678
-4.18701654922682031668 -0.40282430127803880993 0.26343890683862358770
-1.41678590879855015316 -3.00354491191016714779 2.14943044075404809945
0.48921475847578754781 3.20402776370293196351 -2.56878182491590756342
-0.60988038704501912335 -3.66747277788674574950 1.37955594168563511204
-4.40476099707296597785 -4.01564487900599864645 -2.42532725600472076621
2.59444508273596330383 -1.82496298409484447589 2.15806887362693000654
4.32737120291747512368 2.88741072009286003919 0.14808067415587089499
2.26405234836313784541 -0.00479714744735915133 1.00210773497405103427
0.65683276707544457906 -1.54542272728175156260 -2.21648917139353107686
0.08595621908224426733 -4.40118972577266998059 -0.85098703871640868357
-0.08520717724560444850 -0.40365220569846993470 1.58678988919233976418
2.69701545418464139203 1.16329833560888307176 1.42851342296086514239
2.94648389992781467583 -4.10921486397394364332 -2.86142257186724835449
-0.09007801830203465698 -4.12655801380892484076 -3.88241504708443452287
1.07085428992423548067 -0.09149360477787737977 1.17205788402621369215
-2.85449409345138516159 -3.72165988262530333941 3.08593674932931971711
1.57429401230954280066 -1.38179371030585818048 4.24334501080241022208
-3.92033981743595916214 2.45487409677226864346 -0.32774474956272126036
2.20968796542206025180 2.37278243486335504997 2.16254161032393010800
-4.19173386509041634440 -1.23131935043565698962 -2.10892686974908150077
-0.66414624135296929097 -3.92475497453686639204 3.66899582664234724660
4.22656724397292560269 -4.08602210839766666339 -0.84550391973270233592
0.09449993797760125602 -3.57515119685868931754 -2.50368358042236938132
2.89933650968772305134 2.05464700420768675571 0.25467348286756763542
-3.20363750305474859204 1.47273611714093721758 3.97034528656678009639
2.76437659330370077981 3.60364389695887421539 3.88868279205639399976
2.54533018023023238641 4.00240718497000624865 -0.74080152588009928749
0.56066722550608449893 4.29041563059344976949 2.99547062249749362906
-1.64570977341968394114 1.58928362422147717581 1.97358709693438960642
-0.69350424286609024804 -2.79000971379632556335 -1.82178950544072737472
3.52666109874631406029 2.39440502166648183646 1.23560447458868427617
1.49051868927209252291 3.93345103695773889996 -1.20331989921009840927
3.52820199841817849773 4.40236847315004009573 -0.07000642518046262808
-0.39882187725804207901 3.23905089440412830015 -1.46861220644682255454
1.97477968195468012169 1.02087990785184601350 0.43160272746294747748
0.71459699638201001903 -4.41162742620224435086 -1.86628145817305757248
-2.60302223694511791763 -0.38292434679880393844 -3.47939851974126890255
2.28526825772011132898 2.12970907695259281667 -1.35410481180800523759
-3.53342219594663120574 4.39354800400847533837 -4.43915771142366022417
-3.27116897680603324616 -2.46374075923202751071 0.69798574666140744682
0.24590902435251216218 0.35375955837953210192 -1.27345016556240420158
-3.04871896398599950828 -2.83567883322875591290 -1.29427830989866077260
1.90918879252644924094 -1.46886162593832825252 1.43122999123870009441
-0.68625391243951749942 1.09806882571088149092 4.23954987088140899942
-1.49910653155268969172 3.01830100343468377133 -0.27927909937126482731
0.59225016691492182730 -1.77171879828609490914 -0.82051677451980031819
2.99019309295447577313 -4.42507950535674954295 0.99691085750921271114
-0.25497480498802538307 3.90644985630735153137 -3.79316221015786636528
-0.52769879723058998877 2.63585384707555547834 -2.55278740002849469093
-2.12830340638976434064 -4.08855117187255867606 -1.05585469847832458257
4.11211730630849015000 -3.40526504663937368278 -3.07133734145978154473
0.67059736493575705651 3.20499910426246881201 2.58817552934693839717
0.39246212711058525713 -0.50189315211074170264 -2.33459152833018235285
0.15766847378094350773 4.21530182089699945180 4.20043447840268679983
0.25583642070663348278 -0.30333325334033656162 -3.58163826624682268829
-1.02898533479634224364 2.95613506515164825572 1.56663600271234759731
4.35020590094539638670 3.39853453042448627741 3.92660698358905246863
-1.63822899222984030843 -3.52737844509642517465 1.24772634219908074016
0.67790848634055400623 0.85346348717083841962 -3.16437808987593793830
3.39256032980438515523 -2.35667932048368111708 4.31504919209377657552
0.39649204737171217516 -0.64389561398754358024 3.89727310695853024214
3.89502945210335038695 -4.03264176750751524025 1.88874326080995569299
1.56923027215948795998 -0.89372967053477880839 0.42479100578244199937
-0.05053720188504495781 4.49880529383406635446 1.09635280826276382271
-0.10143223312825799809 1.57745437312644831707 -1.96220678768766632061
3.07797412605283238207 -0.45032255492072525982 -0.53754965210899641193
2.14394490786124691795 1.93620825600709345338 4.09073832118418589943
-0.94263993120460654040 4.07100624381633213744 3.65496468484058123494
-1.64629743678409568020 -4.12033904498802083793 2.74341042031915893773
-0.56292050340225108229 -0.83562132879336514790 -1.61700038627021802640
-0.99312206966638916228 -2.11274308025820412027 3.12368414258632665081
-2.46901606123275163540 3.40630342276913289368 1.19807508571146748011
-0.39939865950149666673 -1.41523002699983857511 1.03534695909779816958
-3.07892546000234546000 -0.55653877446637567417 -0.41941994531644422040
0.34502178824700457938 -4.08953231053538335260 0.20466707073898859903
-2.57286565239823028506 3.28680322445166428480 2.32460041744623246984
-1.57921769967083225339 -0.04999478597586293205 4.51651198692014599345
0.77485503137235589577 1.43712456570117996790 -4.21771681098893846951
1.29208654173489012607 -2.74509533705390174063 -0.95649222246815757131
-2.10150801877868387280 -2.13778458623142730843 2.43123565588274015425
-2.46262230538731285989 -0.72782500113500514516 0.52495843348457515987
-1.07939928203197021972 0.63797768062408355405 -3.92838685138015319964
3.79255066071708224484 -2.47551085217080446554 0.36685732910374024840
1.32575255868582164709 3.88149574329595292710 -2.88467604616866424294
1.22924992218911555142 -3.95191802773851508235 -2.68428829979026017938
3.38127934905422034007 3.63612020934901014613 -2.29634836751496207441
1.54481691384319752558 2.17762159440918434683 0.29088952424791614249
2.75300435859146741535 -3.97014466090736384274 -0.77371538888803925715
0.33560642584014477308 -2.49509930600891882690 -1.62492573276998042431
-2.90796591192342113175 1.74433850213173080590 2.36684300903402888849
3.82210506319148546339 0.24211558887160755660 2.39858453720554898325
-2.01661852668628593932 2.87716850894550901785 3.23364758452181444426
2.76358077924382783408 -2.42229524818987318469 1.03870814177508830056
-2.80324643818860463895 -3.62716583044864560037 0.57130957626334577526
2.15725427996677598941 -4.37359508738540991857 0.05551876500257968416
-0.78463337608649252886 -4.42097095695907071899 -1.94461042805806005873
-2.22026809533889224468 -0.98077725363579792983 -4.25019269768862173464
-4.44981682436092551569 1.96073948965047595294 4.44873014168687230807
1.96106327794991930347 -2.99773328320628529298 1.63031232392745462079
-3.16325883431511822863 -2.60818224984259749988 -2.61202016566412664744
-1.44672316486151464332 -4.45262123018425093335 4.37981949624065958204
2.28954020299532956528 -3.20159115846596442623 3.58560672316298489903
-2.07373134363323030627 1.21062321991704457957 3.04642836296243757488
-4.10003749243822657178 -1.52905256087890473182 0.32548154444054677725
2.60282785394206950258 -1.89351777117404740380 -1.15633182787346555642
1.95714222211706889709 -3.04139175536985284509 -0.07688344615917763747
2.94623629560630018176 3.06591067011312379265 2.45489361925646232265
2.00094711878656550397 -2.53311240604620424577 -1.89692382016823479773
-4.01895505157948296215 3.64656084256133627974 -0.93003641311440521378
-3.20647374459880918351 4.07024272699111389073 2.10773311972801735692
2.29654877857974781818 -1.08793962075535288747 -2.11024118754799605568
3.26378056959132845094 1.12887777011579881759 0.55951002156123941234
0.43821524858569649297 2.03994717364011091121 -0.07624118710840566138
0.98508889686943046371 1.02255970835628229310 1.72245501701962222540
2.18823685913272925063 -4.08467176741824022912 1.82695820175086520720
1.54572677933334468037 -2.90509359064622119107 4.34239079630446145330
1.32221276060895842619 -2.58303359658958031631 -3.31816736714866911129
3.14419698618366094678 -4.30799922964005066461 3.33614049940337231703
-0.40467770244374445809 -2.37799640973720061154 1.94069038379503755465
0.76540272087800254042 -2.09770218325088597666 3.57829588996501524178
1.44131976182150456367 -3.48459532018289230848 2.69783709734523391433
-0.76745962812350487781 -1.33790091797510868332 1.99622008553652019458
-2.71304236551858801718 4.53537191209163292882 4.01442141341900526896
3.23819898204182532453 4.51435302455729381421 -3.74993459049132038530
-0.60127949122496726631 2.34969905728383654520 -0.50882138437571367007
-0.08814143016901532235 -0.42936428725616249125 -0.59126306136587736262
-1.20203702078069429859 -2.54512289815784287228 -4.39258199539681548629
-3.54477649267894801000 -3.66685288672607079263 4.14801992984689871236
3.67654620227107908903 -0.27229659282714635538 3.67006636022861254531
-1.67725972999219941073 -0.94911083367837489888 -2.92649966932332228353
1.80239533706325349982 1.60026035059607352196 1.45187104291904578446
-4.36401167703277081955 -2.92876583236056031723 -2.36895960757050838552
-1.83452126210550137131 1.51121379170371117340 4.37787886634281786513
-1.94459228716269949544 3.84125958838251424510 0.27773100927942540039
1.85474810608622497909 -1.33869463411537381603 -3.23324602967583851765
1.55791584740783495278 -1.89827675447864363534 -0.22490716860384551978
-1.27158695597464355131 -2.83398256959904148999 0.54283656290954063195
2.05118151134557002990 -4.37859054608253028817 -3.69316332983087791675
-1.82113612524730150710 4.14213806042391308182 1.92745356262634981448
0.59972803439120436764 -3.48222590593365888267 3.68164842712510687051
3.70730200791775299507 -2.57719350098320632014 -0.74503464991401457951
-0.39211171078130924172 -1.40755718284109754279 -4.38332346639627257190
-3.12012680847851830990 -2.72311607049789383694 2.81250819227981274651
-3.41565704457805274785 2.21922763795193844771 -2.80383070524799515866
1.02391593437844630188 -0.82817273194929219571 -0.87098094977222118018
0.74490014612130650562 -1.57697473476403438042 -4.39619548288309935913
2.51264300239222126976 3.40101940002565950039 0.65530472357377789194
2.02718519967383503655 3.52267905421320559611 2.26345183950347728086
-2.22888082590901870361 -2.81205509324155666917 -2.01483070949961806662
2.94874682792334841253 -0.22650427231429848263 1.89588496992582289380
-4.11625943902705770938 -2.07609430391074578637 1.98407219820703328850
1.36779152316902852249 2.34123920776006233524 3.36951190888440699212
0.79199423574031779793 -1.60505915772015628207 -3.35671903494279710856
-1.72062452725686210186 2.53714173580965240973 0.97547909903499618878
1.12253828775814401553 0.74207231194901801530 -1.16494352753120544719
4.11679676589916976326 4.11188735749355149807 0.91785500590309077040
3.50094439036857085767 -2.90708694102579823237 3.43557024788858544895
0.68907534971567585558 2.21085728353648214295 2.24198122980354330736
2.04596620472664358914 4.36011227709882209780 3.26142529216241250367
-0.15182775030351791656 -1.54696253677770290125 3.29612163983872452633
-0.27203464797691534471 -2.69806809140524395119 4.24987225706402593772
-2.37304375449211857330 1.91330692568036919710 -2.41624757628825559408
1.83352273325255143988 0.01242069796101930024 -0.76133531403730891896
3.27757466747531545082 -4.45244994627241119645 -1.60091078393865426932
-0.95854808107950395524 -3.54283944082556079280 -4.43086372040617160195
-2.89461267941655142621 2.43007504285053954618 3.94472775727226743214
0.41498882404458203865 2.71210108830395579815 0.91004962408282352726
0.98617176547292917377 3.32690905073441989259 3.77715515416375868796
-4.15331928813510398157 -0.81940546373213196674 -0.79492029646353490335
-1.91002833936024885020 3.51331798332409217522 4.27972548023629340008
-0.61860731759198595014 0.90736690187102464478 -3.01815201276512645734
-1.71062944119305360147 -0.93623492681840536633 -1.78312301496838410131
-0.66519818688146603591 -0.03185300537064161830 4.02510453823348424152
1.69495611270854151797 -0.98405785793016953278 2.32965117762332329931
-0.48244809225302009992 -3.83583277606631645185 2.60719916820366481858
-1.20908849467435119962 3.13308271985879915889 -3.49222827216180720100
1.87327987661871286917 3.47890841720762455935 4.53694827537401845774
-0.02253981127617432634 2.66935002794170372908 -4.33288074001278111780
-4.28916949398696001339 4.10590285287926004543 3.09001528385164547785
2.59636141023039446196 -1.53901362459545820727 -0.04687974827306895520
2.22482159769830722951 -4.48729525380666238732 -1.96654440354529036483
2.80474586807593784243 -3.51261722859882086212 0.45998786625456311583
3.63968543421232038071 -3.41192831004650631854 -4.36533738307335728024
3.44693033155002037660 1.37068670408308612707 -1.83356679410536305141


