261
-0.17418059129394247719 2.84386527382513776274 0.43697065458174666475
-2.76253353998193951213 4.23108536992891703932 -1.95435786433533564832
4.50328294791977423728 2.87588901312835165669 2.42875342017479844969
-1.16966135465818776851 2.31921192777004048224 -2.17970247576900755249
-2.86069021852963567554 -1.02101722418245133284 1.78940672408876455535
2.46639410179123963474 -4.43588782795005531767 0.25407552338954619842
-0.48154271753816768609 -4.39328377545438630847 -3.35556013655669982398
3.19389108203882887693 -1.52129026376375087182 2.84840604483955761594
-2.76766158690896002526 -1.19348116353720135052 0.62508228029396128989
2.82282823878704203224 0.78212492432862212866 -1.46438376617012178116
3.62546079497363304966 2.43985287358537927815 -2.17772995229620924817
1.56584922879475918478 4.31189301696238924677 1.98593243011329700920
0.69850256333560789557 1.08060718650701570454 0.68844163563339666467
-3.43515271001551525387 1.29089713446042253508 -4.03331479487996968913
2.32695034676799128448 -0.35725514527911883533 -0.78791029795104705613
1.72471242049059991785 3.68667887774725411276 0.63564364392738781362
2.05157731202780269086 4.28414170534425675640 -3.34575780378740494925
1.90752577350066410133 0.36442959906271621406 -1.59975586102191602578
-0.50124263688190229260 -1.26036394085126612907 -0.37644386500886017899
4.08270029837496206682 -2.53551863627833062864 0.93718276852697890433
-3.45814570392798481535 -0.08727530555386220357 3.21652719637431783184
3.32977787936473035302 2.49638137388342773448 -0.10638005677402517790
0.43847027226158452606 -1.79911159488946204021 -1.08323759549275067116
1.69332914417595592482 0.92756372468572756418 1.04883500870145329742
-3.30893568861063247510 -2.02233190615896507580 -3.31425532934644406780
-1.16709318427183594835 -3.28037627176396062723 -0.48404675413578512888
-1.79461185030867031998 4.09375539163070722992 -3.58200677168934289440
-2.87290149427623875411 1.09624527420247996901 -2.85339275492345878504
4.11045851964028852166 4.02457576109529657771 0.65016903069368314760
3.41862162260550039861 -3.30918739265820427420 2.86626860225967838858
-2.84526183698692802793 2.36458114856898582445 0.06827921631563427241
3.22416040259251435174 -2.52911240716435603559 -3.33714459874324642641
2.45102392786075373721 1.27912827599709100213 -3.63023729820080776065
-2.31998464884948640830 1.09513436977867950617 -4.09079369682130788988
4.15110289751609951026 0.55137033084420039586 -1.28451203778428491020
-2.33626655838067875948 -2.38813108885754665778 -2.77213584582948158186
2.23922193417735915233 -0.08769164909026017085 -3.29658791874996870419
2.63277609251375466215 1.48827969693002426510 -0.54279674851291925819
3.05434858626012495364 2.41635055827569544817 1.25606335723458428788
1.37310222739364462541 -3.04763212715037568046 1.56540469952523064734
-3.41338017644652280680 -2.00162291224776511811 -1.15663347790663006975
-3.80278374734675050917 -1.32347916123683484457 -3.93144684441475744663
4.12966897818022093958 1.55774160173270370677 -0.16518908937821752403
2.40246084893089673074 -3.06620897803160197270 0.65536438497404603254
-2.55489236586449797173 -4.09167864216235521724 1.50116398558841179778
0.90954381407859674624 3.22666410874594955516 0.03762346426469420635
2.52341810237962516084 -0.25979057336423050373 -2.16294810053152408713
0.60950347900401347090 1.94732476169701307356 -0.26986459435494847270
1.96649739081088092973 -0.14421634252717918656 1.83786660732226803106
2.57279255275026308425 -2.37950075415424722181 -0.11538968574341001982
2.69258307755485404300 2.15203609829571274048 4.45255521892554195773
0.87596997973246448765 1.10370805059742593812 -1.89930809045603066210
4.42083375140347900611 -2.10007197783082988352 4.26845168428415266959
-3.22246084345039163210 2.64589065134047540795 -2.84841276877425642056
-3.41024035520920243414 -1.79768868329510000947 2.37814345726449705154
-0.55990600400719081620 1.54269425569738860560 3.81777219567281189683
-1.97949817539884165285 1.75995257599764887146 -3.07923587042458768437
2.71235013524561097142 1.61712148022174506679 3.09100613956101266666
0.97474180349813721591 -2.07481070096136521741 0.75974428603432375695
0.41011879268325213133 -0.50459642414010108524 -2.18389331912180040263
0.10930782177709552627 -0.07748139901151240849 2.37632100168026028086
3.75904760229606171862 -2.57299142074491271615 2.10098340290115981333
-3.76490102036871165936 -3.84141837461202451109 1.66168450494408137530
4.23284365315341926106 0.60158288353642230817 2.00910134320762612248
-3.02546781303283429665 -3.26844116978174081822 0.92751660524586387879
1.53448699604478999703 1.17028285826764832933 2.65550813774974070469
-2.03208740509524909967 3.16171976717783209665 -3.03595855430507066686
-2.43958665168240163013 1.37611940217859274327 3.01193137985088288389
2.78026667114950232218 0.67616906448476221669 1.68779361590405230231
-3.96129009461379055779 -0.88949190404590083858 4.07463842545103371862
-2.13190723859763009429 -3.52650946348492499993 -1.15644197775490820135
-3.64452255176358486111 1.14031690165901533618 2.57662776604131060765
2.26556978290834098999 0.25184385809702281023 0.32007922737037564076
-4.28462581229821193318 -2.62099335431458468904 -3.87045318637957924679
-2.64580632363623369230 -2.35988083895619515928 1.71925415168137796229
1.74947108713811605440 2.63136131481924007147 -2.87835036030901392223
0.98016460769363078498 -2.97559231843203830792 4.04676503658650243977
2.50187847222122261570 3.33092231393782611804 0.04104499903657110593
-3.30388339145651643847 3.43968416570107304864 -1.00188907122147607964
2.18572575125158419240 -0.26430408269231442375 3.20822040640134797940
0.56094621177122938604 4.18775864720859036794 -0.51349123972244381520
-2.96557384087077746671 0.91250770915049450593 -1.67979518216734113878
1.32646086170809862637 0.18983169567640079123 -2.41773315804276300867
-1.15105711045644909518 -2.53659868998506210502 -3.26283925440950106633
-2.24816133980318255681 0.08375433015093225464 1.65954508790449484223
-3.32184768270646424426 0.16244649119900689271 2.13267962083592621525
1.47367206788716753607 -2.29336655886439499952 -0.57161041466632278585
-3.94807789775049089442 -2.79147359467029554381 2.03583790872379388759
-2.37498142533166989310 2.91846472908645893085 -0.86265435305342696992
-0.52525036573101768766 -0.47616823693771337389 3.30578729864728426691
-1.05472513616228136257 3.51015415885921111538 -1.70863611011988503208
-0.27686808796457107462 3.31453485692882576785 -3.29861195217325775531
-0.18794864338638017642 0.36760241717527275540 -1.29470978315791196422
0.82867369681729208253 1.98477857291498605008 1.44764677971252009314
-3.79170529903233122226 -0.16023679517238775816 -1.26042618335722256262
-1.55637528623298049268 2.89585321367594694664 -4.49953063011264653426
3.65075134366578435419 3.75145360633308566634 -2.10738781225140048292
1.88493329270416598575 -2.11488538453527530336 1.19885786333195909492
0.17332047011968843009 -3.01529521077838902343 -1.02983492894890504843
-1.73214615580185071764 -2.22609137318196470545 -0.11587839688885726019
-1.10833284433622836218 2.91473387829156571627 -3.65286655144510330473
3.48842237141625854946 -1.53550819004299921033 0.99430330956788992580
-3.32034049068696601736 2.07991611167223222623 3.55406268854142393110
-2.82321768737322997822 -3.31507346574344285983 2.21798367474945745670
0.89591528492700422959 0.13102488206306794893 -1.40891582138305171412
-1.56069169366322757497 -1.10979382438496942953 -2.95751887321506323758
0.07246749346753045273 -2.84588721896049312576 3.25758002905515819947
-2.55290727356323898789 2.08988039127566072040 -1.93345585101000239092
-2.37173416766721834037 4.19214807779008236110 -0.37224037542310561832
-2.88395231398923534982 0.39937896148739326918 -0.11012156005676043691
-3.92810968756699896431 1.96082988551167591851 -2.58294984532809523969
1.29668358720718757127 0.14425747207448313958 2.76441714098827784341
0.83521669164770084848 0.65184972700463639228 1.89924970373348234176
0.09217918250844725492 3.56962508774663067612 -1.42734527213762341091
-1.72645910295484972252 2.78388627144439926298 2.94922041645677524002
4.03710087204513623504 4.25091843529054624895 -4.11590720919456654059
1.13393205359412174715 3.79067220296660156720 -2.44675626420939096306
-3.45927954689107552966 3.84713730574999690504 3.24423313184680406351
4.42133620310529362740 2.62488974380926176622 0.12250648607699776704
4.22255234548121816118 -0.54790780046535658698 -1.38177637786877127724
-2.33250757124543062204 -1.17062123799611317310 -0.31557776983149121719
3.92246648628784466695 1.30677538341271137767 -2.01520922496516874389
-4.52478444541008251178 -3.41501757647570203247 2.56423754026418926344
-0.28270462230969073403 -4.18654312101204340024 -1.75069479112385817388
3.34992382687718670553 3.31669598110795238455 3.38175402994202212170
-1.76800099805803068165 1.55848498442462179980 -1.31596825236160830386
4.05721467769604782205 -4.45408686630288563890 -0.28437193736454258186
2.75468985831724122448 3.75773884615052633507 2.54941485394107392182
1.61881231085993260166 1.77449469253428748772 -4.36000047606834861824
-0.19023863140057262200 2.35154539715275578970 -3.78779086701216494149
-0.19038158187643983155 -0.19557203616927587575 -0.26570678825785609689
0.58433467860961840756 4.04423740200077386220 1.17072039177080711170
-2.40150739626155740325 -0.16938073082043736406 3.97081854371700426753
-1.82334346598397356587 1.03684020930370213165 2.07557909974013821142
-2.05159011643538802261 3.05830399418887299845 -1.94336631784419067159
-1.56477603736365367126 -4.37398716095687145611 -1.63281557789178766171
-3.34708854257733978699 -3.37522573092841771114 -1.21465979515448285753
1.88350275949636269956 3.22135220788356946287 1.51623183574097897264
3.75730315958008720401 -0.06404980678036942265 -2.13792581581786844680
-0.07832628353147264022 1.67163296345856426939 -1.20787544391242551711
1.33201890192153360459 -3.13204973827980559520 0.61213079105076140252
0.87198169184029605816 1.05791552858201587384 -0.82602000804593167516
0.08159796330077906390 1.54725865317247457398 -2.44348424964383958979
0.55962038067116903761 -0.76009165207101414552 -0.82196939924199075023
3.93594000172006897031 4.03509470489241106606 1.78752446371912210310
-2.80820546996995279443 -0.83161705784000439223 -2.44276699832271448898
3.29045492837504394146 -0.21521036372997937036 2.74135648869655135229
2.78737592044475501751 1.84766748227596533383 -2.68001948316417459850
-3.78033153556193113332 0.46480114215084356033 1.26445026661491066733
-0.81653464223413951828 0.88378410985949340528 2.53246158737205462330
-3.70444196132003034094 -0.16234336114902525594 -3.79986342692749889949
-1.35285015782845485788 1.99272968994214938476 -4.10410862132726972362
-1.13708174093152081241 2.45981407567015786242 -1.16706311009357843744
-0.97820611727655393253 -1.91290936894875418517 -1.98888372922728873249
2.48711526134758731388 -1.27505820945568304481 -0.20644594077337430349
-2.62301445754963413748 3.85557963002129699959 0.98308947624221776351
2.73136167413324582043 -1.86345465518983210984 1.80688980892008022039
-1.46815727143943153266 -2.90479466536821062661 1.12890354981812368607
-3.12778132928733265672 -4.50659747616600281361 2.50550572326770915055
-0.74765006189591032282 0.76862406092470170194 -0.36178569337186239352
-3.31222013474917131859 3.03661867651747563457 3.91852850353275972139
-3.35193023759370367642 2.66317919831762139893 2.59456897158204302656
4.00245626037253909857 3.17949743485427305245 -2.93963004610332534483
0.96277259011061122607 -0.40077628431827783118 -3.54413090624948345919
0.49813187683025894614 2.64583585300938661788 -0.92159340357164953872
-2.22154828618434008192 3.54745772361172573284 3.99181384171590192267
4.19808163506501319517 -0.66306350118070245259 -0.09325718900706725378
-3.49244765032147208572 -1.90027296311605686796 3.84934560810875137093
-3.16914176290590932084 1.27690635950484665528 0.65133234829781549990
-3.90872035205475620856 -0.64093011828877033409 1.34236085315165798448
2.41420228505254996776 -0.89905929630768444127 1.11456166214075036436
0.57400872378434275589 -3.89375005667282447774 -0.17545709724679969810
-2.00643869222104243022 0.85794852290461509625 -0.51654149945159666402
-4.27500013361831765479 0.99755069547518626649 0.52900795468042183245
-3.19772790088753700033 3.45493102133215845839 0.00427095815353961683
0.72988307145189246228 2.44267397776731698400 -1.96531790012141405199
-3.94034931752540495964 -1.49968999117433732238 0.84248527715993137832
-4.11805173338812569028 -1.02484477624724057421 2.22355403924899075463
-0.10756064192746972452 4.04614734768916317620 -2.38335113954942734438
-4.12237455205136349434 0.86242597840123824682 3.75724554458707959981
-1.04548149348546060011 3.23135247031289640773 -0.46248028340648605905
1.55268462428881992565 -1.60662384969102012278 -4.45475567856863730043
3.33879561635746036075 -0.21839892850383879619 -0.47153011924916388153
-2.51016323886475989369 -4.10593881620430867230 -4.43645270548047765402
-0.33600673767194333408 3.68995450228404120452 4.36794975160340026576
1.82789170543791801293 2.24137026919154624949 1.02689469345124972932
-4.03978474031027445790 3.36080893800469571175 0.70281893732880718062
3.55817272204409373870 1.04668427067584612900 -3.83290735270850824179
0.97444367906066808871 -0.19771145981857785046 1.07071244487825545377
4.41046393171081785312 -0.93562837302271883999 -2.58491575999074330028
4.18783300112185496999 -0.35916691456215410483 3.03947625645300778530
-3.90297551202894199562 1.40260843553541558748 -0.77714048656641399049
-1.57684420533820057742 -0.74378130911077899867 1.57326134192069222451
1.80127647661202860974 1.17743183262229766939 -0.10513132395510726980
-3.10677455962730109107 -2.71031079505241878636 -2.22993328780314259419
2.78186556762466885573 0.69066666046309066473 -2.60332253965571380760
2.93882110707336163813 1.52700254588588357763 0.75106579769919257217
-1.80408763754769108090 0.83303191727954839507 3.72006221497756950356
-3.96139761068814166833 -0.05302123043170769989 0.06295579432488374039
3.68217439075152963568 1.59753340051034165015 1.93070919878408719939
4.26174583427102415811 0.87920385495391606412 -3.08676270856400059017
3.89109687148679039836 0.63388694443887949603 -0.23540077811992610179
1.07988296261777705354 -4.09476269190148745025 1.20919205093928194827
1.37546121885808414476 -0.55319360535555661684 0.08280492010096640598
-0.89422814424406293909 -3.84711203533267820376 0.44761666300874480839
-3.23650511228768911209 2.33542728440247771005 -1.14507495281784255070
0.96811064726023232652 2.60361585247716309510 2.82748477373046203098
4.43264940000736817893 0.11736647375479591915 0.94102610030899480620
3.54233226025563130435 -1.67744614257583890549 -0.07018495763870546966
-3.80034461456719219186 1.46733103531693576116 1.61022525194595278464
1.26043644658417175464 3.39472896847446214963 -1.06424045877269302096
-1.84962901536058010876 -4.40450293159495132045 3.34588626373447350915
1.85662844858470155174 1.49963113551370863519 -1.41737061177924683619
-3.44210941558320859812 -3.30894591620678690802 3.33904458830240891132
-0.83744076159248859170 -1.84134328302173155834 1.17085299486227789600
-0.47957825187075453499 -2.43036038736849624442 1.90743071248418605279
1.82561218450654205725 1.35147075982028308516 -2.45434378866126357011
1.92030537389165267825 2.29223978582642917701 -0.18488829682041707514
-4.19405372510077167902 -3.14688383342073008109 3.97723398406030792529
3.73098127293246673020 -1.12029566477659159318 2.00374897890483172347
-1.53879755184781785715 -0.68258984732183991540 3.39255094849144533953
4.28008055571815138052 1.31960603738933990314 3.04230026251601604059
-1.53032822999060780234 4.22217171361741616664 -4.51158197034421259985
-4.45862832749011683831 -2.05436131337126370866 2.85208818466426361482
-0.68599434433301764713 4.38741529549921782660 -0.56953545127692439820
-2.48891399410635827394 2.52994985166519459341 -3.71134370662769530469
3.09995401955466665100 -3.46208912963186099532 4.09595788075722122556
2.89371799404470753103 2.56037431681518956594 -3.48452588809781138579
-1.38323882386308705250 2.32126373011827791260 0.71220329508328816814
0.24048098124129158037 -3.40373550125063673022 1.31041696331576762447
-2.53563403148735666548 -1.12406749292358698611 -3.88629277527973737705
-0.04947100088977052224 -2.42051247659701029846 0.85375392222595003489
1.23251191499940659924 -3.61918708120051180188 -4.11753309467759542883
-1.69810105371231578886 -1.20349228094892568564 0.64914166128582806436
1.88613403493672038280 2.18803357476252369196 2.91973577184144961194
-3.30946184390419118060 2.46213224609752501237 1.18194848905359517488
1.52497036114852857480 -3.32344813860855126109 -2.84969283368177750404
3.02036282869991179467 -1.14435667076080216376 -1.77914713813550484645
-0.25276681312684967651 2.58073680710188302356 -2.48294613196969882196
-1.87196435953538209418 -2.71003781284270717222 3.52984809030866397705
0.86004033626639930787 -0.75427790617814860497 2.95397048620886959469
-1.00194499473058318273 3.88730948906660689346 -2.80993989257725473863
-0.37351582734119848084 -1.08331436231837807682 2.15144200045773370533
0.90788389740426023167 3.00426564070385371252 1.28248854177557802814
-1.18966973121705654748 0.01507441615652904687 2.44096174731009174508
2.31817372425223133803 2.51788857979605129600 -2.01967413209875168434
-0.61953420999776476208 2.24677133724354849420 -0.37581441679656979460
2.45568974865829847687 0.64545024407077189466 2.60674232632162539147
3.31208326224093152490 -0.18810960785928365624 1.25712176280573029175
-2.08874816420323217159 0.31325291210780115136 2.90216447440664904178
2.98264586519230068262 3.60406480073016677323 1.12589382037953367188
-1.38075629200618665848 -3.05921850323472011013 -2.20850326942547248166
0.20759454059978565965 -2.15200427763697321737 -2.60592506983928329234
-1.79505749470643083399 -4.28713697978956265189 -2.72908628413269838120
-1.39518099462223421625 1.47844837155401531703 0.09970119355981221787
1.66086814938241467132 1.22447584722942703905 3.69622602894626961501
2.02353594367860800673 -3.11977572589709151174 -1.77888891141316918265
-3.01561442029476456383 0.54928163747506886239 4.46121716843096205452
-4.12105110761390935892 2.00254237232283660575 0.71694530378163978668
-2.19590101294904060936 -0.51909731099733935622 -1.23028903896851371513
3.90574264236555723784 -3.51130842796541253747 0.59829627375597915773


