464
-0.26356042253588007895 0.36438269874255002634 -0.55139303066355571659
0.94406749262664924061 3.25929476404210483054 -3.32675575843581183832
-2.31313406542884747452 -3.56439191891658913036 -1.99773245189006587452
-3.18233868161134303421 -2.74650490853454698481 1.32140499967016822325
-1.70532023793441078752 4.25374049858336800156 3.45570587612141455480
-1.59002857522935858725 2.98833821571161095676 -4.51951482620209077368
1.31836657856583894244 -1.50979676720072308882 -2.98776981340258718234
-2.55261203067969510982 3.40964224556792672161 1.87948159062313457923
2.89250577947470599582 3.59616614400431000576 -2.94844616899759426332
2.84664825394893838961 -3.65211735529931846855 -1.13265914383927457365
-2.32722462109327743462 1.30866211786844832687 1.96770545477137925872
4.38719583611964214498 -4.23615606083686468963 1.39193589676679962963
0.00102364573737556697 1.12283980747620937279 2.64598198402035489352
2.89642965992489820337 2.80290140038233914765 1.28060707306199716982
1.88975659889247360468 -1.68973028860309515409 3.94607259440765201219
-1.85301549576179347412 -0.97596949841389557534 1.63645386332387143824
4.26867977562548173154 1.71603710377278684263 -2.04818188106254961411
-1.27725748451385090476 -2.59070199576389281759 -1.28794677769091592268
-2.50486705443048007780 -1.97559060029325284091 -3.61971331449603983543
3.05606877752097361167 0.68178156538910794637 3.25684010976206739230
0.24908196769607737764 1.13646875205851660695 3.64237648085793086494
3.01544014613564836935 3.76186726624964062893 2.90836481673829094774
1.37772272674934459502 -0.93813313127540620684 2.63319394749273794076
-1.78579716529635001976 -0.16932517098845600856 -1.25679805700597313489
1.07821177801602452462 2.42376753734482441871 3.88085847560400143408
-4.20311491857204977407 2.44155078674901471203 3.30628240162920761236
-1.16782060277205834709 3.02950880129196065127 -0.42219512064194208989
0.76783356271375158286 -0.46742369347927414935 -3.02253594808230596769
-0.57596341893832025960 -1.67320848431861879391 -1.90014458544081321634
4.43319097141997797706 1.61448352988468002422 -3.15462843280251759026
2.38803148261425324250 -1.69474411643235400859 2.62265362603550045151
2.84388922309339253758 -3.73988415913801608426 4.14488009169707805057
0.11449463714676433312 3.08811462395344626941 0.48179232335789556885
1.80594216741752244815 3.41901453858377735173 2.44075442917076390614
-0.95688332459595315527 2.18347937150467519274 2.15312086684317627316
2.92433288289845183527 -2.55039552414733039498 -0.47704712136845905945
1.18066459276044266602 -3.55877464479759719751 2.42768161679789873375
2.71148353276108178278 -2.62836889052926503396 -3.47057972954045768077
-0.15263716065420673829 -0.59937257194572790553 0.88488756947548008469
3.58679715756048711484 0.60994521098289844474 4.32198232373325819111
-3.16070908570291297934 2.25185916169301503231 -0.72703724904932265360
-1.89670963004613657432 1.29929446889465882720 -3.88773643687765924071
3.76417255774625569842 0.87934035332490978476 -1.01177683988515898506
-1.90715431984398975374 -1.95535572703319093790 3.23823150825688710341
3.14171648228682709458 -2.17230923226470151732 2.03386971868748123171
-1.06583894133047518693 1.06266449671384055620 2.27027647800199350314
-1.74434704260371287177 -2.50652718932944384989 -2.17078260835358172187
-4.08902820307600656236 3.45685124106779895214 4.00260151859593538148
-4.35613725840428323011 0.32489621522841094503 -0.59226417274779974420
2.15953059870992358782 3.56296215663716875355 4.52134454200831736870
2.14767769041379530393 -2.32135546914645951588 -2.61149162427618364291
-4.51646001320485623864 -1.62601056864919790712 -0.83782461472950275905
0.79259187651833951094 2.43349948838906815496 0.76878086435215386985
-3.33085192122497364409 -3.91147285452493642666 -2.31691274288066573206
0.39510596933871600100 -3.69297096864546769979 -2.53482390573631910513
0.53874181682834887397 3.45233631883184344247 -0.99434276134619770104
2.88573955446748531273 3.07802229011543548864 3.78804266730060046342
-0.15655056482262885709 -4.10309287239439246520 -3.22582851462809783172
3.34047870450190664826 2.33894955071116417145 4.25939598591680645967
2.38859116908330992857 2.13380142474195899638 -0.51589095564994114085
4.15636916814172518997 3.88816259241766370991 -4.48143615451094223801
3.03188628462352571802 -1.25853440703603292050 3.44138328112132452219
3.11151862844083826332 1.58854844927952765232 -3.94032259561928333014
3.94901024460974081620 -3.79981248620801936866 -2.16634630098013980515
3.23342726763458454542 -0.80291122003887860359 -3.27110052638979054151
0.25266245999086489604 1.35553547789082085018 -1.18626844443439516397
-3.41537941665063371488 2.66003620557656361711 0.16846361522530628463
4.10817039353387247758 1.16923549492907241643 -0.12476497348595660952
3.35081994465818233664 3.00722478308598706320 -1.46241575416506330853
-1.00047858300652592334 4.26699419997050366504 -3.56417502590033219434
-3.02298046530202890736 1.27144322610395743567 -4.12216118343154303005
0.92998291663098520132 4.36661093937360522688 0.22446063963456719392
1.38199686098960050629 -3.48400639472239070926 -3.00077161836622341440
-0.01172466861413923311 -0.90116163267126525582 -2.30780375663911163642
3.79522269833794556604 2.88421602433379309360 3.38949426548130006154
-3.94451337541556545929 0.44418594417887025116 2.84165362564204926343
-1.51847315932126836202 3.82106955696655514743 -2.26838282814615821437
-1.72252099876126596456 -3.24889081511688315729 -3.12485971749267976705
-3.93882401697223549775 1.44097396851018810793 -0.25385733588243297731
-4.26749138958248153131 1.71617950186528478440 2.33441987113504456630
-1.45093869733833269464 -3.31491977284177119500 3.20071809181490163354
0.68539056202479020641 2.01239063626307146393 -3.62701359241276000134
-2.23204804010012392013 1.38134774302707619142 3.89851327793871949012
2.03334341728633294366 0.42143707440537081510 3.45775422884900063281
4.44520048748759588619 -0.97695082500099239553 3.26207197944912241638
-3.02714294978052844698 -1.27245356953722188464 2.14310409986729144549
0.39835517612833104550 -1.63446530956679847435 -0.01752670642332088136
1.25509282760587570493 -0.33062602648577410491 -0.47379838913371763454
3.75163312660620551497 3.05096592778881170460 0.51672036860485803800
4.15173691957757551307 -0.12893494519576353952 -2.97196471402809203610
0.79555681165116887144 0.61328969893303764138 4.26664533834196557649
1.55778502419131559265 0.81648658783110672488 -1.35315304772078626172
0.12405694515143306234 -2.32141829685540868056 0.89404741744152094185
-3.49601791201323397473 -1.52703018726278161310 -0.15874412837724349856
-4.04572182223062881690 0.57152982395154250383 1.69493561885145815893
2.70294485531714023807 -0.60593388592047370267 2.31569729614046959654
0.18213927682661523733 -3.14697093829335683424 -3.46841847238973732814
-0.87129545349220949291 1.92756894026805181142 -0.20446652670392762019
-4.26914766112428800682 -0.31172618598476109497 0.18318024545921840485
-1.45382604411829063906 -3.52033968154433640763 4.36964567210982846035
-1.31054424353297482853 -2.97864895552824560099 -0.08671385773876494341
-1.79164026370584750225 3.78092544859476209496 2.53008280062220869411
3.31855858908208656288 -2.73181497923731786415 4.13386823739279929413
-2.14093985706734368790 -1.43675255311354543863 -2.37257315571318194714
-1.25514944672458517161 0.87035375336272124969 4.49488517006013577060
-0.20174228801056770521 -3.76985052919982210895 2.72314308889916478762
0.82007299498046926090 2.82848235559606386857 1.77595381506238414460
-0.33300713044253082984 -3.16925313138443920380 -2.07439552573298069404
2.67814843482786901774 4.28417857498784027115 -3.80132148626012522641
1.42755632510377505895 2.80801126283537705319 -4.26706209916309031627
1.78245237215397356323 1.42399060692268530914 2.82150222965707886402
2.45206020796863111144 1.95083119191895892897 3.50933650192042900784
3.79353156131214941382 -4.33695567664007253228 4.11993306035408846100
2.32902788643858649209 -1.32426002327157110727 -3.03987428129839321045
4.22838490267103406239 3.47292213188479603758 -1.43941973681926027595
2.39186375005875984101 -4.43465448638965042960 1.67971252541126769842
1.20428080989146746305 -2.53049214810473710457 -2.97055438309667962926
1.60678060608730621794 0.28298967088699544803 1.43240223688286416603
0.82982849240692679871 0.63190211844881627457 -0.73446571311738395593
-3.27152461217435464036 -0.19864651244412012687 -0.69009857847920308416
2.14424621103110357723 2.08283607187301900154 -4.49850391037830732444
-0.52356844406536939829 2.04587322934893123261 -2.10465110086115725352
-1.65727570838861648639 -0.99878388094635717209 -3.97628955368672709625
0.86429087652149938492 -1.23133021588377156164 4.10218565167682580608
-2.51584395425289564230 -3.29658241856016553939 -3.94136773649873850545
3.54411026138229612314 -1.32868845433934090750 2.46667115053896157661
-3.68121181088265148063 -1.61786473542239672696 4.29404677434600845487
-0.20977272246704270486 -2.49349984160640181230 1.81443072231265656313
-0.61620325406809417501 2.59572255485049385726 -1.16411987793508364675
2.68717043645149100684 -3.11485409382193889627 -2.04447281543799475045
-2.69765309906435124532 4.33593959084911784174 -2.69940994727144900622
1.86515375256687843120 -2.23553019592039348140 0.71765600611589519531
-3.42074738463699823399 3.81852780927492840846 -3.51848923439239058553
-1.06955638763521587720 -0.67505225617930397775 -0.74015701891060725615
-3.44449159683811512167 3.53994741699170756277 2.70848161263888975725
-2.53164198697993336751 0.16701831137709621800 3.33448067445108353724
0.85687828321415437927 4.46923576044342407698 -2.93867504596477102652
2.52168265273453773290 -3.53241107029024448138 -3.96120151496582062478
1.96952643528204784928 -1.35106432904743023471 0.35555691087929641725
3.06923514800284014115 0.34742107535562105625 -1.72319156310383547748
-2.73821459968686209407 0.00669123175881392029 -1.72813923296504201588
2.22923652893067103520 0.74158148514629740333 0.51956810675411269074
0.76313909813045732733 -1.07280822051114066440 -1.38979382084202596204
3.91791486145179224110 -3.00514380758603483201 1.91150211857580387687
3.98504272194107489469 4.49678057215707394079 -1.35938911232843606669
3.52469200181568975694 -3.45532611812596091028 3.14140177183722535403
-4.48760872450795478272 2.76557091332486582047 -4.37960647651707013495
2.89559063913564784798 2.57137153209828106526 -2.62298607415516071839
-0.99073717361949587001 -4.46517192237888860262 0.78273036502965087635
0.67017455761792543711 -3.22975321345853272348 1.27885891225827563744
-3.88670740623966581850 1.96150512906438923011 -1.48853407738624454737
3.89788546959613935172 0.82187161325292557024 -3.72908061869273055322
1.48565805691683561207 2.42544146151248529719 -2.95166005869884617852
1.28582363184555337199 2.96837316367213244206 0.12600008981935406638
0.62111965969908666807 3.32780085659733781966 3.13566801077421164479
-2.50009684291231870645 -2.02476071314210148699 1.24849473163147894894
3.76639386832987721476 2.15797160056664605321 1.25211983003327720354
-2.64965359685591961281 -2.62958059057201420927 -2.78688914071525939420
4.35600352622722564178 -4.35906465570892276418 2.40016179373413596210
-1.93575612431530519331 -4.50143057884167507865 -1.54162867024584215869
3.72477811224099664145 0.01031063355882011479 0.94014932446754162498
-1.35615346346013732060 2.03121544045113466836 -2.62764466089460535514
-3.96771925425869387283 -1.71392929702057861263 -1.88422370947977935174
1.10602890378272089578 -2.43092876231237342566 4.17543712774665731757
-2.12454718007887510822 2.29589117984638857450 -0.83187498031393758424
-2.62427939732191450872 3.25553956251124443355 -4.26836011107003798770
-1.95975752721785667632 0.21379361513046379883 -3.23594317025961242251
4.40931207942009617540 -1.12177247375533495344 -3.75628667819800687866
3.58589346363545136143 1.90948446389967596559 3.02358979559280083294
-2.87495459866270808291 4.25360244341242665911 0.11300955029508408245
3.28192817219778287807 0.41823417810236751535 1.93476947391423959033
3.80066537425493233826 -2.09009762289802702995 1.02769136125004845184
1.58423409476348364677 1.31254923716694538172 0.00956630746452624692
0.80997743834566993115 -3.70557800665249725824 -0.86732706755883270944
0.30878087103069074004 2.55548934161579222035 -1.42563313319878082197
2.37028636524425184717 1.76712740241040844325 0.83927660057764796875
-1.46542694833901121498 -1.49074835146671791364 -0.30691389787126599487
-0.61758604203218681050 -1.83137420837828912568 -4.15813814160861205949
2.94576389613842071213 -3.17916054946732451469 1.88194920503742491036
-0.31815819998144601044 3.42514329794910299398 -0.40357227593187339210
1.29039523927684385285 -1.71869970456251897062 -4.16733915250469966196
0.45165125355901203363 -2.60689680142145352448 -1.59913074843594316121
-1.14322724281383614198 3.17806237778933375893 -3.34712905412646311021
-0.32228352404339055681 -3.46176118706322455409 -0.79509270706941670426
1.56841464565435462220 -2.85835704666504497595 -1.55246823812224921113
-3.60486748303573367735 4.50350501838142047717 1.00720262405710059284
-3.41525877182122439280 -3.84280181492308248181 -4.53629388635733388213
1.13868101381479913670 -4.23201648208477809732 1.32198378935244775789
-3.15954231843349075959 3.35612181375286411367 0.92922679117378947922
3.23080183379173924152 1.92930704812867848119 -1.28069423478313026976
-0.00332162496162258236 -0.61244893123042043470 -0.43146176104850120225
-3.55886501823719569870 -3.32850641782022904636 2.88167717569633818897
4.44366512639709387855 1.34263743949445490955 4.53715160827810048971
-1.37646332401551907409 -0.58077338868419925433 -2.41894622204395837173
3.60322990890167016431 -1.75912871543369186966 -0.84207935732912142512
1.33317189752976172912 0.64393554826502530375 -2.34247253473980654448
-0.04545259915629618064 3.19893450667276280086 1.68389763196440700455
-2.67839634447457708433 -4.11585156051326173099 -0.81289361275145655128
0.22222843376468670584 1.25131518210394165891 0.12006203007820737128
2.94282521778011219027 -0.36823497514782488338 -4.47593193832322011616
-2.22554666242178367241 -3.14560705852359356882 0.81481185026092983748
1.11471156794145809243 3.83728220504179251549 3.90941824675204951944
4.28556606900194214660 0.09801318425768634768 3.47662504135422256724
1.17133039840655150954 4.07081045972965949176 -4.04472695762382894458
-4.32579232410143799115 -3.89185597131144644933 -3.06760804779096041273
0.36189906177479347349 2.36596176580460859640 -2.56252127494789894158
-0.40917845705903577169 -4.12664018997427550772 3.75081808113928705239
2.48959072689921789845 1.13822993316866938329 -1.04263825458934578094
-0.47897374758972155462 2.43885360246387516980 -3.19224620274541104337
-2.89462361378550081525 -1.01695189914902694994 -1.15505876655336159331
-2.19682918919165270921 2.60097731425037537178 -3.64775165577416560225
3.54909276012187557825 1.12786888521233752414 0.82829492911970792335
-1.63359534231548497729 2.32743119602192116702 1.07996894568785162249
-2.88766095775899200859 -1.99853168845858419900 3.70704170310485192630
-3.54302886862463983775 0.51238292050435685354 -1.45912689642746107310
4.13962539612415536538 3.84132444210521040162 3.18101785959995897457
4.16170840627551452684 -1.36451244714451158657 0.34756018368747820801
1.35155211365343763674 0.92405231247079999690 -4.00808863156122363591
1.85211277757095427177 3.80539508195837949955 1.25853304430737544806
-4.41685155454714895029 -2.84800923541729344990 2.66932162197069633436
-0.08557412719819978975 4.23081451906885330772 0.71632310727347192625
-0.46963880279162317777 0.22415212856003563502 2.90024813445690554659
-2.85038720845190063358 2.26505677404998717606 1.04495585638312782351
-4.13808147683724580901 -2.49161658443095168636 -2.91078251611866622994
-2.20096795048853710597 -2.74450412641486796161 4.22318438729137834997
3.18467848035945078067 -1.36801673423305425459 -4.29001936432093344820
3.12841192008305934991 -1.71590068351818159087 0.18424856148197399364
4.50739654183657645348 -0.76812059728139114867 1.15180928630636358889
2.00840708615091223521 4.14372884880952785380 -1.35123466210339371329
2.70287955885576725024 3.51560058557155574732 -0.72151637787931122148
1.53239336878075604886 -3.21293306355770846849 0.45561714616633874897
-2.95213492710859837231 -0.08698224349272898337 1.37266472399808758809
3.96158593461737762453 -0.97830275420813705978 -1.43162623052837956195
2.28877808519859549108 3.13143705624429369294 0.29717484951903472279
-1.21409368577176213222 2.39701411911865225335 3.32293870682960257312
-3.93285281285706656007 2.95936033597023939734 -1.40808326916386050698
2.21194852667170138716 0.48044374647069520989 2.26670980919289188904
-1.62882035770556932164 -3.82780178446692653793 1.47903276292973462347
-1.05111111182803362851 3.80661617074027436303 4.21471330694753643087
2.59126871899377064778 2.94754063520916975705 -3.72275280422819587756
2.44689593455112586184 -1.45539374962496870225 1.33066576648553791529
-3.32013248839166452697 -3.03537400958272218787 3.94676789130127669836
-1.12507067864462717566 2.16475124924694117823 -3.94697401881005660584
4.44715748843844149718 -2.08060857268175869450 4.04779730115643854305
-4.26920551259900893371 -3.34754035405435557138 -2.15091875377965768834
-0.06646343621555317327 2.65383651048988777887 -4.43398272040858465459
-0.77734478513335680816 -0.07909290159842541357 1.90592305153629038017
3.72926361724863308922 -0.15893947227874782868 -0.44146830861196573181
-2.91915879032697844764 3.38462791302712862063 -0.48505649014613272385
3.37684536132183055201 -3.58374675010565235667 -3.27742761618605316087
-2.31102650946149879019 -0.00377036157781240888 4.30273696013003625893
-4.11270755956047384672 -0.58340332981062603679 -1.32049247970917704720
2.77599784432970420056 -2.30143077630654468990 3.38246741232538550292
-1.86256767663544797742 -3.82226217398056089536 0.00470532889631414264
-1.04340835939338028027 -2.57843850769961679958 3.93103258312307968225
-0.94202412844729588315 -4.14362324887052224653 -1.06318850326240754711
3.65111633064020768558 4.11562312740110680664 -3.57501655286168285031
-0.89501802888951953463 1.23864773117509852085 -1.39106360157874231476
0.06976276395720759638 3.65607709718697382328 4.12280268371862401722
-0.87677712189199707993 -0.63689908012104723412 3.60048658080852401753
-3.88069838149616153089 -3.83098490116388923354 1.97668772623292987589
-4.34839754260444166789 -3.59817956828951812653 -0.92227305552819416334
0.36261975180436056831 -2.14299283005841889604 3.20817597681383670505
-3.43784704847139765960 -1.30681901804846312132 1.06293906751655686804
-0.18639459871230368293 -3.78146364711853610885 0.51705551399870941509
-2.48404953479873435995 -4.19652485831411059536 3.91707359930501386458
0.33980945284534325168 -0.14039340239353492734 -1.33236199606279015484
-2.31741819659829495492 3.56841275578769501209 -3.29741051963055875618
1.28427152181944759235 -2.44285332540906408028 -0.46348093638453402576
-0.57648985035166910862 -1.37611434631008711094 2.77885735576005910019
2.33740501108205567249 2.08318086695571658140 -3.34592713238459804614
-3.67653933881057115585 2.18095952020182171083 4.23638691404216150005
-1.40721923171040952383 -1.61759841697107109582 -1.25895391331735773122
-1.54818986557728699438 0.47861860344162820979 3.45804449681874803701
2.70306154664385633879 0.77442882043169980477 -3.39502002877570552286
-3.55909077537866469498 0.82109853178419633934 4.27126788329730988636
-2.59152670434079102080 -1.36034830977154364007 -4.48796059854846607351
-3.51289390826695058223 1.43990896178572480579 1.10840780795985960339
2.96999612920511868452 -0.67617002769991252364 0.14722118365848047006
-4.48143207367135598673 -3.82373475322851019698 -4.15801854143430649202
1.14374157553981969926 0.68829515355711290425 0.56500616195971797850
0.69346870039653207840 1.51224017444630653983 -2.20096015803658318077
-1.45885617755907981419 -2.52241719908880046574 0.96804336483093500476
0.21399060767209210354 -0.94830231364518535742 -4.17937959396337888052
4.03760516749901920974 -2.36094393717852346626 -4.12996811464006974290
-2.35449780420737875275 -2.36171647503658554967 0.15133930439625942199
-0.80202424777497682840 0.10795643382305808444 -1.41823868362060068193
-2.35321295053179024848 -1.34401162691264364213 0.46399136516263350671
-3.75446712157378525987 -4.42126304436611849979 -1.32549114326772121686
-0.29384570437997403758 0.38289619212134251569 4.19493403366485306805
-1.34847193223052519429 -2.61059769379002393208 -4.06661323269319030516
-4.12025361442510718035 4.05145532900760851902 -2.34460227167888524136
-1.95578919789643146387 -0.96826207921723383976 3.80796319615607625764
2.11263342513772922615 -3.84288494610343400737 -0.40275609594113070955
-3.61707835783406128627 1.42296164816447134882 -2.42519544643115469995
1.79951727022721907900 3.80809080686451562059 -2.79592208738033631832
-4.46830403334928139003 2.22331568296565595944 -0.72261189379461221449
-4.33234414036739856613 0.71369690357425241700 0.57642596036472770749
-2.75112730095568114308 2.19941783653305744650 -1.84959535202137148602
-4.45305975754565874780 3.24150047242207595133 -0.11307018708295935028
-3.26457942013494495370 2.20412930238327309240 -3.53088788244559559359
-4.13458927359921446509 -2.93478024953056637614 4.50834776831369499206
3.85935800467375766942 -2.15687825985202774604 3.11804496718712798042
-3.85254374972618851558 -2.05213344485687398944 3.25946786551402389875
-1.58738552045886827102 -4.49758887719517286286 -4.40192234112193681028
4.46794491279863503763 1.16802088819002936049 3.34107710410480951424
2.08139761450210603044 -0.55985916210235986412 4.17058545423169224620
-3.09753692100176669655 -0.98399555606015098874 3.05794123464546885316
-2.50667431328775069943 1.74865152094526532522 -2.75795772429648211599
-4.39174122973214764443 3.94848259235673548773 -3.44573979269965580130
-2.94853827726980188828 0.58730412815952881544 2.32955729653204279828
-0.74943011850578633570 -2.83523347918033064019 -2.89789157740059266644
-0.37920136204262089308 2.07160079849883249636 0.69331088795573680983
0.17353928288219933052 0.34172304803135844509 1.44757440516267887887
3.69766385542755759985 -3.08436548216736250438 -1.23831823346453706591
-3.33355730092645785589 0.60186688666390253388 0.15118869764886344598
-0.21748592797866805881 -4.44866564071666559244 -4.32769235243686711812
1.56945543286328703658 -3.71658661298212589230 3.54168263725412391096
0.77053745298531239882 -4.26333022368587766238 4.12568892370767326128
-2.72353950724383953030 4.36845128498302148756 -4.05819221259278961611
-3.95859564527826801594 -2.01999082019483378048 -3.86966857946888564967
-0.25456187730996759910 0.54041652716061605588 -2.24291924658379082658
-2.07391513479272182607 3.53441517424824258597 0.11593601993119229121
-1.22453877229483243383 4.10081226220286776396 -0.36725183159662577737
-4.07473281689436017672 3.73534169389684134188 0.68751599863523527034
-0.25703614013808628869 3.55526724341085564873 -3.82309937467956029167
1.09330496638529073294 0.94136131113476917420 2.09235354974193210609
3.84214814250817138230 2.65273405090258851402 -2.61917351951737309435
2.02566392432255693024 -3.52063138064071390332 1.28655715996630259923
-0.11499006542681211585 -1.58206173728071641804 -3.15006759524138102435
-2.72139846949873920323 -4.31514721096976927583 1.86488045375638922252
2.61476732892122409879 -2.27341817733280970870 -1.40712948426446438077
-4.49922673603004952270 1.75747750576703776204 0.62111254991658437774
3.47322810701040207704 -2.62052522937567289318 -2.79991407379149315204
-2.52666538104549420751 -3.99503396233208807331 2.93443263204734261507
0.36477691634252185082 2.31112888519923043162 -0.17736752137395672690
-1.11815515129765508107 -1.67978042092642443350 1.85495726683512796029
-0.75964513040472736449 3.00688774898001920377 -2.33638808652885465733
-2.84875991575483755724 -3.32612528464551537866 -0.17737468270137313198
1.54862912577993494523 1.58443740426263968146 3.93749970168893970168
-0.99927120535317115468 1.38542414819396153547 3.53406817609771817246
-2.55477145538013727943 -0.53241913816505004320 -3.68709920052861628292
-3.67921591426472405217 -3.17202017728216656423 -3.66731182826913171269
-4.33790959464934022805 4.08599414920521564198 -0.67060019579413499002
1.46975899165477574826 -4.50203748358375488436 2.20435450844872793397
-0.24506778719516830733 -1.69129056759584894820 3.89861320969102376210
1.74842161669918283451 -2.65469656382594410005 1.80906739321432663559
-2.63059008455475940025 0.88165786705776127974 1.07881856877867043920
2.03358142729176183394 -2.85770001636171588899 3.89702381515797302569
-0.52905560805772466892 4.34556047263183753415 -2.14326052725479421213
0.74453973313758226027 2.04618423216883105198 2.70659529326679315631
1.03176089339331245043 -0.56562485751703217574 0.63810983570984713964
-3.45164968894281320999 -2.95752556410870637293 -1.82454558511872777515
1.02258614413072734806 4.32389539127035238408 -1.84041539852174285130
2.99676907377336032567 4.38787236974556105196 -1.74719105824584630682
4.06279593876119360374 -1.31541642068785513686 -2.45684761780885274618
-0.57658851493623641815 -0.68506981819483669938 -3.30393274955460558573
-3.27331437967996263794 -2.38648736338188749428 -0.68508320646408771282
-4.02541300691566217296 3.63489350598862781538 1.81575583650182004192
-3.07563733070273181980 1.74546271371751959833 0.07451456721789817550
1.76926704566727455159 3.96885269337847201854 -0.31039906626462876460
2.17007822189770838150 -1.21825136823762880667 -4.11872954976562155593
3.52718781631151490075 -1.00123194028212303408 1.32837508724275910055
1.34157803480714044042 1.85835154439752070488 -0.95153303558220603264
0.26449844400887645435 3.57039078482198046771 -2.19328197867731100601
2.37037367927558317859 0.18708448366529406570 -1.05112092865470785341
-1.17925393216483920256 0.00160307665105641206 -4.19641750243296041134
-1.76185235142404206243 1.50899355820754887958 0.44274856452001021268
-1.93466125413823730739 0.09924326323558219087 2.24988627110874617188
-0.07345067793787052324 -4.47134598875920996619 -0.36759186223773365754
2.19496694995254504335 -1.83569842061057464377 -0.53448588657520001988
-3.14230826312963618108 2.57756894889684584626 1.93137323012824690949
-1.77849293486905990491 -2.56528109368745083074 2.25298848112911009878
-0.77393416049799812484 0.68337947267447241018 0.28076148191243266439
3.90883427942994909898 3.69635477399440848245 -2.38992148885000732506
3.41284781106767809433 2.06885326783672507389 0.26063192998886552942
4.12608245950221519394 -0.07664820703018815351 2.36668733698318245473
-3.96804084542909407674 4.20299958190185574125 -4.37546508195091199411
-1.82269988093774459870 -4.30201827110754386752 -3.21460824885483553714
0.94901886109592048513 0.50475372038912524886 3.07524098028954906425
-3.76630348644481305342 -2.44106486835697422677 0.26384931264060806910
0.18099242658972602982 -3.03227853494791999012 3.74209918516447981318
1.71235872387755971857 -0.45615383281859056552 -1.73327173093975339668
3.55498689661840838738 -2.10389706983024726838 -1.71880261403445988577
1.33887274361411279244 3.07129239931488395854 -2.06767809424935888885
3.04388297483964898049 -4.07198277091610272294 0.90632906035012084089
2.31734949160651915179 2.83040959436466010857 -1.62874225421190299556
1.96695832889667432397 -4.01240995161007507619 -2.29208164810936887434
-4.18172117731224890491 2.64920571918046121596 1.50936646304488775172
-2.75060871455842903543 1.00530945310751018695 -0.65285333898560704569
2.58774969626170481263 1.14198039361859660090 4.25143298289663729150
-2.13371775730167589913 2.46108165514806920271 2.08981322392784729658
2.11590959797530508979 1.41997067035839830140 -2.18340262097298642985
3.41693664067665370254 -0.21945128818208292643 2.92851508801616144950
-2.41579578034990616331 3.53308675309997699543 -1.79444012048272538706
-3.97470825812072403593 -0.47576007241600315467 3.83321991694422603558
-3.69642316932189851642 -0.90493574884859651064 -3.11746264146434848286
0.25250368596308270241 0.18194942084498677559 0.28573587262666499953
-1.15525694809555501408 3.38674305189906288405 0.72807865912536229303
-1.81013865904300663701 1.66536452188919259498 -1.72929319423121397037
3.95109148920980768338 -3.40711623062254798100 0.61033389277609551016
-0.19277575857437589946 2.07617252435394750165 3.35516780779230661125
-1.44178468422284522532 -0.66994818636064135120 0.72613980170662273395
2.95364298043557926832 1.27160542010136179414 -0.11111838247172567407
2.59926974300150437358 -0.27789252188562407753 1.14825025342017195129
1.43179382491137641154 -3.03995234166333627712 -4.07865662940136974868
3.03153692417373132884 -0.90138176270190806250 -2.18855382009109256103
-2.70522205756101064011 -3.26740161791219207998 2.06826881157728781346
-0.31131046657358751872 1.56852591536644769832 4.42294033268213038212
-3.21470266377892421872 0.33727901977681451484 -2.58153271363243996817
-0.15630501183769762719 1.39411420241537964415 1.61213917705276887915
2.86685215148988437051 4.37597100801718053020 3.65637201200329275963
4.16403122577766549028 -0.96711537140722114714 4.22260629112335816870
0.65283877126738065755 -1.42447580761167369445 1.07268474553893433665
3.21462816823681851730 3.53371482860433783202 -4.37578846705473001322
2.90738006283590788570 -4.50922211492219826567 -2.86787689368593534667
4.05808005630968704480 3.08509941054952729900 2.02883748904798810742
-1.87110427367699960755 2.86718664028804415267 -2.47405905224198541248
-4.30676165747356609614 2.66416310641190268171 -3.37943877435501427442
2.83848689108578078333 1.38033591770120178666 1.96444896528472945363
1.82474144453814179911 -4.51124662393111730552 4.26622733582181989931
-1.24840843936672296621 -3.82994858236407376140 -2.25233024405167947535
1.74715759032863093836 -2.35536337378959848010 2.98923237611446968032
4.04390253094618312701 -2.44336408427174012203 -0.11525133315012059398
-2.00780088434367920414 0.65528516032732753160 -2.25053109046238031254
0.63087111930815709115 -0.55374930775851982645 3.25845215225735174158
-2.39142645810693466046 1.71757496331124404065 2.88882057682729254111
0.47580184404136716125 -0.16483637300905584766 2.24562717007879175668
-2.12869607532107840697 0.18686670879523248345 0.00278968382901467749
1.43791821334416702882 2.87203254887419934249 -1.12075867894703762317
2.62326022366701128163 4.03601342996756695669 0.52073855957504822101
0.76502163041318471670 3.75865430375589060219 1.20121508317404490640
-1.50779461924427193864 0.26708275000627068607 1.12109604494800674246
0.06675897897013083337 -4.10810216159937979796 -1.52027436806352911347
-0.68291782723445404457 3.73800057917446881817 -1.34228512439042013682
2.76241463348656335342 2.34593610506006022831 2.58250018842500406180
-2.34532623957583030716 -1.84685368786747794445 -0.91429083650811726613
-3.94610377516997523628 -0.62193713344852019631 2.56799666252401603828
3.11021015924963872834 -3.99801759604107420643 -0.21824564398972423618
1.92807103120996536916 2.72787249305166934477 1.58582448123256813943
-1.61072776856284960445 0.88652407737453753356 -0.75743882127372108570
2.60429981982411540287 -3.23387673868472491634 0.41632936364040862287
-0.38264909561670990001 2.95910073592664879527 2.88017027327929842073
1.94306957384312806170 -4.17126537865562951879 0.52353142254407281087
2.52648228723337631152 -3.64388689583772640290 2.81601271714065859442
3.40411037441531494352 2.56560237530404133821 -3.62351582212852596498
0.53728914408439365502 0.51434504215940357597 -3.31194136025718677274
-1.51455809809772024010 -0.68051157324388444891 2.68831607829498064888
-0.57116846891451000801 -2.58748490718207690975 2.97875800245387001297
-0.86855792535199860538 -3.52391526778129771102 -3.83457886773640144185
3.31782940374603096956 3.74509732667646755289 1.64856062210698528503
4.44932420577559550878 0.15567353495313440703 -4.51913965828937413960
-4.47544037581836651185 -1.42080527359925046227 2.03866533123577564623
1.39269502990095173089 1.43225865356162795905 -3.00906261561482057942
-4.50384032487938501532 0.78004080104328732403 -2.63463999923906877498
-4.21906210048679408686 -0.58443958989151933991 -2.25734743877220500607
0.96289234218603159121 -2.09223030347925798011 2.07477392030583995819
-4.10714325425416149073 -3.37537327039315160349 0.86545891144062903066
2.75728361283449530106 -0.74878092365286219589 -1.16619217984595380244
-3.12451125429662779354 -4.05103002171302950529 -3.48256319014759840869
-3.45976511306774048293 0.30942732921759663611 -3.64885835800552627006
-0.90968911574498489969 -1.64588431115350353195 0.79862576332296963955
3.87848229918775100344 4.53299368448981265800 0.54092594440608987583
4.11069547345183661236 -3.30268025958402633435 3.99165441118351704830


