26
-3.22110569416834957579 -1.44787203902185090953 2.61117610731691129899
-0.70953306744008237672 -0.37942267497897663731 -3.47000676734917190558
0.48149109251005928201 0.61960670778090420896 1.37279485889271857246
1.50019880327214583104 2.44606513065855946110 -2.30249377368124763521
0.30115258431197400313 -0.10052759033948621692 3.51006348521797217899
-2.85076073646400507400 2.65641337376173947149 0.33373866440111843445
-0.37362689351358735479 1.85967761977288947861 2.46478115555917032253
1.60408506715860799119 -4.42319789665801454959 1.38046468808942357498
-1.02433671775130541448 2.73422078842963767187 1.43310831167757779525
2.92780280672100268191 -2.52143862076964575536 -2.41351556172399206446
-2.62230848053482645810 -3.42192412545552970826 3.77947994027384037707
1.20402848169571985437 1.68948584111014898923 -1.11356729287492406399
2.29687514116194435587 -4.20573051380416274014 3.26846555225406465439
-1.70129229706172813152 -1.79159749092697051509 2.97468248925920430992
-4.33298325663487471360 -2.74908559918015837908 1.10635568254991323300
2.75127145507845938255 -3.74289327856725639876 4.40843744305098450553
2.35690818411002656063 0.18908237528107996184 4.00166922844706629547
2.83951929557932647441 -0.87917136585933874926 4.27014769753520884166
2.73127988192345583229 -3.42828601475462413362 -0.12971958598993005296
-2.46192893571577009482 -0.17221596654572213225 1.18525233606514301954
4.19023031827486658329 2.31198747835550300067 -2.34079646536582686167
-4.26879526261329722558 2.97401036598933554700 -3.62164010641848665983
2.38528109262953424974 -3.62338474954724176769 -2.09481069332721725473
3.26581242487155076759 -4.51453873734935307027 2.09242139811273020200
1.96806293960917422226 3.16544660529037713559 0.98721699635336257472
1.13056567021200482515 -4.30710861878343020948 0.17169654329985295504


