93
2.98557498074240612596 -0.81555959511374975790 -0.97863049020223380481
-2.24716878287423149629 -0.10182271232482431600 -1.28572450630379320202
-2.95223612603084317740 2.13325764203745738001 -1.07136314057830661639
-2.73948465460156587170 3.42457871494870147444 -0.78899478863040339860
4.39048488255950797310 -2.84402194542534392241 -4.24858621728509167070
3.39089885263073487209 -4.13955119968507023742 -2.25094180008692212880
2.50461370863118659713 1.37434970839912384832 2.40688239627576461288
-4.41773790090651718998 3.03316150882523682952 -3.70044647050406139144
4.26501709262104089504 2.25527899436794854182 4.35523206753245961664
-3.17607372614017835488 1.32124817053818954804 -3.43296737967605780639
-1.76742575747212571358 -1.64912826657086597493 -0.73110791455196100230
3.37191631265056468436 0.85220641391957130395 -3.12704402189111219101
-3.29062111562907499973 -2.27306105387619128422 -4.17204117616118974610
2.56069685259226265117 0.53270088348561639435 -0.23814552689186108125
0.64041305203878717833 1.89704652152800434806 -3.34796563213589504215
-4.20307154949651451403 -0.53684696400371123559 -3.83718165784963050058
-1.94958759014629645634 1.56757142139413563342 0.71327528231360126654
-3.81688545878592000449 2.22889117034231087899 3.56464901029569158908
1.21016626283964701116 -2.67332062832621986104 1.86130349491481528190
-4.38724661505813173790 2.09626796361878131592 -2.95243388433191977782
2.78427176283821964375 1.55942092111592334192 -2.40784899003558461317
0.44638730775704793530 3.20126704841892717468 0.03285807551311936692
3.23155364498971664489 -2.91066742110942477950 -1.34683173412881762587
4.34049712979863766549 4.42081651084721105605 -4.35032663693714205522
4.20577382135250399386 1.24983838059380669705 2.04980195690893740590
-2.25147249730290033298 1.75632910106312589704 -0.48279714817784746828
-3.82935235025415510179 -2.06132717674087428961 -3.24667475204163702429
4.23344565543457118650 -1.63612528509168875246 -1.12668292706794437308
1.81274049985564911225 -3.24755182577032686098 1.03243261978124412082
3.94730521384116439521 1.91189124884261296700 -0.83024520910710508659
-3.83299962675185934557 2.74425265719180533353 -1.18114105666903768110
-3.99011858706397148921 -3.89314378110662229204 -0.09200732225640262385
0.31133071227845832141 -0.95395115607558977899 -1.15855201675471963796
-0.08134272901396411015 0.02613788421526042072 1.64803582242740009889
-4.40572833346057901593 1.16594514916422298256 -1.53930168838980385715
-1.37536817355770502047 -3.38075544121315640922 0.14230359331119135646
-0.00701771889443847385 -2.55736838817011102876 3.39835398706159352855
-2.27734376469774169038 -1.09157860193202482790 -1.74720730579870497934
4.19770142174666904822 0.11440350889018358060 -0.82275660049379473193
0.48570779845032863165 2.25975708718703582889 -1.28006639744859551655
-4.52152152130962914356 -2.39662716753044469087 -2.09600713624903001175
-0.77071317650581505632 -1.48140064707145224787 -2.99132842653977926162
4.36308126990404065992 2.86204182327476974734 0.82575241809154320549
-3.16928139786248230791 -1.15377972987660593063 -2.48368204144458681881
0.33829749381863827296 1.38520467786037926317 2.67982944786107779578
-3.14515921089733963001 3.02206404979640730346 -3.31116770893601586323
-1.25814254907259837069 -3.32497234220754211975 4.42346011660326876580
3.95533956424404475882 -1.30990237069507031720 4.45747052315435166037
4.30859149335465385633 0.96962876607569192799 3.00174691891781453279
-3.67952420814047531650 -1.22509317963198816059 3.99135021512004062316
-2.44099657716103912719 0.67482424517492667349 1.95440929948880182110
2.04063943117382695647 -3.67136806445995977910 -0.56570552137104623824
-3.32470777083034541022 2.22214259507112732450 -4.06948426832117071683
-2.90981831464156837086 -4.17000038565779007627 2.58177644084273882896
-2.60072688281026787038 1.66880785259593178438 2.73187460969808704192
3.55659560591735424140 3.35672933737767476003 1.41019284535874422915
-0.01146016552308992686 -3.97821159273063917894 -1.16155521519405802167
3.56930609488952033104 -2.13580334567321861172 -2.52886262223287205941
3.17965255805076907336 0.75119643184051287932 -1.95698179514135262025
3.21603444389026638106 -0.68578251484035446239 2.92678838238259153570
-0.99814880353146540060 3.58408050047497450663 0.10103893275126907270
2.01121356609942658622 2.86001064641855329285 3.55893004315343208788
-2.51740023029312132152 -0.17483951674548681154 1.05431761647813804217
-0.20410876894298013440 1.88251249903215978065 1.95181014792599771823
0.78792957259938933845 2.86403507562591652658 1.68999861419022678888
1.97056848924894456587 2.57883095223005920360 -1.84176481213887877075
-4.24125652223999072277 3.05241429289426413618 -2.53969698626425577359
-2.40059451472302542996 3.23711480617849378660 4.13004365158688369064
-4.31845169513112470128 -1.88428824390360327712 -4.31199484417157474780
-4.51838338817994333851 0.96996114086478435468 -2.67366619230344904068
-2.85377379839849121268 -2.43061311631164622682 -2.16562797016211749934
0.79727155520320902582 1.25407883252413210329 -1.17489676476668991612
0.28160629460378494571 0.06843269456115486093 -2.85554522968148738471
3.82498891816606079175 1.82738105104882819774 -2.40196811436774249060
-0.71416139063745021076 1.94170784594478273988 -2.54145279943731416950
1.62664256002226892406 2.94443202198598541486 -0.21383782314421839743
3.18672673708289710959 -0.65167976794469772983 0.15468127691863475803
0.61663328336851730427 4.52144236223019913012 0.91660102865937798100
-3.13648907354407713299 -3.68074243556418512213 -3.95953315148761175735
-2.12299773599453134310 2.66392702198703812400 -3.57996839992540261122
-2.05478975732780444474 -1.04585693271763746637 -2.88401107559903113753
-0.45358147863142761480 2.40573563898518560933 -0.38556107907425563042
1.93821661976257164639 -3.58332789796817197114 -2.32144229838787596876
-3.18843897758362748718 2.48245590707205199266 -2.44447023244234351580
1.84484646700560528387 -2.29741559742857326398 -2.15072485494872100986
-2.47294999756392508417 0.71477454403687445961 -2.71998892344344866956
0.72812213048662588477 3.70751748172303852158 -1.31013651899110339372
-2.06618137318002315084 -3.14520006758443315675 -3.44080067709635217810
2.69668408962468841850 4.47511728155128718498 1.85790473618446583259
-1.39188552367758244799 0.95050858762577128402 2.25022625302285828042
3.96302805426531801203 -3.56051541127607240611 3.46507325471467009237
-3.43202271093908839461 -3.01896110694074337744 -3.15883491978812269707
-1.83973197043618519331 2.33651428096792823652 4.07469734662920846091


