39
-1.97201617839382059572 -3.44863359061529850536 0.95874812424546096423
-2.32819434773745115308 -4.48429212939976018504 -0.27924901184717754177
-4.48256697052735741948 -4.37153176076950344964 -0.55621734739567374461
-1.75346995000789629415 -2.22986539283771723063 3.01045687597574396221
-3.65678885869627245953 -3.36034782630659956126 0.37081028132388471619
0.63119397162361234876 3.87781466483366354936 2.69732977814715724207
2.22697242355746460873 -0.36041685085560359880 -1.03779345709263859376
-1.95056088305403285688 -0.73151064418995570549 4.40168948949121574543
-0.67501310196146935283 2.83468259321283611030 4.41743545392806336025
3.61250355751256346792 -4.36368070024159138143 -1.21611582364658765698
4.15384351871218893137 -2.49411367155675689489 -0.15363576963729652647
0.74071294390346764658 -0.24178227102044314023 -0.44147742686474700236
4.39320970406418798149 -2.44324732492570140252 2.55336865312696037478
1.11811405325059798344 3.40165754072702331001 -0.86011405381027739026
0.03615566624984545285 -4.42546824567944963036 -1.51162646047208859557
-1.88266036903151734450 2.27400770281481445778 -4.18865715284018591547
0.88955363189516933886 4.46911517841770855597 4.16273985195172979701
1.05703797803062027327 2.00512035202849947524 3.26768649100035890598
-1.77969776574080995601 -0.70766719529703658864 -3.63684374063494475493
1.92024038598100332820 4.18505053250676706256 3.41026646913329312127
0.29564046798825405205 2.54776148247423783744 0.06089545690626962937
-2.19859195425630193910 -2.17233115662169984361 -3.11816043278990262522
2.18655823898276846506 2.64522045298787222833 -1.23103580676644597247
-0.54359512612084426308 4.02849421010165276158 3.85348133414390847662
2.52988753921415643333 -3.79556225030215843574 -2.76713596560274721625
-1.97128084624910115963 -1.67805341431906018812 4.28245447506515741765
0.63557226744341477342 -0.03746795478660569501 -1.97980503093540605164
-0.27946938179072233766 4.12695933304024631383 -4.04879130163312161983
4.48749480813301371285 3.91424631358986996332 -4.07451887206983265344
1.18154883930312859519 -3.03429401374241258793 -0.74131441585980439868
-1.41886629413701204072 -3.44014819898393975350 2.60932303183116509615
0.32149493029388054310 1.09488817925301074041 -4.28179538848654406280
-2.45482199655352406609 -4.52572405933305166315 3.94339910818016559091
0.70832071116584760517 2.27602149714791490709 -4.52031108766532785381
-0.25719424507073274100 3.66911737852118147174 2.22945652086536050263
-4.06001337229385050875 -0.90454648375695390072 1.32274406077901396372
0.47272033438459271082 4.17406990139968225861 1.33054303437264298537
1.33976379973120440781 0.44461642441867166298 -4.36402076927052995359
-1.23614993587485111348 4.19247539289091886161 0.41308847139552096195


