152
2.00530630154020172995 0.50690477554716650843 -0.25225595888190444072
-2.04388750060638901829 4.03174188572867375768 1.57552326841198198082
3.15450113752829075509 3.58587334924696232719 -0.90689747679182231010
-2.67002731816318661373 3.66854399089979121840 3.06696806991673209808
2.47351748511813696041 0.97164287588498954307 -1.47762407783777849346
0.27815431403388046760 4.51338026827140392783 -1.44508459264630495511
2.38086388074806887261 2.48024071580268223869 0.08182034899810020079
0.58825919216447086768 -2.03208002830681433437 2.52152906159787004725
-3.04840225120827135186 2.73493165956231276681 2.65715771766580655111
3.93277220251475778667 -3.50393289350181236230 3.52115077016977107149
1.87016916476958527937 2.97818754666769791584 2.61892754062913901691
1.60767605735087926178 -4.06813542065717559382 -2.93750696565468460975
-4.41799602097700905290 0.51527189506166326538 1.84582842404955815852
-2.59250516048935963909 3.37363141729517312939 -1.13915225263323804938
4.02307507049030288471 3.62257504745433944748 0.30093061301777179750
4.35798540023126701470 0.00874746400342196750 3.71381976689208403997
1.17561944448223965054 0.33594786906474727317 0.91703099106696672749
-2.38169344090865031660 2.04278274028187833977 4.49647189009278758220
1.78834715743080163719 4.06724660779643709674 -2.23310153806458933090
-4.04446118591581882384 1.90621470833790684907 -1.16793983321141414677
3.37027576171636500391 -3.29892836452077764520 4.43120652996625974396
-2.21929664237268431393 0.30710871880057588612 -2.51557500193540750644
-3.44342623304098038872 1.94240158696062703569 1.90750693846591889979
-3.67487122575361446764 2.50408959470700942518 -2.94986145309877523246
-4.52491348826958184048 3.14167404039416187089 -3.02220464403588051638
2.37451435655383846779 4.01296203339240786789 3.14168458503792624725
0.90373820857740039258 -2.88474766809592519934 -3.93847607887355088963
-3.20250090509807305850 -1.45343414984883123608 1.73461244758034105473
1.93264876890239190033 -1.82258646164629567465 -3.87686075016535447446
3.74351367589787908940 1.54438796677449996508 1.48924116349948931770
-3.95632930411663696901 -3.74495595294104743900 1.86331167708245093451
0.16225050259338402725 4.04596368963305597077 3.61516725699222529755
0.83571504844842436910 2.50034736876593743915 3.75899338288494799798
2.06027487262682118541 -4.16939137099162415723 -1.69745608375128131939
1.94273529257819799199 -3.62088488069122949042 0.19027247956484316660
-4.42634450532259204891 1.41562094651911252186 -0.01170687385870294861
-3.22962981582865982233 1.34371718987927746269 -3.56898227194136064000
4.03031201417296092160 -1.20937305577587483896 -0.59697228396982104925
-1.80746090666776160205 2.90796838570751958741 4.05043550687429299018
1.08011955409940352268 -4.53460425862560523314 3.48982675844961409695
2.14326835996502040871 -0.55933074598054099980 3.85352488253365077497
-0.07343199852047099796 -2.82554344223988040952 1.58341838372474441599
-3.33133101464288428062 0.72837466399204231493 2.27885227496123476953
0.93897104947791198981 -3.90601577176382441792 1.02264532357428361564
-4.04323331619484171995 -0.95325348009529786708 2.67818511155901362031
3.58018998856986581103 1.96404218963309151746 -3.10450295672841747319
1.61787732784335069880 4.18218476568770736179 0.98399629555467171826
-4.20076806512960754247 3.35395899665025876146 3.80063613501360375579
4.26620239776837717471 -0.33248716768649355657 -3.34048753384534879984
-4.49773530834331491945 2.73910047405972356671 -0.45897251232160840573
2.06820811917534275182 3.66950192520718854183 0.09688139017737285030
-2.49960796831114961947 1.01972586574770840429 4.50821846933820769010
0.29072276324054513452 2.04502062536134943116 2.73655819821218582177
-0.75278364071900671917 -3.68669654564497673022 -1.47940943947973480022
0.57506138203841494771 4.27143224868528204041 0.73588373427801556659
1.24452495001691687548 3.16571908516883837592 1.82281229652599741087
3.15028520359128894057 3.78671244796313377634 3.76122324138850583353
3.57975179172873136935 -0.28659709612635886344 -0.46739445265795431794
-0.14636109486393689139 0.35415660859490394330 4.05217887579771751660
2.95965951228198598244 -2.09169673222943286461 -4.25004255736984593028
1.98475198674367181439 3.72757726532012245713 -1.06106833380242449039
1.70144208921525574851 -0.97121166572794281890 -2.43366879441144234875
3.84032612018661279052 0.06580055153823227698 0.72975121560124112108
-1.37380838146433292835 3.28921006470481724904 0.95640701936954641837
3.12045929734254823273 1.90329421882991134396 -1.86839801312518805076
2.47967392960675780955 2.19970578705426245136 -3.72780622275581485781
-0.04045818284337876491 1.15885121597389062487 -2.67531634061926038015
1.75172728117339548959 1.91529649109426625131 1.68157838821508320848
3.50054207803280359457 2.53189492537474691858 -0.80891543824317935218
4.37175447523018245732 -2.38147878081186092913 0.41109049677917663956
3.70603655432737877362 3.03090052621239891550 -1.74365661694329610043
2.39492803071260951242 2.51846337201500780623 -1.22286668736605808050
2.36797556326115543612 -4.32491339357715531833 -0.54839826998361074217
3.26845442908574757013 4.38358479404534673307 -0.18635004190271686753
-2.53065659091654548973 -0.75687471211467549637 2.81434702964299798822
3.52155692662291830430 3.38972601184862831758 -2.83582063140234774679
1.35020363370776497192 3.23603338045078459118 -0.52690353899097264190
-3.39841828214078889303 2.84995656711057332444 -0.76434530343557938181
4.37229232910359311148 0.90305017334963189057 4.21973961120880058928
-1.58718552931641809778 0.21142039366397291644 -3.71015955331413271878
-4.19859812055952197341 -1.30416749320280001001 -1.30587067446299442963
-2.00084572410719196967 4.34833386647422681648 -0.88074808158841166872
-3.44896746277162513650 -2.40318412814686421797 2.37546994845761361148
1.11841064433688064383 4.51418338794933671210 1.89451315557948607449
-1.70137549707233359797 2.97612382428234401033 2.98224251589196853729
0.66221190379617933530 -2.19655143362780069793 1.45564350277569776182
-3.88212847340160527310 -1.55399678365808036062 0.38072408582395222965
-4.53765240843122441561 2.40162394018799041362 -2.06384530374280483755
-4.27513344395417949073 -0.85580657304284457609 1.67715704097694473518
2.69862871586589658790 1.52361634937784629074 -0.69407251312878504024
-1.81325108351491381953 -3.83850817716028336335 -0.01613899138077545814
0.65828530967917142647 1.13539528541940004658 4.23697473345640762687
1.67535831221770603605 -3.49733036312828415859 2.18250057420767529237
2.94228617168466755061 -0.23951879163127109962 -1.74583647914306450133
-3.35410609189190900281 3.42012669475208408443 1.70569582374128891900
0.09277411238442390129 0.49785347060224083293 2.47305978085211730644
1.11608447055961779171 0.63007492675115273073 -2.07884100546861727565
2.90572113148101696112 -3.78348372376120511973 -1.25728809315176714989
-4.03872690951463830800 -2.50800104017558345149 1.21269438544935859170
-1.64711903951453031425 -1.56815955652660088404 3.64694175712986190518
-4.21738427431118001465 2.55067855415831612476 2.02408443756896794241
-1.86102448770749839824 3.76925224907238831662 -2.17067274260602038893
2.91109471740079861490 2.91982761080376729268 3.43605987053339045900
-3.84317662736493304010 1.41706986196675721601 -4.47914137902447784256
-3.45512335242670021174 0.05890514787635936500 -4.44984318417643898158
1.60828236205364749623 0.12589914906410637485 -3.41667134117986526221
-1.38769383557595205048 -3.92876930463169982133 -2.32758090273739259857
0.87870290878706924786 -0.02904476963685631574 -4.11671132026302366569
3.94359553565733289560 -1.12845254758552071550 2.45710249492952836903
2.79499443265073477249 -4.18966053915511427164 0.66996587747189106921
-0.63860565807491731505 1.70386198305231051364 2.97961344106854042479
3.25145212506950986864 0.87322968031131154021 -2.85114395204762649527
1.79128048267342432354 1.47490835131510333866 -4.42880269934730463888
0.72110404366032820889 1.24781920993782780016 1.97338395115043585548
-1.67683830962463575887 -4.03335219356328433804 2.89063216496975972092
3.60674394978971424308 1.24553550419763592316 0.52932601430016834598
-2.73373001774778279227 -0.09053530548667598765 3.90919889087686822648
4.44146454664368217635 -1.34105110570181551566 3.52965324739866925796
0.58248378205076889458 -3.29617928447803931746 2.09950969203556425668
3.49049648689755631636 2.83411002692683489101 1.01060305667199035184
-3.00520047830370362618 3.37816884560869024057 -2.46961097896690784381
-4.03906634928546637298 2.96454317187919347276 0.96031916293621932823
-3.04572356943855959699 -4.31857726731477864490 -2.57557018570022666637
-2.87272138303495205847 -2.58523732729254085427 1.48377406540157963377
-2.15204140869822424520 -2.84640337264796050576 3.79485088098431244674
-4.31898951976277789555 1.95453010346433142530 -3.62491581124669570713
-4.10018481446404159385 1.76926441896657937747 1.10115307090299285875
4.36984516661239918989 1.02603666662065329263 -2.63621167323062577381
1.30260631718916020105 0.22853117713373372055 3.27699009953153197472
-1.43720748630952277480 -2.87918353102204127580 -2.05768315604415619191
-0.88027596811432973212 -0.48549935012733680395 3.80972511991866458203
-2.04164387865186158777 2.70082101529371154669 1.76015093380176335103
2.41490499995514706910 2.45346493939796772565 -2.56143190048417679350
4.23284504466796729361 4.21395089079346529815 3.68234243193772403657
-2.20684173659972104886 -1.52585194206909280368 1.59947648195799274617
0.14140437607557210242 2.38484785774620977605 -2.50545301524729246978
3.07266555302448818310 4.26102818947718464671 -1.89036565505610232307
3.83609780333169592126 4.39037189270587813184 -1.31285513954472676801
-2.46583873895233951501 -4.00071025548905900848 1.96657634310707596370
-3.61420716811651532296 1.51912037195154869806 -2.53594648640933195693
-4.32842945834413850292 -3.58000366559860561111 -2.44314025137723511705
4.36211393189084173372 2.11359450247859470551 3.64435844259567343073
-3.91954750010397434679 0.48832708089012744068 -3.54902918072021966722
-0.78697488318428732157 4.10276386910962553856 -1.45230229946984756850
2.35760191705114596772 -0.90056853497984690193 -3.16360992320614853313
-3.64057957091123585158 1.20521148497309837921 3.49175478631304780919
-3.79400736557522222370 4.21351872911341285288 -1.86883347927255050180
2.09196675722043412549 1.20260687400414578718 -2.79853023680575940801
-1.16808964728157738122 0.34687666872670863683 1.62546726820500708754
-1.68941859322788845432 -3.10608664222948194222 -0.89472185152197702962
-3.94380442082918314384 -3.11770184944292605422 0.31193179527548142715
0.37391360905124759739 3.41821203602699341673 -2.65557176292062324663


