18
2.49678758798005873132 -0.45010089208142289863 0.40879850061793021609
-2.25510691595115009278 4.16703805257913639792 -1.02677962714254711329
4.17590775903050381856 0.65583715125266817125 -2.65093533640411571639
-0.75851050669143305072 -3.10297016486127041901 -3.93151588472235058447
2.15178606144818829193 -2.73850030619502904372 -2.16678073697360584760
-3.45910497313423048737 -0.06123949465674183301 3.73234123120405048013
1.09192595140661552477 -2.27404512112889278797 -2.42067425618317599856
-1.56214261427171585694 2.53996195064424590271 2.73155829818381068463
4.11189474333031323994 -4.44914552684674990957 -1.36478512079504810117
-1.79797877240567771651 -1.34481393795942683056 1.24962018837865596055
3.16240810716274278747 -1.77469917861378823076 -1.70082585416514309173
1.32916231456799582844 2.20674527959241739694 -1.41341658574847262031
-3.10198598585271323458 -1.61926525103517171544 1.20517535002068054695
0.03695874868854254203 3.28870039027377547569 -2.31907279959182588414
-2.77282037858077279324 -4.27171116544995577158 2.93813450508470008771
0.05914160785336353143 -3.95992235218079136061 -4.30832943447393645897
4.43969246364087144485 -1.79964236039267744260 0.20252605014984492726
-0.22020723584147194885 1.26315702679370911454 0.46513472501205388454


