98
-1.81928682814074127450 0.36861205624122383995 3.67373676906368640260
3.62965733537151269417 0.70373764413086359326 4.12407700037457569664
-1.34777762977094006658 -0.74584158615976825502 3.49419292765040001569
-1.60753920971128083650 -1.83896361697410926084 -0.25590225652453391092
2.69628408420605492068 3.93595660385876744414 -0.85723647641775180261
-3.21788495407016528205 2.36777229012613510406 -3.03105506719115291858
2.45677428553214127760 -0.09077773784444698180 3.48403189078865072048
-3.33984035155585567978 1.01421501683705539421 -0.27020016811512448385
0.56909405386257372328 -2.49716691528672773970 -3.64511120573031988101
4.02806477446471067339 0.58628757784803919861 -1.49548717385275153902
2.54418206250728307083 -1.28349989313954715442 -3.62844140194849584802
-0.08337227549417391970 -4.52434058576321707079 -2.84777786157047030358
2.12574537963520526773 0.38231198295641188878 -1.06633755233791083228
-3.47149191603105711224 3.93422352882390402584 -1.22358194635772532521
-1.18938201032906221144 -0.69760176529372630583 -0.31188888862267738489
-1.95629013812157559471 -3.57482647245411744308 -0.52152158944110915684
2.39863930289323956657 0.89462488424484565286 -0.10262276558489968892
2.37451500468594733917 1.66855331847702892389 -2.08740061447854330368
1.32275905139291971579 1.80865402960698062884 1.95554301280865772128
-0.41629422476494770677 -2.62416030661995414164 -1.23292847098187374755
-0.02832330684816231070 4.32563511854287963132 -4.38611442475560764365
0.09126876143454598633 3.10924433246469078540 -1.40184439759449741558
4.19611519973863433819 -1.99942912405616013416 1.62402146610246500558
-0.56838621240034958859 -1.84841382816294963476 -2.94332449322065237141
-4.12490601365557285618 1.92626768777812085176 -1.26575278141845881663
-3.58550812417634778839 -0.43218042343134577266 -2.41139007141800476575
-3.73261438989096872021 2.96063422147016641617 -2.22823577835351072096
-3.16434288394086804530 -4.43754716623188638636 1.27818524793520271743
-1.08206893510977675277 3.67095310184346512727 4.39375027370435855545
3.95974747960579076533 3.46763843113132974594 -2.54248556244021495232
2.14525911314323192158 -1.34448338061652616915 3.18366029790580373771
2.71635398246657722154 -1.99660404434939131590 2.04499858249963128998
1.31531143384509530136 3.51998640572992638198 -4.07923873184623708710
2.30044660436110959267 0.28827479906924668995 4.53618461864644029191
-1.16109112899848865297 -0.69025588113488645092 0.74530152130757443274
-2.97040611933752263241 2.83981859758439902919 -4.14493868122002595555
1.83632311793379265907 3.65802486615889943522 1.08006069375132085497
0.89934628858722387434 -0.13117700261974540865 -4.03091214587995327889
3.86368169887221579728 1.68118883856473200211 -0.40901002552223708619
1.44209456766687704743 2.88562654920651606716 -2.85399106645850597630
3.88883444131594746551 4.52750032623925502406 -0.11566373421567810453
3.25408857419584851556 -3.82810379521096688649 -0.78803622265739825536
3.96927467833916747253 1.62554110184994282662 -1.71488609452510321063
3.11508868550788431406 0.83973361137072277671 -1.03750503058119569744
2.19381077829819481906 1.58353944289034576087 -3.62088031007506438996
2.38488686202088739918 -2.74667112039903704712 2.91001111757195207730
1.20380711459062705870 -2.96130287244857415274 2.89109617018067055483
-4.52511713114910474332 4.36920731390494498925 -1.28261752057396627436
-2.99345511926337159991 4.09031372498800305237 2.36526757035543955254
1.68957555075052479054 -1.86308362183378228849 -2.73298604296273550673
0.33994264761072567893 2.62408213480215213309 4.48008877743430478091
-2.45227754579463708140 -1.73631038143839777632 -1.69775931205474606145
4.43078784648510026756 0.29923469999913887563 0.46157631877942773002
2.95372540165960284497 0.74367679693176924616 -2.12311662002405121541
-3.11150177365138791430 -4.20935337156284639093 -0.64126136607471240225
-2.22142058880082515770 -3.63042164761585173238 4.44100146816806873318
-1.09933346467331283236 0.07770125674533545634 1.87375672124946568431
-2.03075635613947680369 3.37443115342573296545 2.73927788741979227893
3.27370535549077867898 1.80991534073292381635 -3.22103921894946720883
2.94222386817784720137 -3.27645887367704435889 2.04381050265838748459
4.03290124134310712378 -0.93743630704273694931 0.72303244053618964671
4.07048739667637615725 0.73399114836801171435 -2.65590384650873456707
4.35080652430231840100 1.24074557348009317792 1.63754851886887742296
2.61270077356075880459 2.75073357389127970407 -2.75421903794444977720
1.20064318493156196865 -2.82387176208384449438 3.93736286395811863059
3.07423806501946117464 1.38078700759281947086 0.58737096210629591297
-2.32331659065634799077 -3.77882232559886910295 0.51220381470281850511
-4.26351319366313319392 -3.85550641295302121137 -0.83199621955845248777
-0.55547275809100771227 1.52224002406182368219 -3.19382539047827940237
-2.06211433145788847199 -0.94546861581113184059 1.78828214442211663737
3.26540449313462932679 0.98013969923973842668 -3.94073088098683799174
-4.28113323846098214887 1.60189724377133213551 -2.33953282006614138311
-3.95536487221071064724 0.22905644814164283218 -1.07864730574699674293
-2.50749289258171703665 -0.30174132145378163017 3.15249954017933653461
-4.00595610544192659574 3.03689932105591697820 -0.89166724983493672596
3.67670022154444620099 -0.41399859284852702501 -0.92182463285473659198
-3.32082382481782145689 1.10534767243734766140 -1.70729378811576815167
-1.20064674847551078329 -4.36152433224433266901 -2.61219022560793812104
-4.16437426413477407294 2.21759212313486830936 -0.09312393884735037375
3.48169552788812008970 0.36611889132981101369 2.23314322765398909354
-1.26634335079280901937 2.00936051972204499094 1.15193955517538082489
2.16778814885231252418 0.00345530268157911991 1.46119844112410834924
1.82615048705254245931 1.30756634408883343212 -1.11609119665375100539
2.07300734939544639701 2.48796959033165077102 -1.00956468659243236985
-4.17941765639740214766 -2.89282161499025392004 2.55952691786879693581
0.45624218570631036584 -0.94632991718007097859 -4.32022684501177067773
0.04526129138501211457 1.95740379511512774258 2.31812184009475608093
-1.13659352095575849617 -2.58717218890573175116 2.68549041873128668811
-3.74537775301539088701 1.59206279191291777408 3.48054166592174585304
3.06470198679460636981 -0.60953223930907052264 1.27144566638146905291
0.52419881379717736536 1.60624190805096755952 3.26482740157616735388
0.42372471649245913028 0.20779076444212929431 3.87243997653095473055
2.91132516247467343362 -4.50927354020628268216 3.26164280853661825432
0.92061258424365899344 1.13927398863233531046 0.13014881203453398939
0.34063787095037856290 3.20737889344274496040 -2.52252788116436654775
-0.38225346990522890422 -3.52767516224631672017 -3.60225002716701192540
1.88498378037921376915 2.67412920802758780070 1.70549682953437020672
0.85413401614098738435 -3.12567342511858736742 0.39752009355628992182


