403
4.41501879436234201393 -4.30122374333701706917 -3.78780510586750773783
3.45133390408523599291 2.31716339239634105951 1.46053014535137837271
-2.57162349831691949831 0.90018503327269705494 -0.56779100862811171524
-2.69107709137641881725 2.22113685521280057600 -1.64647520502058819503
1.32189102831440674635 -0.62377950182827301973 -1.45076482085026636781
-2.60082563421526558045 -3.45719240995205545630 3.36029618506701233116
1.24139025211165865414 -4.33446785271499734904 -2.64059411098765517423
2.89506146043241940902 1.11618174125098157390 -1.75740928569859011787
-2.61555450398813604806 -1.31567873168672555551 -2.27474378838652757651
-1.85632976281280459574 0.60338179324646290524 -4.16775886017659047411
1.56132445946390863156 -2.41717380743511611740 -2.77967946812731581119
3.66669513539909974753 0.24217581405387011984 2.52755467929819044315
-0.38022522359759136634 -4.49338960093073769286 2.53345846124745843753
-2.84854879217109280276 3.10874976110437906129 -0.48401893850184762869
-4.52978543461432447970 -1.14280010273575705071 -3.73981989627648037100
-3.93377908056950920113 -3.85620156792189350270 0.44663326998466423845
2.62917824162142732547 0.81489306163892560875 1.88242821978540408878
2.88501244638484344307 -4.28267932799861572590 -3.72018966173655529772
-0.78767787018666224341 4.50855359854831494459 -2.60567988074614920180
1.18055934229375569799 2.85171822805393482270 4.13221190295876272813
-2.42969878715813303316 3.68076931660152961712 3.97189966741111799564
-2.62557140036254210713 -3.55160518646403833287 -3.04703077185318660369
-2.58169240720987991367 1.89187515652167359548 0.14972943934383842191
3.20157300616729667553 0.07307988682350963217 -3.97476971560247038795
0.27479563747119151174 -1.37415985376120763917 4.28085457749030506847
-0.91258400367709668899 -3.89114177257859905623 1.60406708107017781373
4.22483827204358330931 -1.58589656752178864707 -0.26352772675124747082
-4.53372223001270580056 3.53024285223511125054 -4.48887959295041216734
-3.89051988471399301517 -2.63875605554924774765 2.58924967743039413648
-3.70480337005248383520 -4.24552886530331807791 1.63808008527076420791
1.90227895667819968395 -4.13533133089175830577 3.01953828790770639756
-3.41629971664918086205 -1.65156732616777901512 -0.03253629483728737171
-1.12278806305214562400 -4.01937027544713121330 -3.47615883541982872984
2.47866500907509834661 2.37816984707292178314 -3.37973703746209563903
-0.99769825519961097271 2.67494350190420604463 0.30289237604011631788
-1.86966282670307171188 -2.50554339188943764327 0.51389140356625695460
-1.61922529933146064351 -0.81163134923707325186 0.24379421728821260018
-3.97094957681593863086 1.57950911747747113623 0.38602315385570395989
1.30261268264149610019 -1.66902257292833189339 -1.41257658969073141009
3.80549523107344089823 3.93184724533323848306 -3.09199226749090660959
-0.31804876724136654786 2.54280408602451846178 -1.26909785678482034399
-0.98291883315048522718 -0.88096792895434550275 -0.79556163461632856126
3.02480205400762347523 -3.16802440261021978074 0.43312195768566752463
2.28973274967868434260 0.51008800236301432562 3.61785882834247285444
4.23257174797219715146 1.92726036424038049688 -3.86455606117791505838
-0.42621220814317428704 -2.79261642479140492767 -3.78131298262920045872
-2.02573932095244124696 1.58251186880722638506 -3.48764962481697038399
1.14879333715588494158 -1.83805655877988094460 0.86713045031093827220
2.37537581182698787075 -1.50272191236041452456 -2.04027152827143432035
3.73488803601314511837 -1.21218541146979319478 4.37117309312226698381
-1.27680095166328788636 -4.33531359532841076287 -0.63920927090641832535
-0.56152382373892262279 1.27055245494059487754 -0.72785498540481974317
0.91710761041378585645 3.32056876874891404583 -0.89630975333129558891
-2.93831260316018916257 0.54403135970923433007 -3.71533583335290185090
-1.23625911533607624193 1.98516099960045977468 3.27865784040517205256
1.57465090478072777813 -3.76457279761215302116 -1.42115950702507465309
2.68537888461106444282 4.04111159939170772049 -1.35535955820712361586
-2.44590136754724163382 0.68165393933417028904 1.70157079527166921196
-1.62477879578643324976 4.40082078556307987327 2.71221391837898462285
-4.04609060358938688040 -3.16554187640148754213 1.40913124732690686614
0.90002936238892594645 1.08858978806576800480 -1.16996947521258487512
-2.86764458597803706397 -4.21355762736692263104 4.02406793429609432877
0.95655947756783987757 0.50881848948359831297 -3.24561354213460662166
-1.12178647395955621846 -2.83844128182757904355 1.43078149665523746137
-4.51061497765704277896 -0.16384331352710024277 4.44171065661015074255
1.80326221340195491649 -2.87150903963018633291 2.65146257027694876029
-1.80071378732557807467 -3.71653391956604961521 2.39691258582147259659
-0.38188333563086462874 3.57217140617539907765 2.75203914079701039697
-2.68080758235971039483 -2.49623994198076193385 -2.11862025970107259454
0.31003773454999095094 4.45014969011256855680 -3.13564331970707632635
-2.61533487225506089402 -4.47036149542137994928 3.01322159162438030222
1.94491495701239269778 3.46445010763365157658 -4.26932836914153135410
0.20975830003124418255 1.02400114495753147281 1.86781072546210058505
-3.53701979403189881168 -2.64957058919777876937 0.05176986811253048160
-2.95844812893745157112 1.41376013182148874137 2.63288359047538822466
0.12068620844313393548 2.20141379814670568038 -0.13942993020251570613
3.87454313574189068703 0.55577779201841970291 -1.31368651675210479368
0.08034597994377801200 -2.36776832830429961874 2.24003164014803957116
2.04625256487562534602 2.30611544044841387802 -2.07142538556173505526
-0.31810825339050197158 -3.06119356195216241190 -2.18434274475224521339
2.88509389264431614919 3.31325730724298228580 -3.00632030899336655239
-4.17621458639546094815 2.65410027798107694963 -3.15885964777942751525
0.13783028631209059967 1.20657717055454316579 -3.43995835763182311595
-3.63759576730145406387 3.05646444123082972055 0.38593465879484778469
3.22311030473553028486 2.66435973994508934481 0.45031637402271762483
-4.14558888221071164537 -1.99338288249630268822 0.74777852109257203495
2.58477481223799010479 -0.21672845786597516593 2.40683321480331979814
-3.28583770603086833262 -1.69398005155110542574 4.41613511720829787777
-3.70463611500523892772 3.60095782764291794109 -2.59378962146513636355
4.44229788207455822402 -2.22726160906988202015 1.60610679426521674174
0.94999117556487533420 1.83185944242614162647 0.47348934517656360299
-3.91890913199136692313 -1.59612876132943393159 3.30271128255693913189
0.98101299890998561182 0.32057101944555466133 -1.80104129890605602071
3.18548560348659126618 -0.65357236925753525725 3.63116139877438026673
-3.13919013423663884055 -3.21368032628568922604 1.00264872196502530244
-1.40262008831242601659 -0.24488309041242750652 -3.31056425476523541462
4.12740666986250293036 3.52399582557148161044 -2.10401077509394918152
2.08168087982139926595 4.43375948197435842957 -2.14711610788971629660
0.95868949464082575673 -3.08825677675525556154 0.63077355457336903299
2.00773335154272292158 -3.22200544005085687260 -3.78455088441146036971
2.86025235687997270162 -1.62978006503391892323 1.88119030750764171245
1.17694048393220906945 4.03835955057244699873 4.15491282263107830630
0.46434740903293558745 -4.48021839355412598849 -4.53097497144822991544
3.12675502030208996018 1.31649384219762843884 -3.63481813300035128123
2.06377985654132523052 1.36908896371433730366 1.04417765362602832369
1.42234535389497462887 -4.46548479796520592089 -3.83634178488205845881
-0.45036358653699792853 3.45745642551394549713 -1.77131409318474464243
2.41019464745269385020 4.06783122484765424787 4.11703145182966689930
3.11539803580560903384 -0.90872249440708197099 -0.21174054626862393036
1.75175383774596138409 3.52580366946285916896 3.31257012915976556400
-1.63941459335380113060 -1.52738336392376794493 -3.34651289061143897285
-0.35936168605550733446 1.73082062579061979335 0.79502495234752146303
-2.00569905919735580468 3.10389495133758241963 -2.18791078851935649752
-1.06161371784078539804 -0.44445357274802432812 3.77447462059744598406
0.11932103799371418518 0.20187463803594773992 -1.17375107287868996053
2.21224907221243061173 -2.74393195452946025981 3.74610844150156463428
3.07635612146767378761 -0.67947402660649869333 -1.33431571292117823191
-1.45964454378179420146 2.03616878468498541110 -1.38487441440324854369
0.70552985766834730441 -3.91022453340539177802 1.39202791622142907357
-3.34349529595613326194 -0.53910365268024218466 -3.08064008980845516206
-1.93970112304095287925 4.27889715044355423146 -4.41632004589554050256
-1.50665822930505255428 3.32257559124626755676 4.21160192408612044090
2.51734557540602654768 2.02309727894287494365 0.21342661925977601811
3.49480406328012005446 -0.14051567762534755701 0.57816544433985850304
0.53990603826548966282 2.83414955100212040406 -1.75165469127130180027
0.20674499042166605278 -3.64897074718543867888 -3.68546513353096116816
-3.43889004654583230192 2.98655056753094427791 -4.28224609476441919753
-3.57084035955986500710 2.22872776560849938932 3.33840707980259665533
-0.39264931690515680884 -4.19179398706771522143 3.71519069150358571818
-2.81588271344111884531 4.39891454071944476567 -1.31901353908288543337
-3.69178584207956284047 1.41983075849317597061 4.01576336708913306239
-2.28841258740235353741 1.74267810502614395318 3.42697374051590397670
-0.28098660451640977698 -1.53566578897252892233 1.28743513910666873556
-0.54047457403036158752 -2.61217742515571504924 0.57423746572146949774
2.94586613905455241280 2.20418569093722105379 -0.79222428909573627820
-1.83425160488407357207 -0.22332674512142691725 -2.34362284146085420034
-0.19469625931687151166 1.50120118745221198253 3.19372770582431808606
-2.24858934375691799090 -1.80890769229118664185 -0.39650491811452592827
-4.46093367828227904681 -0.88984838656408538071 0.50515994465477298547
4.51677070104613687107 4.04966924815026541040 1.81574927107033445850
4.34925538187387150657 -2.29965775024774155000 -1.08054118491461803586
-1.08221141211996885190 3.06962259367182088710 -2.59677693106834617254
2.58049333889584442403 3.23213470433276217619 2.35287810174322853385
-3.44801628722435404839 0.12007539499576047604 -0.50033340095282152760
0.41256053550544979913 -1.53218684780693870096 -2.29879505074592671576
-0.23386814321488902380 3.53697255823684830744 4.09882833316556816072
-1.02000911599497268156 0.22030732706787770070 0.13917824952065682709
-1.46409590720047999568 -1.08386485617022776395 3.07395443931182210662
-3.85318702988197703263 -0.83378669825396789506 -0.62272636963712502123
-2.61177726926933306828 -2.84148333672093178492 -1.00466853069178752023
4.28380294987920340333 -3.30263311874317100347 -4.35190789888765916515
0.97783171926490020098 0.30398241310560880635 3.95757833855256091482
1.69583926285480135476 -1.17352785089009481467 0.38825211069787091134
0.82988160575017833054 3.04680440651693995591 0.12069509504796460675
-1.68859879902052689715 4.42101716392575116998 1.58488973960899315330
-0.63263359848579758804 3.38745866104852222378 -0.57330770907546746429
2.93172237357284881654 2.57425559841960360785 -4.32203575291760699884
-0.46839281947757704927 -1.90341770011024991049 -1.80011627709519661522
-2.07748068834375843039 2.80075044465126232751 0.11221952617008845721
1.61216431381122848876 0.34382224082192891501 1.56045373283694477351
-0.02364002987735691619 0.84429985423689313251 -2.52841290689364184274
-0.51323828284523909105 2.26659045949156112698 4.38113600658974089441
-4.05119658182773978439 0.49822832026708407938 2.56378194343317300508
1.80486283177429296387 -4.22902235738187481928 0.61925377495335709455
-3.11443775230819364097 -0.20657907181619084014 4.16458618273608660587
-2.32256436308590963336 0.16655394046105254091 0.74613765068506499034
-2.83363277565263249613 0.27850370528598755726 -1.57452036331951727988
1.11247082487635129411 -2.10208783906318474877 -3.83059448257984547226
-2.64500029357051635870 3.52786814049637431623 2.95650940385533100851
-2.69511600792125260995 3.48903262175159323277 -2.87328816450233670565
2.85143954202136651332 -1.49552698308953857520 0.59891978758656616577
-1.64540474865576769048 3.21551313514985892539 -3.87505795018925880413
-0.49665479327794415099 2.31105852378892873134 2.56161693209312435471
3.56916354570641036759 -2.50033745567183940395 -0.19578663199767376568
-1.37616369278765526829 -3.32116312507034683321 -0.84289891091199287132
-2.88363709708182947011 -2.39555203020760298926 3.07167582398392635668
0.08271144898769566822 0.75438992944642890848 4.32326083765586144381
3.33934896522912882944 -1.76361365182445606337 -0.84823501273589174687
-3.45591765168321618518 3.90791592272510523998 2.11287284552030296680
-3.02239182842628251180 -1.53873769411920946482 -1.17652293426090981399
-2.12499611087106865526 -3.69139860060762003968 -2.20691835111720102702
-0.33897063159110718544 0.17998741732824008466 1.32307120269075628727
-2.52116467276619049542 2.64482871589105617005 -4.49025799268851422141
-4.41170157250723260489 -2.20014447584988781514 -4.33745403195692436071
-3.37292217355126711098 2.68486576749911964868 -2.49022727043348046649
-4.21095645407655538861 3.88397090603627948013 -3.49871349502778272722
1.07030821639848117144 1.66739803010039366882 3.11626332354842272565
2.14937483597667355895 -1.03319149620422834346 1.39134031114150502617
-3.76809377954180302339 1.66655536047382835108 -1.82365938356231493955
0.41895803488423766225 1.06045637877933796034 0.29971169621156956708
4.18399238758035263430 3.63572299443546409492 0.12904905987363424202
-0.93403206165876184741 4.33992666846465002806 4.52728648718243231741
1.78969627682918375200 -2.79188651906587725904 -1.66880031484797486385
2.02303121292129972630 0.91100089941838646723 0.03991211422885143634
1.98512594272943410090 -0.97047937657949923107 -0.78873928946123239569
0.92956071890228475496 -1.71670653257725147611 -0.13657273566800931519
-2.07243195215298658951 4.06350675277021178289 0.42906695499278235673
1.25744962057202247507 -0.84038456254763049813 3.13951328384358419044
0.60301932868757823769 1.76473514433910683152 4.37399596054920802857
2.33856120332047101584 0.08776314528281581318 -2.28951747175896924702
-0.89299652836698850678 -3.94217997668981423587 -1.57477360213449824045
2.85247290921964857802 -3.71043793315114056597 1.66111383361702458217
3.25055164344973945845 -3.56536535484260763695 4.51354910852657464915
2.05779610601047036056 -3.41130578716954202534 -0.09992688978909836095
3.82717637613978300948 -3.84225859230448740789 1.21859941906506819009
-0.89869498893642241200 1.37113460468012693383 2.18659186065778587960
-3.70245586016823180486 0.39387565272137869954 1.35081986674833842699
-1.08496850558613999738 1.81428211386928772697 -2.89155459415455595718
-3.58252769136974302810 -2.15356002934870804921 -2.99384851093386483711
0.93480919881621904466 -3.37188895311419312151 -2.11889561621522126700
-1.22816658869020045586 0.68365802635176109447 -2.60996039723487571749
1.89329804253237821143 1.09557773664643942624 -1.14938344372249279246
2.61404192929629530795 -2.39285793215413011836 -3.59649833196605683838
0.56484276155854384882 3.28963744411649461341 -2.67530040597771723299
3.27566393259495036716 -3.91084761720875251356 -1.56347474897713212272
4.12070877969663040830 -0.95802152104392579446 2.43076722912199372217
-0.21115659810963904874 -1.98598915667502673443 3.56109454299606387195
0.27951908907779809965 -0.50260651451016347124 -2.02229718394625423983
-1.69329439852047691772 4.32064392277375031171 -2.83510476340434625087
1.47968396508594945971 -0.20164502181118670876 -3.99126305924760771404
-2.41361642000296416910 -0.73944278220977910365 -3.59758667588554725825
-2.99483186611205720595 2.30744819955697000324 1.38715399186414156674
-1.29622180946754683717 1.85401793150102900398 -0.37859694887467210123
-1.62447095900703697424 0.35468283895775254422 -1.17894858305342564719
2.35008228312648093095 -4.04334483545000722415 4.09923861966080860242
-3.40072587933069181432 1.58907711728373168825 -3.00935953764882890837
-0.91602189551678314672 3.04200202888312620786 1.51582323086873405060
0.01143525947866841364 -0.33818320037810689627 3.24270313633879414539
1.32317638338149023980 -4.04798964596059462906 4.00339197661977319598
3.21688972334407008447 4.20886108440256823116 -2.29018521532616281533
4.42116491176243808781 -2.02590095548677506798 -2.57340878722904786713
1.11471504260564113764 -0.17653973073071238531 0.57125237089854152828
-0.71045783517198612955 -0.05761619599261180724 2.43337560974399469416
2.96889019421124178422 -2.42198630349541499385 4.37195018235216092961
-4.04942928896319376264 0.45888858924151332275 -1.31020315295719136373
-2.82370650690587021714 1.43242624386466754771 4.43672382160770251147
-3.53718305762549967142 -3.69230598467785275929 2.92083931791039841386
1.82593063471417504928 -2.40315023529678883918 -0.60914800533996071863
3.87673314561640669496 2.91640549077273281142 -3.61340421087804797295
0.69979033208211482986 -0.23306936425256719048 2.43037760608378938798
0.50345405347410743246 4.10683317526926838781 3.07087651670335493037
-0.26853553048038580897 4.26298992979859203700 -1.12632002146475596049
-3.51600451916640777128 -1.14437710497243738672 1.10481134206773479178
-0.69606805725116238648 0.08848634235044983143 -2.15786087114627278538
3.42940443360182634081 2.23788769761520622836 -2.92432967904735718889
3.55120862297610084823 -2.87049360363583039302 1.30686081086237937399
4.02313634530742536555 -1.45806098522311611276 -1.74428813379844616094
-1.12045041081562590790 -1.04548797015124517173 -2.01849998947626341206
0.66070700987111230518 -3.19471187847607662746 3.19249731706486006289
2.26887455048241282185 2.90629732074232105532 4.00782167230960961746
-4.36654474423299188146 0.18461464789057391300 0.40567369907602657264
4.19418707758007425213 -3.26995118620019065148 -0.00097706632879557276
-2.72528496850085799608 -4.50022676584880798600 1.42149990401000447804
3.80078232373475355388 -0.47736228427934523921 -2.08764888661494607547
1.01510805682946259054 -1.58713383336844637839 2.48673638003148500530
3.31151887277369105789 0.32786974816330438642 -2.73105156645056146303
1.15127109422808171502 2.25870500878426572200 -1.26777844883347290406
-0.80707663012697983262 -3.05673414473178972628 2.57756972047079901955
-2.21168388144721417277 -2.84255829865564280112 1.87378994678926513728
-0.93404212025854604917 1.12129048165135536408 -3.75284990355613068402
-3.63011614371113955357 -3.29185649692080195550 -2.53413468100428662666
-2.73381877413374407837 -3.56515919876765030594 -0.11996131504547413726
1.45256319175558790135 -1.45148772297677552956 -2.46031954202285074729
-3.96381966253135109568 0.19357932072583139416 -2.24894995242786066569
2.45458288854462036710 -0.32025838761249936226 0.59102107134753278928
-3.94858063040939555322 4.42113299150537120141 -1.84313258806152191482
3.71547926763107572157 3.43665412158269223397 2.24470217063335297780
0.81724632662364271596 -3.10974794329288206640 -0.69435861498075990283
4.27196513632979790742 -0.48701169169533375936 1.38364663681338662116
-3.36180772599449717575 -2.70644062436254539961 -4.21176870354345034286
0.33017630676000919721 0.61538030596218096235 2.91213723266160418035
-3.71034661410719390773 2.04930912547507215749 -4.01517095982227179007
-2.73462730602455073026 -0.66844988858202691873 -0.94195911992976899541
-1.37123047954607990562 0.63002683540431192455 1.22226565600595815653
3.05790261039136179733 -0.28217543466273475872 1.46163215198340612488
-1.31233157090837027070 -2.14937870111891848879 -2.59978229215852607581
-2.64807881012609058757 0.49016577549934670088 3.33822659446445779707
3.71081873244038451531 1.08877619225853727869 -0.41507864829434382159
-1.05990704075557840014 4.00278133287891879633 3.52544348795005912933
-4.24649301895893049874 -4.24258851795634139847 3.84869906559052221695
0.25294374991957901955 -3.22594043407040897975 4.18348538893471566524
3.24592043367054383651 2.86213798993421875139 3.00164627722936838694
3.16788891993868571006 2.12302758406215197340 3.79626579240512729285
3.68486455319210381987 -4.48267575789154371080 4.15439286858447420769
3.36402597151105187123 0.33232699423150791063 4.07471523642518906883
1.08913119277867576074 -0.56452481461031700505 -2.98333113760302648387
-1.31785311584486874992 -3.05927491495531844734 -1.98847028105762024808
1.24647119932326067016 4.13443510003550596110 1.68587918454149043868
-2.23278796563123638208 -2.75482578586690030065 -4.02969066361303429602
3.07548452024240503988 0.26866399513670558008 -0.47431995848340857691
-1.91913327825304591556 3.21754403152671297761 1.38617746642636507914
2.05428984197372788145 2.70856103181490581733 -0.37827524348969276957
-2.80278723141992758272 -2.12868532549445221846 0.86873228643383093583
-1.28441787604782131638 -1.85187588394796165403 2.37695460427114024782
3.60237553617132366668 3.13636792852799128895 3.86427256429260967963
-1.28388769270287372848 -3.82826083240950776343 3.48882134162311974279
4.46289828531517418497 -4.50452677264698486681 -0.13359148771527618038
-3.76712427107349023814 1.68386437583336512347 1.93897104542854403775
-3.70107141895661229114 -2.26836602743174919894 -1.29598271008025411888
2.94482065818561444814 1.37866610683923251912 4.44827243833180130395
0.46885525767043834122 -0.24367314130909534242 -4.29650236135298868589
-1.07079210617770659297 1.19988943159811078942 4.21848050987903544495
-3.42931151175677806364 1.99981611633895983715 -0.46956646703743576410
3.91648503369222833470 -1.66075900907877738177 0.96700681685566713952
2.35413411716212817026 -1.34650908998563334507 3.47109660716895529475
2.21376903982399753090 1.79405855248581236339 3.76784788819983429420
1.61523869527483920905 1.30765204554434522066 -2.17645316182103876201
3.70702979501205565072 -3.52154489865447350994 -3.49809737370927198441
-0.23274386451396011921 -1.16414032671110678763 2.43658129714717297531
-2.81552084471541785859 4.18887179678142285155 -3.64891153165939785552
-2.78968875515466496751 -0.80961418082482028424 3.30974462502393773633
-0.76617616016495526665 1.43241058343773275396 -1.97470825563050933482
2.88792237940251350636 -3.00207559742268603742 2.38978676526030042737
0.75196826363599633680 4.09327453935481866409 -1.82951838711382652747
3.93373541048924746377 -2.85247077199556331450 2.76302993454424505870
-2.60037438475884075118 -2.61117071629064634308 4.09377927389984019868
-0.31135939768915665837 0.18416632928373388722 -3.39684623078469227764
2.25296966940870735385 1.38208971750120124256 -3.11684052845134207388
3.09428309433831216779 2.66963433400517846650 -1.89073033755399544376
0.28051466683733394802 2.29606481752627811233 1.65602554325577600025
0.19755224759102851806 0.03615621965424153927 0.15296753986769662248
0.35211974701970483181 2.80948110489386682076 2.76598044390177744134
3.97139760911974715185 -0.45175910369315630533 -0.65533768429007821510
4.21538332380355296181 2.33731550920860797760 2.44947420627309231378
-3.25328439213708886513 -3.79477568732587267064 -4.07441005443183357215
1.02649206440391527195 3.44514432359199940237 -3.77280411089757139464
2.24029349330743254853 0.60195802565816070029 -3.85789705286650175253
-0.88927093466872797478 -1.08729786722225663098 -4.02557046103814020199
0.19342857728097850867 -2.66904724688343897299 1.29002961412340866332
0.65870599980295185816 -0.81767255360566881706 -0.47007988027885705407
1.41626019796273627804 -1.85724022038688119096 3.82321335203168910510
0.35239826097059534504 -2.70633355918196150114 -3.02577400662940743103
1.08269856466829406116 0.09177724187682212431 -0.50153745037786467975
2.97229918504827583803 -4.35086975316518920209 0.62575395561768765162
2.05819642467848762379 2.32746456220540576254 1.55594487087023747307
4.12454541253880702101 0.51754793224036355070 1.61621209380749686346
-3.41143490755521794355 -0.48647392579888748543 0.35670954005608201953
-0.08952499118371282094 2.85595624804265391106 0.82910853419244023854
-0.95000884314120703777 2.18021662636570390248 -3.80824180440150961147
-4.49531542242470916193 1.65830799495468994564 -0.85356334049903148653
4.33507258055553190701 1.10779050512595667044 -4.52107746346119387937
0.30073157667103789237 -1.84254110970242779288 -1.04428176937068117880
-3.52638295378251598322 -3.07541361411140234949 3.74294404924462131845
1.67634918731081405951 0.36008818996977431937 2.80823299230242096058
-1.85102664447407239123 -3.67064511214276212314 -4.53427137386045764345
2.21944753629867008726 2.17144606941519224819 2.66847687881152140221
-4.07733186981898665380 4.42912228652060857570 2.71443689064992899063
-2.37527168307993985508 2.39323176456702935155 2.59969272935285999893
2.18327560558313393813 0.03642483623603709475 -1.14972143767846812779
-4.37610228544890667024 -0.55130493606889219294 -1.46211033169878312776
-3.08897204747238429690 0.00974712595587590158 2.49201081596836537813
3.41172959246758367158 4.40389969093505140307 2.87727177740899886516
-0.39541041974569246520 -1.01409009909292624485 0.20723414255237582182
-4.04581041254054607492 2.90222840629903711118 2.01920484802505573185
1.39306506321056833286 1.00598141354244230428 4.40472574389828519514
-4.45699488228771389942 3.75203546280927735523 3.57591651257151621479
3.07856051779591677331 1.52689587288442574220 2.48558662998970181235
-0.79022212110343836855 -2.38209016776487203515 -0.83322230331019131455
4.51633328477453677152 -0.32010812068143934539 3.26701187529538117360
3.29833395858808575696 -3.41115496893838976433 3.50084515466451318133
-1.89861246854327703204 -2.08995258501805647455 -1.32494315305757037748
3.74822873942157297478 3.15942338005736189643 -1.04925152134278443228
4.46694786187310644010 2.45265536932107064416 -2.08375099030503108111
0.62436498626075653817 1.77650605514405945939 -1.99986773005764151279
-3.46151977489501527785 4.03606849465618733319 3.30378536350068952032
-2.80704575029609637582 3.48065045812362239275 0.94242009083661582025
-1.67913420403056701247 -3.60838787407669858709 0.15795206512621717820
-1.86010436461594252933 -0.40197803851403168807 1.42709114943998738312
-1.88503259036084269695 1.45834834399968205076 2.45622913455244784586
2.89980802852684416138 -3.05021822763244854215 -0.87793310987213812879
-2.79895233880858196329 2.52241298130529045807 -3.47661749379394535708
-4.15613325895138174815 -2.93310610217840173064 -3.38167218999371277377
2.07573383604734029717 -1.06010956527356192680 2.51526803174418933651
-1.20344883958339554653 -1.79454738781325007224 -0.08051672664046360950
3.96066517805786144635 -2.88429009929353652453 -2.20968917950735610489
-3.72289850597649296660 4.28187680967021133682 -4.44222228376788574877
0.22592881002180043026 3.72508352924884267310 1.47787694629916099842
-3.74894636716562468237 -0.94433516943733764037 2.22204818469360620981
3.25941348635536254363 -1.85172578172589252787 -2.77923082105301100242
-0.13073657847670983045 2.34670059652364404457 -2.61484581862537446284
2.05189716632393448492 -2.31770882703947922465 1.35300868646721728084
1.55334120827514521324 3.42738925698155671995 -1.80815804262570800631
-2.32048204105971356270 0.63347754412027690307 -2.65376902712417850339
-2.58537908913004743638 -1.14162549479678565589 0.40747659288736670646
0.58128723763615131048 -0.94049171763825167858 1.64270874857020210413
-3.52070055867965603369 -4.34332865672428969361 -3.16511675590346319709
1.51834760610787622426 1.53120090115708418210 2.07793584180384005577
-1.34031194991280555584 -1.79776539541068691719 1.31905434188390202621
-3.67020753621250994669 -1.16117606439402498708 -1.93896842396042234924
-1.42009218814473658909 2.30166093275948657748 2.12500504956972680048
2.96852646025076705172 -3.04461093104594349157 -2.53824196068654828196
4.32167043917840576484 0.74989981872541910946 3.63648207151365365775
3.09539684659000613465 1.16534170186764907129 0.72106845402872998818
-1.58079131462165367594 1.87639704384478722687 0.93549653955321421250
4.26393013005955534567 -3.88108227276302741870 2.98287297627396252864
-1.69814017523384563901 -1.84243947551632025750 4.45015996856608442300
-1.74963591339342805497 0.90832728275681606789 0.27175826803210423321
-3.95189130315813041960 -3.66293142474015098742 -0.73950995028828314659
3.13762793347764468166 3.64376979923507438031 -4.20202366895882661879
-2.79292011851688481983 -4.52278129147973029234 -2.50275980580600476699
-3.04044645648629607848 0.84279910952746650565 0.33131294008867850920
-3.85554436418483836846 4.07677282851822031517 0.76159397939452500026
0.72078145876060961683 -2.38170482534856065016 -1.93737050449992986856


