422
-1.45384954615379768939 0.14552693982216702295 -1.92718317496226321239
-3.58150610980373995673 0.65759709628576956675 0.26616005307467194285
-0.13136232586055118787 -2.85055030920975749353 2.81733817325387914110
4.45073212657896899458 -0.42549841546504474366 -1.31950962772056268335
-1.67679344989739620431 -0.43653749129495711401 0.60389040525610937493
-3.19107456206366224549 2.66266871887729461577 0.18776051347386868429
2.85722308441246131139 4.41190796098627568966 -3.52456947759151706379
-1.71165450765729731941 -3.62120740899778992272 3.35669723340279180235
0.34510065786815946609 2.09683367253887364967 -0.60909100867660415091
-0.33991413220033273035 -4.11872436422742715934 3.22998971159292569411
-2.07449278135321435457 2.87200008978282550487 -2.32129567109165124705
1.96532632175335209013 4.20998253502478991805 -3.09706352687782748845
2.94742182792699747296 -0.41559515440721384039 3.47752212350959677423
2.53854506568988913529 -0.77453195429107468684 -2.32567001495555247814
3.71633690023091478594 -2.84648465329134614521 -3.39165400748828815836
-1.25366990627263241720 3.19408133547512740336 -3.28339377528617637481
4.07873642810239456225 2.76856906313845474443 -3.95897467402654035240
3.06996709358114028277 -0.62394298140616033521 -3.89338350270014066368
1.38172779193544936760 3.75565573386421913682 3.26506802617102653841
0.93376861608399064352 -2.63144200213196866045 1.99134774473418030283
4.45135768782884166939 2.79747721246495828495 0.74323930426547502037
0.55740088914216379123 -3.79901879426155986152 1.51496353599702171522
-2.18491567921920726292 0.94368454455631933797 -0.49147508597456557311
1.45611916935709206911 -4.01635813329367241664 -2.35143311916419017749
1.42992689849117837753 -2.08886044966847794768 -0.33297352985134320846
3.39746050091230689105 4.52579728564850380934 4.26850223700010911188
2.08055871986343010605 -3.90467445350585196095 -0.76246180279087250042
-0.93803957686256556059 4.34248461591146206473 -0.81879761690320096434
-3.00304459402683754377 -2.25505513791077349950 -1.70881251269650125124
-0.99689004918820733891 -3.68462455065976257629 0.04642044220565821888
-3.21341560678774307291 3.26082452881723927618 3.97206859606500284343
1.65217764861341631644 4.20699255595642451766 -4.24717659353441767678
-1.08545119252106747609 2.70859343877617408936 -0.47150820748219146594
-0.07437486491327760518 2.60843360190437856261 0.96941500976186478766
-3.46710277102266273275 -3.29708891018234551140 2.01333570085577395758
2.31174337662533346816 3.57294771132248190071 0.64403396673873380962
-0.67086461922424067694 1.78903400425283010122 4.43936523846042785379
-0.57756035079635159590 -4.05315348446946099870 1.82262320294082069694
1.83714045619616239691 -3.11621637972532150584 1.92523609093163727835
-0.51637163445591571787 3.79578055310048245730 -2.22193975017366573965
3.98036450007575748344 4.50180941429025605061 2.76521918428320212513
0.77498917721404581016 -2.65343240225763521423 3.70967923549529476901
3.24351742958940647554 -4.44728289006201205069 0.68876186728325894393
3.17769607446995916433 -3.09676994010783079858 -1.53313109148896042910
-0.11411370892226013751 -3.99899023403742637228 0.72285854834099616539
-1.65735565676946894342 3.87506203678943972335 -1.23617822721481340764
3.99075355010498089570 -2.41041185528969759133 3.64251825408743723500
-0.77881966483935505252 -0.60545620987350590170 -1.03116830222454591848
0.98189724470511663412 -0.08769301958445030465 2.25780883868833548433
-0.05469593681249840245 -1.66675719050189830028 -2.19817560163685543628
3.67104789403853626339 0.17693533877880440741 2.23338573608166246487
-3.60247987376820599792 -4.34853537606667206461 1.97612430654088999660
3.64453869946256414636 0.18879249086217431142 -0.90172436867414473838
-0.66068283763176172130 0.74120087252218436191 -2.40931744264701386271
1.43549446217646714530 0.99417913038230043554 3.36225292260533237254
0.27389960307446781229 -0.70788341551209743585 -4.43381720877903440226
1.96207860652957055692 -2.46768655999228014863 3.55002197943191699636
-4.11476147516747747801 -0.95020143090864195301 0.19627755682629377532
2.98878322786657779631 3.74789448323789908812 -0.56335900549616901856
-1.15734285910936929298 0.96418611507462514965 0.22402762300714318400
3.27542208293911230044 -3.59341723414251656976 3.72202360728519376920
4.40767114949981841932 3.17833350474460996082 1.88249971775216007330
-0.18538301942357371388 -0.34261738082252879423 -1.75143863145529277148
-4.48092225194007465205 -2.73755623153554061844 2.01735089934635158926
4.13983938057173883607 -2.64266682607585146059 0.06556212033903641156
3.45847232868778053927 2.58346437341345858130 1.52555997616983152199
-0.15995082415935257814 -2.56371013648339207691 -1.63046890340393346719
-0.09899403931525529998 -0.71227661957240995250 2.13158245590959349869
0.64596275152872273395 -3.55956536070501305957 3.03068043762167249611
-0.01773991718126488593 3.01278637071978394602 4.23931579075391962164
-3.66322573743571089366 -1.26737974886356585813 -4.18193548314178897840
4.11745746598084405576 4.14373208989548391656 -3.46860195363570644744
-2.14904664752491747493 1.50620291797112582088 1.06388845575066692817
2.33660744283579546732 -2.58891612471848420185 -3.51779321186697346846
-4.15119877647123480813 3.41172123927660919662 -4.53518806015823372491
3.58075104176645186982 3.30102137643202553363 2.41550694196163107108
0.47198033744823231217 -1.26391740990159240354 -1.22573087476826181330
0.43103181908935539468 3.96665479413897426042 2.32939702710049356682
-2.09569704413783997055 -3.06130557412868897771 -1.08734816623965135918
-1.67215448048162418360 1.35782930802782875190 -2.16228931706534188706
-2.62453148898476973372 -3.71942964294158695537 -0.62522762020542677064
-2.45524125793478642521 3.31439789302649945313 -0.61070578900207284079
-2.76103967184466547735 4.23617305872302285508 -2.94632000116199765927
-1.55933399209067147240 -4.31385975536889798576 0.97702926921604493771
0.05719230211684234177 -2.95399000981034776103 -0.12463589256078133616
-3.20060699016216076984 -3.32771478904941897525 -2.97457670570197363347
1.82558133474859385359 0.00230685713718514762 -0.93094085939225790227
2.83131789656150356649 -3.91006620996487264108 -2.19975097840008571026
-3.74720849411708423204 -3.66300860464998701005 4.39356225882624951140
3.90525051032184666866 -0.06281088809751889102 -4.34739885940185466495
-2.40238274516405203585 -1.08623968585878305504 4.22994325297836670785
-2.94801469388139514294 3.88367888440888275881 0.73757169382920828582
2.03119851540709017712 3.12744138501002311159 -2.85194566365882362646
-1.83217877956305974507 -3.89985805240333904820 -2.77195071868788689429
-0.46793651703562755273 -1.69170452653947567256 1.58597568233404651039
2.07361500831215206375 2.38762227303066065787 -4.06686653866681790959
3.41014273016383473447 4.52187422910554115418 -2.71848776891813770362
4.00106160999271320833 -1.24267203433533257595 -0.74784477414049010946
2.86217439396940687146 1.04280517524990923306 -4.48180321668458159223
0.14003574557907239040 -0.89179713956644324213 -0.10318145198426087461
-2.54110627525387355874 4.14509240233223419381 3.53991486889170037244
0.93095434547991207097 -2.29058235775729057693 -1.35974952693860551278
3.24834967248681838470 4.04663575048457868633 1.69358317757169718476
1.88376134108222359487 2.60235088516330659303 3.20856802474260316416
2.10897166083154719018 -0.77544597812021542893 -3.56054165756751439531
-1.42700193475477288274 2.20500143760587974384 3.66778126202419496593
1.19267744168967038121 3.60425408667636926197 -2.51496275863955043306
3.78280275927079490117 -1.51218071037031975834 -2.93383461744592466403
0.81223330126926196471 -1.68466674437168162370 -3.22106981457759999898
-0.44637298894437904551 -2.95816438139734572133 -2.62490745788131496496
-3.72018627510118138346 -3.11046027477502784464 3.05290308016695188797
-2.69631385880335638916 0.40856928287082094897 -1.43339700168827199889
-2.03086626061941055710 1.32157730178459242865 2.64674455567694266733
-2.10372698435116545213 3.64289439173562268337 -3.51802886100245659762
0.28041115342400591004 -1.69575700442505450383 2.32623600601507174446
3.32470113945336454009 2.48021955377110270291 0.28502955018200104575
-0.23556557025080593348 -2.31380950831060827610 -3.46800277891569042055
-1.06223784627552131354 -3.19784038020139371739 1.08117903112670621368
-1.55352897378898902048 -0.20945068038750136452 -0.61709640265085541344
-0.47982661941813198325 3.80950606991145956925 0.45465025806770942296
-2.18548189531349024151 -1.01370710741484870709 -0.84941006387081507967
-2.50835415763609992368 -4.08429825382686573221 1.36723915519704597443
2.61544174263872974961 2.02191604855094286819 2.11630122098797190944
-1.11581849343605465918 3.32088738345606149238 3.77599499854190323589
-2.21622329391823491562 3.51320451268358358021 4.23569674462033329831
-1.84543882449592366868 2.32140935507566048557 0.32431628121295830169
3.61660938940653320373 -2.49948162562867048919 -0.78602283476901169124
1.64281990568401337072 -3.24409997773557412515 -1.60212844228274065017
0.09908217419291531769 -2.88336482363782753424 1.46255367084000731381
0.47710503017396277414 1.72812996334410673427 2.55317776844164257000
-2.11123375047372574542 -0.54494322621669155637 -3.09970872159810006963
-1.19540761821578467305 -2.73625676376254078903 -1.67889776337262652817
-0.18365531367838272558 -0.06562127236814152553 -2.91253922084600080922
4.37794945462883600129 4.42766881212276697255 -1.27051607262996224534
3.96590733441939047310 -3.62150073757704848987 2.29770094941614377859
2.75992706305003743239 1.37000983732187542330 -3.25684579681645036686
0.62640210971714527233 4.45600168450680111931 -2.68434768643963916901
-1.48141599671649881742 1.89778217197537646399 -1.41820908144178003951
1.66689507927748259419 0.74142575832592516605 -0.19566797518816159140
2.97637752029401791987 -1.65818201348600480216 0.67425714111017587271
-1.07307409429608746620 -1.30820802147531001225 0.09744305414659759634
3.35723625663273406161 3.51888572764085427735 0.70579040799984937848
-1.01432384162681987760 -1.31100581399319882081 2.26980809171854591710
-0.62472811793693239224 1.81731501233962156050 2.33044644437036119200
-3.97156870717435861451 2.38783049766397947877 -3.52356038755040579247
-3.16448841941891378937 -1.77491852598462962476 3.65165546065756085881
3.92131659955866762601 -1.22428861746793415932 0.56622271976009574956
3.69502286016997150142 0.46757797569104209146 3.74671814811540127010
2.42230086595752691636 -0.03164514648445493350 -0.10823268770793781357
0.43713603274583334724 1.66983460374748826638 -3.18367499358319916425
0.52393715632915682789 1.20316748624778568910 3.93865405052110073569
1.90809991892605879116 -2.07690129377910759345 2.11168021111042580884
0.52220835180856983726 -3.63959191869759202120 -2.93056587096733300868
1.07467379280221120297 3.67767397140340879247 -3.54631389170424826673
-3.26032883104667936536 1.21076064511069692031 -0.71734427966482261496
3.22627761234606502683 3.02338754518380348202 -2.64953937705554398718
1.46230582549774279499 1.81632494913556019611 -0.76455036431251155449
-3.02863618376764165419 -1.51335785100495412436 -0.23435127593995286333
-2.11736777778391882521 -2.13648797196691964118 -0.84807537638272068037
0.58714971516390601636 1.94532342378553302353 1.35101636837792415946
3.53106357740174470194 -0.80227194038984528390 -2.14675398808447015497
0.61719411486541542189 -1.72582003218189417026 4.39440535622056405174
3.17327462909382429501 1.06819261833004741646 -0.05328847463778796367
-1.09258566758610786707 -3.24902543162041723690 4.07767132864525105873
2.74586082237903017500 1.62045815285731809041 1.02757766113220494475
3.38122137738088301973 0.23502388243297023251 -2.27223385985664938502
0.47064310078515614322 -0.84742072117691602529 -2.47738618677985478200
-3.66798849651016833917 -1.21919693748292612412 -1.10766998340176048288
3.98478162393267343333 1.02455336166719845892 -1.85925690346417216148
-0.96870910939627430380 4.41635826230502548384 -3.10417632355394612631
-3.35995120172240868683 -2.80864344183388148224 4.14702653547525823541
2.86501865383777687413 0.67841020246932348670 1.68255533515742161654
-3.79003451044814543280 -2.78320847403934878983 -2.28323025439576587914
-2.07115487417780563817 -1.59555188672486458756 -2.18068301112498508232
-0.55645140896426603661 0.48186815231785384839 -1.07939685996898893094
0.73818782580686370665 -0.13811109380516661815 -0.88768940596505485630
2.61676018880929017740 3.93868780629644543723 4.52863641678656581036
2.75288263990162285211 2.61644191724746821848 -1.29511865952032412252
2.76394332440683232477 -3.19348646577980010974 1.48978345147533364212
-0.64223040684612620055 -0.85696890706646478009 -3.50576050465226707331
-2.50711897500238523051 1.40347704878452717026 -4.38869956924124515751
3.52158646950100884254 -0.43767520394743630874 1.39981866817769162736
-3.47948732546181727088 3.03631524350896686570 2.73721188494931144675
4.41322597916137038254 -1.00328239567127663889 -4.12960212634795098552
-1.45142398632860913921 4.11633561512208867583 2.85684798111942850340
-2.01010919167301205235 0.83130211754809923974 3.89869209231442592767
1.31648345389598109278 -0.17725363750744094204 -1.93038246134835622669
4.16069562192126074507 -3.46692469587612439597 -1.90852844154462308879
2.67846012186989756998 -0.61741952993151505424 0.82855521672679177669
4.00950387533402174967 1.72175463455771549093 0.74978022005922806414
-3.20912239469725646401 1.85252178141475010165 1.09235979288972284706
-2.01701295538911917760 -0.65791728549763206502 3.30358848108947711353
0.34737411824745390021 2.87735229396546543512 2.72055385898977153403
3.81236755017489681308 2.89249221320364835464 -1.20696629931469257002
-2.86816150949126580372 2.20317009509067585071 2.46153882453157457633
-3.80630702878193849514 -2.25374110301940655532 -3.30916658252247541938
0.41141789210214518846 3.45615819153372072492 -1.84958820871956763909
3.20045918981560983951 -0.85379973453638768888 2.27091913695464331369
-4.38572858029739975905 0.29022317141414788466 -2.37255647509584477461
1.96962005958288788321 -0.91386315536675510884 -1.52679314067225613272
-0.55519708988518168269 -1.72025075899033907945 -4.35333964987163302141
2.50335571806319201471 -4.13874132157888130479 4.51821445314941083637
-2.80946604947718903134 1.51029856763817882381 3.65738312079507021934
-4.12541627740129168700 -1.99028178057417326485 0.43225325225384736427
3.78795246629537896155 -1.11054014615524243581 3.14086257713328009800
-3.75285602807250384672 -4.41067426220283120841 0.76419892795567712085
1.87405737938386796060 -0.27203490456367518391 3.20858453741833304917
-1.11872431220550261344 -0.20213864549032134477 2.45316983706344071692
1.30859591498488914141 0.31650476068953992126 -3.13282831397856931233
2.46512670711944892332 1.18581749100887368087 -1.58292305596740634499
1.05380268430725987372 0.49525996299631369624 -4.25930245921845695989
0.09677622063562996146 3.65452807287530223590 -3.00677351764518041577
1.80911605965569410870 3.03497570112216497051 -0.58455597871508491181
-2.35482664685871379007 3.01141027743095879288 0.88407469886013601013
-3.42818342812359722060 0.61997245681131740724 -4.07969991561325251439
-2.18803862341844412853 3.58183118017517809761 2.23665860704671981551
-4.49512156074677982076 -0.33727805479273520461 3.45847312228936676348
-3.22174052320245829506 2.29092518770882147550 -2.34874821080921458716
-0.97527423851122696519 -0.72541749696796076208 3.34675398231563736573
3.50823841091157273553 1.98211641885078382330 -2.27603879864491220886
1.15712171198191171584 -0.62873652089915887942 -3.73069305112749827202
-3.57896917348360554811 -4.41567613665248259736 -0.59082360362883878935
-0.65238543717254060539 2.76580588843168850843 1.97495066633408722367
1.18843051888146611361 -2.08683432043519179189 -2.31548722268932971602
-3.84599817155034706673 1.52832330754225420577 -4.35199022677250901836
1.77566281811644355315 2.12367676989810583166 -1.67664582362818936900
-3.35967480683360442129 2.98122092828492402106 1.25251845554231877600
-2.15509793745195699088 -1.33499730734237509466 0.14680872869887906518
1.74325526017905207965 1.43148444365744520468 -3.61651882562510218477
4.47437420431047261360 0.82883488077861855459 4.39344887370954051420
3.23632151036293880253 -1.90279470560605457052 -2.00612151003653327308
3.11630972406949080522 2.15481398913806021511 -4.43119560952874724791
4.38160728196621729325 4.22517233286287297034 -2.31034041337312601172
2.53981993831617547386 2.21059226527102836712 -2.55477472704716124241
1.66414592838282704435 3.13117473427303050215 -1.77047811684051836778
-2.76341989709143254217 -2.32807089014857027109 -3.06425835639141030953
1.03143101888906674191 -2.85381673765970944601 -3.37631652312933372428
1.69897859353502145296 -2.65400200160337806921 0.87644935115798805469
-4.12630243968348775496 -2.08863226594860185159 -1.02941635954350907411
-3.85076283947431941002 3.46363903838930919932 0.06212657841323654395
0.03296666284320082241 -4.26641080900720570668 -1.42148214774817382988
-2.65361111026538676327 1.58765989665069540138 -1.45625664576484492585
-0.26682434716784175777 -2.22798302907149015084 0.57507971614859787479
-1.05710697048547430654 0.89424072895322304078 2.45374421663786801417
-4.34220409911701654693 2.41300478627436199019 4.33571195443080004139
1.05910549703112888409 2.48143492755126793270 -3.60640215778232775534
-3.88765782212804600348 -1.28424195411232489050 -3.17395194186248774670
2.30918501888709304382 -3.04874036976783990838 -2.55489668779888123851
-0.07238703303485305440 0.24148624994556300294 3.62849220326951904525
-0.45843208375815613920 1.42279812627468071895 -0.47124602729976672322
2.72229666900047639899 -2.89559786943840880014 -4.52984080833785363041
0.29539654507705037645 3.29545484542904976166 1.53110119146032985782
-1.28772337502841960344 -0.15061123863775538467 -3.58761203192502486914
-3.74824230885187281714 -0.52577397173559248245 -2.11299635694038512312
3.38076389058886306316 2.19811557383192202053 -3.36911709745418930240
3.56056538919148213296 2.86286770932669920597 3.68873938955435942688
-3.74361737901261948380 0.94258576892481116261 3.66832746520088459619
-0.12657277826998658554 1.20458750657520763383 0.87296281727528057814
1.30900453400945782079 0.88905253834323527684 -1.17223064765876783255
-0.93883461162089432150 -0.80554765198517852554 4.53282708489157126763
3.22703523077146403608 -1.98984393513968527145 -3.73668902796437274461
-4.30790931025154755218 -3.11987071644645208579 -1.14542009181957959996
0.15809657911090724269 -3.13961737899356752024 -3.93016391372677009741
-0.54389524264420563426 2.71184404567756676130 -2.53407497292871664030
-1.54962410303185649241 -2.25184791008736429063 1.00642985490548131366
1.87082478044198019518 -3.66607916949876466717 -3.41085253004464883375
-1.75654107090245581446 -4.07464240358077489645 -1.19077923069245006360
-2.33298707888436807067 0.60537942386011955875 -2.84150502229240409235
-3.76124384311659998303 -3.95909258850137124597 -1.75636372766464177175
0.22218883147665291489 0.32158407466120841889 1.73188061354283551196
-4.12884961696754437810 -0.19243689585692447253 -3.84960275035295307333
1.58420026610863740046 1.68985967293440797476 2.59412873327703774606
-2.44461449448620538050 -3.18930867459673050845 1.91497572308229901950
3.11316045429294696589 -1.00167050071034280379 -1.13054094698193807744
0.58842841620805508285 4.03395415424578462904 -0.73137393098352498910
-3.18069447287405182578 1.16619312202301639303 -2.98501958662717159498
-1.09139833379802952962 -0.77813383290052362540 -2.60824758162389080951
0.81424611055538864690 2.51558173355379022240 3.64818760986841095217
0.04211281266716238036 -0.30658266623990559907 0.75624760827013925990
1.59349962570338909984 -3.95663136754544542129 0.96502966334094075762
3.33760731887614081614 -0.54203353780643448445 0.03545333768605107849
1.92656128218896416371 -1.62380134953853882962 -4.06229198716114225931
-2.79718446636168538433 -4.34455216508680752696 -3.92543027451679771289
-0.12378503741601676325 2.78829768700433255901 -3.80618997823521576507
4.02890320190330886163 -0.45464521600473517537 -3.12189450028506421120
1.00579321733408200146 -3.93868602607789330960 -0.77578123642386742631
1.60473609933097360880 1.02409892021793869077 -2.39607147523192809402
2.70739814566083492053 3.03670459026932793023 -3.69543093117709853246
0.60515216568176111167 -0.99414806495683549770 1.32442000965183925842
-1.64737796141001213712 2.63256894050153444908 1.56021277089586174469
4.47464063324202587779 -4.03269712336829488919 -3.11753736418727811497
-2.48888866668501007595 -3.78235217544568280701 -1.90949048910206808927
-2.90527712384144765068 -3.28452258445349265514 0.72189309021264325139
-3.04789371403325581866 3.75483272954829150336 -4.12130081405363135616
-0.07071649406459012965 -4.19139212444464348550 -0.30794822873971749999
3.53400269051577264889 0.65274150028274391389 0.94933986079355037191
0.59206288317462174575 -4.30733325823149471034 -3.77491663005592847924
3.91529421849340142359 1.43046743318232483233 3.89069918713075058037
4.01979558913641721318 -2.28412501825458180704 1.08673528045119027752
4.48031967062843339278 2.14595514363455208695 -1.64619499532989399526
4.28714739787070353572 1.57740635765221082210 -2.98100209878747746117
0.34846946437299131105 0.56594690857267693218 -1.95615059499913801488
1.58558590688223599585 -0.17445526514304532384 1.31174768539367736508
-1.29431985648169423087 -2.84504238219710092750 -0.28219281050414135592
1.13187972286187843451 -3.01042417620800373257 -0.01751957170630902283
2.10271791008384756339 -2.16003219191415452016 -1.84627878159246705536
-2.29311094507740342863 0.15129451060630838555 -3.96978050210053057256
-0.15313603547490295398 3.65752562744770148839 3.32444203561738316210
4.31688619517136107362 3.87399255639876027857 1.06166379463725668586
1.18358076965520364610 4.20970867044952168357 -1.68646994735783462005
-1.80634588673677987103 4.29058876913469422476 -2.18773460045060774704
3.74905489815475245763 1.48326126674380187609 2.62711048730704543885
1.99267135357654723293 -1.06928960064471922919 0.28920886450512650612
-0.30555988420012702989 -1.78695010233237727704 -0.52072541955230100541
2.35364467269254440396 0.26424583094237341641 -2.50373778908947386412
-3.35252719132523990808 2.58154779945556889231 -1.07157928847492911473
-0.88118343300352330871 -0.52124089862547240415 1.42178103008923883976
-0.88902219729751585930 1.96850058052747645121 1.28784003808163927118
-3.41290202509219620097 0.97299337932120000261 2.54106128629681826681
1.56875436526732414677 3.26434900565995089750 4.37898111952657043133
-4.52332358172431714394 -3.86803391448390332386 1.36933321940541485873
-2.26615338172695723884 -2.48769729928606242453 0.13725983304109412586
-4.05976131175618881741 -3.03210280534030562904 0.90210962155089458037
2.15419873455094634807 -0.80247857022254720505 4.31333171825947569999
1.13186151180089122903 -3.47436001343268241470 -4.32888839533432712159
4.27588937728746731892 0.56768985322358478385 -3.30554445650236461418
0.86216208738991539917 -3.90882338070645074524 0.22915037596732457104
0.61956323469023466544 0.84156516505264367112 -0.29471046616548512986
2.83686946430468633906 -3.23287055906478615341 2.65991341302651917999
2.37104229757390960742 -1.68326675674910486435 -0.90911097964847753516
0.41054820031976557715 -3.65448432739151396476 3.97351755542485118866
1.95742060971077691534 -0.85820385918922159618 2.23164409952629139156
-4.17655690841459659168 -1.79202179725263732735 3.07852189378750740190
1.28936572791827952500 2.79561864677646809696 2.21095858062322125903
-1.38039758858270067421 2.75874472184498831240 -4.35861420515438169332
2.41109406644670265507 1.95369614984535377999 3.97924261212917240726
3.05840862765621501751 -3.38934138236051607507 -0.60287439863504577175
-3.62819999365445378103 0.09633971745121439056 1.72069239126727158151
-4.28598659708217599729 1.09393945913512702361 -0.43316853412276667967
-2.67297845901892339171 -2.35647752760256379290 1.34733272208610088683
2.21830625102871614729 0.36252432248816379712 -3.86950282548008139827
-1.52131236493509458541 0.85633531483224345493 1.36969011016774189216
0.69379124506829814578 -3.46331799565137732344 -1.74182544422720608779
-1.71424378526209864049 2.27618185541261386362 2.71174462993863407689
-1.94798086440421247545 -2.29214349749768420139 3.52026990958651264663
-0.39015924735717266714 0.18348459680439166419 -4.09591448025778337438
-1.46888485652769285039 -1.28222148011213077368 1.12455723255762229940
-0.87057142568109480152 -4.26007176790853936410 -1.91075855150381013203
-3.58790098879546492938 2.29010123934245601873 3.58168706717032758746
1.63406605537876803425 -2.56458992108881700389 -4.41354633031992893422
1.71033657876890732297 1.10892732992630360656 4.40360766873994169401
3.72563400811989975381 -4.48776063417341131156 -0.47557600793530507843
-3.02667739975496630223 -3.82324462687631339008 3.34304512606632542315
-2.84343372383662362779 -4.29598951868155243261 0.24159134312904306796
0.24987696608981924129 0.72121806411805078341 2.75452977488454298083
0.36606490102218991467 3.31894042204401262808 0.12800551098862555932
4.40058776894457448492 -2.18010102485473034051 -2.16141203532182135660
0.17970061427381001096 3.80597486654551797614 -4.28418297248138557620
-3.06682565575590571072 -1.40865555959023680543 1.20466570889589785764
-1.49231587305370316798 -3.80458378601513302897 2.17302058254666086157
-0.93393170440621675610 -3.05593201214229592821 -3.99198819591251385930
-0.42227173911756832325 2.53798978417208243030 3.46611068988848369798
-2.56966620107218179925 -4.45012751678009443879 2.50458152553786472794
3.17652185667031883298 3.92608526428525994589 -1.78919963548613658588
-2.55866352600442814591 -2.66911456318553153011 2.81098517180973761498
4.35622910877611513314 2.89631235818611010302 -2.86703069992296688540
-3.39954353317259272416 3.09987532839127233331 -3.01767279114652575700
-0.44639410892261910391 -4.14753307555423500474 -4.29333395355696723072
-2.00374912169324659317 -1.45541012342655129430 -3.45161468174577068524
3.32889594425610280126 -4.23375405310314256724 -1.41168375933236012187
3.63460871394891515962 -3.47317524827781065611 0.99270981012626258178
2.01840723099533381202 0.82114673679394201145 0.67470601946603991905
-1.00792370646973816761 3.81778212282882645212 -4.11083703673817613122
3.31807447311748493490 -3.81935120895716462286 -3.93871678575284089874
-3.61768685580729165707 -3.00645081372392741770 -0.25179225143765204820
2.64985316798862768906 4.33996212485454346819 3.50904648748130210123
3.30406401128470061934 0.32405680493381350260 -3.32939957563518174055
-2.51561469279959393219 0.36303708581970273173 3.17748210343632830899
-0.87286976583763387083 4.02945190789951812604 1.62625271403814419813
0.10371309590556254676 -0.80112831853096366785 3.17891602540685003220
-4.36137935584857761029 3.31320926926894276932 -1.59364180429859381150
0.06517910319324915491 3.14586306737915588627 -0.87881416610788232191
2.32333495363584052740 3.28063933289077613864 2.51175203768327293119
2.85444853323112202048 0.94796739588602374482 3.14804847695317935319
3.82688351367451229379 -1.41712985264391821971 1.58633803780989790511
-0.71059574748823450818 -3.43422283983721632339 -1.04480048690078808349
1.65205972392486355460 4.07517674846736266403 -0.09770036848868812740
-1.54039318931400082135 3.76272663741881085997 0.33543464452100835160
-0.50904306294770407249 4.23921812266589181917 4.06258547451244833582
1.30056460116782890424 -1.04645133711816740174 -0.64200853654433931439
3.83085567115286362849 1.91287534287914695597 -0.73077034190341194630
-0.83236354291731995403 2.98995574494090110562 -1.58262723115161474396
4.30704935927986110045 -1.95435021838845601749 -3.87295274171619929859
-0.67045207710996113093 -1.69414879965700881925 3.29275562518547371127
0.57270878734968189150 4.38156561042809666873 3.81774004014575307764
1.13982328219471096276 2.24119902885390853697 -2.48532006035211772144
3.67710818261312955002 -1.43806347715343019189 4.27017336406674541394
4.14341393086981835125 1.76616369712921805757 -4.03344152053871596308
-2.50386199849698165565 2.33185501363696001675 4.30557730287440865169
4.48585266626102185938 3.22573038741155126985 2.95727880458005909503
1.12640433922352212193 1.95533732943297966500 0.36287001504411708908
-1.13957825301939985607 -1.57757559860992158107 -1.64229768290383049134
-1.92172778567859481313 2.13807210331834962602 -3.51076739263913051303
2.16717547925955233978 3.89696876822088977832 1.75810311391869067421
-2.59885991180022735136 -0.72592776322826946256 -1.94392830472061550751
-2.70992144498568610089 -0.32576163094035415213 0.49477455306292750237
-3.63297953461185452184 1.21030510230447863051 -1.97129268958013614821
-1.60774145021035597125 4.51223476412306379046 4.19382000658246223423
-3.79526069358389639419 1.90190044147795500606 2.10723073755423850884
-3.65671891407410543096 -1.64538126652552652018 -2.17552753494643491550
0.94267488798741982947 -0.27582834224912478049 0.19896823661461926491
-1.55585646154254586548 -2.42954333715907067059 -3.60590833006378197467
4.07959381968631351612 0.44935908428358040112 0.11407541481372263092
4.50274812481278541298 -1.16717110195702344910 -2.11971588475893035763
-4.14765057393780889328 -1.17025428021870148143 4.06163741773227027210
1.20017690891840533851 3.65400453797791779920 0.87429920475901390375
2.51088397804015794890 1.87317946877650509663 -0.46539025629898489456
-3.46885443201674981140 0.20082822365339847437 -2.89535590531444508855
2.51564172433953991970 -2.53274702989753075499 0.17069092905789773340
-2.22162318288130133936 -3.16884751040248646703 -4.21795961344845604657
2.24114835387182242954 -3.57719476225626298316 3.49328120385199891729
-1.48566924688450097136 -4.17541953678862132193 -3.76822898192685906693


