30
0.60387578985686918287 1.93243080474543393876 2.32257216109433084483
-3.88358217693699536710 2.69054585416896951955 0.31381644103151273839
-1.99527243979279678143 3.09004861660307739157 1.21981597839328337329
2.65702533037196086951 -1.78667874196794418395 -0.98801434750228711579
-2.08845235881073376660 3.02545556030417284177 -2.53350657079524355098
-0.45213993352125569913 3.70764698440454854023 -2.99679484930752204619
2.32527121114560930693 4.41871651522047859117 -0.68979971730069422620
-2.90249965156572820035 1.28291226498274379964 -4.47621324608259651967
-0.50216907249106501610 -1.89221907479330919699 0.16254083211128023123
4.15244273588562773369 3.73424878570347740236 4.03464519003594102031
-0.19221313271452622473 3.78169521059132573981 -1.21322201202688351174
-1.20320288280385323532 -1.97022931045076887813 1.79724894481063302010
-3.97067786849194526155 -2.13710513904163823540 4.13889486637823278414
0.94655329852346614672 1.35433776868221311673 -4.20535922262078187828
3.10169890156288374783 1.79808511344073540528 -0.41452607420563314378
4.13662579465721602645 -1.26538238645097145252 -3.86990964297308392972
1.47459507605775996808 -3.28032507160903730181 1.02152356164402657868
-4.09886388139405255515 -3.42106717386559600058 4.44773905207186981414
-2.29223008141560136153 2.79560759016214088746 0.04048630320141999306
0.97281636604407228930 0.61894619716679333266 -0.95073955929136921839
-1.56216660327381662299 -1.64449976127692520933 3.04729884050269017592
0.88619818669345296058 2.42477124357803131005 -4.39932437012488719574
-2.59094726654629692320 -3.12707218593025748632 0.33063570129419161958
-3.13445506858522948690 1.81675811219095351134 1.51978854734720414399
1.07745202200008094451 3.32750748193692746923 -2.57637605542531922254
-3.43494372934245362217 4.23719580429916131692 -0.01402188574131901788
-3.43528905524165084628 -0.64335010002892101255 -2.18013868890408213375
-3.82141719145773217647 -2.24062404321335684187 -2.35437154214508526096
-0.87862760218265911760 2.59120640653898082206 -2.67802725025227772448
-4.17383442072349986063 -4.39340932830179564661 -2.66378533597078703821


