274
-2.76315815135499454058 1.89752475199923775762 1.40708410503134828673
0.36150466175489004428 1.47763339856071951317 -2.03301609977785524563
3.85169782455400966370 3.69147824700346571802 2.04362977364374120981
2.11355695501203921793 0.15064182551991134318 -2.75248069523581051499
-0.48506692487943858794 0.33731509698015216259 -1.64654550749557593292
-3.55292574111812697879 -2.85872188608012134381 -2.98900492406513107468
0.95000129265373622900 0.67004738797605778444 1.74329500951009119802
0.36509914538089649483 -4.12144720888422533278 -0.62323877679089401127
-0.17191063269031836569 -3.19862462005049774660 3.20813728086645522097
-3.89640673864316244845 1.51730654805404974184 4.29493853104690881395
4.18903680654521703985 2.88988967112021466477 2.78321149828614267108
-2.21524442506744767556 -1.48601244496238882320 -2.74437939131228825218
-2.31860051159053837111 0.95001874935265551159 2.33763539219482563425
-3.88109178570341306624 1.70075491552931357120 0.18300232624627543743
-0.00316694377203319277 3.43376811575056617443 -1.00025930858615108576
1.60741896267438466595 3.67278783058381907978 4.05456892347634489937
3.59884857358965870588 -2.09613925116337007637 1.19327742073239573273
2.48241319179948671803 2.80405130556521964280 0.48347737523383660374
-0.61521487560385068605 -2.75511833358330671118 -1.50221086604768228057
1.92084691026337139874 3.64375664880833394221 -2.25089379734766970032
2.21777552753682627440 3.74363300216287075983 -3.31892342967015041566
-1.75353017871789385040 -2.56107826883488742808 2.34373786795056027188
4.09884694838078100787 -1.17024319325401382486 3.61380221241191801340
4.34531295178058574180 -1.81700034548829458814 -1.30513596029755918337
1.03505982330558410354 2.41725942543727168044 3.69919660714940246038
3.55832387266149030580 -2.37216803201976533799 -3.33108093120370885032
2.22170093109052491087 -3.65038756817780551955 3.83235220347153404674
3.17150617405792889514 -3.95204330460746611209 -1.41101399944491712191
0.84083013041692389322 3.61065311045792203259 -3.69081810974963664407
0.31221033890253302445 -0.56960029767680442347 2.79066795576068837903
1.70666809606486769013 -4.49687956728170146192 3.53070937289174135998
-2.44307610330414304300 3.94575677513640510341 3.28283424060327000404
0.22626368415636655129 -0.11868039614587555519 1.87128059059036555567
3.70817774450001014230 -0.03252988201887596631 -1.48180441144139374288
-1.02489273017436577362 -0.65221443078338303678 -0.99683020166186464550
-3.18111910340788117679 3.76577671690144821781 0.95017149858823213293
-4.28420027422461036082 2.22086099033051365126 2.02713984826400395178
-4.24087686963441168331 -0.79926605664096728177 -1.34344509599835992830
4.24796500381614361430 -0.96136213589486985143 -0.37299407213993163168
-1.15149698054677518400 -2.27911539353298309152 3.20817648662886067967
-2.30478508178948704455 0.27208727006404842541 1.46262475049560602969
1.68596954438473467519 1.19402035334218403761 -1.33488368026915171782
2.70518084830270399976 -2.28599100860335813223 -2.53912970872569543346
-2.53561605556939007045 1.89824594439384775058 -0.88772149729900640125
3.62195816930051872617 2.44218026087513262468 1.06428963148724786691
4.48723732939033137512 -4.47973436081011300303 4.48428456271190523097
0.35921196849194725331 -2.38909944908261628882 0.98301449795758788497
-0.91604668830097990551 1.34026126366367304144 3.85895424141928788941
-0.72420917234768378279 -3.84313120144443542969 0.53870714866327684689
3.58150393879706907541 -2.81271773255815338288 0.40963333716461391987
1.06885035730593980219 -3.73448703901993139809 -4.34437281796393115485
4.32159026510370924967 1.13419113486880096531 2.37188936050686205448
1.89608993201417597163 3.92748217388526565941 -0.46300184319043591330
-2.66603312844596196385 -2.96287010815673523823 4.00039489045504037534
-4.14027562255768444288 1.50333211020307633277 -1.80802111788641806100
-3.45074355835567248008 1.28828009991519376598 1.60069195866040825393
-3.74348144950595873581 -4.22463440295214098796 2.57462583128094379958
2.00462659043326052455 -3.57029330958628188242 -1.16315312849084051550
4.35951090746793834541 -3.54952498731046128810 2.48597905522864959238
0.32991030178181990351 -1.97528391712673423442 -0.03503196734692615166
-3.22977822197164510243 3.83987890929481867630 2.31277517230154483485
-1.19900889198786497758 0.15395182068466617409 1.17037907561248299970
-0.88610702680769248829 1.90537457386589625941 2.03367963815780772308
-3.44615122091487791067 0.48447388691307136099 -1.48861499180591039249
-0.72060793660314814701 1.90761327208611586315 0.98152109781052665483
-0.51777386141542258713 -0.82490242318242756880 2.26866404287970269138
-1.65006510709242792956 1.73755700674821600415 0.22001673535118015934
-3.46954157200956148088 -4.06060872623935864567 1.48723276829238404417
3.00888206716282713415 0.84133232157270576579 0.43674996674843580280
-2.55912524344516301156 -4.07952011147166082594 3.37098773051745315144
0.94128192024025025830 1.65188845976807296978 -0.34427430348306931052
-4.06868001154620806403 0.27629396135113104549 0.07894187065836888451
2.45276365808672647262 -3.14757931662990131372 -3.60566784720168787004
1.07924837733681311391 -3.73505452412611216317 1.42082689092522773677
-3.86127807335252448695 4.48939239243146115399 0.65534214689846681523
3.58627621919317984833 -1.00585066973811798618 -1.14779102373377384083
-0.69098159103246903356 -4.43971798560514852028 -0.34370385758643440255
3.25598355307951337068 2.62257588181680301176 2.39957610681052546653
-3.99371809123390431040 -2.91092406306229678492 -0.35059249559521887818
3.84722177933722253584 -3.78176773331786852950 0.06628783819701133950
2.23249144781671038373 1.64468108690539160932 -0.33123907456150103457
-0.83711438595078035974 -3.29336408311664952109 -0.65860905139046987955
3.02580578461856131156 3.61081006710521901226 1.15791927202378186479
-1.25115816268600754668 -0.82728519472373829302 0.02181424260393693970
1.28251686346378157566 3.70044796711540779910 -1.32888003911490670816
-2.62125698773752979776 1.38120657827146420260 0.09093083587755579345
-0.52139503629812455898 1.33500051475730519002 -1.33151412122345069733
4.08982499127261345251 -2.19167695425957509414 2.27654665560116598044
0.62777858802388397663 -4.18305702911547427902 3.73304553405766892382
3.87255415975164662967 -2.25272925870499562961 -2.13022453958296820176
-1.44312808248316404303 -1.76240416567391333658 0.63519964147418583877
4.23025123589255169776 -4.47406475315886531519 -1.26264134805554295582
-2.98101994476667053746 -2.24721959289384320968 -1.51463907380721884977
-4.11043509473330548332 1.95247404171880667434 3.12260532479728514232
-3.52647740562393607888 -0.72607069436491489256 -0.71165373808615406404
3.45767043449670996580 -2.92919614471267175659 3.31525934320783655096
1.16588910737155782016 2.46178835150397556930 0.59801867659824470280
-1.87057380059525213412 2.36222117308199131003 1.41486073980621096524
1.31192122093483209966 -2.74424934773924178444 1.79025431583062211160
4.00715773816557341291 1.09753576128774721354 -1.70559903048487804256
-3.00152725657175345475 -0.24939051269794632049 -3.00520087731371221551
3.36552619419791021471 -2.88157940441055249181 -1.15756735307877978158
-4.07931067968657856682 2.49943998136949030453 4.11340647203729492531
1.50547585210014034374 -3.88556686461473299588 2.58621490379224461265
0.20869574434526949602 -2.82924433406952635650 -2.60422321824056135497
2.59901759453606207018 -0.89730541799424923255 -0.60366318526768214525
-1.66897123020864146525 2.31734379307783111557 3.44203576287753953977
-1.90264945195256629518 -0.80870717251061208231 1.56723879282938671764
0.94071932481384479274 4.23222769437905110834 2.21041945743018786175
-0.82921267231336504011 2.93031735093810308257 1.62967947154226866502
-3.12712924170001871360 2.99545633910424147217 1.72926979883929199389
-1.65377902919015618011 -3.20084315529779184217 3.34533545788307318247
3.25953849636437187343 -1.01103631834298557379 1.02318712036351122663
1.82660592637516749903 0.48457764225138344472 -0.34303455985755970659
0.54249520790828409389 -4.22921802228759968756 0.67614041449887896107
-1.14273469792901138931 -1.05053322976901064578 3.50373055788979481662
0.16760628433649316094 -2.44649941725983133267 4.25093117439094836385
1.22884603580890061636 -4.48639768445447106870 -0.04117258566342574255
1.79117895138086424822 -4.50437513481296747386 1.00937078119103329499
-0.23014766981624390496 1.01259537943037081220 1.79663850379529943524
-1.99534784202780901552 2.91660393669300965769 -0.75466590278770429023
-1.45304408865527756589 -1.53665826193090104823 2.15163706462705750511
4.18747264609562375171 -0.37612184019497618692 1.75608552778159321406
-0.61277911849696664603 4.20400401899788445093 -1.43267414915131929831
-1.29437539895646347432 2.20270925753690338667 -0.87892547948004740022
2.23744176434745956072 -3.74136620211566706118 0.47126345782246570337
-2.67880831252950679655 2.46402111761456144023 0.03603991193025546380
3.10541527133444184017 -4.43390821832325610075 0.47187318054010596313
2.28472261178690505545 2.97537918964481118422 -4.22644957285456079887
-0.82534929333693352049 -2.95891458449923838714 1.36837212487852077913
2.98727111012488233399 3.18895848537500281594 -2.11456366121210592723
1.35813350705101232307 3.63444115010310131453 0.90682326331397522523
-4.53099428167493289976 3.91859355493876204690 -0.06826426389070761047
2.64926492713553152214 2.13456930896943841702 1.21336619278625068574
-2.06392412290169913192 -2.69734916277814162910 -2.60823468233315081122
-2.78972287499652793485 3.43295629522210177242 -0.22855034827243336792
-3.84511279495928626204 -1.40453560453474413094 0.48443991415369325182
-1.66990110701342242550 -0.13070503690539680974 3.66161134849675296010
4.22255390013380793590 1.04058587718032846681 3.36314248559153927687
-3.08472936331713887270 1.80060592057670287858 2.47008416584722123588
3.06608135373704460136 4.45295208622923421871 -2.73681715094594224524
1.63993455574678925757 -0.44057722465008453128 0.03349274398493129468
-0.18220798282605965568 2.41801433005214772010 -2.89606714756318739390
-3.24920824383144424274 0.74112799382289917816 0.51825422338381610388
-4.26763885176952051381 -4.18895224829975543201 -0.34963106933304999302
-2.24353088756633400891 -1.90387559156442254249 3.10056093883098515818
0.28065917799330097893 -0.51349309673462961712 -0.41092839210520715199
-1.42894872657650040537 1.01787220297346880926 -0.80221764520000693466
3.28422781505338967634 -3.40040544837057012728 1.29986955676615867361
-4.39612525610560922473 1.18404928729680847255 0.99826896981504997797
-1.44919171571473981430 2.88098894059678212187 -2.36569248463913961444
-4.12734955969296368750 -1.46323215868985645471 1.54529752673503661953
3.36292741647108517355 1.99528753659474400450 -2.16571049311146657246
-3.89592070371841803222 2.43150834756725320318 -2.87575030224415462143
-2.72173685924317965146 3.45937013847277530232 -2.97292735904432126048
-0.34422752381442123237 3.65811408717361441489 -3.27545751742345103708
-1.47401628003115359178 2.76833316434938492279 0.03786009324982941848
2.11989482635711912195 2.52468506645374368702 -2.18219087620943152928
2.62830085007222002957 -3.89063132073803696898 2.76524564970194841607
2.80885236207517863249 2.87452729070540158318 3.61820338528834017922
2.21018097182185702110 -1.26044178113818450271 -1.96516863280645859291
-1.93772760925771159179 4.12164610679713216967 1.19539126482746116409
0.93843165488599300517 3.13160073143688233444 -2.85111186274578498612
-1.88219623936786062401 1.31146531973157021156 3.41837340232835362741
-2.79026241146672981941 0.00271534625089930870 -0.27164072783914505749
0.86399520118247430389 3.44825036671453144521 -0.31615499576882033494
-2.84631932674095944336 4.43853673938050530268 -3.19764597556508656240
1.98546796755471710583 -1.74142965754767553577 -0.93691012664028772150
3.68916880610567954335 2.40299824612513734934 -0.94695713036228124082
3.64739767414691673508 2.02776931063286713908 3.42597364083839917015
-1.13032548819671330165 -3.51180078349426594286 -1.97980594941582266344
-0.58908553620458858902 -2.40648243806108697029 2.26263978642669094654
-2.71557581287651572666 1.32645934947328925091 -3.61534222481210454347
-1.68867391673951861009 1.24403927436938488427 1.46309721314249241431
0.60178619992700621566 0.55216468276010743921 3.23800248992177319707
3.40316682978542228710 -4.45903367536399475313 -0.51539212976544135358
-1.76849142157913075124 -2.36461761943900450333 -3.58156834433360327097
-2.48456726043659381631 -1.54714579337816360294 4.21684043375562023215
3.89561713013970578601 3.00209822370946266545 3.87593198714868147903
-3.50857528861817824506 -0.00247663185896573879 2.29651152505190658815
-3.45354056015636912136 -0.91557711746692138632 3.63584484729407986237
0.78505206381359204926 0.09460618671207488006 0.45330343607736445222
-0.38284686780145804619 -2.70014793002403274969 0.29106123383789572756
-0.59895908872252778821 0.24017357807341799258 -0.32743268507503398013
1.72224663301573865937 -0.39435692369529462553 -1.06916027729707607818
-4.19026851885052309399 2.72862756202041278897 -1.74496437014351046813
1.31786482075638211597 -0.52380303849761933321 3.17041437268823589335
2.95341968739376081743 -1.17656784630787525359 -4.34015601948641904784
-2.77255992444490662052 -0.76417954471864080190 -1.82587351270723319274
4.46724254567676748451 2.55054838679893602915 -0.19277034033816331515
0.65117602610612301817 2.53174576268414330826 -1.18042454639709504249
-0.86193571258768830745 3.15829510188256712411 3.92239557134229510638
3.68874817955843337103 1.21531051291118163959 1.49728993593891690495
-3.53781760350775664747 -1.22111958636741935180 -2.32217942094475171544
-0.99225331408548100853 -1.41470369079263580403 -4.25520049541745759569
2.28138144231382078431 -2.72719745583919515042 -0.42342130196803129394
1.85057119384788038019 -1.41484701102453325205 3.88337341805480296131
3.48894354806453588225 -4.47452289294879790305 1.55929739445715309643
0.86204066230617204525 -2.62075236759050023139 3.37497476356374015438
-0.25969087843060378873 -4.38451160154609631547 2.96296944232001724373
0.15389766605172372493 -1.48646678973176360472 1.61758412998985789955
-0.13365622403678401042 4.36193005325743587974 -2.50223293172951022356
-0.62237200980649642901 -3.35310979629819039260 -3.20030752125104012151
-2.59866018366665096906 -3.63966126525750377496 -3.14911050198324593552
1.00404830992576421522 1.36823459222231580412 3.69196090735463133825
3.37518499178878617073 -2.01343203621097144307 4.20914620298632780049
-3.50510708368738344021 0.96755243162366699750 -0.52497065093508332723
1.79048825037934467019 0.76076744132689544386 3.28296121365405824122
-0.07315669242755351576 2.22338744845764590963 -0.28307972482034315931
-3.89537033043120084486 -1.70683636903250324224 -0.63164574640435677821
3.34895742937876050860 -3.53776111007785054596 4.27520100523034596307
-3.05910958788335030079 -2.38798622791248815744 1.68780279021952139828
1.51220606702835436153 2.66171076907037207349 1.60140613430935996320
0.89812720544218827001 -1.70500828996170028518 4.29074834004827376788
-1.83637052034081627028 1.95476377439732473817 2.45102114809610149848
4.40358866228210654725 -3.20832812681255941101 -2.34624481291213138334
1.96853321895911292927 0.38420146772178487282 2.26488231370513570795
1.44338101317183564731 1.28482650189658631490 0.78025919551002154151
2.33327835970973218593 -4.40793622476151725209 -4.13774708259850765302
2.27690164639574899041 2.11047094318391170731 2.91799443779883471706
2.15685251289062929203 -2.52432742797580722538 0.61987313036147195788
-2.04810742611694651671 -1.35993785451149129528 -1.01174280291447438174
0.96869059747539409955 -0.75705288174663065703 1.09840080732003553265
-0.64097668523154016640 4.29601988049554517346 1.87756596173712964060
-0.49492528277285963156 1.92481503338940118653 3.15488920939762707008
-0.91267267378267291633 -4.07562306029296550491 3.98538086418299553060
0.19710294309936493562 3.78375315022160396694 1.61193535418701738848
-1.08671029868912238925 1.85301499654050250143 -2.06898884340274502591
-0.50547025752751473249 1.00146036175076336150 0.36875087163584563399
1.91397299634592599205 0.22772119709993976500 1.05972413908475093791
-4.29927774975184906481 -2.74937965412156870570 3.36682403663421325746
-0.35219468114666430125 0.98231827442267416473 -4.26602799034637314435
-1.87510498508180578625 0.55653814422963776565 0.50574301568063884105
2.68699203478232195863 1.67918884750133212691 -1.23634966549220415288
3.38436460566074703848 -3.18214323715821700844 -2.56375352167249337398
-1.87464059746873079604 1.40794556984767371688 -2.74611362542851678015
0.22407442462635884795 3.02205015094321982616 0.77687675546255441361
-3.98375231980045407809 2.68790266686068068935 0.76239365200942721401
-3.03996100670860558424 1.09781489226636974621 -2.59129185574534837144
-1.03676888461344063330 1.02928193630822306659 2.74004837753310770410
-3.90660629256574054580 0.26947107058207731001 -2.83897802219760642117
0.09697924896344112256 -3.02944104749305642699 -3.89473361485588798203
-0.00022005278882986090 -3.71341174094921333548 1.94519841086832290245
0.29704819020628381310 -3.99432721780557509206 -3.58150829460603326027
-1.69659549474250948009 0.23551139021867406598 -1.47693790847564798696
-1.85860056678249829787 -0.06872321436004025230 -0.47470228578750095494
-0.48892136159553434283 -0.68225289570315128529 1.09303811742639833682
0.45821096861735455263 2.13706849343838545252 1.93683486159312945318
3.43365321051169214428 -0.19034803091406438114 -0.52885367554590434480
-1.68476396602110334300 3.71543459118190977364 2.26413338461835866866
2.65265143561278726736 2.60935448393742053241 -0.78129097490557919414
-2.05417773123321278916 -0.16188498410121976434 2.41183251000694465205
3.56034075194092647365 4.10430000674289185980 3.02807983600339980512
-1.36259676161615894685 -2.31962200141879160142 -0.38851850757872608000
-2.24156371343096516568 3.09974073224133217508 0.78630049834409820875
3.00601014694316415188 -0.24852124648214335423 3.17594363159753889647
-4.05535420719880956852 -2.56339557708509557798 -1.44742671450199322791
-1.08939011893432846634 0.48722943054078360348 -2.63199055778074431089
-2.27918701705757964504 3.46442038559739362569 -3.84198154219741283555
2.22245292928505566721 -3.89900370318667510716 1.58787700727453273686
-0.40003458335232267018 -1.66524725453697941546 0.65869021821895046287
0.30222771040923479546 3.53172359908100741421 4.17119336721566380533
-4.32353245469933789025 0.53281270428341098722 -0.91239730484721048853
3.08924239875334460947 -0.50936315009034505152 2.01002205179097437338
2.35663558164471087508 4.21075587749845414720 1.92237056656930160869
3.28969669848534973511 4.03990246742800263036 -4.00649456919321700354
0.86732493361807350141 0.62887626539347163401 -0.92559963992129512533
3.82455483616348512754 3.55878105496709995492 -1.33767639785067071756
2.00980428756604645457 3.19811215045599528395 2.41604273387567314302
0.08588253845262627806 3.61482095704181727314 2.65372497440555754622
-1.31654515443328490321 -3.60528747750691014318 2.46251551810436009049
2.63472805321476144513 3.78561936986068925393 -1.29380203876462296364
3.94526500225844412029 1.54647149981506970562 -3.52011081301337869220
3.75314413452490835965 0.24813705900616689348 2.65162184264222311469


