187
3.50718426842372199559 3.46176650413113407012 3.12037690288285585183
-0.04704494999464614580 2.64864343641439337063 1.04487364738484789228
-1.10388823237030297975 -4.09226580512278825807 4.35124696710725356041
1.72755802303390293417 1.81428452607458456924 -1.16695784752409270624
1.13918661525403752677 -2.50021704882313811069 4.23375306819664576352
-3.39711423979355808811 4.30995724330122254031 -3.93200782560565409440
0.88035448108139569001 0.15886818851373885053 2.74423800646813109694
0.12012156701981879792 0.88158089370376391258 3.43239951178429070211
-0.96323521379754595273 3.17358184869377080162 -3.60011270038350073008
-1.46372491195677190134 -0.20969724694663316455 1.27475009135865047227
-4.45449229515306033278 3.26608334442329173442 2.43302037336959831038
-2.71797800100848085947 3.33014456005180115028 2.69027413048896590908
2.57447942830660192470 -0.79148133013947408188 -3.12564013565646270365
-0.05963571176630999560 3.49742854445348694270 -3.23151274359516094137
0.49607393523305542971 3.64929609282654165980 1.63743692847010002822
-1.07285011432927923636 0.67789240761564517612 2.04770851293376754398
-3.53009594359753409165 3.36622288804452374222 -4.27257681888106333190
-1.51443016476211056442 -3.63458065070557090337 -1.63792884801732929745
0.02553124081138058443 2.57058689149559160825 -0.13641272297849038608
-0.25631506451247876299 -0.04567247187072531744 2.35674295442413495039
-1.15930131823753557185 2.59616119546236756577 -0.73290085556415718315
-2.90633448324734233736 1.74229458402968884201 -0.28434715190170845034
4.47775886894606056643 -2.92103909192156718788 2.79326110210432787540
0.06680785652825083076 -0.95516661457562612725 -0.63018405353215012354
-0.73320053638947468855 1.05093344144482347957 2.88381531855133221853
3.44802031444630774359 3.56559280830572955523 4.24638345626884383677
-4.14075388470943472896 -4.27891029435840852813 1.01003929399726022353
2.00967905595228923943 -0.05039610002909888919 2.82733929039248987891
2.12399859219675679611 0.88494230427871034550 0.79515436115260040850
2.15005651847456302761 -1.19576831370284564215 4.38025026389281268990
1.39526589262429556726 -0.42218640858357225909 -2.08007132146932560701
0.01759604690078386824 0.55114274692055786886 -0.12706239409282638064
-0.35052414436225109995 3.69168582018046453896 2.34618307697090333619
-1.71862630090452350728 1.05716077855694567944 0.81636035934669681779
1.93296526362633347418 -4.49363661715909668004 0.39819281632663283688
2.81223284382712712670 3.76711403745477912963 0.16041472915281751455
2.53274598365294778546 2.64235434988643458354 0.66507625572178508122
-1.43215819461272086954 2.17109100609836502827 1.14821823561069269459
-1.80479145654541150989 0.11460791208923115647 0.09622879079692214788
-2.42082467292536041015 0.54262952686101684208 3.70173509990663607283
1.59776200352069341903 -3.60633980548332466753 -2.41052013925327957011
1.15896280651129757189 3.91551779833628099681 0.15804936501614630373
-3.61390211581273224084 -4.02214540132122699845 -3.01266372941665849794
-2.63668353610355854499 4.05102232686258201255 1.54421465413715885973
2.93976455982122519828 -4.27426345896750081721 0.53458567669542400580
0.87621802930486047956 0.12535127158319703256 1.70919973118485657437
0.95575313333162892349 -1.52344936648070206076 -2.15676348665844797026
0.73572258464421214086 0.80176125657787000733 -2.88886577415984069361
0.29267627021808184651 -0.44108103363963735433 -1.68650427531865387820
1.72666498287028247205 1.11761521070373692766 1.67735999165573179681
1.94143715227045188243 -0.09095129302097682000 0.28008040528816025017
-0.45502140689961922959 2.07027565628193332969 -1.11823345747019242680
1.11256841575632314800 -2.46494840042973262229 -2.38889451562933752271
0.63193470565069187472 1.16060576594233388903 -4.14449712961498395458
-3.95840479452427107532 -2.62823105805563406179 -1.27853357994028815625
0.74214477745099571848 2.72469039179152883179 -0.98286639647868012659
-0.10622914941363781338 1.52085826150151337544 0.34723969162696377566
3.29328594602822732895 -1.25538187360241604296 1.91015085090309799654
0.34820967170225891607 1.66374842790183041785 -0.69563265657588368995
-1.87132999770572361342 1.96388103028675065076 2.21716070672663345675
4.37110713649756998933 -3.47639955899865737976 0.51370974504464061994
-0.83338020865226880574 -0.99886243103996585901 -2.74073255215548572394
-1.95412933052472448381 -1.39397066653737589093 4.53417863115455954670
-1.84163403958675031546 3.32395553877336613624 -0.60996490998994312704
0.86686749742025437371 -4.48671649018937834796 -1.24372938510830444159
1.21064491556218722934 1.21867350332965695969 -2.09593120327831483607
-2.43521154571992592963 -4.34899140266299877311 4.44885508574429788808
3.27173822187540519479 -0.22004754273885573923 0.53128668707140835892
-1.17928135715657500526 -0.82894400753148378413 -0.22080758770039832228
1.53163471044477983440 2.41068158607605109722 -2.12555710706416611799
3.81076641118223502502 -1.30659230801156933666 0.40577649245924174437
2.48250030751507821947 -3.40887779594045170484 -1.56573399182408401487
0.06399677204958997834 1.89252125384259262120 3.63021640644405163556
-2.64136390700846712676 -3.49074161766239754456 -0.77549786975177115167
-0.28701328363402023314 -0.40649329484285789960 0.29307211499322249892
2.19666896540230549562 1.89541361531774565918 0.06693152414531677863
-2.61913137275195539999 -0.60083552806247819689 4.05218393778321495091
3.83622862666290398437 0.33661919236227433316 2.83393786623168875138
-4.52993592947991974285 -3.18269820965972627391 -2.43485422516906657719
-1.55518176796355511726 1.54616903253410686858 -1.21338146350211495417
1.01936202405345444078 2.99304367108045799029 0.49445224161355749715
-2.58349690969428058551 2.40973293479806027761 3.65225393959029442925
-2.92294123396356564371 -0.95013618881110684100 -3.84159456633532725434
-0.08174142002796269679 3.62246268369905966011 0.19093390720899261481
-2.20659452630783192717 1.06357583455009585549 -0.25522293945064422616
2.52975561191551090445 1.90804207178580131909 -1.92021465324222972981
1.30986794020055707932 1.18565247859564149024 3.73228293258134602439
1.68267340559604683392 2.06166495450800013600 -3.41890509641278095287
-0.75774026279295902953 -2.94774254469194163519 -1.86485054949107453837
-2.62815140602719043983 -3.62703372515898303519 2.90750609464719911301
0.45377861581358125420 2.01606464208561764195 1.62892059337103844996
4.07327800148692720228 2.95455121878268212043 -1.60840478921275664703
2.88648115556447582009 0.70581975448824696429 2.22866864791388596956
-1.50718204034710456796 2.93731843469255426982 1.84365353181649727077
1.17647482851517359848 2.84024109040494465717 2.24950466432871021283
-2.11030373873037779830 -0.98288475045649548179 -1.69767671008897469420
1.17578723970717025082 2.16883355996683224731 -0.10227053466505342527
3.38157255144648960510 -4.02199958512771527097 -1.31932872741777318382
2.92532678331837825425 0.36146050817321029314 -0.62431052891449345665
0.86898051005683463188 3.29322759813140297780 -3.83065784240253792703
2.66017252713908813888 -0.15674091191365846498 3.79617054340633419685
4.32127144442376032174 4.06183509541813148047 2.91761771145610548928
-1.54999654724435576014 -2.86517565539368179728 -0.02519523961122605016
1.68044442431714724506 -3.29825262606502178642 1.08104250169008153648
-3.73060688270174534154 1.00770880511554050685 -0.59895320271781482546
2.10552234920873093671 -0.98474811643793724869 -0.61578690544085024072
-1.04255743512315479649 -1.00642351628218840176 -1.48060603727519168871
0.40243888873648980820 0.95885573587010597407 2.02401427762037400271
1.00908226163280723142 1.77029798239560776096 2.60921335663244402525
3.55226233244117306498 -3.12296526169791555105 1.97674929382092567920
-0.54548251132954561626 3.57224140943480872323 -0.83947535467053935321
4.05398781134667718362 -0.28469703944285207342 -0.26651766346173122457
-3.35048639155914296239 -3.94283356118268235591 3.69185828662841597492
-2.08392847497303268511 -3.61031048480355609698 0.88824683104780532972
4.38174403998178885189 3.15368012569165490078 1.46054778587099587384
-0.18184140816028726562 0.37615317780441426265 1.23507487898216794520
-2.82457669652368137392 -2.34986545075668296079 -1.32735919627668641496
2.38624099149772295192 1.81149015696890192118 2.36548461993321179619
-0.43738514102313974519 -4.39956421399265718009 -0.32181259795545713587
-4.39408877437879308303 -3.69568503677318282996 -0.88540719454024374713
1.28025324878979063215 -4.21712910454096068236 4.36488603465238877988
0.65512282461019211155 -0.31941578132341330587 -0.03291621368372865675
-1.26057159009116181991 1.33779776517540405223 -0.12253509450984090279
2.69296173026501595160 -1.53454144244255541452 -2.16016065660802913939
-1.31084657595129172591 1.03073169038426648569 -2.42858536517461365278
3.96746160186649898804 -2.93512294017555719350 -1.43672651133752982133
-1.70070800787629750062 -1.82128997332895625760 -2.03311360606283741959
-2.32856233411710755732 -1.53005430182451584997 -3.17059962586778087967
-3.86475341966313257203 -3.04471102951585637086 3.94049860015830955007
-2.60394356725412245979 -0.43146677703023961215 2.19584978660005969431
0.24980095978325866923 3.92738330979565031242 -4.33603046000236602708
1.87581978217818079457 3.18599386494748681997 1.15570772679681521566
1.44229803771059916784 -3.81858799843200280577 -3.48879140343767080168
-2.34492150630294560187 1.05501800094123954210 1.98680927132052342898
3.86162468134708003475 3.33485333532334848883 0.13112182456990595369
-3.89374650507226860441 -3.01548695563857327429 -4.01202669048437776667
-2.72295362629402815102 -1.30059422939780988671 1.55187088597582167893
-1.16633646809204449823 4.11219041265609508429 -3.91336446809024085525
-3.67162978429660924462 4.30796903467959868550 2.51193635432681539044
3.36791775284179362160 -3.21313947900489038645 -0.44218774276055583528
-3.10143862242379242389 1.76225826593479784066 1.45766159674327955287
1.70179972023281234073 3.09262313274093347815 -0.31081331258019595509
0.26011076022265999796 0.63059659584964666834 -1.88708328623832244375
-0.97104066820823531359 -4.19012733752125399178 1.06812779960022208314
1.44487592718234481026 -1.46187323014676495703 0.02650362690649465947
-1.52665005027979683305 2.30325866730015871298 3.28700816315591737293
0.18954849370508508599 -2.52856679099921777265 -0.40609755282227233408
-1.47398310577355484696 4.48174609532925583011 -0.19566722906540956473
2.34922145433165230344 2.42341799477103592153 -4.09570039159627441450
-1.16763739628562923656 -3.57328154302152345423 -0.57745888505657605450
-3.84093192389251836261 0.69914555277464618399 -1.76302196628809859646
-0.40475080035079979979 -0.06073338710796694073 4.04316374635268172000
-2.21665914218769533051 1.91264000808032985645 -2.35032834878962315628
0.30548331577283427407 -0.40731060989909995129 -2.68047438139420801662
1.64776779336709733315 -1.10452138470619853905 2.95985018572018088179
1.67801975291340532692 2.17568088356054634147 1.32487475875908433665
-1.85505275237471289884 3.96422667719300658717 3.13455569984542936623
1.12173709161904699982 -4.35280305406607759267 1.15362996672028206291
-0.33327726055099127223 -2.00963923297445035132 -1.79379019959981533816
1.67532458536035377961 -3.17083110906773280036 3.09458858214460619251
-2.91342443685833396572 3.00883600203502243886 0.33463478744384467234
3.55462266624575828899 2.59848259359087396803 2.36351167274035400823
1.84254797201250664074 2.29029217556388697830 3.27961141962005431338
0.94598180060315684159 -2.01624499458729067314 -3.36570232728313056825
-4.21601852805990429118 2.82973936658564717561 0.07147323597845467447
-3.97710596098199431481 3.81531437740707257689 0.55744572077142073852
-2.18771936511675146875 -1.12610146390632470670 0.48122332209629803401
0.33485371791524976004 -2.65153533665070817449 -1.67250758756830686380
-3.83667391275819724683 -0.30856319562381440136 -0.32207320984703979860
-2.95831992760535733566 1.38918523932557658185 -1.74437990127910413918
0.07384749700655568461 2.64433010669396217907 2.42314940277232171439
1.04592955012523258773 -1.12809665778819478987 -1.06118725251898826656
-0.93432662737967087097 0.20784282206502346924 -1.83281263941464445111
-0.52568110112035881798 0.80997533458793924410 -1.09068535208886707721
-0.01006799410814007700 2.72183763074770190826 -1.98941806965185330469
-4.43248657404642987245 1.39971963065331195253 2.75338432421884604651
-0.12348160650899053792 -3.28429262108712638479 -4.35917445062402464373
-3.60315610627162241641 2.68111984767167221833 2.11344471746204298768
1.12998800341011484960 0.22120048309124751285 -1.31416849274795399793
1.25127782146067012548 1.17754850553763734666 0.32661503670017033585
1.32772184509790847073 0.13837824056570102726 3.99168337362178515804
-2.37889602785351472747 1.38716699205726623489 -3.37315986956391578033
-0.11215915583589897153 1.61461418026631253753 -1.86205575411009593978
-0.50018875322539724237 1.79362025317702311611 2.01659333128193996032
-1.20893781076226547455 -2.29005626755629121405 -1.11781763940152467640
-3.27349386021179755701 -0.05263077502470459024 -4.35134915470375904789
-1.15283963358022978341 -4.42198378989449736309 2.63023763291689949284


