470
-0.14959051161119774065 4.40411866744026081477 -2.79804269840570496442
3.46646011000165277238 -1.95363684731611542134 1.90057078866921713711
2.77972714698287770574 1.91897668672853516370 4.47887432720939759889
1.57799576817663567141 -0.95721073915148080502 -0.24896383357384266333
3.22578671522700144436 -0.46568792334955411150 0.07451629326246500540
3.26969382849955270132 -0.75726673611418782173 -1.18816207169278964528
1.82282197235537513080 -0.15202141108625077948 4.46576392763965390742
-2.52394656275084061647 2.58536418108850885034 -0.21413431472836474967
-2.24618479879033960955 -0.40242996274142228685 -2.01004395589973450242
-3.06886612281636317334 -1.98331233887407032412 -2.69179898480272949968
-2.97443065347906854257 -0.46438677739677114431 -2.76566761055052712237
3.19972229708122402059 3.31165691444240994912 3.18910406464706941421
-1.89522308521738436227 -2.04213452377180004760 0.51995001805919471849
-3.27909964148527599548 3.19690199622856408013 -2.15445303271235388820
-4.02718815302995203353 1.76233203297411566979 -1.58882825742753919229
-3.80236232865094958555 2.56258597189534231831 4.04753772868081451719
-0.34661861353357981130 2.30567732772214828429 -4.10414281514450696164
-2.15394807911256291888 2.00357533229911677353 2.16008139091383633001
0.22914137068491502447 -1.77526103650270528078 -0.08852240344605899480
3.44022714423721875932 2.22466189276661463481 -0.50937033696830091856
0.30971277391036089455 1.59534829787307419480 -4.50170146051133190923
-2.74819660218709405086 -1.52147999297466363089 3.29203277419466555642
3.08808509828533583885 -3.96836264690270912325 0.60539028728904487053
1.14048082528557426230 1.40783002924393141342 3.15865002049107701509
-0.50631409086121426100 4.23167783441837297431 0.26852134379634318151
0.69160708230880896252 0.11559909317362748737 2.91842123879445747292
2.20661803392773858690 3.79956705008754891395 4.03634515072550303927
0.74486314173813816808 1.44306242299116949113 -0.15091214145072751052
0.81385349647844851262 -3.10991872754495091158 2.30921745440174763786
-3.13200673683253683066 2.57082581864732429011 1.82295700116450465345
2.36921172437233806818 -3.17629373052518770848 -0.97947349953187412552
2.91394428035635488783 2.66389107758614773758 2.43942050184285808001
1.27393533195601094121 -1.56506920032995511249 -3.08656179522368478985
2.53412324297006374962 0.68362989425832232371 0.51694022686565155311
1.24385035947954403213 -1.66153724286957515943 -2.10286274651399285318
1.86182897752864207064 2.83404862398812884550 3.89950480137563015859
-3.84727230417784227257 3.22288525900176114902 1.60846095390701115946
-1.17304170677133345890 -2.16645775613322255637 -1.21699481024637767845
-0.32541663824902755664 -0.40862841590882226228 -3.83312082245018848070
-1.17432490162169456127 4.42241500973916590311 -0.99688329051048896190
-3.10645012739100367938 3.95291491073350886865 -1.39377862106077143878
-0.17698205568100888740 0.89735082657641651593 2.76033286771446650931
4.18765009690629508299 -2.78160335956178572658 -2.14472363109111530122
3.70988147982574556494 1.98573964324511376134 3.51484549770433840621
-2.62315008823361184298 -2.24708631560445315500 4.49913157649780526270
-3.18557660749270610268 -1.17186173737158005892 2.40271927160189679995
0.69631568130239251957 -1.20968862275605593126 3.04517141412509761977
3.76113165901587809259 1.08446182853927108880 -1.96016756585948970226
-3.78642590562494696371 0.93327558378425301555 -0.91829756860900113580
-3.84253177450124727699 -0.41684127386966984830 0.71034218581594910091
1.85613428018034287703 -1.07980267242648242387 -3.94083223187394882103
3.53143863556155590544 -4.10847622119220190484 -4.03397951927699960351
4.05265056168923987201 -1.81796886343743935299 -0.45855455326840921515
-2.47163045103551581860 -3.33016054400405225877 3.78220418147024783906
-4.26491506875988957148 4.17836896352529318932 -2.47842924583854395948
2.33199351471267402047 -0.30325020505716882013 -2.27655060045364310284
1.35003047206111492784 3.95867651755981864170 3.21915352283161659841
4.45515494924672150745 0.80432353326568684082 4.43939683870327694848
-2.20499387985513051191 0.51877162773631102510 -4.18768184304324364575
1.04228100482724173048 1.28911892755599488680 -1.22524443101596691719
-1.09756508575947453465 3.00154420790315867862 -3.94292588766854912308
0.13101802036174969857 -4.40676532472175086497 3.63353352840268950530
0.83463137384454277878 -4.39915751050533643252 -3.62547997387247855627
1.92466640224551266414 -4.40632857823547574583 -0.37666254601487914044
2.41406052978016028021 3.23265726624266402922 1.74857720299156138566
-2.01446992296764726404 4.31494074148579098704 2.34288353562901541238
-3.57287607440817867044 -1.36224244490876111868 4.21060620273666241786
-0.13124609105582063506 -2.10745950673517468132 4.13979781656839929127
-0.04738587833993612719 0.16572762838913757122 -2.46069129025220556528
-4.06824017854086683599 1.41891448326577318539 -0.00383935721853223555
2.76578133057489328195 2.58512756762555273582 -2.90088532672888366193
-4.33911946328354236613 0.59020946876317559315 3.50959284443764740757
0.12399376213266322111 2.20411759801318485330 0.67272306336526543902
-0.29343792979814331545 -1.94812121581895780764 0.86701672285912145810
0.91708119350174666096 -2.72017776816451961608 -3.93021947628982459833
2.69701418676661486273 -3.68028240789872818084 4.35512445773310918895
-2.46212823225411714390 2.60641956171864119796 3.65716579599646340881
2.59164007159145803882 -3.06229375113165502853 1.09169193615151627341
2.34348049537790092955 -1.66226677259071342618 -1.47905553174317372367
0.18465892367553671249 3.33037791001042204897 1.51856295530123386328
1.81203354422524665068 1.14085183481350860291 -0.39136860943642481914
-0.92956199728212896005 3.39463204051587918997 -0.38698118024460459452
-2.15520695870475487155 3.57141333771013247400 1.76557607992980880596
2.48583446580809575011 0.68417052057069138726 1.70233647755674510904
-1.37822003692295735888 -3.87238906095394019857 -2.44977169066038502621
0.63375664592061298208 -2.94724311158039409264 -0.99294168237384550224
-1.17193222863452550797 -3.37845111737608227997 4.04436911709526381031
-2.16231686463812922128 -3.22363856449366759094 2.80217380321248565878
3.60774823733556448957 2.22545404511337263642 -2.36443103980771995865
-0.13606219067377178789 -3.97848125694193077706 -0.88424353623222717857
-3.44045961624585583394 -4.15645610507268514766 -3.60227145034504658838
4.40613544209858520873 2.05060516434021700150 4.37897877773038235460
-4.17684377264470896307 -1.34961981102136263644 -2.17545545476508461746
1.88230739927852308568 3.99994479320613205431 -2.82412700882899292409
1.62341559353064024407 0.33532725865722667891 3.26841883247054010297
-0.98885291732239011253 -0.18816210472691619060 2.21210159722947086181
2.71834318051582357612 1.75137276646901085542 0.21831274576614756455
1.74120185018879425343 -4.25216981674550531523 4.04258377653052303202
-0.95194310785848434975 -2.04583851610268840915 0.15515419889363712969
-0.78141787688314012783 0.93828472643810023612 -2.82395772362817387702
-4.11058092539027075674 -3.92905786465057360601 -2.02329227608669803828
3.75184097320247555984 3.47624386379301686389 1.14794750241404397428
-4.43336361621957220081 3.77656909726845757547 2.91926175557236700087
-3.91568983380539492600 1.34119187081767332614 3.99763817217766170842
3.47216667206566764747 0.37039700252590623819 1.24653102616332400743
0.86165327924456391884 4.49392421623156845811 4.39648919656603442974
-1.97181800504801429952 -2.91439156130309351411 -1.29051763021709442469
-3.92507740934948667899 4.28893996858490478274 0.28675425959163547418
-0.89949051293598625278 -3.13480828117173393466 2.14686917539840127489
1.54077644134842817181 -0.75861625282698641470 -1.70186599922328607448
3.30722771078486044161 -0.90981131258200953482 -4.11632047580381943419
0.63621159099129265257 -1.79748614780174387207 -4.27439863731715696815
-1.07530486795419832902 3.88169235841701709688 3.05179728546582662574
-1.16457239085178976268 -3.44502208090188188905 -3.83878266319823202579
0.29458108828107487653 1.86858645884430263351 2.65076928771224196169
-2.40061625549816337610 0.55989639564384408033 0.77770684287454461270
1.53872797094084212688 3.54872104464517956757 -0.64659772196275211442
-3.11396478385263542066 0.04446747435993980702 -1.17174071507511756707
1.14296549852091811061 2.13549080186487572064 1.75013485037599902938
-3.39456104937552272105 -3.23391544497342886544 1.29798705416181459071
4.42270876225991660391 -3.86919316292445181205 -1.08697143723185796205
4.42932943599951212121 -3.14194868919758363290 3.59201888342141995025
2.58510076004483124734 -2.79100849050200405799 -1.97114889611590982099
0.73378847779315581334 -1.18103622159308052630 -1.04015512813214039411
3.95366647106429613956 0.05709714232988716276 3.41484907812543614369
4.31363243591284639677 3.26831522355985715222 -0.76791791095463235450
1.53578672316055797609 -3.39687273666504907510 4.50807535162415096153
0.86099565879455752793 1.03535114326493538073 2.20344358264379724943
3.15340306486274979392 -2.75288750653638558674 0.11333312039091314460
0.05605857062600794194 3.78828460268649624965 -1.25052671111410962368
0.38138426957010551632 -1.23110223958121078880 1.02640063119238256206
-4.15182215118890773908 -1.19033670843079697477 -3.28800844638318645607
1.49731041259331210114 -3.23741384071102977771 3.37215833818078802864
3.41986644540171180751 -4.14457422269425279637 -0.48743091244475600377
-0.54148634814721940955 2.15613321032730187454 -2.94457293265519792769
-3.69998579022185625220 -0.25338678427234562207 3.71458743282857017931
3.85953041958579046167 -0.87699528488100941814 1.41750495801941944762
1.14820688988665242647 -4.52102849561697350822 -1.19704112121324257600
2.54566070518818765578 4.43341645245557014476 1.63396063817935388585
0.48106006858291383566 -3.57073241155643517075 4.40411224207247986584
-0.51303430363857405183 -0.89824854272273535472 0.36128211876544646941
-3.97480125718941490476 -0.80970584622484853554 1.81960897714675073900
0.15354012248280923814 -3.44976463154781942677 0.04951603254469549853
-0.29560488774550819358 -1.74009671204036342473 2.72342984464285731150
-1.21252486844295503943 -0.94723700286809764393 -3.53316033191209921682
4.06051142352725324969 4.45348511540657288066 3.52378587011831445608
-0.54192682572242034666 -3.01797938566241796821 -0.92807138146065781825
0.13913340585691358342 0.82552224408253227494 -0.91924689060269271224
1.47873991139635041492 -0.34211377404170928429 -2.81701943835884893730
1.57590829158782863573 -2.44320181111889711545 -1.57386944561618014049
-1.39704690574997236752 -1.23703019955291892984 -1.90236786000837287958
-2.40353129330747528059 1.65566689880452955208 4.13842271102437830876
-0.06501978253683038389 0.31385542873649718842 1.40879710710699068699
-0.16691512211373193963 1.23006980930934872731 1.74843808637066633338
2.18691703798810888060 -0.67785913534901665045 3.40735003570481520541
1.11446262500492920822 2.81726711860750533845 0.54702381191067939170
-3.53501554602755119205 -2.19612638522759162640 2.06424618779263280288
-1.96709559866852234933 -0.29942811025118398760 0.46159614872269205677
-4.46080676177405699434 -4.36120039503760636990 -4.01312093923726376232
4.36064124629560634361 4.52194400274031504949 -0.32496803564013099219
-1.90834863844060009797 -2.38801627364728563663 3.45140579341610020947
-4.11626566462857290674 0.50997631918796937356 -3.80010645037089034304
-1.15103912518210860227 -1.47105229501068546227 1.46691252298032903667
-3.85471643882087366961 -0.01221416632130267743 -2.23538066744525520946
2.13836703063575583883 -3.33523210013001802920 2.50826086380103774331
2.45640963995389238761 3.41695737006078115172 -3.62169019197287278544
0.23674445693092849297 -0.93667657497259604327 2.01888148515401155692
-4.53216880505758989983 -2.49858743155560514282 2.65722681999444354517
-4.43639039623414177527 -2.77593933443538221084 -1.24273280107296413277
4.10414847831614704177 -1.75306366922688017240 0.65824713945661450509
-2.16176612779094323713 -2.84414715972679132960 1.42951880719292034883
4.05422852432206948237 2.57735451301028550830 -3.39105281628841659369
-1.74082974395946887824 2.83941251405993000390 -1.04781779227019811174
2.26739400213966479924 3.51985822015713889499 2.78801395074334301682
-3.38018139192030453444 0.36924914799677477362 1.80659952294820325136
3.45707873579013114096 2.83628612114009559519 4.47786526003212426161
-0.26774755061542077073 -0.57846617506329023328 2.95220672913136450433
-0.14911417026728113200 0.57963800106482299412 -4.38440866264157236287
-0.95476616542042247460 -2.82495704660945623488 1.10142092030799876312
4.06247477839835813285 2.18877826921009699390 0.64986731970058819741
2.39909496540182232138 2.11304334464472010069 3.46766115466412738755
3.31171146678419781040 3.17950864272222766260 -0.95856677465970552277
2.92514884092421834083 1.52237874176631304834 2.40141786726525463536
2.68718974409034760953 -2.77643965790524704929 3.55127239199658450985
2.43113582158561758462 -3.75574909785681354535 -2.48038402122587475773
0.88508934186598953175 -0.38432526309244785523 1.40289142570759661766
4.47441478033336981213 -1.35224803718630104399 4.52993850551519283698
1.41828549292285011063 3.44719252881175908243 -4.49658518314866828547
2.64302227985235127505 3.86535750768032126956 0.47150601317169282822
-2.42351514372687937282 -0.45283203116799519705 4.09731165330296231986
-3.68479877355323237609 -2.01459001001457682634 3.39802133269656980730
-3.57646406637255065419 -2.51491375011000251050 4.32499912693239974004
0.69350279413608006962 0.09067903205304972403 -3.44992484207140170938
-0.95995647517312177044 0.51322621054390982209 -3.70451902621447537456
-0.68436275860801742965 -0.40614348447956416521 -1.71291305101606150529
-0.80675226407946887264 0.48052286290833468030 -0.96486523631427045800
-3.15449007368722300626 -3.30830899884435991609 -2.42357600321148414224
-0.36179323248398365109 2.88977402267935890023 -2.11846356094973398143
-4.39604519644439051262 0.76683973979366903961 0.87996264187437045479
-4.27809405194750169699 2.98608465417220170224 0.19073922864976200486
0.34035614611566167298 3.37160846867977159746 -2.68193341164620635553
-3.69229905182614537296 -0.18662137829202674055 -0.44983592973318042851
-3.74039678181459711581 -2.05167234597579506428 -3.77979358846745183698
2.95808311922969835450 -0.39814924020849407071 1.79138510369165437908
-3.39470176318221605882 2.59501901800278833576 2.86713586214040105915
-1.57123909118302851340 -2.50486218071765698312 -4.22936468521726105507
0.53129807039142740166 3.14333806354010025785 -0.56453971964111948623
3.59493462336120739309 0.54494170960506060908 -3.90035791696427880382
-4.20907384078924629023 1.90739999935477033688 3.08512460678778310808
-4.23305182406448121668 2.74541347931566992457 -2.32730225095515930178
-1.36311165492857933046 3.82344728910773934416 0.75954780753713269092
2.26115041539431249618 -3.32119784872128942510 0.03731100194432279693
-2.19413888701057802066 4.52385757584628844796 0.85032415629043356375
2.67947896031867660582 -4.10532923549250483575 -1.53952024742420645609
-0.18727922793119944345 -4.34441838796339574458 2.50637868006199759918
-0.47490722678878505292 -2.07354506955796891177 -3.81685036403390842707
2.26381270722840977072 -0.58825918154016498818 1.07715363561657273550
3.32520853927687021212 -1.69626943939680696616 -2.50463724116985586576
1.57132361904041673029 -0.67965438450408655058 2.58599782820721291188
1.07921111667608915496 -2.56955147233215308589 4.07045244077382140091
-1.94643380066786875204 1.39099489269796183777 -1.31247309994041483350
-0.56715825826370958040 3.85251501107489513487 4.28450827736046502281
1.83680447580780459305 0.71796430241126518723 -3.63856279584199571175
3.84637937871083313013 3.40200463121788221343 -2.48271378682217669365
2.96702093158155211228 -1.98977866815637938203 -3.42365094361115307464
0.60835483460608852369 -4.47111484523122104662 1.85221708072716584326
1.12783232806611533050 -4.07428006326965697070 2.87565753745698060584
2.44226190959792344159 1.09766859384267245758 3.66798092111951046235
-1.24820353571993702957 -2.84509615338449428634 -2.26023411697643927809
-3.46603151415694910042 -1.67539349113445767969 0.84891111417090669988
-2.38770273745576711022 -3.90167546563368006218 1.65524924956405605769
2.63172424251546122065 -0.20810584984184909985 -3.28585868277436654594
0.14128663258297891048 -1.06934400936997375808 -2.91028158008851489669
-0.51554106989729042709 -0.69951680582449826673 1.43858528739120661299
4.33705782537314643577 -1.92668154670061086975 3.70782216098117611836
3.55314955561750966950 0.17505289886995978321 -0.71758809509981213992
0.77119589101183994018 1.37738976353296926902 0.95419557342871197392
-0.24164443261416401754 2.68482814994704721556 3.03511598353385192439
0.86538402316385099056 -2.13107217348509703214 1.87512880275614524095
0.69154218261440636439 -0.59849150440021148256 -4.15454662789543238688
-3.06625676704281824314 -0.96873182654437073325 -0.72319492955353847918
3.46725457210286780452 -0.75492819275002087664 2.81036022287390263585
-2.42471694702381634912 -3.94281215458971390220 -1.76659358154030154964
-0.19202155965792755410 0.13899305632511271824 -0.22058879335249592657
3.78904309419580886953 3.58376835323770936981 0.05980484603600100257
-2.91876875817698167026 -2.49818687092175606423 -1.08574560958462562610
-3.38743637490045701455 -3.78687228906076667201 2.38400817540226661606
3.30958782209871760216 4.31685266747158546963 4.25230892687460748647
-2.26334014266327798737 1.22456494752433897588 -3.15779328942503312305
-3.53542182315760511457 0.77605767906086864372 2.85518979578785891960
-3.45538337226740566166 0.62321826613142494722 0.38637972383930740961
-3.59297077502278039418 -3.15852007971458270674 3.38204724334008943742
4.18422199385799498117 4.22273772886344733735 1.77981460244651756852
2.30848926694495037992 1.67488261833459262107 -3.57301558135141394956
3.46762527470584824840 -1.81421008166371855452 2.91008456639525814325
-1.21142701475698011393 4.10576397081571098369 -3.79759396975346019687
1.87992843984640245480 3.40293398614272124547 0.84442088812553972588
-2.50040256832745733107 0.94461508704349128607 2.44544815617427691024
-2.39342902598993623187 -1.65459637270166970424 1.34660239439416695717
-2.18618969954652353493 3.26777203051809461698 0.50900992739379535834
-1.60731462779369405069 -4.48441476208589140384 3.75106424740080424129
-4.39752641741541250298 -1.14551106940063718298 3.06138032907786783454
-4.34438116616844549611 3.89107260613028227425 -1.34974236638146916079
2.76634986783627390139 -1.88999840237118510444 0.94716859682659126918
-4.35374936614956720149 -2.27380079669396950592 1.33896747431316143206
-4.01498279644871836069 1.93600693026162407051 1.16064995218423394618
-2.32397226527413192088 4.37814630606618759856 -3.76095089053770337273
-3.61918552048051989090 -0.45691932273393742747 -4.27610678362330887126
-1.83326714065749385441 0.29416255890075682089 -3.03533756234463281132
4.30043805106052356990 -2.37339105504845848671 -3.55428100396469215383
-1.52310415861134318405 1.84282095175478399796 -3.46829977796483079899
-3.85778144998148020406 2.45044948900631442967 -0.80000227181614125271
2.21214222289122997012 -3.01668795267985290209 -3.44637150808189796081
-2.89096388243876134538 -0.68004981934094921314 1.04823806537838759567
3.04476215266625960254 -3.08364776075849933434 2.09247193195621683515
2.31244058528486728932 -1.41220503500821648046 -2.64556587393855568990
0.96685127613349219899 2.29885266598462045806 3.62441188542728465194
3.85588435640380122749 3.29206578963879525901 2.34049574042453301104
3.39087355605486084897 -4.06145894181704658621 1.75632398385130716889
-1.63143724697831782322 1.02961591649047523589 -0.33529029649266473001
-1.33867938459871949064 -0.04326185558371964390 4.32444274273626572125
-2.24317305355576035453 -1.33962928887373955433 -3.62552804004829676288
-3.01409016662994400093 1.75090953474308808069 -2.00712064273140278203
3.01810996399485365060 1.53119601197428512052 1.14939000416182057762
-4.53021938157721759666 3.55487730712898741814 -4.23010918630431120846
2.12970321414502539170 -2.21795769393457797847 4.48490511097807154073
3.59175513546013025490 4.39079340065929013548 -1.59674024878059839239
-1.80657672497587062921 2.43073704316335170716 -2.42169198849633726667
2.09917892099151703889 -4.32821854010494178056 2.63417989700629995298
-1.70887686270505723130 -2.15043841707302574306 -3.15623463005045623575
-0.00218648892457373734 -1.06598185007079582221 4.01142856170270878380
-3.95243326862164590096 -1.47317631354877409677 -0.08480139223965998951
0.37838244957477851216 -2.87992336243654856176 -2.08302867606894581698
2.01536989414896616779 2.26978058861773934751 1.26856003257614613489
-4.00169098831097524993 -3.63831239319425048251 4.24654840874733263689
-1.96964113068308765975 -1.97964779467338924945 -0.67159245611998930059
-3.26767666681667501294 -0.98192764892432338186 -1.80363015454449948649
-3.93457040222457310463 1.54947994856356441318 -3.75556587751722137369
2.71015295463954242194 4.00911435615425393308 -0.56764995867692835674
4.20605628490047589452 2.47247091241033079001 -1.48000382271092512099
-1.34050239807861171215 2.73137654008841668229 1.45947860247734961803
-2.49587041735639347806 2.24276935376368324881 -4.10052798456447575859
1.20532467912480178995 -3.74637601461043656670 1.44667240687733222870
-2.74536485590768553067 -4.18687398269605903778 4.16909868189815124850
-0.39109851847893484234 1.08481988493962955289 -1.95685503262841953287
2.75389142725576174797 0.82672301760809485671 4.52757002686927645385
2.90014499059133790126 0.68089802537080679201 -1.69715409409288309206
-0.49764428836911456244 2.77142255249077518187 2.05812976791893298412
2.14839459770403617966 -0.02273230342243159896 -0.14861349192080108850
-4.32883706946614310596 0.01174368081035748190 2.20958553171621385758
1.46504706667027395639 -3.65348241135157003612 -3.22403856964562418597
1.89169080694546387633 1.11407076731305121342 2.50177424631422073986
2.17814609199273157003 1.59420165509523581449 -1.30601483598592604807
1.14263810563929357755 1.68590401563159719700 -3.34582633143635588269
-0.53486149771802704578 -4.17108334508398659324 -4.26647602772392442461
-1.49880196482744665332 0.56704775586802558252 -1.91546414464757752683
2.66287397382877966123 3.71899106035889115418 -1.57281097067395281286
-4.15927536302690992187 2.59045663827231731347 -3.99623016291326083049
-2.79651465066526005998 1.08388686568530445697 -0.53341815191217190062
0.27431083337087969198 -3.19923674901826826655 1.31982501266126295292
4.03640108192243740604 1.26525103653184967101 1.50662113198340108511
-2.68801327993161853769 1.55106571262807424461 0.44658368511086088404
3.92555677992620299932 -0.98509761716601396131 -3.25751150012603840622
0.03640685054649139829 1.28453342678245530095 -3.25229637328724940915
3.59484671313858594743 -3.78542511507615886401 -2.35823793629481981426
4.36424426790295161283 -0.40324837211948949545 -4.07036880930414834978
0.54437978251592689105 2.71939901956565766028 4.52748496718188331300
2.29660935819839107097 -2.48168816205105446926 1.85305264787346057886
0.36842085983819838901 -0.75738555768537763058 -1.83183343267966947110
4.02988595043170061416 -3.08574780158275574493 0.74583260603935386257
-4.40772383139775048022 3.47382685572356830761 -3.11470436475395162645
-2.17636040888910864410 3.70627881167169004328 3.46963331679615105685
-2.90946415177978545685 1.55943837183436695426 1.38778981742373286323
-3.64053501561796188923 -4.49974824744048174097 3.68508538852454758938
0.43125321397907345755 -3.05228154040526122870 3.43393818945250828278
1.25323187999591301178 -2.56150932209866155631 -2.74903318108549310494
4.01453826465087981745 2.05417760102860658122 2.20283984342828897951
3.02929708286465793066 1.13393983157389577343 -2.87634865766805924991
1.75794356457117473269 0.16786612308395021387 -1.19420667771982458305
2.37576854679850768548 0.13245236810434501962 2.68522387691170560942
1.66364207267709396376 1.75519535430681639099 4.39516271238119760056
-3.31890338957754194027 3.88509204805125829552 -3.92095728555049793940
-0.40745976046561072081 -1.24296378276757879533 -1.07023833249161004488
3.34407742773507354883 0.21712879768679016479 -2.65193870120515029498
-2.15990183477687613944 -3.53269799822262520195 0.36441257676095339946
-0.79346465504456498152 -2.59591020523994231439 3.37389270737297675140
-0.74917143286218523812 1.38364617055219873976 -4.37009424560180637087
-1.93011280242067728707 -0.05297537212337832813 1.66185383387624607820
-1.43999910813446474478 2.90412892077954776227 2.59414468014790688954
-1.14372130519107040314 0.46831673886965230480 0.97157396704150222888
-0.18037390808583175783 0.32359062506836355766 3.51583077579319880357
0.51183387352331699560 -4.01186304054628806171 -1.99163135432298687988
-2.97343973847825449042 3.04798593519285798692 -3.33242842853911147571
3.89090068188610427313 -1.71133311497846252180 -1.46247027849734534399
-2.48190308644158319495 -4.04281791990306604845 -2.92717556480719398593
-2.59730834013509293001 -4.33912235826074432765 3.06993635453788460410
1.02364242789733328465 2.12198846670505769652 -2.12131401000869290741
1.58317936618090815415 0.12284191293573787362 1.92203131622675638113
1.03283259743863897739 0.38472582212990413808 0.32291204090210179345
3.24771815963230725544 -2.21043000860092231363 4.50772308971292456903
3.90944420902020350894 -3.77426856607115190911 4.18934237745808335518
0.35866322217451784837 -0.20252644504670236358 -0.96346500651810407234
-3.00603409515035258082 2.73128938287656275463 0.80665365579939951601
0.10371062966478028500 -4.12111997981021360715 0.89971261205613117795
-3.13761410997337586437 -3.44195160667076960337 -0.48672978578600645250
-0.23999208438134722599 1.14160350672012711470 0.72290284374623059449
3.28389316571410638801 -3.01685554116255572055 -3.95769643412660876436
-3.80440003282588223854 -1.92596017227409621597 -1.30094388262143612067
4.49999051379566150644 -0.12645628410890452642 -1.05840009629455478191
-0.99867129395289833127 0.85585502880620101251 2.02445710575981241419
4.32396653772463945842 0.27493414519880143843 -3.03279327328513481632
-0.21020694541231943475 -2.99445398129428053124 -4.02899273337708585530
2.00902177006154047945 2.11134763478145437432 2.37890761117567794969
2.01857398192698145323 1.97264174388248747505 -2.53913985940500541716
1.44732675312518033195 3.91026357620016806749 2.07737889296209399248
0.83805731247716330756 4.04646661003232654963 1.02401861997116849778
-1.46160296392510158370 -2.84280779472828681875 -0.11987726071961368746
-1.34861935271071331499 -4.35479547102848307816 1.45865802369045649556
1.41849510633771291879 -1.45258577035150260315 3.97138182479583168316
3.01017869016339023602 1.16466108827702896633 -0.66526347110576855570
3.51227918234551506060 -1.14339245887913953936 3.88694594010786342864
-2.93598764624479446894 -2.60648529693966457543 0.17982432189186159377
1.10486179097613135269 3.23379853984817966506 -1.82422965689233285147
0.67571586612298428776 -0.15382014368526863990 3.97008185042615746596
1.26526563642620981653 -2.17181666895130387474 -0.46959581620755574960
-4.34057071717687126267 -3.56919402838031052383 -0.07641894612559685385
1.33843402465753413821 3.01596645606102331527 -2.95239093743428782091
-4.41062774769309218215 1.89018041985069285005 -2.94421760312844060792
-0.58676145795096701363 1.68134486116856329829 -0.34344320252552673622
-2.68894533914748246062 2.20315310414185017152 -1.16956914962501201671
1.44595971046230786783 -1.24510787346111939655 0.77885558094597140411
-2.57487914816342478019 0.55404751627640536071 -2.23330672263251539533
-0.90012958673391274544 -1.46469268584926259891 4.37326581297694172434
-4.33642680064684427066 -4.01149842695905345380 2.99737389245844543240
-0.02947792306614172020 -2.05048536261721014995 -1.62415069338123307929
2.91880298086663625412 4.05187129813306068371 -2.59704203900881935851
-3.76910545855649825597 -4.41538028599526111151 -0.80508567856632895499
0.46623690287031926971 2.71363661051773785715 -3.48591136494943487634
0.58038209070078305984 -0.66175012264516608340 -0.04936818100421280775
4.35838100388177007716 -0.69750262789224182214 -0.19102635737771844759
-2.96898957891638604067 -2.41254097303312109446 2.84066246959985413412
-1.56487067441369553933 1.47929330187022056720 0.64502126991756192353
3.46977312378823210537 -3.25885314780031354331 -1.38939810527689511233
1.89900023749415858276 -2.19330349153455728128 2.79532047279112561000
-4.27376268253672719766 -2.54271952045685178945 0.34745199233200274591
-1.91797461857703499533 0.38187668557054266216 3.36650950345247768070
4.48806422179694930463 -1.54249146567785277995 2.06482851286342761199
3.38352276130350748673 1.08709604332208265021 3.21211856110887783444
-3.18261474303576941125 3.52853430638221166049 3.65800722414204049215
2.54459087405397088588 -1.65127731019862533657 3.66192700456633080108
-3.51459703362445408104 1.05143626047933835821 -2.66132627387571663036
2.15909430205589369933 2.76624723125802596257 0.05706058312524664444
0.04124387380884542154 -3.43904611249225133918 -2.94114513854028469808
0.59225538818315648371 3.77822943975947911355 -3.88540489099464059208
1.22447765145945641763 2.83885480435657111542 2.51030360311769751291
4.45052724387462017575 -3.20239982010010004743 -4.13144372576228491312
-2.87528406893803367694 0.42054326731672553308 -3.39119947084581019325
0.84648883351505688211 4.21918587410614254196 -2.21986213898198814221
-0.23030362896785216975 1.61645414688901212230 3.48754689928921646214
3.51964118898742395203 -3.47218134248020993127 3.27167564963701273939
-4.20300817967786688456 -3.60097157571447334945 -3.12608334190408188036
-2.91954268300482766563 -0.14071805031325190782 3.05572513717929528099
-1.96703406237767852716 2.81101726904601179058 -3.34076409392504780627
-3.18738454949335459077 4.13191387164564627454 -2.76550669667535142793
-3.71871004310590436148 3.71276547426651593042 -0.64002798467758958978
1.65750588015632072114 1.20609425285227267466 1.40364192175163449150
0.56282200281759120486 3.40575421102258157902 3.82067716314702199298
-4.08182433712142334059 -3.86884144484551617538 0.81357286394583638867
4.36038537690552363557 1.04162488945974285315 2.66768528324536546847
-1.49178428792722073126 2.25246520456509724539 3.49850338490927637025
-1.76609313838015014042 -0.00382536999576110759 -0.55753404952605745137
-3.14512942344415780127 3.79852575801346414863 2.43355089892171605470
3.42525115308166849815 -2.80171889882173541508 -2.88076268112971334290
1.88059571564703720270 4.45881521198499175540 -1.85120345347211801013
-4.35779284911129760616 2.74607219322108164761 2.56344787374964244719
3.28782179505141947118 0.49301852129465917329 2.42689502120092459592
-0.94589048820574994636 1.92368242737813321952 -1.61659443653393219975
-3.01002231261447894539 4.16426849059412429455 0.00710834933941217884
-3.80957411983351024176 1.89046042272851622101 2.19460462239707787546
1.14729294571123219271 -3.57537653839143132473 0.44024514650213308897
2.96585610364744756140 0.11659518375089295006 3.57300216027484918158
-2.99094367618662060337 0.63289175572335132358 4.08658500455759554626
4.10254845125589096000 -0.56874101733854054430 -2.27751142512731874490
1.74661650038603522006 0.87021372012494779824 -2.16441316636898095638
3.20193976521149270553 -4.34742907181050153298 2.75627148144771627614
2.50020301095103558708 -1.04869954585353486465 2.48801473231351533144
-1.31991218468123783225 -3.72513299671607134300 -1.45426519804293841176
3.25315734731206607222 2.82132617349899295078 0.33685561088959925513
3.80766256067118558093 1.61875855603882090605 -3.73676200010380776817
-3.01304932367023559081 1.30964805958450458689 -4.21444196954205896333
-2.54393771991321893111 -3.59527461059875674820 -4.06394410069703759802
1.82790862453884805916 4.46638245999759053717 0.88731739381314156390
-2.51719891490119396238 -2.09734020172624457956 -1.90083565472596482948
-1.68609363466161843448 -2.07029633980859939513 2.30534161831188644243
-3.04105295523591712126 1.58228324881625770360 3.31339269638872746526
-3.37578311901605365719 4.47124025006742353838 1.30087934808535887754
-4.31933860094325527967 -3.86422328658580838123 1.95436693877439982003
-1.66179129225371191581 -1.08268257711315873948 -0.26517227954759281516
3.41495565682282720132 3.64892151602083725237 -3.92549237936053208031
2.17075148222712854817 -4.14888627649241481521 -3.97220226198342096779
1.07707472461143982656 0.66017846795958234907 -4.29720122649596980580
-1.60637320457962839981 2.09608942792375163577 -0.27132831130956791554
3.87065279921048688294 1.35315771955806152249 -0.18479378657276335218
-4.49409050194865944405 0.25047735943617421839 -0.10549674366263150915
4.13774617781826581364 3.25218738113133998269 3.79953102656787944369
1.35656025159267112912 -2.59271417912900048464 0.71522132865344634212
1.04024885028003666321 2.25371933900408016882 -0.72341734194271722913
-4.33173917178566103559 -1.15451003262143547801 -1.09854711322518827643
0.01289176206450903805 1.99143277513180638749 -1.12752228804141951812
0.53948149272882872651 -2.24785100312185814886 2.95877704658244855551


