31
1.94510456575151113867 4.30654177838102736331 -1.50241790967029054116
4.33622106647364002896 0.09157512535389589203 1.63265959569806629048
4.47098637907454854457 3.65864477563980816655 4.18692768845208984629
3.28501320923346096237 2.48960902329762046037 -1.43560867571262207321
-3.95905539677621520767 3.26298980086243961551 -2.42902438879836113372
3.80464758126971513974 3.49196015731761644219 -0.90893405515924907689
4.16151368484825123772 2.86669924261299424728 3.47832675347247732844
2.46617027317341186432 -4.16359620779939110236 4.34131533717056239396
1.18473024795470660564 3.61899410663623388729 -1.31468951685916524141
2.37340612029030584296 -0.30885168643987981341 2.83779874097464723803
-2.07054700097417532234 2.61265592091513276785 -2.42532984836890719293
-0.79691559109590581755 1.59145557976339357964 3.87950085442731928964
-2.37337617245702947599 -0.75425726943888582454 0.95318870619910800457
-4.33180078566464743517 -1.62598455993914914330 2.51633374825248967710
2.13967919717094545717 -1.64740701196381689186 -0.25222432324466836917
-4.07596604274041585114 2.92216521345481172744 -4.34419708208077981482
-3.65234472468671445000 2.53616709410718588202 -0.47874463372036135667
-3.25688376226532927404 -4.20909163073670278266 2.71966432523154999501
2.63180023260672069085 -2.09477617879567379333 4.53756081795676369239
-2.03884870616480773364 -0.02033228234372685961 2.28153073055713218054
-3.09021565477244042341 3.39133400789878169945 -3.42849591753379145942
-2.22605065709739591284 -3.88683454794924987397 1.02802011866289699782
-2.05281150292018654824 -1.77190492615423478284 -1.58236408569233244492
-0.93478357968050573845 -2.65025455536052234606 3.13891685327775782355
2.67511657430655258594 3.71023062663407277029 -1.02899564380515951001
0.48950668286517817762 -4.20137359870846704979 3.06177941029209055301
4.50285139056356431553 2.75373267570655588798 -1.43024549928492517026
2.87305577041291915208 1.00453718079350462489 3.50288210271463373857
4.17196865325332932883 2.45104701075392217291 -2.78119893425806052889
1.36719250900573552343 -3.60115600124262291715 -4.32963707726391078268
4.30309784717678933674 -3.56013733282986066797 1.38892447753895975637


