291
-0.22562671302090819836 -0.98979914470505336865 0.35700935843359804522
-3.60926950300969462404 -3.71077945455989155477 -2.54778080464591782928
-2.72983737607914500600 -3.86603175143381605494 2.62380270322702191521
2.15403908008706590493 2.82522149243416631492 1.14755775947426386097
1.15716447516837739329 -2.53847356516343136690 0.48253177916165235217
-0.75223139353465873214 -3.06181763343399504507 0.11856521713971446275
-2.20740843421101962107 -2.13919724347335193926 -0.44965890721560963783
2.19894160348214473544 1.55323378446516624507 -1.10702103830377263094
-2.21745645934956048251 -0.42118132954606846141 2.98404982712577915294
1.10960028828872303563 2.33632647313136398992 1.12325148917657280379
-4.11754726839799900517 0.91090251893881646339 3.12406253368348973964
-2.02101488740299695124 3.78012584095603809686 -3.22025264464082239257
-0.70552696578980311770 -0.42690054640634311767 -3.26621246127013487026
2.58772121219188377950 -3.50714024364559584512 2.95921777899693516645
-0.62294134530420919305 4.14319492831641777997 -1.18283904995089717005
-1.96360773368139085449 -0.14138227479161447064 -3.64985314751713696424
-4.32622512484190124837 4.28967105758346090028 3.97950838827246311524
-1.52482868142610517026 3.42457263436857139993 2.12425505829556460213
0.17699520080780484221 4.15763066682772741700 -2.73932789324156145128
3.06039510897950517432 -3.81979718948829871650 -4.42454799826571232302
-1.28992293138877478498 -3.55875620256197411351 -2.55103427819957495615
0.28310842059983887253 1.09906533666734151922 -1.75833109949221366719
-1.36311200556973499687 -0.22437482609178527326 1.74476869328362216294
-4.48043482388844260811 -4.10829913614533914767 -2.24188788277571049434
0.57987719800339032616 3.02855544104195484323 0.57610426568605621611
3.11672660896768149996 2.81595682022096571728 -4.22037925548880199500
-1.66133896146505577462 1.68619924353728389832 -3.27771228028498873286
-2.94904065048525199089 -3.64843195134546061098 -4.15861920020677455767
-2.41819036345270754751 -0.20290716447881251838 -2.52536858930159979764
-2.06269453811230185636 0.03572226090233865392 -0.00372690273820097673
-3.66382009336322411741 -3.46367280272801814078 3.45103719178262924316
0.77971822519464506485 3.57404340880930160296 -2.00494760315059883382
-1.10170009427206361252 0.72555845538590801880 -3.50036567698326805953
0.32205417759016707890 3.66638993477583330360 -1.19250877572846558650
-0.52389337481270192853 -0.35515636037500897260 -0.66329488996515006960
-2.03340836982621198104 -1.52370178693257329883 -2.93024868598911147899
2.82197809667862120619 3.26558139914177747443 3.76489956454576013556
-0.00747626826285419099 -2.19669157265637648990 4.15978152400489076257
2.38184346303019811586 0.69356787189350210809 -2.33916036392451731629
1.54825684395065454879 3.79966178367731810539 0.80504785357715658023
-1.54474487494511114605 -0.77895139616268505023 3.61045061796422483980
-3.33551678805651041770 4.15854550228543029533 2.17256806961915760468
-2.35132918718474348552 3.23953473331618990727 0.11938077823541970446
1.63259852072250577493 -4.24169461861373786604 0.16815681282110972461
-2.74519569811826524841 4.07923984816076323767 -2.39129127469802904571
0.16607665957738593221 -3.53241586992613099127 1.45600113466450853394
-1.93601013304803259985 2.73018843586850490368 -3.06070026508813564092
2.24719488564765068617 2.31711644032955543793 3.36450927914559461129
0.12510283973785085720 4.20663798910246011786 -4.18405453770371416056
-0.91765129618131702216 0.58389684058594859550 0.92740860264798730128
0.66028670781222853492 -2.94717237605645365761 2.24355690766448123696
-1.11009465593277223405 3.61941803081926050112 -3.81062936767508375624
-2.26017241348354636088 -1.07906367303701777871 -1.92161634279117965463
2.49827939059759263074 3.45500747951926268087 0.44292883623193812781
-1.18557847298168894667 0.69773066641016523448 -2.28124051854931009231
-1.07811414251797943464 -4.02904897611763956888 2.23232337821406634504
-0.84531878810593630291 2.29314399516639699783 3.70382331557589505877
2.29814604668955624334 0.41535253868278410039 1.56180101464779674814
3.56813942873848244375 -0.38392703032245822925 4.23268855918951469874
-3.43281984546268859049 -1.99195125266988615209 -4.49494082618900403503
2.64590239000755467202 -1.69573073399987173104 -1.81289624142485816805
3.29055661675917843212 4.49445458455095003814 -3.65382588565221766430
2.69499393195292213932 1.44428664245524362997 1.25825882799087107600
-2.85125973473827976079 0.18778788924433342800 -1.19014023961737125390
2.47888418054732539986 -1.60222866173037736814 -3.26290296581819250221
3.97249906003809538646 1.17132341824862695745 0.89167010157097159606
3.69667763520075265404 -2.98981151728429317416 -3.33200183911721348196
-1.35843694358930555666 0.42221118271434843194 2.71824582562255390172
-3.59393538486657160291 3.63610693954079078338 3.72513042969386543035
-0.65292250654580730185 -0.78520227399367170662 2.64116708731629401541
0.43229316631524117298 -4.43566779814663458836 -1.66003101825830645666
1.73413300795575331392 0.89612627121643306793 -0.33540745726627108070
3.66428272427580292714 4.03109400546840301871 -2.51396867046504057797
0.63445661476902071030 3.56064697774891758542 3.05553657012200918786
-2.94802874912338408464 0.92887460259344045710 3.23961257434504634745
2.73679812853030934860 4.29680066104779978531 -1.26500089559840311892
-0.65233580094457188636 -1.43253361645367105481 3.49626022486665011257
-3.02474552244809524737 -2.67136421982604366221 0.26978311147692579652
0.15211490808475858216 1.56085101186407460006 1.96956370716402862087
3.64477575191748659478 -2.56299677083191435045 0.81177244662868464076
1.82448072735305544256 3.02464228076169749926 -3.34149203842482922511
3.13210480456744200239 -2.54092044439134490119 2.65633479733912736265
2.17076503412770360768 -4.50731904223436430357 -3.37706088279336302804
-3.84981569981550997284 2.30236778834745958733 -0.34727824587615785390
0.79310364561263124727 4.23182730878447710410 3.96083824663164829616
0.45773406970276653283 0.72113005058251200552 -3.73625305129823548356
-2.49241644152182972860 -0.96279805914452021298 0.71929432929690850784
-2.89298469390112256150 0.24943954682780677956 0.67834652091051683698
3.13646729398859047677 2.39403567407967177161 0.76351064291711612242
-3.85117180007521353602 -4.50910003354654431718 3.05094292004066947044
-0.27556253863513902047 -4.53555269575952113570 -0.16443365489090311371
-3.79092719384061238586 -4.20605533874066317424 -4.11108443968632109033
2.60984623528769521528 -2.84898861954841509103 0.31202356928870589314
1.77715617671953740597 -4.44853598161343732897 -1.42333877291023291889
4.00604082086634161186 1.21666095067240043193 -3.07142670539120210549
-2.69780654862061730626 -2.17271892260387389229 -1.43409560703936644899
-1.35170881170630696744 -2.48949394537372326042 -0.96127496786497346193
-4.10781132942448401479 3.77103674339146177630 -4.13153934411160950191
-1.66745258404881413483 -4.50766588825316905087 -0.86617333821457176413
-3.48778338629065354226 -1.59507920540639247520 0.31420457658531564249
1.80808428531183640331 -2.95295968905083716649 2.19993652808951001276
2.03437457284433520499 1.54183174153573165910 4.03076457180370173461
2.68219595482852835033 -2.44852738713049378205 -0.75999660342962060966
2.74826707803493786031 3.72348045024825946570 -4.05462567954105956858
3.85025218821732106989 -2.86841042015831204637 -0.87648740299069505255
2.32812599857644997314 -0.77928954164703245766 -1.51172865100834208363
3.95238609268957663545 -4.21414370715427732961 3.30927497243313784026
-2.42301569683814399525 1.50866160610879429527 4.48203812748101437791
-3.10503218719798024239 3.02048540551791333542 -2.30357859496955708067
4.32094050818802255520 3.68163320057901710669 -1.89059219137676848277
-4.39126261943946083477 1.71692800656771193957 -4.28511278712323306905
2.27640747553285915927 2.90535802277125032589 -1.50956835524035870577
0.89725008831755825867 -2.43220341997943956258 -3.55768246198076587561
-3.86763490105464891045 1.00580212682059677576 -2.71813001947751375909
-2.11481116761910925561 -2.78895736588731679717 1.35993458344775230984
1.96995041450124386273 3.93040403864857790239 -0.56946935851295465980
2.93479927253820438438 2.26469413144655096204 2.65513166739930639437
2.80641723107811014160 -2.72791664081466400660 -1.73015335182453711127
0.02355891302598944748 -1.01417519539759082292 4.01626366318628580387
-3.67980303149279697195 -0.72669727632996750089 -1.38269022341447689328
3.73373706810424277336 3.74694222754753436533 3.58412743963913182910
3.73314837730406434702 4.41980956950563719232 4.47053724903943017210
-0.79763312143073861193 -2.42641550669744932023 2.94347688931425377490
0.84595373667953133179 3.48333049920740922545 -3.42779993409430083773
-1.72558613327137866378 -3.44031175499100916326 -0.26537854179862740978
-3.96574789568984442667 2.09717981316010693149 -2.11983832889505796615
0.10842080200629045095 2.79814272743418346323 3.56630559478357778147
1.14068549525612183970 -2.12973650582593165836 2.10536671572749423120
-0.25954973726262497991 -3.26595749455691919394 -1.00969190812536790958
-0.95218782645567845435 -1.41094465764478327330 -4.40033623940118534534
-1.97581344773739253640 1.16649421494711713621 -1.59608094559542923463
-2.30192063574534744319 3.22444583323529077035 3.33110882621006787474
2.47352800332203681677 3.04221786615276901244 2.19822596666281544486
-3.07673525581838180898 -1.90150021594201179553 2.81391828929638254664
4.01400559787452149152 3.56189815128722297999 -3.48414361286377838312
2.97332313454514007844 4.10290008036869391361 2.96333027917127811435
4.02038415610649391141 -3.24069595775093066692 0.13598402274519827415
0.10387057028837087813 -0.14478685029777160764 1.63574727762084570770
3.54732838892638735473 2.83149837160010431347 -1.74794420026884100849
-1.74913567206767961437 -1.76917046623921780935 2.85153512398126807170
2.25947530748292457758 3.99294984145751907789 1.71131574050420720567
1.03340770794496616958 3.88865332423393450512 1.86916217539290752114
0.08289570671428414528 -3.71095339630231535466 -2.64235690627803343489
0.45861048207688970280 -2.48764001877189455669 -2.58786717239774777255
4.15323590479073612158 -3.96267933535384209165 -0.90458779072588013648
1.42938672153863777226 3.08650694444797046856 -0.06061531101211858896
1.65569009706196279552 -3.95329387951155863945 -2.74170893513176050504
0.93422912016485781805 -4.33673319789717215400 -3.40660339568214265427
3.49736144204216525821 3.07822617746666526983 2.97093013137886341468
-0.33917133197072946160 3.37171803440181694356 -2.01277515873208612263
-3.34230471033943965509 1.97273095112681140506 3.75496662802821301597
2.82536670716774107603 -4.32271457460298158537 -2.30390035478793420154
-3.37209223669515489874 1.76694311221714439597 -3.91173667215502840477
-3.64824599090990719930 -3.59836728755961710036 1.98404853448370843694
-1.07469533662309935096 4.35778560232324618795 1.28052100392865586542
-3.30566603184573581942 1.53511631375295198865 0.95436630836974867265
1.16650227865137789962 -1.54701798958297764841 3.22418356803009942269
0.79129361834396849673 2.47215140370460684238 2.25703722130561335035
4.29823239733499473658 1.48652628584143542412 2.18881594245439714541
-4.22325957839332843946 2.04839879619134723754 -3.11014196964278077928
-1.84954511355163608854 -3.10485903870717860897 4.04753968107008166299
-3.23524556387602046925 3.64483473543743219381 -3.59911844522188495432
-0.66500781577270373646 -3.36004826413238211202 3.61738113564521324150
-1.34750818351975931719 -2.03999680568164309946 0.78567476388614387872
0.60605149860667850703 0.14586986119766276460 -2.80666853213344857920
1.11167719527649833111 -2.89552069695358449408 3.27302820553374118617
4.52483522217121869602 -2.90524028332248507311 -2.72001012605187986182
-3.89065465890718265030 -3.31767780003572054781 -0.03611665627381910326
0.85254855037236865201 1.44263251949816861952 -4.47415025083734985145
-4.17834917715884923695 0.92548751029468867557 -3.76832097043789637780
-0.35097273189932565174 3.39033928662006101007 1.17501218402330476209
-4.23961539356989902672 -1.60694130912187116422 -1.55176878038052912245
-2.95763813267270059271 -1.13252322306666552976 3.79783998958736912499
2.79314612998448463799 4.37535814663257571766 -0.06345370160454866237
0.80499026474508372786 -0.85253652483019237707 0.32977634689282897540
-2.99823721077449745209 1.94599368890751378558 -1.41831042806778340193
-2.65887096805143929856 -2.18584989069409507678 3.74947285209024538943
-2.19912377276651804792 2.21264765054008005762 -2.11595928375790087728
1.16109131879250515595 -3.97146420433036917430 2.10557232063962818103
-3.20614024515440654284 -0.43518056627554191351 -0.21138301214257904093
-1.99933838244221506741 -1.73265438674224636628 1.80825288867881628363
-3.04796608572400984372 -3.86040965154418769245 1.06480778841612799823
1.51114959804301118851 3.94237505079499239713 -3.94639452013568092781
-0.42172421332645626535 -2.85102046580248114083 -2.13729734506623447743
1.77664701746048425690 -1.23435353374803291615 2.47397980338193157479
2.05579330573724483600 -0.75418714012706145056 1.55945365175843253525
1.10485513849986904944 -0.68655437985384004662 4.15348495662893224534
3.47925913701295730363 2.02522484953888870507 -2.67688889633677895574
3.99245026026432636712 1.79280911545624999093 -1.66357257719069151491
-2.41040616266002105661 1.01420502258691147546 -0.20397564586601646397
-3.60930336634314574695 0.52844961463370232480 -0.29886680035780965881
-4.13838195043564827103 3.17914748929293633495 -0.79380460832692056883
-1.48087805769261526834 -3.13423127625693487275 2.60107923345536651283
1.77178385579570552011 -3.99183501832963028022 3.88413026640564407188
-3.24481861818595707092 -2.90694487847066884711 1.29187617280884037285
-1.67618739556520424117 0.75280241632746136560 4.15017133535645310616
-3.51372275320761895401 0.17001346679530815464 -2.20710454380754761416
2.73101551475677961633 1.78408126076334649923 -2.04843194062454081461
-3.05796936808700259292 -4.30046760828943330779 -3.31862242116359995592
0.57407645425314157706 -4.42088885282749721739 3.01647462995808979258
-1.20963069750153806581 -0.10594127833678079753 -4.46441663675703548364
2.78473362083633269037 3.17563344656275337030 -0.67457864946639167769
1.00307326767805538026 4.43467046302827849757 -0.64176537326096338987
0.07062580874576251944 2.41901464478106742462 -1.09938611018681964282
-1.18822180828985812795 2.89181926107322251340 -0.96092300258319074402
-3.99629752036433671947 3.37754131091650577901 0.22189255537878072033
-2.93528281123223200311 4.22661244134317382048 -1.21257203537433344565
1.31948327488756955717 2.79139524664140559196 -2.00582230486816825987
-1.86836315150569864940 -4.34799009379229062233 2.82710600704677350592
1.22783519544507502275 3.21502243396672060527 -0.96584859899737551814
-1.18812819367592403808 4.42441745382606566039 -3.14841117454650643026
-3.38970541945402059625 -1.39264790851513264869 -2.26469542523468847506
0.06347414819796615149 -1.85302178674890072330 2.37733312275301411631
-0.98522988394173482973 -3.41089268536701384349 1.07209656542398867884
-3.65155300828612938702 2.49142496848690431221 0.73850479192588824873
3.41267102892914220291 4.44078650531540741753 1.26197754385591220938
2.88590565700120382786 3.22872561097851029643 -3.24929967291628107873
0.10736072322928169598 -4.53740925525947869090 2.02814964632989269688
-0.41296529031327899872 -3.42214867303264425047 -3.73985388680875052714
-1.36263894087824866119 0.35680960461356381330 -1.09831359010921403296
-3.01842730681075543941 -0.69579714305250739415 -3.39522028445944989983
-3.15192444620444289782 0.38105773095837758291 -3.58109089937546709592
2.88877811145869234366 1.97777853186618646220 -0.40531570905983915765
0.19466602565462576280 3.40552711943604435874 2.09703060643606953306
0.04757745885203146230 -2.10069793552467798392 -0.01350452394420909030
3.69831016813335455851 3.32616382805268262501 0.21034854445432049630
0.96120400940369776777 2.63949187158106113316 4.12624829227619738248
-3.37546802083730757005 -2.42236543049838326525 -2.23000997303865888810
3.97493310142252997963 0.33786461995602934394 2.56102020099147331678
0.77967841359323841743 -3.03005804975159609427 -1.58660472188390722081
1.11139246416994108557 -0.13037270473688344907 1.81312121558613537076
1.65605840468760501238 -2.15510951363483993504 -2.60939079835664022866
-2.49637998196321664324 -0.86034693075946844232 -0.97771163936701244168
1.62088985712607858147 0.00554380618201832931 -1.71929424148923803983
3.91469599989196570533 -3.56628359446160159152 2.36937569045384766042
-0.98281072002419511691 -2.27301908298622823423 1.83661371161594821899
1.03560528207893565167 0.12953707598706021287 3.15032271587708034843
2.18137852055398528961 2.61211958471981819940 4.35636334734691654802
-1.08408578989904968992 1.36154932661688210516 -1.23496466476672228652
-1.16513896198513045022 1.84295574124539562888 -4.32784654157564485644
-4.12493596084706215521 2.67561098901497729230 3.07629316390834972594
-2.79730649902531114392 3.89746737824930900018 1.16243477734010181024
0.78867003853070816177 -1.36625927250811596281 1.49881741356693698464
3.13777402619408363194 -1.00207905711097922108 -0.73124448416078546842
-1.42866714304878250630 -0.89288075195786831273 0.97588985375231818153
-4.30501033521079090605 -3.15954397735806802316 -4.31270973902944376732
0.06776551192327140427 1.40660046744871269908 0.68783814144097910059
1.76986760821811461852 4.19833137726541583135 -2.33371085773601594227
-3.98086926781657979291 -1.63029498949638851357 -3.51560185975470584907
4.05626749765615013388 3.20721046418931887700 4.37089448930655510850
3.60710190006407227514 -1.82189117565750358096 -1.25820831613223926837
-4.30619442332983748400 1.50385405152390827510 0.20362996755004836302
3.62505473410171408233 3.63956369080470931721 -0.88896636976054832502
-2.04592351195637078831 0.80266464606884113664 1.51433058383816998571
1.47803288002790722544 2.07444110826042038553 -0.50903475052533231349
-1.35958531092026913001 -3.52159398526271871788 -1.40147765356797648906
-1.75101129071843963914 -4.31062247983879220925 -2.00390441101165972526
-2.28071947498829352696 1.62860733827440018473 3.04911450658169069783
4.09512475914557949608 3.70757555320998033466 1.55494643293178658183
-2.43137130902987763648 -2.21266194084073930526 -4.07343996241568628847
4.14690405094127623187 -0.56354513240250625472 -0.42930997909333346030
3.33799481227920491477 -2.18203044487662900508 -2.68777098002305780966
2.96485859044729327394 0.11069956957068427528 -0.19800588661566553839
-1.92515049056192477650 3.41874055725158765284 -1.81248377683697281526
-0.56710500518517736879 -3.93020641143560878206 -1.84637267563092510869
4.34184095730881391972 4.13016254915968250572 -0.18993692717853427609
-1.37431149903041216476 -2.50470953952320574132 -4.42129603852286123811
-2.49352290041722346459 -3.45791451701731844537 -1.08057803272822994245
1.58868543307977194701 3.20251358729403268200 3.46625932899032473955
-2.67207279300851485715 2.17351133399523899215 0.20590522228119390036
2.54615358523693835480 3.52156529647070914990 -2.34950695900957207130
1.41295801163510947873 -1.00329823522009498049 -3.39247969437625362943
-4.07329033128325157520 -2.50278477903960050455 4.04644674079264188293
0.26676169437702412779 -0.05672134219197655369 -4.39681387517039734547
-3.33633228952957816560 -0.59864684986583771575 -4.39007809809114224464
-4.41733913341258244145 -3.06785084682533959466 -1.50582057646141320717
1.30693559778927337334 0.02882187770777822067 -0.52292809279835417158
0.86692363981733500111 -0.86752278276594196882 -1.43424049889176341566
-3.47003470104113276307 -0.96350600063962588138 2.76614740542743664520
0.48736865695107667307 -2.32484263461555951125 1.30564402672003776473
2.12986959829390531951 4.15618073374347485327 4.28266962312528232104
0.47766013729697753831 2.55093183508509202539 -3.00818743260418530738
3.63011854213009055314 -4.24162716549706253488 0.32963761880909903113
-3.38067637013724153761 0.97512088223520354546 4.35625782158102392572
-0.10536023741028888168 -3.66864810418523257241 2.51628563658121517932
4.45951509541711299534 -4.05175600233781185722 -3.26993019896608405617
-4.34217620129689318986 3.24450793331333020575 -2.69728254757939556185
-3.05280325347332093244 3.00792269534702061407 2.24435919523275018150
-2.93163628855340396839 -0.04195184232320325890 3.69580011188857948667
-1.44701628750883548591 2.95685625159832721209 4.46062090716185455364
1.92059157013371795131 -2.21414957276439317013 1.42226662707179229983


