170
-3.59531295431737651924 3.87949382075079096666 0.04133243200517178195
0.80412181400535054365 0.96702030159233220985 -1.03489612238952366496
-1.22036408596196688237 -1.62586346290718575247 4.51831407219718084178
-0.23241249701812005668 -2.19750643580301741054 0.69634803562006553079
-4.02056651101939621640 -1.77777327689868824834 -4.25669786285942208792
-1.53136440035079335331 3.68239341680994858308 -0.86665123603336313707
-1.23091070607076469301 -0.59683653553690829696 -2.59102011537839427291
-0.22480599047308125193 0.56074167934814855840 2.90721957688322785174
1.41091183853323531849 3.70181792178697488538 -0.40445042925591501159
1.66671409083415955621 -2.98282853926263902267 1.04914285204504675875
3.35732214390410543814 -2.72789987605047290486 -4.24383133169302251275
-0.27582856874873051822 -3.85579964155076115873 0.86909014037499510152
-1.51488915234371157581 -3.91771907230304705649 2.01875897118912117634
-3.02433946829248823107 -1.12669717523228030132 -1.24320616087894064705
-4.06847131701022579620 -1.45218746715228963495 -2.15511312191023307605
-3.12987675625923955636 -0.89780099181792305529 0.48263209280058561035
-1.98029881196105117525 -0.08465662594564626886 3.29714564168995316606
-2.33201613129997209484 0.70279182042756183080 -3.42150247249322392307
-1.13143060196643352455 -3.48358953498681733763 -2.67931310579662396165
0.58399713010514187062 0.27762083488537747655 -3.98168567801138939544
-2.26333018819669451460 3.48921044582324757499 -1.97845091083499280415
-2.08908937493835988874 -1.02589169510258582108 2.69145167674991370177
-1.89833767567073996574 -2.97083132135125937978 0.21636616887834314582
-1.32191560458086998509 -3.13052558605305053518 -4.24923662819746716934
3.03961309348122998841 -2.75259820130969456997 -3.14554774908776924036
-1.26783938422834552284 -3.18174307507267739581 -1.66116560669279955675
3.46115694710679910884 3.12148336588189412311 -0.76232680453326473469
3.12740671649561452483 -3.95939174322178777388 4.48302602028271746093
0.77078037907077412427 -2.04700461039892633863 -2.79493126057569440945
-3.01736025625861969957 -0.12117492263576501443 -1.78500406420973867228
-2.75469343551906664658 1.62966205760105609102 -1.17474983080115791267
-3.64008460108554698920 -4.43975075277863506784 3.70963653747171395736
1.39713993580753115253 0.02302316964589490311 -0.51490818919533953846
1.32335526190961605408 -0.79286729498430830176 -2.53510774264684224377
4.13628052066718954194 -4.45071420398763706316 4.09958988195861007142
-2.51842852748180590083 -4.07174551179827037828 -3.34995182757409226681
-1.72308506032190944524 4.13748379664347876172 -2.77242462545954282405
0.15449658064449245387 -0.23132011392546480977 1.11209557012579640656
-0.59960498801161898896 3.26860585604180631236 -3.22077125599769864550
1.62492899429209280981 2.51372453598332068481 -0.89294280543386861382
-2.33872017997811143530 -0.14868050188048442806 1.27095547319106305650
-1.26300878227702462198 -4.31829882607975878983 0.97671381209798457945
-2.09395489898694231456 -2.07570610421029932979 -1.49446282494424664833
-0.18381934488925644189 -3.97905332898591490576 3.57950286411244089635
-2.32081142718690403015 -2.00990186213658938996 -2.94245725269111879641
-1.52162900984874038812 3.72503348691255542491 4.14561317094747305845
-0.81708399124397246283 -0.91118816685282411072 0.97955075735433094763
-2.92827488330785001835 -1.34982870395590470736 -2.27184442633747174511
-0.21547890568656136168 -0.21738085432643838857 -1.91048470984702190023
-0.98621220909820150879 -2.33095095892392789594 -1.25827991208549105906
-4.23418716023549190908 -3.30749836556492526896 -2.73206637407853847321
1.53316458465558724811 -3.48347091032045064196 -1.26286990060078885278
-4.34112560479635867239 -0.18871130981096229107 3.51577565155409477171
1.45370511822174197647 -0.74370332766115820888 -4.44776607525497436058
-1.94816429333359986131 1.24610117599384295772 2.25952936513610591618
-0.29756029167438491356 3.37638039631065378643 1.76397503032596159045
-2.12991674816076859145 0.33821492723533808089 -2.31366862029491349162
-0.34960675827586484843 0.47280715971971432054 -3.24289012195780834702
1.86205126523512998205 0.27947449954981351539 -3.16053472692461889793
-0.96003851627110003975 0.43270858711274406971 -1.20643201707641445353
-2.01458704007807654079 -0.31016972003946730041 -1.45097583665779694684
2.84928758730303943736 -0.05257308412854744262 -2.92568730994549852653
-0.93657960253327754430 -0.74914423907868910035 2.18278279363272176283
0.84377454473477797592 2.62783577381518984595 -0.13911875007312080044
-3.03017327698074945275 -1.73017193494352827798 3.55098450851201707934
-3.27687987885767828544 -1.70090124886661087089 -3.20770135738286521487
1.77313882865875438455 -4.49817533249117662564 -2.73790958054143951372
-1.36659947703451001288 0.20722485106986088255 -3.54634773731166674793
-1.05614104524389640360 -2.37521326197404336611 0.00539752339522348024
3.84520012830679380755 -1.93356222292472867963 4.30992277853991634373
-3.33547326499188701021 1.03979364248954286865 -3.96778535627657769069
-0.62973864353507513769 -2.76933008403444569367 2.65891262196744637691
-4.17510110916253740498 0.44936948033195811547 -1.91731349458162414479
3.46596669525970657588 -0.64900526130333080488 4.43438479754572245639
0.95201703399725801091 -4.25435040635265426801 -0.63409941760389632037
0.86501483419574842770 2.68532370196636893667 -2.78370587491889542875
-0.71295577218309702516 1.61116377493583229352 2.73208060262256946515
-3.36190264605000699305 3.22572456443109789603 -2.09260980314079469977
-0.28940033949840149319 -2.88408230553508193594 -0.47985241213709972641
-2.09413529617632887536 2.35505697152918980208 2.41791805716953778216
2.65541555983129118346 -3.52482227385090540750 -0.83998858056256286986
3.11786483477561837674 -0.90815180760837499463 0.57445861875477355341
1.78231929821103118883 -3.93769017709152358009 0.52859720151729305826
-0.54914457417705664355 -2.57426447659724777495 -2.51947783763850141625
-0.14643187254834089117 1.16371303468927589364 1.79320175260221592595
-1.97121159157374314930 -3.11950481247846456156 1.59344663835882460745
-0.16037211884165181175 0.05467663042968506915 3.94220709060096918819
-1.42955836088422039154 2.81624531141079881280 -1.82683988008979447670
-0.87407815613940442745 1.66234443454421843001 -1.34454026269744453259
-2.30122254967620110122 -3.46685413929361585517 -1.87505307917959029851
1.18235859170222301628 3.38597128855336482189 3.67628316719048964245
-1.89348599009253337755 -1.87784659062577663491 -0.32309399514427372679
1.53475138689533885383 0.18728140601419251965 4.02024899112587430494
1.55382185047327148197 -2.66687987719097119310 2.12939317499478075746
-2.94609694759604412440 -0.69948092463748201553 3.90610208040754169900
4.22519514696186160307 0.14077320748033983477 1.83222642314017125642
-0.27844930048521376875 -3.68458869335145289270 -4.51831189050155757059
-1.52413082703274849194 -2.08819812819908978696 2.46662506314415264086
-0.80174967042424638564 -1.25472160879681471357 -0.43138614272893427426
0.19105051884761170555 -0.51702590853352958788 -3.53021585818930949685
-1.60455509393310435939 -3.84568204763383292288 3.22302195875553021409
-1.32976934428732285198 4.30054344025090085069 -0.04411935893368124084
-0.08120625431044903308 -0.64123673396235414401 2.98448496763586579306
-0.11103914961774297154 4.52176207976145061451 2.25295026352330829411
3.08480622904917023419 1.31487021265967651829 -2.65961680586190940545
-4.44449926114980531366 -1.04807294587207522341 -3.45989544681195981823
-3.03242784354342198583 -2.41669213933204618527 -2.16432906618666365262
-1.03917905461527260158 -3.62047272925556917755 -0.09841369851244330391
-1.54530366772750094029 1.10683569768875234018 -0.17591744637855644129
0.68309540070027097158 -4.42351145950036706012 -1.66321701629143703371
0.74385301729544917038 3.55028501584182532014 1.03691055863511039092
2.62160337099568874208 -2.71370877151438172348 0.74769801543648650721
-2.33235398607068233900 -2.94114897605024472327 -1.00053778660897663144
0.16976549131889751010 -3.34064707488996504026 -3.24459969911907286644
-4.36512485370457081757 -2.30534732693156918515 -3.38584021069526119874
-2.22950241319730357858 -3.31661777303705918030 4.49296652459043865946
-4.50966554228230354084 -1.15137609921898498300 3.32976553862876034628
-0.02577424592745902743 -1.04540405897928234680 -2.66294058398756883221
-2.25677547848820614362 -4.23380789292493098230 -0.57116943769349726168
4.26675509608060377076 -1.34676238379206525408 1.90823995822326519800
-0.01462371583745269987 -1.92878207472404294975 -1.84547626693678346044
3.78500847370562976124 -4.30648517383760243149 -2.37730052151623372225
0.31218381593158195386 3.14544160691435692456 3.03602972325455944258
-4.30415676006773129103 -2.48202457865153247596 -1.74782073795232850699
3.64358232885131361201 -1.50072535737938617117 -1.70553274737433513408
1.27746122548110907502 -3.89957749795802222081 2.50516743627904858727
3.86624497413722689743 0.29789301911594190386 -2.51586428976988596418
2.75169660307645269626 0.42306091484577201811 -0.99788436348359610406
2.31745979896426401723 1.79952195759874467029 -0.86399123120070475679
-1.18659652835517892555 4.18133723381205424374 -1.78944457841692416977
0.96710277115594855957 2.01028537413449193139 -4.45494060291498161774
-2.51603975076044727999 -4.28915723157954875688 1.85805495577273926955
1.91881448568654189302 -3.00101857838339380891 -0.23135485892640783590
-0.49286322355773837245 -2.18352760096720510674 1.74319922461547438530
-0.18146496146572843600 -1.34393634090825742078 4.47527714508914353786
1.82714141712685762542 0.86288816572964943674 -1.56546001015730951167
0.30643834927290480863 3.27587967985855232911 4.29412622168283331092
0.55865276413198206029 -3.24120456374031462587 1.20645631018401555679
-3.89241029856608022897 -3.44636057907279225176 -3.78473104558366957306
0.89042105235724289258 -3.16254438684221605982 -0.39112397695676115461
-2.85881299629240581694 4.03356744825251656295 -0.84867058735231637456
-0.76775388253557919072 -3.26421958898250030856 1.60503707911133020048
-4.45302481726385401828 -2.92683844558873396124 4.14100691494525374736
-3.33606948056929564217 -0.98847828606353793646 -3.98253867179240117480
-3.28077826160977270575 1.49720950932806751155 2.67601162051793739494
-1.70163148837052835560 1.35567208740928801802 -1.87244944495116216743
4.14894778091345894921 0.35466209713326346531 -1.06559799920748554669
-1.31257238797287190124 -2.13027427841873473469 0.95459692740275681189
-1.14517845748093360925 -0.88353719832196508932 3.33074734906417635472
-1.35891002915260550310 4.07631863141063899292 1.99386149003324142370
-2.70292713127598949185 -0.50036584963250518854 -2.77757275298876793457
-4.46909699766518198061 -0.44375896956029325935 2.57498636211089415582
0.93510500679154162640 3.91486853263903622491 2.35411452347139693586
-4.03178742880251039793 4.38144254188853476961 0.85629119568054612444
-2.12283581851214231406 3.29483795494908537904 3.12542335910298429980
-1.97656681298528091872 -0.74629581792820154362 -0.26348716755149403923
3.01022198364250836988 1.18847464996161100714 0.95355907912386239644
3.40726691697468719866 0.11250825930211938442 2.95944519751677059816
-1.92698700626156282922 2.08431478867229369456 -0.75188860457745088084
-0.61828396563501542005 0.65403008046725474856 0.07617955525940267592
-2.89608671616343915645 0.04932703951809536136 2.07981004822634307772
-4.14969419102669245802 -2.77698439819920395166 2.23729643550879231384
-4.48506526681021977510 4.03291400815762823839 2.89559005638665301063
-3.77028647870622402039 0.02703963889225047268 1.34044390076105202070
3.18203465928713224997 1.87503421158935701385 -0.23356036412351333098
3.97851287372056194869 3.64946427181064603218 -4.07503160003111286613
-1.62631610045883645554 1.90982623856681943408 -2.97389576470472416503
2.87702315037781986007 -0.28786710400354564854 -1.63635146364848393929
2.25288292634391851266 1.53249273174760247684 0.17701995064175601868
-0.48506678150184878717 -2.02441378362020696358 3.51911502885784432948


