482
-3.23374364309758544067 -4.38470515675591165916 3.03197698261358983274
3.59819808555329512245 0.72440557685396811394 -2.74036341609172495737
2.79239864399167103670 -1.57286992086978383298 2.40991500044193163177
-0.17256079063391549511 -2.07800635673739497733 -3.52120279370419630993
-2.77578906807609193663 2.91841903933877055977 3.64635000365623351826
-4.31845154225636207457 -3.46168794517472777628 1.54057028321684708061
-2.53875618578151796001 -3.96935617796071760210 4.27942396142836489759
2.26253524383513937579 3.60264817072144705179 -3.93345609578043164944
2.70941140151759629617 3.13936502912800730059 3.85469279305880352382
3.73736422848147409326 1.53280807994827394936 2.73956522885190434380
2.54937741195033407138 1.28019763723410306966 1.35397270119682477940
-2.78775308682491562706 -0.83466650613346793364 -2.59923196778605225532
2.55576575629174840287 -0.07087159870132619943 -2.62200815159174283053
0.25382634679268001321 1.04715022633488530346 1.32617329837574526863
1.01127194278777832182 -3.65626004583009933668 2.84615350411034029321
0.99334656401714482854 -0.69592279129100198531 2.74640579612904556228
-3.41921973824059177716 -2.07638626683438864973 3.27260353238100076823
-0.97277987239427821109 -2.83438087697131368969 -3.76677227671768521944
0.14537033785753372683 3.68920825132847252092 1.69909630899328600862
-3.35802883972963428505 -0.71923423706257549881 0.00938472825060987503
-0.70503228161453224132 -0.62020906365575045882 4.51427194212621341052
-0.51094934108530942751 -2.02054416476036990957 1.76531586640661064536
-4.27605716399326496457 4.29486003497421275910 3.76269087622205500310
-0.00706040078175007579 3.60997242903921655710 -4.12316770051303738143
-1.53351651657957788188 -4.32190968645817719107 0.82120711037921534370
-0.64032337385606252766 -0.00544195976079464572 3.33503790443925129949
3.14497011051650066094 0.66414865524149302445 0.67809036941150413469
-4.23102664302211461944 0.17983816664874652247 -0.87536158361957472351
-2.77844319304341702548 0.87946596816197075697 1.14646289273711321499
2.57440471543195581461 -0.73577904699700358293 -3.42599565174138653845
-2.29834732955969434087 3.48813537228030501325 4.37764923788234572299
-2.71306895420668237051 4.53242360403952115888 -2.64004570627996937304
-1.77987004488967182070 3.83694938481767078287 0.32037384644392119526
4.21974318350733756944 -3.40579554373179149707 0.24663346385725937182
-3.49234547759401126044 -0.69037781495145988941 -1.07672185493120764477
-1.48257969371874054332 -2.01515859697242882831 2.83182287832198387179
-0.02673010423668831237 -2.19207709248916948752 -2.12377790782067599196
3.56814108788867212496 1.03156656909989319360 1.75211616416630810988
-3.80905997427327447369 -1.56714663323146652374 -2.83894164019077432926
1.76730981673969456125 -2.63267282640474409305 0.73088169393560953324
2.93737826087962172750 -0.04448087259396249493 4.26649847586323982540
-4.15279435777356464854 -0.31871257158093779793 -3.38535093710225831742
-3.09573454951096538323 2.13773604877761602694 -1.42991358118194122895
0.09240300899601550100 2.07269693479297334449 4.41224343528771445477
-1.50717801088973102352 -3.53310204416579276554 -1.06220815005094548766
3.04943625655239891614 2.27541758926674031471 0.24193464914896267715
2.23923109336178871587 2.51069174890163715475 -3.13030879873065837060
3.34986350637301200095 -2.28581654101900166864 -3.95278596045274044357
2.28884358120874598086 1.81943399655791093750 -2.15642859736174719032
3.96337823926509802419 -4.01928821352082721319 2.05953207681618533087
4.43074273502553150905 -3.41266809916920310641 -1.99895044504347652037
1.38315966396424361307 -0.20075489392533629740 -1.02384435537581852671
-0.08803423764239504123 -0.09831662403136842698 -2.43588525280140366647
-0.24241475262775935562 3.59001285561656313661 3.05897533998801929300
1.19734249156108862877 -2.68126317521468759963 3.03733940093727916576
-3.53308319399632830837 1.98666693464971810812 0.95734035779442994141
-4.31320151264288753623 1.30407899676061678207 -0.65650988632849616167
-1.98196930881948496506 -3.54296030555859564615 1.56639528421117546486
0.21526977722364382117 -2.88637529817870630566 3.45545743456896214951
-3.91749058709812247869 0.59220676221304202613 2.38895486232170739527
1.99467629206427687905 -1.54887909771772980250 1.63402656941591661877
-1.99854310700252613131 -1.17626368325113483948 -3.19735540208771906734
2.26838410317445227093 3.18507228203765979657 2.83151647735136702266
2.46316099883547323657 -0.71434899265157358883 1.82114451109122654771
1.63776314211747742178 3.80086328618020008463 4.05738240627071089506
-2.92801150480772598428 4.20329064306348154645 -1.33951099736260781370
-2.34066193283432211203 -0.33439926770241434895 0.39542308578542506581
-0.85320552166019547613 -0.21860180709102383645 -0.81779694116951295868
-1.62860110418149561795 2.79340196387525185884 -2.07748542828320470477
-1.92432287657047407237 0.48848739667837115519 -2.63899460743421032660
-0.76018983084924363069 0.87246470557998723194 -0.07749380485688828202
0.19695887626384056546 0.88130395126783334092 0.30932959569095341834
2.65802622361568730014 -2.59716574648083442511 3.26852317431391892200
4.23488434074696495912 -3.68838643083926731592 3.73961850864982192633
2.95832382702115026518 4.16351067427888121841 1.08781759932420651893
2.78656547986362479463 0.25871306921075820640 -3.79431387009284470935
-3.62890659918921976157 -2.96894132689694245641 2.29062186158079139631
3.82988972418363626815 -1.22967928280100613492 4.13522932843126067581
-0.97387597657453728317 2.00749791435282798346 3.93414929419457859439
-0.02210374191688568857 1.18636367647096818700 3.82027708471572591264
-2.84711911197980072075 -2.65590708537513320309 -1.40998259988989183000
1.24364889320144555995 -2.05940359648236226420 -3.88477967330048867822
0.32397671669938965522 -2.85868522276932557347 -1.33807061989839226612
-4.09285938344544852896 4.13360839210814656752 2.54699593386243616777
-2.10688717214462828409 -1.58080687251580265240 -4.10000306229222299947
2.57628587618286442051 -4.35589081914603593049 -0.03764607389329821530
3.55504373944714391342 -0.78922523257019339127 0.27510296393293387496
4.14011721622606554405 -0.06104118100263011826 2.11756919510305419152
1.15852384376690498158 -0.21101105040045009531 -2.66597693668573532122
3.35659428756272060212 -3.34337305128537831678 -4.21402390259742976042
-4.18587928400288511455 -1.85983069080611018720 -3.86740586072612613222
1.47125472371268184446 -0.68749869281567477231 1.83589994976533432691
-1.17755419346581691187 -2.91821492139575644487 2.07873140736287265185
-3.54354179577105599108 0.58262958999771896629 -3.85370508448003157298
0.79138435945893448320 1.24134356082671803989 2.70385533109564679677
0.98512237138294445060 -2.78381205421196664673 1.64232791332872984924
1.80013602326349531069 -0.84773003081365994049 -0.25505435285789612720
2.33211415863287907513 -0.96954243688773278365 4.48642064533998219389
-0.27983832507242833998 1.96404451264044066505 -3.60372326407848442287
-3.83679306789857754723 4.49879295344290408565 -2.40912314224950518948
0.43695802108525150231 4.48912144259509471311 0.47636472407130536766
-3.15675507414214129298 -3.81832934418424851941 -1.88416290458925317353
-2.90637378289380565732 0.16876710034490916001 -3.14174888167466415112
-1.80718188354872921764 3.17160372747656804648 2.89405961955823709530
0.29333546371512309037 -2.16177239211457283830 -0.59847705029311226710
-0.21951178277342364709 -3.38054677947544757188 2.42320999543805815080
3.98452866183078935336 0.38589773942434657528 -0.26914426045807360310
0.36789806467411079183 -4.06608571877184843402 1.40367751466929302495
3.79114392689479107190 -0.94923628441374985343 -2.81326452075138222497
0.41856850051314253847 0.52932881481737936724 -0.70770498119234703793
4.08762577792687498146 -4.45615502580085554030 2.96192090889856984859
1.87255269363979248709 2.46993726882063402428 -1.42230443474450041208
3.49123744367595367777 -2.23942094595311669281 0.28097459635852928272
-0.75883085897609792170 -3.09396891481627811515 -1.81112877068155153637
1.99486106708398658327 -3.37521375947603186063 3.30927846118241664186
0.78018447162333526279 4.45773529657110589852 2.23818431856216104592
-0.29251113985291166131 1.44483644344553940897 -0.77092182888349025660
0.97364048744496933807 -4.01421227747415088061 -1.04234212345625998353
-1.47497390882368062393 3.04347125892404068992 -3.49971680693541564722
2.51805326855096289762 -3.35472669289007496829 -3.68954541465588548022
-4.27488034346322187673 -2.01003454952105453657 2.62261033499800610969
-0.45692404045629508857 3.84876579351538961049 0.27068666235571470224
-4.22485651064205391947 1.89168060691368378201 -1.67178592265336645184
2.90992775195859376680 4.22038583940244205195 -4.42305784460991180396
-3.86726494383945151867 2.68995792657921040103 -3.70442316645805824749
-2.11084384541303915483 -1.19206721085537736826 -0.21027969027476611785
-3.08642132570807525838 -0.10057325739838862688 -1.87759971559877669733
4.39181020552890455377 1.06926946345990980802 1.16179027805337309331
-0.37278853876574835624 3.04269988582710038116 4.01467196939685688761
4.53509058298237288653 0.58813292190891264255 -1.80436324281543702952
4.16388662280841170826 3.49927625446776691120 3.28922222877894565585
0.07965482327201822699 -1.29446459910870270704 -4.00166860813788893836
4.20200609495051491393 3.58234695024983285094 -3.60214739158221686210
4.27678647262853051103 1.94934079170328278252 -3.85553339909251846507
-0.02368432129524311591 1.43179020563086378814 -2.64592992080078737160
1.27152274858845704131 -2.00508141497688630039 -0.12210014107227618041
-2.34823617901010006648 1.40637202396997107456 -1.79522623574761297505
-1.14894100918878860895 -3.04840905194517297616 3.14784170342282099142
3.84506702816576417803 4.43452030315551670725 0.52865723217928728417
-2.15871461525044816554 3.16663383585623314787 -1.22462005261371986720
2.13472919306530339867 3.82965851741734208957 -0.42573293660180056008
-4.34454714400493013926 1.81331955544204781461 3.07176155609683032566
2.52996813361693551059 3.46011801500255256059 -2.85930154556210736061
-4.51797867080112336424 -2.43862841013205589036 0.39630746441170394689
1.98836443770475757020 1.72023239777330783085 0.32808171615551273703
3.55836012613668106752 1.91025917476029949427 1.01919859406031676485
-3.33121417250883622430 4.23827544305977799155 4.01981773176388390567
3.00788854696913343645 4.22257831561499852313 3.33397582007966164497
-2.49826016430264985502 -2.27011108775796266457 2.88383760562592161847
1.19467075110246145897 1.42030779861614053772 -2.04921635517315570141
1.54311205132233997261 1.51324156303870527296 4.31242349928082102650
-4.14270595988772161178 -1.39639985011674472304 3.68473004404467818773
1.88587109531316698963 -4.21372326118738538270 2.73067624093483285463
0.57819332178309146286 -0.30993942025590381917 0.96051284805331071937
-1.70887757360810121909 -0.65311736502959671924 -2.37318602080472329519
-0.56314570488599757780 0.65928467912032129306 -1.64546323158737761716
-1.41936913561685473795 -1.24447574394645599227 -1.47965190650458744415
-2.29812721719382384578 2.39861748954098441544 -3.42193069951416495300
2.98552577990212775205 -0.99075981194449713740 1.03724816233345862315
-1.19515718016203909002 -1.56804706483246425464 0.41938963407007712192
-0.25323349149683060944 -4.26332383026266903414 -4.13469109949953761429
3.17846138024253566101 -3.55888925244911158430 3.60654697426181858333
0.61738156892436446554 -1.66673665531586134847 -1.52840798244004094641
-2.55479336533193945868 -0.69000836468270598800 2.76455718625050739234
-2.94109887599774211253 -3.49581772758335196372 -3.93207006812898995918
1.59609820123580359308 -4.35567851704911213062 -4.22733345240699698309
-2.43526545255047599525 -2.68075407480235883284 1.91420437109558783106
-1.34287774688281791313 2.21720922669938946825 2.82013661116161262754
3.77085501786386512180 -0.16526713892894395741 1.22569068849466056292
2.21703749161957741620 2.44132473162313790027 1.22105646249811261583
-4.41818316097636376583 2.72581833068888901295 0.56183241167927189252
-2.28855678740593493359 4.53137220900737158757 1.90141549904103701607
2.62181120022749514220 -0.46198562507074125705 -1.50929996190283111090
-2.06134217836752542397 1.48255174685015678193 0.57018659879037958405
1.00401944138629506398 0.51743046411989013222 -1.71790994993040024852
1.33314355797307548812 1.46561671896482881294 -0.86538915976781716211
-4.52271071827653603492 3.09642034237565244581 -2.72088098954786872241
3.64650572187692656456 1.48138656760873121954 0.02110159005636003116
-0.69776366640163534072 -3.65484597116017173590 3.86360020628879663462
1.22855006526862187144 -3.25098276137077490944 4.39260230749870128619
-1.31227833383692438218 -2.66799387154510858622 4.08329911889344909781
-0.93943486461355707462 1.34465755993867208673 1.17530201225267294518
-2.42967859649276896050 -4.08030893915013059825 -0.86024361325840725812
4.44143012745665988206 -1.30848534037524233398 1.84098315951126512147
0.89391384003136042935 0.23819641222075293996 1.90941995762560523531
-3.45146011853562484362 -4.08048372446639273647 -0.54483156511270403044
-2.20194504999323958927 2.07238025691799077066 3.74194273646501063268
-2.94762458031607366138 0.37346961100759923369 2.60850267626018084144
-4.46969759131744570624 -2.40548205609724385923 1.43137098129615747411
1.28056745319968445784 -1.86840183015755734175 -2.42403505937102403678
-0.83353880569059191075 -2.55850921370383455056 0.97650486103000933014
-1.23897676124710942602 3.73316816618226443580 -2.76474056981755467177
4.08372569766548476622 2.58714263898803498165 -0.74840275958827895408
3.57271078917492790339 0.09143939324843852745 -1.94447472093247508695
3.73532089025947744432 -1.87260181802817537999 3.17565379003965464477
-0.62496345827685617635 1.04528154123400884856 2.75912090874970594712
2.28740683079421192048 -1.66763535246884941898 0.42702779014412151071
-0.46378793453545963388 4.51549222366675007123 -2.24385422537046830271
-0.31128833875815598020 -2.73254859068253752596 0.04858121484956257063
3.37621273700030233300 -1.82284401341707447131 1.61635610570754817417
1.16185480557955500558 4.29685285614934198151 3.25703997381050935900
-0.77489551784596022443 -3.67347217538832282457 1.38787550103515400224
2.86794872625870933547 3.76374642163942940698 -1.32616279521120494778
-4.43293720954648851063 -0.87957285193235756893 -0.70029266880220752967
3.77241656988719764598 1.20208678523215883871 -1.56501782142385081897
-3.65292012177004910001 1.58935971988021851331 4.35801903931472889298
-0.53527053876057539838 0.01961937866943941344 2.28670719504990316295
3.25889124621091763601 2.45495276333080436615 4.43696547149285525080
2.31225907213378967242 1.24025814604566253507 3.50824991175952316524
-1.64061631623185277817 4.14962272126665343563 -4.18858008490555278058
-0.24351963388402175781 4.47690641472398542788 2.11769226367164620228
-0.07381862023191398947 1.81519162205347672767 0.56576656061691465993
1.90127740344398521444 -3.68214382514824034587 -2.61862670718883583376
-3.37129373138375720842 -4.38891525202522103655 2.00825995975711091290
-4.28779943083357295563 -0.22022394288671520712 0.20984815406112566905
3.26192208883495471383 4.27179201847907474843 -3.41065549408052826053
2.40965887609247619849 -1.89378589384910034354 -3.64508280600731326970
0.65034844301788918841 4.12902555607141774630 4.28614656412483352455
2.88391225160372766112 -3.25687930266748981722 0.35325106087346203054
-1.55777808120093164135 0.41900898667379493645 2.57941580580077189921
-4.44539458086891059452 -4.09797680479870152226 -0.59266958138275738222
-1.62017641260853961782 0.54036703457315837795 0.73466020110825969169
1.38799305078982904149 -4.45512713080151900868 -2.32025602548752551968
-1.59627112497311518524 1.53446069900590931212 -0.72227993183303684788
0.33622422428027931574 -1.04387116380667333004 -2.76725237550030778166
1.93820904491734680164 3.78353269709922823694 -1.74138111398332640078
-3.86314514552182330931 -1.18915123777751130518 -1.97791181927944759167
4.40841175136259177947 -0.81629981560887632241 2.92265284225490873382
3.51418068323756660476 -3.83595190900227844821 -0.42722566335398060033
2.80258075438753539999 2.95831846506349815940 -1.95630759984008273378
0.29147108928268039563 2.98056719847466844442 0.67333050533913674229
-3.20260987164445420916 3.06137393867343288179 -1.87764421060428299270
-1.63931738060199050366 -3.65408885794813498293 -4.44408623598086460760
-0.18613917596400142429 -0.27530329892271332426 0.11371760875254111056
2.74626957540404159630 -1.20433647173003643971 3.57693363284692988913
2.40273433610214048883 -1.42909053620240289462 -1.79246947279454271751
2.63505947270882323608 3.64461771565764269809 1.84119497441703394713
3.25329991477405133793 -1.83773518342214359222 -2.33224172196692602910
-2.03173094168819901029 -2.81555051614651485892 -4.08658407144642854547
0.99133680152132530594 -1.77435023776983591404 2.38978128665438038780
-1.96371324614032038980 -3.85210189612521469726 3.16820155365095423861
-2.31822083566916692376 -0.29480754485938920340 1.56773600212057306891
0.53999168228392502300 3.16506562035973804115 2.55803532851360682088
2.82319650920940734551 -2.00242414975837057511 4.22520863726606688004
0.57314744819758356442 -1.15257815034638744223 -0.22979816515761264384
-1.68661086100351198525 -0.74606038891705761529 4.34409193473578891798
-3.90858232778338043900 -3.60695940548313398466 0.49978192083431682846
1.55712795675106985271 -1.25786857054774303677 -3.26715634727439763196
-1.92298039438325130135 -1.79069013103956731214 3.72567130047825845196
0.92637423330305779245 2.31208102564379647248 0.02673133097463153973
0.54008479264450759416 -1.36709944686364570643 3.99641614012282975210
-3.93423331024197819872 2.83218002225972487196 -1.19372251239920501575
-1.82298002522034519046 -4.36289499170036609854 -1.89420027800482770886
-4.34570530562466394997 0.61305498202337993519 4.36530726271609648137
4.35659077795663929322 0.23081354007787791005 3.26801535036099277676
0.72291270551285524704 1.25157858065848248685 -4.29703324950457510312
-2.77566856121515348477 0.04584055736660541669 4.46860352225142332117
4.21735035162047200430 -1.72027049136981968758 -0.27967111064429506229
3.22529557798523125456 -3.88540943650444070556 -2.45641609766181678864
1.44535654258881063328 1.95007352346161599854 1.78000378776671563941
2.62239258947790521148 0.06942282937122978836 -0.39524628731422062344
-1.94481599882674771607 -0.03250294103440420912 3.56449984824528609550
-1.94459225897429099916 -0.20875315344792699790 -3.43186909849926102822
1.46925717191622151603 -0.46483610665358110481 3.86386659325559111977
1.92083838088977021386 -3.86506906392301319286 0.57776974799909019964
3.78468756394369787444 3.21218065455750423354 0.27450531270914169113
2.26627241991294514634 -0.34452173872039271174 0.62293132086192848362
3.85349323437600954634 -2.89962291212872136370 1.11615748166899919624
-1.88998264662584247731 0.11243665928408930199 -0.38797929882158310733
-4.05269367260029067523 3.14407992509734679487 1.44143727812528688048
-3.47830569775663489551 3.56344348034174185358 -0.48655146858529807474
-2.76252997525130128409 -3.15185969197294202360 -2.76130989815906868756
-0.93859829304532471639 1.91008427519844392606 -2.57829953525225485933
-0.94030527893393855976 -1.59583009625797922482 -2.43882652385921616656
-0.44069164198605381699 4.20238873162374471093 3.88476644733100950901
-1.15464425648981539041 -0.42229615056664737693 0.58884521561450764437
3.38896716861163049828 2.07932235442859347785 -1.40614099445158657886
0.03182372533872968035 -3.04052062265642319971 1.10499273253541208106
-4.04105793299992654966 -0.77485827712163857228 4.48131455546476775709
1.82727468955311866949 3.92699702285349250275 1.03137231320080235975
-2.14427134273565211942 -1.17680144367401506855 0.86699394961295350726
-2.76877009645088056899 -2.22400151472153861931 -3.50834834420479291239
-4.08239480041828439738 -3.91748632829617760009 -3.94346520765810293341
2.63380647063584927281 1.25732897063804927029 2.45328696884099617392
1.31273487958206036552 3.36294279768454718038 0.19728325256957202072
2.14832009827686043479 0.65370207821713410823 -1.55688776785448901308
-3.75649336404678546586 3.08293375356599330672 3.00931265688204518938
4.32214312610478845755 -4.39218880657165300363 -2.85109417534299058872
-1.62593931505748212629 -2.93113112293003963416 -2.93737677346192871397
-0.07586338291090211072 -1.15813751952068910711 3.05467036601390251604
-2.58124986182019044989 1.10767095078952504394 -3.34401399677436916846
0.65500287240857524296 2.66068880448957578722 -3.96562436149156161136
1.57475434052554330577 -2.15572577491153438700 4.00890381410632468118
-0.23071866281337527482 2.34202288662068180969 3.07749403333596660559
-1.63498636512121553466 4.51146450419939260001 3.91408332601398445405
-3.36879152013340998906 3.69021478208129227738 0.72620180792584765328
-1.07709860790676836828 -3.95573780186380741242 -2.90546503626989638391
3.72761575258368704766 4.41456817946916135753 -1.71846217869527295719
2.60833077061631168903 1.91853497639504766425 -0.62365272256006321072
2.48236291154062183040 4.52860107408780709903 -2.34441104302665470627
-1.15970876224294405787 4.14920377821283548059 3.02296172961983966587
3.30063891055936675656 0.27330638497208603610 2.66202280902398502604
2.75453322846975989791 -3.77673151629998704593 2.73400592575717915622
3.87261345042825499974 3.54590125122024257820 4.38454837635964889131
3.56134176381790634736 -2.02147062075869943243 -1.21185422978142387507
0.39328595576855818194 -1.95275735989289156436 0.70491325226240597601
0.13115880116000333544 -4.24557487705753011653 3.05842963802838063714
-1.99194452501096286312 0.28769482754101538546 -1.60399162660828542570
-3.24002641673292401947 1.43348239846559799560 2.20845908680186386874
-4.33021970592980576242 3.60397454999351207761 -1.84058044183308489039
1.97825596314317930791 2.27922165848543745170 3.53199977017566713045
-2.28886400421159930119 -2.95740356426279804580 3.75727813532150900500
3.27673250476129229725 1.84498081544191716574 -3.31496228856986663303
-3.75901992506384940995 0.83377142556632310999 3.37369971174149352322
-1.67834097948165661407 -1.90356926324188124866 1.73056429129785538379
-2.56424108051560528665 -3.56013269798577391967 0.67043847586600069377
4.07788741350748207282 2.60375611297483988693 2.58329017021707318946
1.86151082065804285293 -2.30298858277399665084 2.31218875669278034479
-0.99981278471609069669 4.24261788264641293011 1.45520471407561213795
-0.60887139259766254185 2.24519400717403616596 -0.20842104894910562507
3.47418692754608837703 -0.76222477750628492288 2.24416787527711303341
0.39120668268263347755 2.31710053999354403942 -1.96619560395011427900
2.80013010539481310701 3.01824912879111639796 -0.67412635757919581181
-1.23713072896877829265 3.49856961360175500175 3.78428049232737162555
-0.90119614650439805459 -4.48921527139917841964 -0.64052643214630089474
4.47171405610034167211 2.53945849225832365192 4.32982943911019280137
2.57435941854338512513 0.31393685965848305841 1.78851662234698061127
1.68181452689498822650 0.63987513057591094423 2.41081019236491744806
-4.11657744782812073936 -4.40490084363923806166 1.22213799136993905847
-1.51684181781512084086 1.07293605328985197644 3.46227206965870859534
1.39337869156490867795 3.26276607378571359419 -3.45429625661376027423
0.36696764519875646471 -2.71303605214215703967 -4.17186323111490597881
2.42680436339251581757 -2.32714959673426946551 -1.40635851028862468581
-1.14328325702380606543 -1.07491471202454125233 1.78490399280561096163
-2.14868123628422402760 3.68221443367746825714 -2.23177106674822400834
1.49568073867685757961 1.86499847707323951340 -3.07796432439370049039
-1.93762931904165824903 3.64937800594718186886 1.43569697994842027100
-0.31876964719175404639 -3.01726517390993276280 -2.84675479937334374725
0.21740620466633941987 -1.18120943999296335036 2.00661426831851574804
3.80293485966944455612 3.29563525884887109640 -1.44381430264357968341
0.22358345125399115005 2.47468690726547979608 1.62643472109809206216
3.08715836391277154149 -1.32931689175330403074 -0.60561555031002622940
1.37608560757905618033 2.82010952474526543909 -2.39458268758338865823
-3.78438469344915828785 -2.89602465679330522974 -2.13807115244789569530
-2.90016512408206050821 -2.53198944741952347570 4.51162494588169504794
3.48067397954132129456 -3.81880308445008243012 0.87366814414693294566
-3.06882986038476834878 -1.05854487443287537118 -3.70206489156567641885
-3.12628878187849146286 -1.92075689922359771344 -2.26726616888758547574
2.35849936323735409616 -4.16099835739966827930 3.97532382448842636080
1.22690740648992768769 -1.15396444856323832084 0.69268814575949644308
3.92184713583589594776 3.84142333815983239020 -0.50583563073074699901
-1.73726879742390050154 0.82967254246582289312 1.62046275963621955185
-4.51103586041115800498 -0.32667453623467945789 -2.47713891940865593710
3.69541148637319150083 -3.10441520742469068139 -3.12898272406805810775
-3.63314151761465753410 2.34275278340976811364 -0.11513884381893202402
-4.29781101084217720398 -2.08200397657735614132 -1.29468694104132220346
-2.02894727132975649653 -3.29264322763694439189 -1.91379522841816562817
0.97596113155949826279 1.79320428804046372306 0.89227219812875713245
-3.17522765907906734384 4.46861617250626874664 -3.99734516351607505058
3.10194891278355822095 1.14705102889915622200 -4.43738667065277070378
2.42583739014913479792 -2.65459910928757603088 -2.73996446227931533812
-2.56406348868902478344 2.26614219434434893685 -2.38977039648640543490
1.20536312858034566631 -0.94067401265917460762 -4.17332006711169078983
-0.94473040688974529999 3.14320092061573586051 2.38638200039330161673
0.79780420529089379755 0.79168804680015991693 -3.30858774401553734634
0.07464861154444601965 -3.81095551732968207403 -1.56404141217568959377
-1.20161249378087342521 3.66785765507807237640 -1.70701986607796118989
-3.79120730250362392155 -1.55561554220890085887 0.64720681190762707757
-2.62941372410984541830 1.89847833924368192271 -4.47882857053685423665
0.25531134640549968395 -0.45475516723670494912 -1.13845198171109629470
2.71060722340200577207 -3.79805335736746529918 1.67160688486242037243
1.99676959026073230774 -0.30827182024068466859 2.98978694881308104669
1.74929181797446808844 4.20896528956137228050 -3.27503151428851513316
3.15321021130595102733 4.34247009864911870380 2.22874587624293862831
1.00507015250947873142 -3.11865886868246144914 -2.24796782507674697271
-0.39905711274641397779 -0.98240484945950212747 1.05761030930162291952
-4.16478251732398963014 -3.75682339228765194150 2.51126439822142000224
-3.72061345226704798250 0.29673855601073739763 1.12113648853334613165
4.12653058361167435208 -2.19106943405319221085 4.18738949999946807878
0.92922388248083631623 2.48965083835389755507 3.64102618927523113967
-0.78406510084987202092 2.25544173271179637652 -1.25063842189496732260
-1.18469562056866450916 -3.96682522239466317515 2.44498994433802518955
-3.69420357959942169401 -0.48711151331230340134 3.08528764466675120559
-4.41403433360737995628 3.77762879592493039382 0.57773490446295028278
1.83468719697127458090 0.43699503560915164968 4.26393014199333020287
-3.48090270382792565940 1.01252802669894226284 0.38720235943534841994
3.48625420789319040438 3.66345368372648305666 -2.43159197691222761506
-1.07297764167221565401 -1.73061509775603550310 -4.47583963018526187483
4.00299022235011658921 -2.73695714160220715527 -0.57295300913990843128
-0.91657302018165776047 -1.32661057499601309217 3.68915057596907569604
1.47035235490930649149 -1.67074565924431128749 -1.08302883484319156793
-3.42014173175096614088 -1.35019929902622948248 2.44116585656354612155
-2.95064446054199791547 0.23287939449708172646 -0.42125177965144455783
1.88704167182182036555 2.59832050086912236253 -0.23644165113483595064
3.44358318078822112085 2.49670718223765586430 -2.47605499391121863795
3.77337510507023932149 -4.51646008104256413418 4.00033467200681780440
-0.29605543471332573802 3.13794045715766412030 -0.59815332445344537859
-1.30020521844362946240 -0.85405790340151677142 2.89529148122644386376
3.30624697923981170078 2.94351759825976255769 1.46778222071857822328
-1.35991222940545908315 3.33246808116014303636 -0.50369434612945696017
-2.51183320685740030243 2.49398024147026209363 2.29915848715735382513
-0.55861266104854623293 -2.17598607270436206207 -1.19045724302468869382
-2.36601724222432707734 -0.72760710166469655391 -1.33245680951144507276
-2.12885662512658235812 -1.97185091875974150000 -2.67458366488419096996
-4.20636590704700452648 -3.40029235916391936456 -3.00702933573130337663
-2.90401702862488120260 -1.53404943445735231222 -1.31191479426785484463
-1.34994736436648787858 2.32179065620632929523 1.39776251773516602128
-1.67117868058619745142 2.74243170083771037326 0.44387546638283037481
-2.46780532128187513052 3.94486420385588676396 3.34825734479782699538
4.13322223986961301279 3.88020406327366007559 1.75771091711398685931
0.71562056718350852691 -2.87706277011885847017 0.22551737484751477325
-2.55913196361056316519 3.68881251476147742352 -3.42853503084525890188
-2.25343995315495915222 1.33167169415203101579 2.68857245223459617733
-0.42025874936360541057 0.32332607799513812807 0.98549640089145817967
2.65890198745189376694 -2.64448781497506590910 -0.40573151952584041169
3.26540473788018736911 -2.95308303118768433748 -1.29448941313623411276
3.23642865927031042617 2.15495878495843573575 3.16512735269404554828
-0.80386962866477595924 3.18102754574930290943 1.05085617946311593585
-4.42959151820490415474 1.77550719620950925304 0.30118130156368128070
-3.42738683538373178905 -3.08124317601842534486 3.27626195120564300822
-2.56543005215551334075 -3.02910099782801767176 -0.49336635323226385452
-3.47080714393957467934 2.18315848514707777639 -2.66581821779727867749
2.15662206882764362348 0.91720893585065166320 -2.84082786271333675998
3.16901482522270239173 -2.89773457093575803611 2.03023184715736171313
-1.40939017266037058818 1.74992348777940076587 -3.63008872277508487514
-0.90908994965074407801 -0.72606023239823347382 -3.48474525602000628766
-1.86213168029771791723 -2.43719222117026834695 -1.49502785436498619731
-2.77587467894476125352 -3.58188395991598840240 2.22230383981114698599
-1.78794488120260908204 0.59318430239480779420 -4.33825550163778750346
-2.41643282637769729604 1.09640570005643667173 4.06686386649629749712
-0.44703399302489099654 -2.26228878580349812566 3.05270904696658096356
-2.03616248234228836012 -3.81768591111074417910 -3.37664997981195247334
-1.22947876443146597580 -0.08010605400919246222 1.57836968155870671637
-0.95886541347712217487 1.13787288502974615056 -4.50348114983449043791
-2.64794518971018799647 2.84636987842587085851 0.20137374760626070014
-2.72125838268247344232 -0.85045990575279439838 3.71602768284422335654
2.25161689090021610582 1.53464563072260506971 -3.81227714115183191623
-3.57606700110261543912 2.46677257497862267854 2.07226427703202364938
-4.05132252026108297116 3.61328093512912662533 -4.26611239165427491571
1.10982854709910760960 3.16163417315745576275 -0.92340349918317032873
3.55510410063444748374 -0.36119935722649199050 -0.83664721950984954901
-3.36492203285420288239 1.83576641835590503860 3.23974304924468636813
-1.64582606995786706605 -3.29672682470356059881 0.42799524210192885221
-3.82412924071303139684 -0.29488794733879064580 2.02833600982945583269
-3.51164064003969311756 2.73368366791970895946 4.42169857862342663424
4.26214632154902783867 -2.06640391910661413988 -2.38364796944984558280
-3.52765424276420747063 0.90254424897501106528 -1.21853140368317225395
3.85204476713887533634 -2.97464846771432567252 3.13037659716449834235
-0.45331367605056627212 -1.13684036876594385390 -0.63801548953643472117
2.31019680155146112099 -2.79644683382600245380 -4.47217628606084627307
1.54408971670295080969 0.89121059386897893972 -0.06512910039573416299
-2.52520961817504741020 2.59580204189799434999 1.13425356985014236244
1.90739164212956868738 -3.48004492940796783529 -1.49000897457067615903
0.23484454206557270339 -0.39648961678496341676 -3.71088610030443488697
1.30031395311780162416 -0.85144723481987538705 -1.85193359180048178203
0.37134283088659270078 0.06293009653597803066 2.92188415235769749501
-3.42625642629862880995 -1.55930370316196942326 4.52612171509590677232
-3.46887249351012982856 -3.93405632439361063746 -3.18208755895066852659
0.40924534292035197325 -0.02061902463360976157 3.91310769261666546726
1.35474056947581633636 3.32757775468245409201 3.09294045667583006320
-4.37401671069390918234 2.00120307309118228289 1.83060123108816785731
1.51837414402175685524 0.93767153957257054486 1.31324720869866329309
1.52158100745704061296 2.84421952203007677440 4.42029686491237239210
1.59487406663321085176 -3.41817302777937870317 -0.24203785485906159636
2.71779983142897751947 3.31583592095982382375 0.65866771637088916691
1.80321978422592898994 -1.44375691970559838495 3.07718360468554319453
-2.52479375107191694738 -2.40010148773198261907 0.66973687112870106120
3.21045458499000169184 2.81058942175479042902 -3.72860123111641339477
-3.79712874798374055985 -1.80878946511301652578 -0.45898346358882147200
-2.75222924466149043710 3.68647857184719907053 2.35591273885511132136
-0.49027555476185025185 0.84096703277653261921 -3.43363530243784209617
3.42421581483090609055 0.89426553207786430022 3.52889215559590407878
-3.93477326184482878446 -2.44418580191381984434 4.05405467968968036274
4.21454806495636713493 1.66613902187585072312 -2.81838755833776000159
-1.53587154570306338996 -2.19858549130556601980 -0.35460341234403180977
0.12762334619526871649 4.40395251970259327123 -0.89589404468556477212
1.31524734757411909669 3.33092665330697101922 1.77766121632199602942
3.98235931231692941168 -0.11313675994096161759 -4.35227505155642990786
-0.40712040010447125837 -0.80630505312923439476 -1.82953257721215090115
-0.34717999772915142387 -3.98807648204288245353 0.08372113689727012087
-3.12177775763072951065 -0.92780528779812243556 1.26724669159590508372
0.42477809351834672213 -3.98947478443718717145 -2.96991885029759172809


