261
-0.03474632909823149873 -4.27733942601494376845 -2.20972537028811766291
1.62158265809293489212 3.71303823849763059428 1.40171260700819555467
2.76908802506699291968 -4.28698760991154603772 -0.65424825490808569128
3.56026713193826882531 -4.05199512133637540501 -3.33299306633752978613
-2.67258190224231695353 -3.24432181440052636034 -4.53189104461866332230
-1.15112698154773607229 -0.33701069204891531683 0.74004011455367812999
0.92572915361277985369 4.22510392291931946573 3.55195707106175628809
2.87770605737120366285 2.13112383291173745903 -4.39425397959539942860
-1.09775559109939413460 2.03871159548846758724 -2.10381817332892584460
-0.48677561979218619825 -0.75250188286209551691 1.40762671413000806098
-1.66297283957071329041 1.09925550941465655086 -0.28130742423636956318
-4.50751063836090803960 0.79995128991978869948 -2.43879522390937308884
2.13936946209689882181 3.76258467018136411042 3.90864612813018563742
1.82004136664738158657 3.13331209110620356739 -1.55615706648530194300
-4.44835786980007874547 -2.74359147441511197485 1.00424844912701249910
-3.87354915935803578719 2.88660807807099306643 1.21128665699532067634
0.43172225391991414511 -0.61296789274221330501 3.31508372979755439047
3.69080707085543568979 3.61656469040997397002 2.24888512497155801384
-1.61152860162743349903 0.10940111959981457801 2.63556293044725187258
3.67322448909661236627 -4.48361662790123727262 -4.24915848184635347451
-1.88700245595669491294 3.08590794804465495815 3.12968091017615623883
1.70118088658917177014 1.94086897148833781301 3.57794916950949026813
3.37551439372598327537 4.09987097826652036048 -1.17720451767542666488
1.70827918278423585008 -3.92041387679067732108 3.71407532148703278807
2.08634893803484100516 0.45183903728119023668 1.99195994266129616790
2.55634949514683018634 1.41428816705271742649 3.91421348695417403718
0.58331911046600914972 -3.84914488868803816857 -4.39914240125302047346
-1.14074816798352696168 3.67618881515971640539 2.14655082901046956323
1.42614777427079530980 -3.57281473351153255891 1.34468116622979216856
1.35829988064600026831 2.63360812219600237682 0.79077092845366525609
-3.59823369740960385954 -4.01078641609663222312 4.33075339144178439454
4.22216653525329110863 -3.35156330348219722026 3.92129730620481620207
4.46400433371138571914 -4.43783464476926425846 -1.37127398478754836120
2.39646179383717328193 0.22324566014754143595 -4.32052487862083012260
2.90187089739648484965 -2.16973935839007125992 -2.42285375316533846402
0.94114388431519024891 0.44960990805536482640 2.40772044121764849933
2.67492637371205521646 -0.94235893468321618727 0.52823078352356045428
0.83675052925861947983 4.08885319044113249021 -1.60040750999858616410
-4.27917875709314721178 -4.49119480768378842583 2.23119840225279908452
1.72464540448766268099 -3.91422102503899704828 2.57121698358329364709
-1.68714696134273545169 3.99895223111969944085 -1.18805945777421406717
2.10903969828223214478 0.38082274287079176389 -0.14851471130590887526
-1.65395017748356254472 2.60655288501486115393 -3.96469738696018092483
1.48444196822295992888 -0.77069757766197177773 2.85723083449080039742
2.02998305236975173926 3.14189908542284346282 2.33779909204972380365
1.31202289307611863478 -1.35196933425026966091 0.72379775749289176900
-0.68113039644076245338 -0.39100048044933455316 -1.51592540951756182821
-2.03682921722455523295 -3.55966982215204108542 -2.76475554221022745693
3.34271995247488806768 4.49895526041765680958 1.17670977687048416982
1.28006424730287893254 4.11077793177238692834 -0.35389940013871434843
-2.58425080448636013131 4.09146882413142609636 -2.94895745656729779682
0.45631709275020249095 1.67114612565580245018 3.41231593224365514772
2.56088916287061874044 1.88635380099864047310 0.34220967461864049142
1.77091643993160108295 1.25920332916535659962 -1.93406203026517697907
3.31050810282670138207 -3.09322707286879694522 -2.86337113247303332031
0.49320565910351898964 -0.23553344330064085455 0.50430474477859466020
2.84379760897296129940 -1.91330627730231306316 1.23317868999344870673
2.37936506477650144831 -2.75710750719556640931 2.11786198065527297985
-0.10727188059974324119 -4.44146023357602981463 -3.46355710383930048835
1.93249372150697418249 3.05386115382619305336 -0.48623207324090245152
2.53114345800023432531 0.73994841873804162447 -1.48974149331043781430
0.13908088878246971376 -0.13154854139489113862 4.30083393782756484569
2.94837618192125461292 -3.10721529896201875687 -0.49671509445287220785
4.01486904438528302563 2.60694465967675803597 1.87599572462079855484
-4.34684162985301725257 1.28106141865101985644 3.40905134849552382548
-3.25051784313701963569 2.17953772822285873900 1.65629667010926873161
1.13487638563902759614 2.60265787732761300077 -2.72402299118165780456
-0.20551550698088405511 -4.40299170072023038358 0.08373728129876578663
2.23490297323661035733 2.07613818197063526583 -0.89391802751339533017
0.63553913753550705934 -3.84809218749219805744 -3.08098336904277081416
4.25668932381710352075 1.06612176915401057897 -3.35690073183528925327
3.99651580233310266266 2.72930345593249601421 3.21976499872905375099
4.18531329437980925690 1.62432731575313749062 -0.71095459997842969102
-3.93784475289498159256 1.86556157938993738554 0.91258622079060192078
-0.92926285713083434104 3.54008364864223690205 -0.65830342560853560840
-3.53450902233614794312 -4.20664928331160936636 -0.28688025559880081516
-3.32991553825719854842 1.50983664855443056041 3.98891066271534189269
-2.46567065409599761594 2.27132378144512170337 4.48728616761852006078
-1.42253114091353172199 0.05392637343413664297 -0.78551842511686897907
3.23369416583578317415 -2.96551543670243633599 1.47686563276010840440
-2.51400964257296122284 3.00326459468440187806 -0.02385215217889857797
4.37788618113941030430 3.67557923249750739814 1.23147796954552646298
2.67812112053047446381 -3.48196244956403377913 0.54073492582611049073
3.37039060334355244919 -2.77114589999720761782 2.59590049162911906677
-0.22073865619772714552 4.19211835400169530175 2.41289707369520289859
3.11299147166424727828 1.12956644661794136653 -2.60969752788078990235
-3.23600087862915275494 4.43319199561950849642 -1.90005807212073651868
3.97459085925531407923 -1.89431904781096438484 -1.91137965980821178391
2.95245753849178349526 -0.84156668069171303159 1.83345958149957244387
-3.18722664169679426038 -4.22665108933450905937 2.46591518957711119953
2.61932079412403506780 -3.59684835455787643710 2.76925410880352895759
2.08329352571526182913 -3.75817479591289194119 -3.47484329985011219932
-3.47169641086450564416 1.12908504902074380283 -0.00220778748324512719
2.88238204028403988133 -0.08133116917913962851 -3.54891383642112634433
-2.19160996603268243277 4.52378034364846559612 -2.01015012673710602442
0.12929928603285123501 0.68841002922403671249 -2.96823202696626387009
-2.25058086430351922402 3.37848199573156016129 4.31325029639472479204
2.17084450092555236722 -3.19146629467302789251 -2.32286509318364897680
-0.27074326148488569999 1.61924306712765986305 -3.62321824663967628766
1.59781150461062093626 1.89526932938503644976 2.43401950291174706820
-3.29619956922507206798 3.46718929456657587451 -2.63548560286855781953
-0.99298977819463996042 0.98948820335409859439 -2.62066767711031767263
3.97849602411573766148 1.77105582311204923229 0.72517285570849132625
0.88206865106553511424 0.77005728362230740913 -0.18106339907733381978
-0.91569527025461550096 4.03807155780599824624 0.57367984306817909612
-2.02573852563184075848 -0.69620798130945926729 -1.40720923108003015400
-0.08089784850239301051 3.55142549642909965968 0.09351876693994043421
2.91840685510245378964 2.69918880924011528322 -0.26238485505143049892
-1.90963839152414616152 0.90528979196193670731 3.85049367392239094698
3.35589504854526410327 4.49389721896398253165 2.82152488255252009708
-3.29860004373620796514 -3.70006735381308704547 -2.51411160763056074074
-0.40355498394926669903 2.59785251794691074423 -3.30596770719842103503
-4.06937336115416492532 2.88898224301501382882 -0.33895400351151927509
-2.48500686467824749570 -3.52466073878029151345 2.14214500623450287975
0.79073046054848195041 -1.75546354596211795496 -1.14592781312566271978
-2.39203080201934570326 -3.45574928810114201383 0.25810613380102509495
-4.22328760836535099799 3.31308290058856069749 2.19787728164452733637
2.99419820030377437092 -4.02896212711100076831 -1.96843866795287159022
-3.45359883837678394158 3.79564154007262555268 3.75779566187992575266
0.04213165897443182928 -2.98449574397237782364 4.30216281537977085492
1.11852525941586922187 1.90544865793984730118 -0.16463084493213564485
-2.02613791533131903932 -2.58653063564816809716 1.01016111999079960526
3.44383491460106405668 2.83360484962370051676 -3.14771223801211430526
-2.54281833187009587149 4.40918678274542852336 1.71150165241626517343
2.68088995604927582406 3.52695462032342543779 3.01745533291110401564
-2.23158864283949931462 -0.15015417221823934568 0.16771094015703269520
-0.81051147738616036165 0.86785513564985894419 2.15789825255431111373
2.00746670084738543238 1.31491625368012332586 1.30589383241996070950
4.35834546718264359555 2.34435434621253424581 -1.79109747458171852941
1.03594925500709145183 0.92591992259355571093 1.21794803822683395111
-0.42515750214815373198 1.83008899904037747319 4.38180119776399568110
-1.56577334612564111893 3.71691268989783818455 -3.29604039378274826788
-1.01561269207711024620 4.23654940475649066656 -1.88650792738813510852
3.09277030388571905206 -2.00923442392521067745 -3.42658352587500347752
-0.43404243025190147875 -3.25446475997657280743 2.33785640498872826498
-1.21320701079419190904 2.40718263207071458964 4.05033719353161725252
4.10577024105859589298 -4.00369699199973183568 -2.38231161869789298535
-2.55284709883706328881 4.30275636416420592667 3.77966236184072368331
-2.69707126648092465615 0.71394499518145426720 4.50289593918876374090
0.07594742010463040316 -2.47719385755441123820 1.94655956024615850453
1.73560050894050910131 0.19975365817257273449 0.91558467394478260104
3.27232758289136160812 3.36227092510908409650 1.35621640278386745848
0.48982457670379009329 1.54332952476152573951 2.12026394377092852750
3.16411965272647943692 3.69664283523559422662 -0.26900403153679519619
3.09485674476335770322 1.36527504266746380068 -0.47296235158190480519
0.99917372211113519853 3.09197988731931960871 4.08834974731542555304
-1.15930738651553522089 -4.31261357867303374292 -3.19048489146939706629
-4.42949620396054122295 4.06543521644434857620 -2.33831266874866861016
-2.95134976076442301363 -0.50682191142640053982 -3.19998464420234274286
4.47557994868265840438 3.75766787066364127412 3.09606938047686952586
-2.17909144276234867377 3.05496949766216818745 1.89592363061130608770
-0.04747595950891536631 2.69338407785492695012 -2.39137531211955467469
-3.76740050128607872892 2.08540407433096408596 -2.46288580374054610900
1.37096601401709072832 -3.75618649666292947487 -0.89506753287168816513
-1.28462392243915868306 1.75986703751252893113 3.02032987090421656262
-1.12739466055486170504 -2.70569073256111414238 -0.09536576859037904086
3.00618535451117718793 2.61298333326510334729 2.13266334779099597796
-1.94929462959288546386 3.12617250758940645738 -2.01887027076490177535
2.62694296195911736191 0.44710623818861794376 3.46877327703947369031
3.39857373817062313748 0.02041643721374164500 1.43423781649363579760
4.26466541330823201150 -3.96733309672551337499 1.20485425926071432201
2.26364994738129965413 -0.62084821031528880653 4.00806973119686293927
-4.48015920102143194725 1.97395675597428255088 2.65083699510376025188
3.92947497775431653366 -2.07600854356732877903 0.62837513110458864674
-2.01956878267869877064 3.86984248915894735177 0.56312793692537699286
1.96108028643167831007 2.02962389937560594433 -4.21227939344243118569
3.48904709803909884869 4.02625276204349002995 -3.19500471275752229161
1.33969923103100274631 1.61058767081239562202 -3.08861422070109714610
-3.04680212426582341934 1.71075899810638620835 -3.52870641314131638921
2.63516653513878829074 2.22415030378358835605 -2.29332563937686284561
0.22823281168014641906 -3.43645832317840138614 -1.38492896041163859877
2.00614963709294702454 0.58196169595721514156 -3.05109699896259023433
2.44601914625583738427 -4.02929580590788205541 1.35179055064814246379
3.79630607724085411547 -3.89107224400735240977 -0.72049056795701638123
-3.47308062826057017958 2.90725916705595111011 -1.77804077933291448943
-1.79035225342529802361 1.26864847204412711790 -3.64155467171084934463
-0.86300301193308115444 3.45174919572108240828 -4.31363086610598678305
2.68473758652156302418 4.16814205324524333918 2.15128297285802094763
1.71986343863448265523 -2.76774032693566329755 -0.33545851967478590439
3.44768711014994710951 3.66013212687659272859 4.12791093674266473812
0.96296224866962187861 4.04964380889432273847 2.45092765694311420788
-1.59684743571048048949 3.96652555500756864859 3.65881841809594998693
-0.75082654276170135432 2.05127536066623950006 1.97971583672645756735
0.21404525409438068806 0.30570970632452354465 1.45985788521545156726
0.80780177330406210956 -2.50959732942380098208 -4.11058085874254786063
1.60041001225881363013 -4.36775250318182717280 -4.22735396677360331097
3.74993156880557787503 -3.81056617920552431755 2.29893121579895964857
0.46665775616866156383 3.69086732607927014982 -3.64528943680918526837
-0.14238441728369366501 -2.75845302558990601582 -0.74509568610389154131
0.54194826386637995341 4.20667773233430519753 -2.69898828635783649688
-0.14478661831519001879 -3.84352287186189212065 1.49804224219468995472
3.00279497998611688558 3.04129988307033993777 -1.25576209669710348038
3.71499058452755104298 1.70379902294555574116 4.17606394227952915088
3.50906829891679361566 1.70586551478099401891 -3.71403824678126515124
3.82244983788558112536 0.80068103181073713159 -1.22432760347735403172
2.46673317403516723090 -1.98329714646477306417 -4.26605309077509797788
0.58988563632775470325 -3.96799191547122509505 2.18162814742967281489
3.36975797779476149429 0.77511087016485191725 -4.43743375625621450098
3.90405400529314317026 -0.07249698205299637266 -3.11966724617531054875
2.93619653460706597770 2.45268492143616700929 3.65843583956221873876
2.03545645767225824585 -2.88177921083361576748 3.41625765415067217390
-0.21493763483963235217 2.86928235143348242531 3.88351020096960208861
1.23303683212470094333 -0.31276275758094573831 1.68906340477062233418
-0.43622695742750572379 -3.91693249530171527795 3.10546973070594756194
-3.54445810365337710124 2.43394936541614814729 -4.20092605570477317656
-0.23226348092250326260 3.90298745906594657384 -1.29062704705251629633
-2.15648860339128622954 -3.83430693275101930340 3.10653727861736417282
1.95783306404605284001 2.31196384410886057736 1.51390068273608502381
2.82950027924803926282 3.18149640155593704804 -4.01215394107606559970
2.13501309532013561210 4.08907256039166977502 0.39288691377220086309
3.91313901164307598179 -3.20558319269901481618 -0.04991036217418276522
2.27470497695952644790 2.51717421666786567158 -3.23096094420314505768
-0.54326418546768096007 3.64605995594449527886 -2.81586552060919581564
-3.12851244653026050457 -2.94571007172407650643 0.97300410346308385812
-2.62321311143652469156 3.68108317202507162591 -1.54086885966675746218
-2.67003000455379346789 2.28702417428157112056 -2.62272765632552884441
-0.78841846787374869621 0.67991995797035986726 -1.55497083793181323230
-0.88524727395248969941 2.66318853415808032281 0.91635574688800502940
0.14092373870570362726 1.82834149123029199302 -0.89153058278872698850
-1.75373246699595242148 4.25848696986461572322 -4.44041566316585623042
-3.74894421054098847534 -3.27235153344329177116 1.97996641968460806993
-2.21274705233178936581 -3.59960958178124723617 -1.56766326695662394641
0.01993257948231974552 3.99555800915263770179 1.22652941628451994660
1.96078588759590299873 -1.60007176810610429740 2.39292983158836225499
4.27825688972620188366 4.06428700385276098217 -0.55822877976058338234
2.32258242669076864217 2.93609528139280406833 0.67351010356948215474
2.59987738305950255580 3.30443938050394070416 -2.31441594498242375622
1.06767999896954002281 2.25901729639824822016 -1.34448916036977061950
-4.50970773349513809336 -0.29675260988538010309 1.89022753643487906317
-3.54063282648635668792 3.81587251850706632439 -0.99984025728619396745
-3.85941185839089051512 4.38052313895057832127 1.29153880852376712340
3.33458207452419053141 1.71839221482977855260 -1.54748395382995429514
-4.14314987892508312939 -3.51869259999181105414 2.90759763557197992156
1.95506958369279093546 4.12187420176918006831 -1.18953421740212128555
-0.74132071110664643498 -1.63725082219068029943 -1.30384232079063178134
1.12608311168250896372 -3.89455298109239134163 -2.05581325412295301547
2.50788077064356595969 -3.49706845974062874305 4.23821905297242818023
3.87765299111635908247 0.02463628992840938281 3.50622413622594475413
3.35070659158873329631 -2.14163960631241190313 -0.80091021070920609404
0.86593705506079388101 2.53310198026362431989 2.99870259610622991175
-0.95476463879461270778 -4.45741966246277954156 -0.72010543114196146064
-2.13587188656805837539 4.34194341120393989542 2.61598669921761040058
-4.51593610881721918560 -2.53247740941327359465 2.21573129359515963444
0.96350665633694276835 -4.48896569750632057350 1.33168501222229007652
1.89187862854276023228 2.85434245928744090293 3.29313622375771508644
-4.48131687197650752097 -0.98951665826287360517 -2.80332700764827036366
-3.20652549416076615429 3.05452507876179968349 2.98144343584829751848
-3.43881297407635377894 -0.20780294970649837438 3.80434708778709929078
2.66795955890117486575 -2.01334153882717714623 0.22575340306112590127
2.91148988871537550693 -0.01701770497717092212 -2.33820547582384952179
-2.64770274610936473536 3.19737090832847936639 -3.72049245723232102634
0.84101514387090947622 -3.80703455340558338804 0.30201691540030939365
2.06367083358942959848 4.35101805301233479639 -2.30188245447684147749
4.07677747599354400876 3.03807851716088261895 -0.81573236886506617083
3.36853957712604312746 -4.24047136710066130405 0.16270432773173393315
0.39856475752920239586 -4.32708144596409649552 -0.82783475858671273784
-4.45154508768579937339 -4.51823274453746570600 -3.42642530078573281926
-2.85278920387981926865 0.33752861627381225418 1.46609282293514819884
0.82196262128740738007 2.42881109882543722023 -4.01997836196910540707
1.20843671377383010679 -0.05517621980200360099 -3.64529804209551988592
2.86212851336699536375 0.61943558615461835615 0.65879643688416500424


