341
3.27056199651106460635 -0.99049749857286428778 0.98752107684547851818
0.98385020695378777589 0.04588109331782153077 -0.35496494676023537806
2.46643668175037245049 3.29318575223427689735 4.52600560617039260336
-2.42595863247902654436 -0.75696111709210223140 -1.25147020033564748687
-0.42399914778135006088 -2.55080467230019847236 -0.85735220131565359480
1.47410789822095633639 -2.60767565327097994299 2.18134527008919842928
-1.97108165096440623998 -0.51074429860321401975 -0.30317625842156914473
4.29592483804272173842 0.52941056834205380000 -0.82472340371563257477
1.72625193189824432949 -1.41944907665048170031 -2.43073613653954367919
3.25347884288658750762 -2.10437619111363050095 -3.45641107590643859027
2.69267832999150780182 2.36497263142972702354 0.54118383425721106050
1.47893121790489256995 -1.97008168956539542194 -3.79556035119635204467
3.23290891268075597509 -4.20713753179659555315 -1.17556026311753969438
-2.83963419120337912105 -1.78706821589645459269 -2.83774686798269248911
1.72983670611179807253 4.36768061501921156520 -1.04200608858310239668
-2.52806815349932856307 4.04039072643919805472 -2.95423302841681056918
3.44034812549395407899 -0.06615453803752302520 4.31335972431372294267
3.85252779342722373457 1.74974086433034248245 -1.62815166593030369313
-3.80252528369012976484 4.34513217082824265702 2.36811258384745393357
-0.25020971799873326091 2.46377753789997910872 2.56178928382760240368
-0.86465312758256684944 -1.67432285032429284399 -3.70344045926267018132
4.35828979827058571317 -0.27568801351519667264 3.84585885392549631234
3.57700531274727051567 2.74538852707305469636 -2.72282351858571303183
-1.84597357469076195358 -1.92370398387513619198 3.77036601062262288764
0.63327093229192765733 3.11014396418818961365 2.43279796170366058305
-2.67824200418622160313 3.01339979671962687746 0.34444615947255385890
2.39669038737975892417 -1.53462146310698654972 3.03434331022392189681
-3.61161219554563039935 -2.56058176084190858290 -2.91119920860843528487
4.26278915187425777589 -1.43169246716820541820 1.36248558894153326548
3.31554814995792579424 -1.81899166125083677770 1.84639955712871461913
-0.39211909357256846675 -2.28602113563567854726 1.95696602841928157801
-3.29384635239878909019 -0.02282012981687397968 3.45325516399770204856
4.04421681103772190369 0.25818721456025972572 1.45792790561505292146
-4.53129773551867298664 3.89796367040788904745 -0.29447642777443050477
1.06432817375230825974 -0.31670093698230949997 4.35045287661974366955
0.42406385608515417829 4.38570650420928398461 -1.02950878093584474726
-1.68310604909506444926 -0.05007846833946594245 2.63251942222946322403
-1.43300744892435183431 -2.69081538376995466066 -3.37893637399192714454
-2.73103754180201363511 3.89441306801522468817 -0.43955948956665658045
2.12660746841887071668 4.38769166556248091382 1.18972302633186810539
-2.26292630355386181762 3.23036571330862809504 -2.36184016929406626062
0.67158493844941080653 -0.97683757738811838323 -2.58807353013436891587
3.22967758920839909109 -1.04691633208957934897 3.61184167328114202888
1.94668415430752883566 -1.97245389206753296563 1.52767141489635616125
-1.91383789168568885231 1.25547949233702205163 4.27193291305326550145
-1.13987444227012879594 -3.59088291728496145083 -1.10611167299955326371
3.60082310755606993524 4.26400947627408211105 0.74508508698886100063
2.48188074614581921651 2.20054300012505343886 -2.32319278425946862399
-2.43083166333645284141 -0.70310497057298126933 1.60761702123258132247
-2.52647884832295543944 1.58921876844100307125 3.35833089317763189285
-1.38985632357523325453 -0.39488688759450329968 -1.40379414954536940741
-2.59507245520107598935 0.24181859783382719797 2.23514109231645541342
1.55919255010682533680 3.31041425791302312831 -2.81222738685152418014
-0.82429516706540084670 -2.76354892214017588969 0.74004672554973893739
0.98092871961222805055 -0.83504233371169878097 2.95646362889340874602
2.29438937374979001760 -3.67875224774808673445 -0.85122150402711849182
-2.74803129446290750337 0.76313051791332942031 -1.65405600910647843094
-3.60894192728521145952 0.55479099327244352224 -3.17000223619914711648
3.01101805600084482251 1.04385616363143096663 2.54585178850387094940
-0.04194159616774673083 2.21526946486480547094 0.73045233209573190436
-0.94070696448821866653 -3.15434584372383364226 2.96561382751440039129
1.74019729429105485252 0.17962572037105672962 -1.22548083860569345660
-0.62635837343675104805 0.35874726456262706620 2.98272995418810182855
-0.86484981060181942425 -1.78266013001470202681 0.16309893734854430392
3.78148205395530734307 -1.77114988302922204966 4.14905959184115058491
-0.89447006126241435098 -3.53643963203576072729 1.73293669863710420032
-4.21282400676394619410 2.18707066861284094017 -1.95682965315222556768
-1.16227293261451469775 1.42426827534326694291 0.48338101514418863047
4.35293986338244298651 -1.83027908303293651571 -3.42239757549676681947
3.97724491059030871298 2.53964391411507950380 -4.34485753749948422353
-1.97059683025920007182 0.77411338980068755689 -2.55016106369067596660
-2.99560892444286253067 -1.95773011366233795627 1.56687221032293866330
2.28210235431459818045 -0.18682695290668505095 3.90154701932778369411
-0.93854574857135109056 3.00576672529350652496 -3.01908704911081082756
1.36278264782087710216 -0.30202029632549276528 -2.30523331496419903175
-2.47369115031482511569 -3.55929554794011693275 1.60147784836917939089
-1.03944330295284981247 -3.77202543888408969863 -0.05151201362878765622
-2.42569336744891828062 1.22362883626298390993 -3.82834898543818491490
-3.63676089702001981152 -1.06466187023831260205 -0.64314510136556668485
2.85028366238686015066 -2.08828735033744683491 0.51574351011597929784
-1.00598924907812126150 3.77893890018471889647 2.58646558171423901484
-0.57098220039469005371 1.99704797930394928329 4.49349958443552655041
-4.46509875816284118599 -2.32963263975939671724 -4.45361575754687510909
2.89727674188980621750 0.36088757450714226138 1.49874781818021673985
1.29878565291493952571 2.40941798713901711437 -3.06037106742666509263
-1.69222368327317429504 3.46501539947548220510 -1.38486227375326231837
2.99293357227124712239 -2.62613344902509027179 4.33098018931197881187
-0.54757760658094323247 -3.22997451517783851216 -1.99714519457673844727
-1.98367352394722207265 -4.21535152449032057831 4.46713372680847964347
0.39883070150783517249 0.01429235180044852171 2.45977089505713397699
-1.96058803178083973506 -0.94284625095495444569 3.83958840422124136893
-1.04700980450995206894 3.03878281685874984674 -4.48730930381944670415
-3.71277273892851678028 0.99444604913000578250 -1.60881098979505932078
-0.32897728671932124911 -4.11925528970612564450 -4.05539449400834239867
4.24967942621572714046 -0.46549361690484314380 -4.17188196740324812595
0.37096793542168082780 3.32703704107072706364 -2.95137929390515241224
-0.23379354293803711329 -3.65618455300405553743 2.44923518022507114011
1.23617996170851451865 -3.24656720668507192684 3.35961382600013092059
-2.01498687941983689598 -4.38886596573479259575 0.47449419171226381309
-3.04636862129013596956 1.39298782210435856399 -2.31454764142725810672
3.68379585816909749241 -0.67838341809710378527 2.06900762175119101727
3.13842973283243598104 -0.99567061921924704393 -2.96756936658622905156
0.42075526934546747526 2.46045204525838290266 -4.43558872785756541646
-4.41147101583793155299 -0.53947380083831308895 2.32367133187247620896
3.05291752145223593828 1.37113205334409382630 -2.69756459825462835411
4.24382586825696872523 1.39530612335660908485 -0.09086623885997191508
-4.26583807231082445810 -3.56481615735332102446 -2.58931478306809159662
-1.99574864132559026686 1.54306200525974190896 1.31540152673986465715
1.03598010158276476744 3.65108457793462992669 0.24275873606457398779
-1.71556584274213275165 1.65856104825528039015 -0.86962544606893033006
-0.03827809783658153719 -4.46210165131498026625 3.95213282044803992932
1.77364412077591726558 -3.97374219356600955066 0.19251283305075883590
0.12755919320652076010 -2.96098735492792553003 0.11189540915109752461
1.25813773545925133845 4.32366239521513850974 -2.04597712867139325255
-3.02538857764691249130 -4.38619927289626154732 1.51097814104677041769
3.64384625882746515657 -0.48834095557749090943 -2.17040265004468180265
-4.26419262749973260185 -4.34496889700155808356 3.46012415485864188724
0.63101881888935373865 1.52993095244076915407 0.00611473825582375952
4.51291317560861937608 -1.46179602973811739730 2.59505807584458558779
-3.63437201148589794641 -1.82279728283333053440 -3.66188419062630599043
2.60495516408491134541 -3.32728896608102209242 0.21809277476776411930
-0.06715560481796511993 0.72059413730350474481 1.40450607102594471343
4.29048761717299154128 -1.23840036537327602417 0.24708725185617019804
-3.46564995905821637834 -4.26299404220949895716 -3.57556657987253334596
2.58062717648212558430 -3.41998820626423238878 3.93104550033464139602
1.43978462531838413696 2.09103050135734758186 0.16067958090610900967
-0.07333118125278037525 1.14263255514335870799 2.66943651631465694862
2.77972610904496608697 -1.32230440182976405339 -0.53163348572958835092
-2.13673668334310429273 -3.73498870995173204435 -3.75363533240651880973
-1.46315633492544261429 -2.70290284690677040658 2.16857258717954159977
2.15084386798975568666 -2.40688893828399796959 -2.34758362656160901594
-2.54352838155628324657 -2.05885581927274063929 -1.63987784040135764485
0.78710968640576872701 -2.05806810966628894732 0.60185701006588221418
-0.64695114193318525864 -3.18336259634093998727 -3.90594993808764412435
0.80864864874871766887 4.51865098092438177702 4.52556310193690958243
-1.31557868933474519935 0.88217881389808461279 2.12348918493234428695
3.82197525903498647182 -0.73050563099512499932 -1.04057144111790655927
2.20854829008168263016 0.34188331276280603532 -4.15241072624756224485
1.70262490602744076540 0.27112470510543040803 -3.17822349300021977925
0.40906273650346136606 -2.61300626971372418339 -4.27717632985361184694
-3.66891569719341603673 -3.16454024067422201583 3.57440450209381399560
-1.41971366330401993494 -0.55409076313926286517 -4.19285809267180731297
1.33407977894586693424 -1.97459920268992439318 -1.24068854242943560351
3.74817636448379243319 3.45986202280355925609 4.32114030709398999619
-0.02842285363874363924 -4.35239301134393219428 -2.73883958254353121475
2.07917346335792974088 -0.67370635206654760907 -0.40328336321182689517
-2.72104870605090232161 -2.75315252709510582818 0.00312074959638763971
4.36487102908072355234 4.26011578742566232592 -1.69409869236467525155
2.16113845144641558704 -2.45811304943365316333 3.48783144315209892028
1.60909426129070887157 -3.57510524057804568443 -3.39090142570095043340
0.28687151484230177800 2.98254222544234703918 -0.11839126736875460466
1.29344258970530745501 0.83331711305835387549 -4.41583010236594208919
1.42162659998920926085 3.36768229160464649397 3.26884592776803284409
3.96615015860811315207 -4.11232271969696761005 -0.31223156184626166265
4.07130354617521472704 -0.28470117591951371594 -3.15432589432987242617
-1.64254508964138823401 -2.99793013972280775192 -2.07853918316986296944
2.55656135383080407308 -3.73610443680341530737 -4.01480910408982882842
1.63009692540095496582 -1.06187044042866451932 2.12524755290661460094
1.95386861144140855373 2.35618381063254123120 -4.10906275961464917401
2.84241984756842036575 4.10161318940237418218 -1.80938845975154283252
-4.11816724961547109274 2.65622915121896685520 -3.21829197643159803377
1.23785871392924118339 1.11416543259676092958 2.77268789149412064887
0.73284607949310220931 2.59507365862435079862 3.52125340982217860386
0.23120039748724696693 -2.08873099151637742210 3.57619723612955819902
1.84447893498219084307 -2.78321165871234610378 -4.38262710824836965173
2.61677565549047042026 1.45150396429458972136 -1.52231311699893634426
-1.85480564645736567542 -1.14030274201234904652 -3.29343094005695613546
3.71498943622351252003 -3.09412382659648477201 0.23881715100475453539
-3.68509594988774136226 -0.97827315576548512510 3.09992582403958394366
-3.04449024387966593608 0.01592012736012993201 0.19713149747430325220
2.45333225269399068935 0.59770211828835684287 -2.37357826028850382727
-0.24844498211912302565 -1.16947659000850245903 -0.39318441654831115528
1.29466556705359181478 4.11839590284082657234 2.25038208901378933291
4.21772592722424644052 0.77406595572724246068 4.51181893222396990240
3.72742329042376407955 4.00980300617136986574 -2.56365971237491407919
0.44561878729061898952 -2.83218383289314701301 2.24353686847479050215
4.52242814266911619114 0.23079198156389590935 -1.71197723617796215834
2.87232364191335598491 1.80317537190036336625 -3.68489925713902000126
-1.62236973459169941947 -4.44151770789364341852 1.96674372859083579357
-3.70430321414268348690 -2.00422382988152403271 -1.57241274959135068912
-1.37499369049027819756 -4.49911445288966493905 -3.39834914735908455441
4.10190525113053983119 -1.27638028287226568125 -2.53896396793820411375
-0.62786684414267313059 0.83397412801733938892 -2.19025634813310166038
3.45618029391459291588 3.40784266301317639858 -3.71800054405682223191
0.54211771444459078140 -2.96861222235077981679 1.02640175655627885476
-1.47311033695870685634 0.73363455078821981914 -1.33107061180235497488
3.64783939579765448258 3.79536218380024603647 -1.00357308349481089138
1.53834717993786185275 1.37802265333561546612 -2.39292384257010226634
-0.13158724847225311549 3.56944760453900666874 3.41017407731037192065
0.06823314920836054398 3.97067881997081162382 0.99803556648629854209
2.76043681651092942531 -0.41675969726979555929 2.73209734136840776131
-1.82810675227391161712 -3.47707303829906022585 3.69074905414649467872
1.11991458926348919078 -0.88616305470283451839 -1.42813411275911805731
-3.98498565859842868164 -4.02995745814862349476 -0.81497761031938331655
2.54501303314021765090 -0.54278765649659010961 -4.21432438561267908028
-0.53526740876513567713 2.59843067896743118439 3.47344047426382918076
-0.72381662925688194932 1.83105655454631932599 -1.35957954932907032486
-3.29322904521437376246 -3.37766787653667055480 -1.96819003024436023352
-1.00165233267136644102 4.32160244053762010452 3.63125904561585688413
-1.73693717831790817030 3.71790713752209978082 3.38950446005102623559
0.45931874445782217009 1.55657087772874991316 -2.35932409975630852372
-2.12809227996897476487 -4.12610044689946420249 -2.56312496585143101413
3.08120916347401507807 0.17434634947096139257 0.17751598853996330973
-0.40011451383266383175 2.35543851233298351389 -3.59486696732379273911
-2.56369524012550487058 2.22175016199287878038 -3.43011719864492192755
-4.38058842349399402138 2.78172095607834091169 3.42640065217993150526
0.08390489036679227297 -3.68842832733814907087 -1.31841458101704844808
4.14462134149850403020 4.37553276203645946651 -3.46876770201939477190
-0.13194378962802133515 -2.71747239074313551299 -3.07637294266108662910
-1.42353410449437767227 2.89308106668280995422 -2.07423081044116575100
2.33139682081054555596 3.20203550795661318062 -2.17054212867913243201
0.33213363176066668103 -2.67096385250545598211 -2.06768267914257819484
-4.41174460289625525178 3.24335809614747905272 -2.11643664352143101581
-2.50905433417522960582 -1.59198725889854575399 -0.34844902215884410168
-3.88844458583889140968 -2.19438435414536225920 3.09989402387605483824
0.09863216881333070063 0.34117941810991059270 0.33115836285814914675
-2.35333978509128094458 -2.92659605320648985582 2.62342669981136378254
-3.01111042206812840050 -2.58211971365526427036 4.13337717707139074008
3.43140180254405358085 -1.12162333290913274197 -3.98797590771428867029
-2.68377912088086079123 -4.48017549275793403041 3.06527495830487861639
-4.30310809423915774374 0.76480775455513327898 3.39693291717785506023
-1.08780254296803002845 -3.61231769008494651985 -3.04938827050425187437
3.42576711012442292059 -2.18494730092964273283 -0.75242395620908464338
4.16415449847087426605 -0.10416235787398164803 0.19240271496592509237
-1.91997859199615472647 2.29796724891449866135 0.25091543145452188668
2.99334982820100936607 -0.31716837459896662921 -0.93061893782233795491
-3.38695914926803975931 0.16178035454174199970 -2.06234769648184368407
-0.20121885326782251724 2.47497124980537908101 -2.36289281367030579162
3.99147535597851454980 0.58253325274711453829 -2.50579430051324081319
3.16276284822154618581 0.22666578813013327220 -3.23355719104370420425
-0.74863427829545647896 3.98503240973650729728 0.04524014930628261766
-4.44306518518800963591 -2.03105580015245479331 -0.36521486770893485385
0.10260740851886396285 4.51304889018038135617 2.99586908970022136600
-1.51342612339264315224 1.77746396347466895094 -2.63648571172073786784
3.98172202886473680650 -2.91515748321193957082 3.65468916476606064947
-2.53873287377386125385 -0.43927881506759458574 -2.44780388316542518723
4.18863977915215723868 3.41849030966881084481 1.24744276260985564875
1.55662516838358744309 1.80843350531197533115 4.03007758310269803559
-2.47170980707732779180 -2.82518185444115399463 -2.77977778504334693821
-1.09438981208502283948 -1.69446560782643551590 -0.95690991642682110552
1.35585030247955007354 2.56062048770133099396 1.25910522119364642890
-4.07120389060370602152 -1.48151131754960818654 -2.42658752953844469857
-2.48886049125175157215 2.82558666483969567196 -0.76881770649125868999
3.30949589782646480529 -3.07804621620517782077 2.31356796256508534526
2.12994365793258300101 4.49907386728214131466 -2.96959174009114645898
3.45781231749309991841 3.43344774437765831721 2.19793490594421658813
0.94812140585004112125 4.26042761125001856470 -3.15027150766684105321
0.40603780076640205721 -1.43514043893365927929 -4.32251711404406613326
2.14509090126925805464 -2.78879141185915102596 0.93119711370881574908
0.28751375356560870955 -1.67710303710713448666 -1.58692347874343830938
0.84923005418812014256 -4.40833193377675502944 1.28226595881446936431
2.30911715775351122915 -1.25028206306242228862 0.52575287262160141921
-0.74521784216636621778 2.88454097003460674387 -1.16096392389945446411
1.31140353999031145094 4.48437594508637271673 3.39342792112533420124
-0.05189451713620840678 3.46476548670060946478 -1.67197928271522178179
2.03907447991382806407 1.31456727193736799819 -3.42802871646964746333
3.99952026159249296455 2.77969567538511341809 0.25469203409724006093
3.59702974986111367883 -4.31597655576628280727 1.78292501215393972558
-0.43947951984843225404 4.32337352673882779897 1.79242963504256902496
1.72265279260588144439 -3.55428724277297281020 1.46918591539345300134
3.85318312258805750758 -2.46387375560879551273 1.24717264430557595034
1.05250759235638202682 -3.88860064515797709817 -0.82530264380094742194
0.27751495452702634736 -0.56360933019440739855 3.71220841350065899888
2.09259068589404151339 -0.06496384307128888480 0.59291818142209962161
-1.83750263215446096865 -1.26170570405704696171 -1.94371822403164218329
-0.79545345758377372647 2.87230743583185255119 1.02067555654310471169
4.21086543672020408025 -2.40155018058974567552 2.45558957049624293489
1.03939646483210701433 -2.57139709400374050219 -2.89221221675047956978
1.74097192660815824894 -3.96582419458669077628 4.12763992407056168332
2.06021928313955537959 2.44600211638887632404 -0.82008500792752414554
-2.57756729661050609792 -3.86491355953676452017 -1.21615055312161945977
-1.44510442808175465501 -0.35969139972687003137 -2.67980980824825154585
-1.85667742843390293217 -2.97417096180837070563 -0.58278156793031943295
3.01342143114836247264 2.80862417816166232143 -1.31909720127135798862
3.87465653098231488372 -3.30257238244799689042 -1.79915343699525820398
-1.09549366938036696340 -1.70499516419541663481 1.27093237477390541557
-0.94681052643218377440 0.57547947560523127208 4.12512174782877760748
3.46912688842402960887 -2.10997983498803387548 3.23071698711542509841
2.02567895685352894475 0.70904956065679414223 -0.27592787556468767463
-1.93203951149660735354 3.58102218727725851721 -4.16686865905230519047
-0.69452378555633131896 -1.80561772229683015212 -2.60153631505818649927
-1.46973545086674350912 3.96172115674628511073 -2.32173388518828271998
-1.14940340774730476170 3.99547663057253199526 1.00099178540979938390
-3.40636595944101738809 2.70727357551022596027 -2.40185625622648357691
-1.77697541101173639433 -3.70710598616188358179 2.66559273440368382779
-0.19136007572655877595 -0.80512221937578942743 -3.46796618911273446528
2.83526094312595677849 1.04633395976324905519 4.20866585103692170122
-2.04709252643446104614 0.81587488546738207162 -0.42810373221014863532
-0.17265068479976619642 -3.84510588551804621815 0.97938153500149471853
4.05217956438201287739 1.23345529227551509166 -3.50124864854041950579
-1.60347555265253127743 2.68792753969273423564 1.99758443825110898473
-1.77747096085500810858 -1.44440841276362119672 2.60921569954145127213
2.16181970987357807701 -1.13334310090119672054 -3.44460064179329794598
-3.13836828357733566008 0.99109590648440359928 -0.56469389357592847389
0.93945634004942846218 3.53302275631899487252 1.21533328438488918977
1.16338883532995485126 -1.87130258636595048216 4.21432925854519790931
-4.19010854255379250333 -3.66836488941983684953 4.37289559341550582161
3.32174781684702846718 -1.65285318251020951763 -1.85907980794567428973
-1.85789476406232356709 0.13807102609020560635 -3.70616327421377800277
2.50415821852498865496 -0.76342588391100862921 -1.73818799887903363555
0.84457682062273331525 -3.79989262332652666387 2.51335641002517728992
-0.85048156770552552075 2.51818738448275070141 -0.14992438801124485792
-3.75765240123131105676 3.93451646397062315685 -1.11167255951263665992
0.49102498403614802669 0.66774179366634900390 -3.60315349329847744997
-3.52333029350601067975 3.72553845632917823849 -2.03969785595535135769
-3.21023049141305349963 -4.08390800838467704637 4.32857642082373228476
0.45068423734488760601 -3.50718968700647604209 -3.54027534011338529396
-2.31516194829685240109 4.36933376030929299105 -1.73325006428978145578
3.95195709255139870919 -3.35054058174283397875 -4.27352704493936119690
2.46726900869253196191 -1.72191127717881675707 -4.32363037751221845895
1.00795591166435638542 -1.83854395632170808383 2.88444201240195496894
-4.08795385116038278994 1.40420214575137780599 -0.76105919804555766106
-2.83483072183056439286 1.82252457167156922679 -1.22873494851251097160
3.44451900252358544918 -3.49475332874608879408 1.11999602527277364317
2.58126582871248189122 -3.95113644920448070508 -1.92740454530116700482
0.80061498469481762186 -3.62016129270649544836 4.26868114153153843660
1.81224809217953097829 0.37466416685747727655 1.78963178978420600629
-4.02226918518990483875 -0.31321277801330715818 -2.78022503265714693299
2.73888299892846198702 2.85129663015493939326 -3.23885358310066662213
4.37547609950375271382 1.17681844711935745806 2.07755476407974981612
-2.22599514973389611683 -2.59826094147837149961 -4.41857579685829460203
-3.85115979460326007811 0.28090044744156639211 -4.24756216407038156291
0.10349437089807089762 0.00344299592685892719 -2.70527791397038308574
-3.98632143121270621222 -2.98090079714008071576 -3.74427179333164339425
-0.31132387293941299333 1.35932517041164491189 -3.37508385029087909501
1.26093911671742198166 -1.30726142578271042893 -0.22746868641449236037
-0.89012137158978532625 4.45698844525073223366 -1.04942546802574776521
-3.51325798436503911049 -3.78377575564331580793 2.73824189389507832715
0.46741288877218689635 -4.04145207004065021295 0.06784542180267028044
-3.86130867014792000802 -2.45505615725440096142 1.88970363154628540059
-3.68625583123644773309 0.16776051733184171866 -0.84297628600022189715
-1.25604626921481532520 -4.23166313248213477038 -1.98488941276231711797
0.44026437426745612669 -1.11091383170982815898 1.82835440872538423918
-1.42938662772590419081 -0.48953218087423966409 1.00725868968227150191
0.86669348759303233010 0.57638433566130675700 -1.69944909344230765669
-0.98228931816272035960 -2.11793889889087649792 4.42466530722388906582
3.04395276626366229067 -3.10538460664410820300 -3.12031835148865388518
-3.79996361314882236115 -0.79374510124605013317 -1.73918393470150212110
4.04493951860361189432 0.20078454374623255774 2.91795737468950910909
-1.07200670591160207579 -0.45452959354516497825 3.89101769104355899032
1.70978811196235280789 4.18669462355979060675 -3.94946159158301490777


