144
-3.11599467081332059948 -2.52267860251259090631 1.40726430133467506067
4.26458083741403637390 1.00436524124799309021 2.45143565341383862233
1.62175741156734698478 0.47181106912054637803 -2.60858082661572954208
1.50841979246669932735 -1.70948419645683413748 2.32569073901158507311
-1.25864198995599441133 -4.13560344663544654509 -3.41916833366877481737
4.20602339193676311169 -2.60858730086684964533 -4.10648985801570898246
-3.17495993079671867676 -2.05898667202892760031 -0.10589464285757355100
-2.67179385972351068901 3.66120037499924233515 0.04845111611242813865
-1.84868014116693668569 -3.02481903037971378012 -4.14369041335021126571
2.98868525939104934253 -3.78152587213507684893 2.73034309457229884543
-0.92800472324269067670 -2.00266378562380120698 -4.34511354485697864902
3.30266083367366558576 -0.25414196198866179088 3.56007261170783717574
-2.21833980888056325753 -1.22254676330552136676 1.40653842450822086363
0.60910552358368708070 -2.15392437177743101273 1.77893505404736895770
3.31112469145976984208 -2.21837447219400107912 2.89267268027963719845
3.55251558949565282575 0.66463020417012508290 -2.22170779017069852657
-2.04174822417591572687 -4.15518261804917177216 -0.17669248503211409940
-2.49959117793588525558 2.83530934410372204013 -3.24080484074458574639
-3.75528006402093605942 -1.81544848381876455790 -3.47436012784947623189
-3.18057869536460069426 -3.43580656594244437940 2.91308525673759266539
4.23999327573552253767 4.35776298447996612850 2.51497374240461013528
0.76034497241248022448 3.55518963656733699708 0.28348292501648497677
-1.36187552402663314410 0.19443846264444264449 -0.28767486249782692198
3.86608696195866041734 1.52320879268292497244 -0.24156500889650356356
-2.43125538844242683467 -4.16633443960041915943 -3.86926422247297940871
-0.18085289898093304117 -2.42239233512054585873 -3.11027603534792085327
-0.93429453974211051914 1.30342008388212970971 -0.86261612256823116951
-2.62075370532488038933 0.86460679433778597769 1.10352013124541592504
3.80304849716257553638 -3.11778347166160152426 2.50896458086688856071
-1.44444867583507807751 -2.46330914321527982835 3.90654135560588766651
-4.10501568162147645324 -2.53432364714370850223 2.06492010144574145158
-1.10379789083388057946 -2.76908118653127788278 -3.31722752915616592162
1.26202299632613534897 -1.85326387518297108770 0.68585747065908719833
2.47009987893880555987 0.45918413056783347059 4.41559599746686171073
-2.66469526561674863174 4.42168727302264397139 4.28960044908013582443
-1.44498711417116565414 -2.26824209503332596682 -2.31688875541724081941
-2.17466434383681184173 -4.13758482870321042668 -2.90133710504601660674
-0.77353141842855555055 -1.70622705962342902097 -1.07815350533519760390
-1.99648736084669087276 0.94055223239218044284 0.18133139571927170408
-1.41444041000829123789 0.11218432852707227454 2.08254202260887044673
-3.91659411237495236335 1.05419147085890774207 -2.09918887952422883458
-0.23513112905363264815 1.85492895155683612529 3.41010663704721839196
-4.40687237512430485253 -2.37236167702951528113 3.50337019562085050239
0.21473443638197231564 0.77585584245191085984 0.21031316494541751894
1.39814850695195858066 -0.97429205626126869078 3.27162871841079549995
1.67264989355577586849 -0.40397974439865702578 -3.69510546734072198305
-2.29508962608742184131 -0.30736165995038167154 -0.18437367274205307410
3.20635478872233026237 1.32690041730211572002 1.98806496166051438479
-3.09806747762146139635 0.47978594942356966868 3.64791577087680796154
-4.34479955649049820465 -1.55581770440107991504 2.48019324703926269393
0.07750668879021826996 2.17077744102674330406 0.27327507284618413053
-2.82476286561831946287 4.34849176964195915929 1.17564513787128266387
-4.18087399275133808629 -2.87613652547118059388 -1.46915985068869137109
-4.28606602469253772369 -4.09042832951090051807 -1.21011514882624648948
3.27082942355423700320 -2.02538126952266450687 1.85958291696307487229
1.09847155173555321994 2.42858237162091139538 0.30979454028893815831
2.55789385364796562072 2.41662391629254091896 -1.97282014506184211200
2.82674123015822242877 0.65232929564708364012 -3.41551691752731745311
-1.40738723056316317184 -2.94323378498868093445 2.54710858285889152341
3.26618873759734817952 4.14013514751994105012 -1.61989215023332011612
0.08062337806215413849 3.80008779079499614539 -0.59095527999663666208
-3.12652392606159423849 -0.74191676048049615133 3.29025609254137929582
-0.33108853912815483511 -2.11577047417345553981 2.47180285998132909242
-2.09879128046911489491 1.08449165162687322095 3.76918578809299642529
-0.99821821210544481318 -3.46359144522570483460 -2.56443340506519579236
1.90060361639669306300 -0.46915874961068926297 4.42960473348883976286
-1.19208729076692998561 -3.46099861006654840878 3.96393334466178881570
-0.47034637610665264162 -2.84603965282245807700 -4.16048619320557833134
0.35123414487754978097 -4.34814764647493934291 0.24933609915425858361
-0.08487153843801564790 -4.07670599622564910902 -3.17254720350748664615
4.19880046736229228799 -4.26240652280639675809 -0.02382761377131181746
-2.86570447164360775361 1.31318345675206327172 -0.81980961076330860493
2.07123802554349900618 -2.58882195556291172522 -4.01479758505726103124
-2.73564290513371677349 1.44451613858214056307 -2.23748270627083156725
0.27920402404201460911 -1.59090775744369983258 -1.06638212995747894141
-2.11392807678821315065 1.91708339567763630384 -0.31271800112859882148
-1.81959537946891547477 -2.14488188065168827734 -0.76293994236940498865
-0.69069096558254905460 -0.16046735640019527125 -3.99481458148049073387
-0.24490221192868055766 -1.04088289692227453642 4.40393446337778460276
1.41593878547654572486 4.40537678115395525680 -0.67080089614053939329
-2.43554990771027757290 -1.87618198137575964424 3.45132846276541993547
3.73424244709298758238 3.34502860974872096023 4.35970489190651999678
-1.78916117092127180399 -3.78759428589143887223 1.96232051594198697586
-2.25026955552208862699 -3.04196605958036148110 -2.92388306159588262645
-1.13853070230139419294 -0.68749669191407480895 1.31371583052793550195
-2.94026677132789604485 -3.19194111098076227506 4.01587480240411220933
-4.07782160831326212502 -0.38839528932222044944 4.42570851009318655400
3.72991422704730535287 -3.76624570814721515433 -1.78734658338083018947
0.55890709415904549218 2.77112350316866962174 -0.47900869633186804464
-0.91426514083193133331 -1.28500300434286174323 0.32922014998666515595
0.59980630974551552015 1.67825728821229969157 1.20436272712216307923
-0.87707331222738549314 -4.10148353100667861781 2.68866393418725291298
-2.67720320635738495696 2.71915714610909997617 0.54182175519707076461
-3.34014205742005598765 -1.71179442111675461646 2.03388069591675879622
4.45405978454677065059 0.91016455088027736764 0.39462861772409763006
-3.18111266524829794378 1.43210957816475481508 -4.22523586539630979786
-0.26895705726214202969 -3.24470670293521701311 -1.38187547834268276148
-1.63450736636661808632 2.44451002076065559976 2.12368395844128166061
-4.08052445455716661371 -3.86217213440541318192 0.64935328308153028587
-4.11884995188163482993 3.20749813571844910598 2.94774369303160632683
-1.73693953658882849211 2.05613172337906746634 4.41309785836468559950
4.04704453543708719820 -1.35949190829333499408 3.64902834158798317077
3.44404091575380810752 3.96729871934763611563 3.08087755915755234781
0.43144576419606384121 -2.65148352731539382887 3.96259543967021254929
3.25438554697344262223 -0.16167656983779288282 -3.84908118668796950246
-1.34952078707328926299 -3.66624520777365958679 -1.45009309004466757642
4.06499329182794166826 0.37793862068960226708 -4.36480604645228620342
0.78454417033324297392 -0.56655471484163477669 4.08106686060076295774
-1.83374904201241450963 -0.44992219704998781538 -1.69584762625104357170
-4.29850425154433324337 1.70310521263556768901 1.01853810184016246865
-1.88759655540689141873 2.29299598455818465226 -1.67945845896792578245
0.49374892450305996050 1.10195963314787004350 2.57609661917210708282
-3.03649242907374894429 -0.94500959153680685887 -1.01998196396271323394
0.77059825109176216529 0.29266645413846781310 3.46256599967583955646
-0.46779105561732858831 2.02706405033042891262 -3.05135971020569529699
-3.06700691107161160787 3.79834017132040191456 -3.95300554968032757941
-3.35340147709293967537 -0.67131030595263752048 2.25053131280859641805
-3.35725484305018451181 3.47990090405036678334 0.94560016157428616879
-1.97699528296787940818 0.58335846259998813679 -2.44754905138859513158
0.21242435801499048864 -1.20559953337925218619 2.88821590901270663920
-4.34477075445269989018 -0.69581728791628272290 3.01259165949724661004
1.90233993410034685212 -2.70910676843641429201 -0.91054421606409663426
-3.11184235469060821444 0.92276559112780720540 2.19047877554575354253
-3.73464101629235623037 -0.14100992045687821275 0.13882283963081576417
-3.18361877512076096863 0.12930476806944213308 -3.25063477544168799582
2.31593470070931761740 2.38945652683196829713 -0.46536288646641121858
-1.64164427312449046070 4.31524160320948535485 3.63318015469134625306
-0.45277080852283280166 -4.46279965427207159223 3.71931407925907375756
3.37562456828651580309 3.18956470776758660435 -0.97211178374782392098
0.40112538832989574900 2.65511152152317198016 3.67747661641925649434
-3.87568928046397287446 4.18133152084020576211 -0.50414748012165144786
-3.23796172458509712300 3.83964712567199395465 2.07184952892844354011
-4.16108170489567896766 -1.85763519894062323345 1.35803785671530352630
-1.67619871805741116333 -4.50732060957536262435 1.02148899945916493692
-2.53892844572205156339 -0.06285033235626702464 1.79869029168092797732
-2.37536952968369741157 0.69710313129009016109 2.84803348110966414453
-1.52151789249247304525 4.22906191071737236342 -1.46213193274589814408
3.08539666244650856441 1.24749928635231732699 0.37729192811236877958
4.28811976697709607009 1.38690806684390821601 -4.05427356637141578233
3.40920062538717161260 -0.56642045872076618451 0.98020712836330492479
0.01310774600048070226 1.93991148978361049871 -0.65376305165559767119
-4.52360504623753723052 -2.80574419106896399967 1.19335168535115609956
-2.95105021902803610345 -0.02324273383932062842 -1.39097346305320712645
-0.91473526877616162523 1.03792142720838409531 -2.18808312605438937126


