361
2.76876968080100205327 1.36782651287081602476 -0.24095026985223366722
-2.23726969932767527638 2.59586474458559290923 4.37109486131101032669
-4.51677934348114451524 1.61707888925565779203 -2.51026361214512094833
0.70412252142239584174 -0.56782131904706156789 1.81860240116640792252
-2.12264882780204411361 -4.52729242028238321183 4.23046720288784694475
1.70524568279859067843 -4.04121054415972125184 4.19902431329271674798
0.93617620955569336161 4.42917932072894604545 2.71628697955478504156
1.41434838820443253837 -1.12287107786088924399 0.71691827232177374185
-2.03186347205741402178 -3.20473596492436563210 2.65356666765719229062
4.02534851934418025365 -3.31483051718197829771 0.36394340694252846902
-4.41278785727128219918 0.25921763387445651006 -2.51610730684359706899
1.07253266234975619398 3.40825437383453255791 4.19053283134412790645
0.74974973945079614879 -3.75649816718752838085 -3.54767292935715428115
-0.26723556576594997836 -2.63409282111180464980 -1.85014405254218372576
1.50720697447105944633 0.46960933793911863177 1.04019793887840972246
-3.96530684274831513036 -2.01125685280376309549 0.11330014737045424056
0.18990104015421938044 -3.98147442206122370578 0.54843366769527523985
-2.66890547362527108533 -3.59084177384305514025 0.50526706184639547104
3.18612101115951151797 -2.55237568065964515185 3.32426845694522565822
-2.87051104814919133545 -0.31902395742141731461 -1.22198984188618808844
2.92598477230919584713 -3.88962852445688733738 3.87345439830086757382
-4.27387574535868797199 3.34727649817649375308 3.24554418050050053068
-1.90662255391620405476 -0.59360889161719931906 2.60754402409145047415
-2.91981500635481161510 0.84268143134770046032 -1.00569834186692919076
-1.87778098956914618611 -1.51554488695626909944 -3.19386570120800294958
3.63278884429039106152 1.79016199850660218118 -1.57278770709602921940
4.25329489276947203535 -0.41346959087793333509 0.50715495102320851117
2.73007262112478965577 -0.31056931333605053425 -4.39910619765140697979
0.34733329737588203301 -3.27975040770514736366 4.51274957314360047889
2.09745297592860513447 0.85063202142779736903 -4.48016738657396818013
2.53652454564086848876 -0.20307560459621143423 -0.97943506364433829958
-3.23267438366946757711 -1.97242831162625620323 -2.22071653156021353581
-1.26899410199702300517 -3.92811753215743530987 2.82370231745501776288
-1.72602327410324463131 -2.99740391858633525857 -3.20499424943029254109
3.97108856554115785542 0.92258372450001235876 -2.78976820573420747351
-1.98152684711382542915 -2.09549635457703242736 2.89986743903487997898
2.98009611273467101000 -0.92831152111505632618 1.82373745103385598298
-0.57987740666545128931 0.42127011766226640788 1.62069543001751892319
-3.23207478329560871089 1.93113037405114695844 1.98082298213116647645
3.25995453787288358427 2.28575922665445663284 2.11786790033133431876
0.11253310562764884395 4.33134346587929375261 3.77126573394965181052
-0.44830774174912768615 4.14129673594782143908 -1.46018500981133492189
-4.33930953939517483064 -0.73533613302422073943 2.79335885671837313993
-3.22769162857644076325 -1.91445101379595072899 -3.27153681798043960427
2.30786606921997439201 -3.84510340366613334595 -1.65196542480516583851
-2.89374182172016869430 1.87433494403658773564 -1.25162498237403685408
2.21674643985118358103 1.19038309098152961241 -2.75487537150291883492
-3.92514900060949889493 0.89965844016730489585 1.58048008930335637245
1.25783975706057216115 -3.57909405087522181077 3.30449078393809436704
3.52039228658181801990 -0.86031675189002809745 -3.78836285689239549157
2.75968229770030948345 -0.21834091936758870389 -2.18257259301492201331
-2.64015103932847061685 -2.99952683565852451508 -3.70867815253161436928
0.38965933877754821424 -3.08506984495894442944 2.49698235430511328303
-1.38993594536138687090 -0.69489743709043327868 -2.69934234765204816853
-3.46782859432621481943 -0.74318434351012196970 -2.45997311046745448238
-4.47794549653403972655 1.02542847813185389327 2.85746247367806027739
0.32425511550007790618 -4.26929335234104190278 -1.29693643437014394237
0.29546698701005613685 3.94594085084547163689 -2.92288420803398318881
-4.31860013442448043008 -3.86697330366380098710 -0.65218802676363596404
-1.26257178761236543707 1.75588332361977084162 -1.45667274955404835168
1.06638571071752696895 3.66649087894452474501 -0.52202531841368937648
-2.15276615833330131622 2.68563499932993643426 -3.53448746323589402252
3.94621500893037779889 0.03495073831564088351 4.26451624054930444885
3.09497563226948368964 -3.91958588664792095813 1.50535036273060285339
3.51234848884376393841 -4.44536584512029442351 -1.87777883917238108680
0.24927644429834039386 1.39450879525976123574 -4.35829925394448380871
0.49885878309732412106 -1.92076971040224364629 -0.10770534601450165724
-3.59276510590356767949 0.86414466646836274322 -3.59472739789323325610
-2.67305255848149414533 -0.15247587441957755061 -0.04531980589132444948
-0.03112603985997886014 -0.26455400920287797106 3.59431562333919263352
-0.10275637075787802388 4.28198078509534330038 -0.18060762567829335978
2.76448433601306042817 -3.81960583888432747557 0.48700922933270085480
-1.51941115219418687587 -3.09368772710540484994 0.50001471688176479802
2.96091819254692900643 0.46968947957623630174 3.77097359577334056979
-4.34318138930233743622 -2.99620294162035571972 3.02698842089566699798
-2.01578851223078148180 4.21645732027441777490 1.08307897423216648036
0.50087876387906771214 2.61151940660014947326 0.53720679709407903601
-1.38684790309995831237 1.17139134760788810041 0.38669409721832614935
2.69034542548683486274 4.50275343020900375990 -2.49909059592651416892
-0.96721824442284276557 -2.77629050918024100625 -4.02491262848936148799
2.49918376341920023265 -2.60394096086689952330 -0.43922495923351512204
-0.97536001709706043883 -3.27599306359810649170 1.95705475869725109561
4.22742772758107232534 0.14284145079176191473 -0.61743541781810495905
-2.61283668852639605618 -0.75604859627369735975 1.64059260205852286418
-4.50001769987986932620 -1.81833861030499832623 3.20846737313223950849
1.37201297585180714833 4.20630455414070336673 -4.06569251423873012641
2.72232525401462854830 -1.12344206181585359872 -0.33660382373275687939
-0.76318142442070069364 3.67990203211947264350 -2.91041619649992933105
-3.90542422241221887091 -1.41841111248346862794 4.19421262366949765266
0.11244299479199693081 3.08106251547595899609 3.82230759420515564528
3.28394598471638232695 -2.66141596176944661423 0.97612286726413000082
-3.20375235537149682941 1.06709660993446853183 2.66879168684041534476
-0.19238169542894478781 -1.49918700672456228773 0.61427259486041485559
0.70315299403829545355 3.56456494166064441487 -1.49709300155324243065
2.91206718966890942824 -1.31116156705245634484 -3.05420844026021676143
1.95940271892751294303 -2.97728999321767284769 2.55038992725205648782
-0.63095769294853809583 4.37163392415866791652 2.86148347540707792547
2.10834293829838959056 -2.72454285997205492009 -3.72331559912809240132
-1.20632167827697944773 3.64480582331550184705 3.70824742474186397345
3.69715633811016086696 1.02129500263483574685 1.74057294653522820482
-2.55598403086218928237 1.89410194010735910553 2.70065546270474232671
-0.65045846636682425057 -0.81555070152496655922 3.04808356882983222391
1.04990812182683690423 4.50136012761368942137 -2.48453064711309590251
-4.35647936103153998744 1.04686228922251078899 0.17697649733058096189
3.64450761781162935193 3.11610280804994754789 -3.71921284416357744718
-0.58885935831487268288 -1.96327217302605783189 -0.87386326909059741652
-1.08013547833648493324 -2.01575103303547242817 4.31259029559621165362
0.06429201524045868865 1.98010120112621201827 2.61725044518559268880
2.53268678069647545925 0.64312283328573816021 1.67870078904979713741
4.31107559380909233226 3.47429686994928577093 -4.53290364945513957196
-3.05174103085292403037 -3.33434957151854227675 -1.16763417817998860215
-1.15356053026554938867 -0.94716286607012944998 0.93332790208638183316
-3.99116305857605047080 0.18606147398315808772 0.86119304424205278536
3.32525567196369298273 3.37004614649561062834 0.44191965593503823584
2.49105824356933247543 -1.23637300249676229669 0.77649063695873987712
4.43268740721220222412 -0.94893803440039325992 -2.01971814621502199216
1.85807518901075763296 3.01700496425217057350 2.31288305790215087399
0.97280229410939522694 -0.20239981002686668887 -2.75903943398660000952
2.79846917490053215261 0.04362695729242194176 -3.37779480567824741399
-0.65298443636528213929 -4.33280697653125823621 -3.66630301176821316034
-1.22727784328146372061 3.88874722857264298881 -4.05611670876097463179
1.14935576492941393667 1.08939241423263233344 -1.79043018892223848582
-2.89057796692570700969 3.50809965130169754133 -3.29182405692338964087
3.47331651299278743039 4.33771933884387284053 4.13754542707682926306
-0.57961237806652032845 2.78531911899422990331 -3.44146283745438275048
3.26360457340728871145 2.79473979287872165145 -1.85578075600872249851
-0.28685358383597048260 -3.38686772089035148525 -3.24227516017149275385
4.05445250342540663979 -1.79139320181739192250 4.43608720035127479520
1.59501905389265186130 -1.56616595908883748933 -0.21000875671970486991
-4.10501170793412129001 -1.08206456237189652114 -0.27002037050197991164
0.08863783026711402613 1.51354149573934915196 -2.76874010147491045331
3.58012316607454383899 3.38854936286473495954 -2.79236027531150510228
-0.84028626297009978430 -3.35811978070783512251 -1.29167120595977147346
-0.24245352045222023918 -0.58408839400303147471 -0.28568488007843040322
2.14469245165502986339 -1.14748858056823266338 4.02718748187644148828
3.13893521606314607197 0.00543948988038600589 1.07029138014828095748
4.39071614168904300612 1.00490780480512142958 -4.53729043819086097500
-0.98582632315167728621 -2.25267945337331587652 0.61134042967106871913
-0.17607699442763191655 0.98540235663613717776 3.25934777659086005741
1.77274820688431500315 -0.15040103331298748657 -0.11700278374116912516
-1.50571779146444839625 4.21338870995236813854 2.37661014532216352535
-0.40075247369714617207 -2.05656596395492607954 1.64051833537046487521
2.36484164576916189304 1.90432778127819535285 -4.49888897400105403079
2.22462079596777062562 -2.68506009505783627134 0.59528041536198283978
-1.53825572132903110045 -3.79551256528756075781 -4.04127509335895940268
-1.55294719998185959398 -1.19808697952219400662 3.53615780506583821108
-2.00578270164803562636 -0.89004032388935261366 -1.10239696567952893957
-0.43243477730951163096 3.33836743861350360163 2.98918122995789303786
-1.89482876728981564085 -2.14523564688089019015 1.08297727949922606427
-3.94970229638509406911 -3.69158420350117522091 -3.23401018977092746809
2.18790221118717020943 1.16270491708579282175 3.50806231223330033941
1.41256069629264668919 -0.58538018327893270865 -4.46366535715264856066
-3.76490516711898326463 0.83832016946089105147 3.60460899708785387219
3.76526790358239349388 -3.14693113911460420340 -2.57090052110356648285
4.15644526416992388107 1.21246646682092684699 -0.72206230958910921913
0.41216686291773818596 0.47865446448739223939 0.58272562950124662251
-3.57186808246372100584 3.97118321021980857921 -2.03445283461289738725
-2.62623710135488863671 -2.34095636905295290120 1.66173087593609203338
3.84583518054261919161 -1.90587196614271103812 -2.12744325443929849229
3.32177577328546025370 -1.98688918931364888465 -3.77046010485653582123
2.50217689783243812940 3.07909590994403092878 1.41317536560974144066
0.07769770910710338541 -0.04426038770380458232 2.40990883156441437762
1.15933028213962341368 -1.20680956707439346332 2.32634968872838587828
-3.05617449179084221811 0.19701226658115089663 4.47473755221415370187
-2.01900072213445147540 1.03921095857987833000 -1.73261241707421920211
3.76481003029649397007 0.60202058833897087453 -1.80510569104575235855
-2.03346729103345236211 -2.58863262614602174239 -2.26872600643662991615
1.27631976037668959378 -2.28681094320869604530 -2.97925254290229934995
-4.13332784398126484859 -0.54488669020843705226 -1.15119743699223420208
2.37796882062943293334 3.94817597687632737546 3.96191666521251040223
-0.36455440286896489965 -2.88166242593730448363 -0.27190629931487642068
-3.35466628679542600011 3.80489434910127410916 3.89532924618157760932
-2.88870296193653164352 -2.83546963376296501380 3.05575486139348218018
1.40605868860025751133 -3.21545559140322945169 -1.68172004539022346137
1.20318291724546089227 1.35762360477021903904 -3.86021298284785885357
4.49752268887347472770 -1.20683722972885165703 -3.04236436227711903868
-1.29339101657530264333 2.59266274039237742954 0.17954908544401693149
-0.30148427442849712321 2.23457466730183273995 -2.11744051940900934738
-3.29975333711514684509 -1.40295162148936380930 2.60393245472692935749
3.77329262395172815303 -4.08472265536207945757 3.18129942918933927842
-2.99014679250212855877 -1.22564936420775350001 -0.31450949283091578224
-3.59752953181045453945 2.46906734202005839762 -2.77469672584706694707
0.72418956142854540303 0.51390949154960008372 3.15500164417124739913
-0.97094002710010407498 1.84643201968670656044 -2.78858729570029995060
-2.11233220464348070422 0.68449277350307458079 2.55817094776802456124
-1.10421580984112699397 0.21363806515168004552 3.45744607912866452892
2.47598995251070963519 2.88508524903978180731 -2.89405054031700537109
-1.12224415251856246556 -1.08125564298279286390 -0.19185328716381899739
1.22649683414813548410 -1.51788576918792683657 3.88606685603699997245
3.21382914796301122351 0.58739555604114368492 -0.92263391942788341993
-3.07057365169743157196 1.49197447652404857621 -2.73110402718880962425
3.09411233660849216420 1.31207581789867866462 2.50973784690258749919
-3.07546217440422875455 0.56611655178318809334 -2.06138839449321498165
0.82536680787802918502 1.65501257312623817342 1.72684243639265133652
-1.38110480521807099663 3.88418438826901901706 0.34079240838147839554
-3.45010927217274643297 2.03233604090250796759 3.24900336415676083135
3.40313758516068354254 3.59775574687609367430 1.49803303232380535803
1.79569912477054582922 1.66415336026899129962 1.18291219924199619840
4.48093791239935779203 3.78585322569319782104 -2.78068714786996862287
-0.95225934471890250066 4.43521199437304058932 1.44399819392651096450
-1.94131440477694194868 1.22519556420415121067 3.47769390294264102437
3.91145988083577034189 3.29549102211541811158 -1.05750690007271286319
2.33831219266644740884 -1.69896741714031218606 -4.21364178705992475926
4.20158241008669630645 2.12078637809931880298 -0.09425378067028233886
-1.51308133158350566205 1.97256869877409357628 1.21766442205086544703
-4.25809328660670072253 -3.13893339261440607046 1.97038501638960017459
2.17535820379951339021 -1.79210875570514849286 -2.22408134204982088633
1.24768646576186181818 3.68719446844083886816 0.98163279906945177800
-2.65121967365767918778 2.86188430061947318706 -2.53287617820081933928
-0.68607212125187366780 -3.88059990236150520460 -0.11633121899238929586
1.85970104229839972021 2.09034848705813214309 -1.88412282868217495491
-3.38793838816648529288 -0.35468069723192030551 2.22964247827400452451
2.46032776538847475223 4.43400445286893241104 1.94517792752101392750
-1.88373937603462238144 1.03195106299174632625 -4.02039229243368101407
-4.13421127180683090074 0.63737647667265306950 -1.24112625107809648739
-3.40462355905780089671 2.27466037218428684952 -3.85140081153134916647
1.90183633746502867012 2.96890680918400384769 -0.80597125229186872275
1.76869811330075066280 -3.73155723439069442193 -0.56333179816391520944
1.28856002645735934209 2.20652214073290675600 4.00053578350347560644
0.13984289750163814148 -1.53227643730222506946 2.72810214237350923128
-1.19287147339819776803 2.58636597922524913429 4.33312815466186318503
-4.14961303055861385758 3.80229288287252220613 1.54374963712845403307
4.40257978574490405066 -0.84751348854667973853 -4.29040297469335207836
-2.65026737023643388369 -2.08206231610246605968 -1.04664906447706096415
-4.20874902422436480975 -2.29523127917637159712 -3.04559370918140404072
-1.26988718883077078559 2.12102356310887429913 -3.67579043744265820948
2.95756368513393574915 -1.97280816257380653411 0.29614507262362987916
-2.05865736998685511239 -0.06977874630644098630 3.70880215490973430548
-3.46433147665995599951 1.59196024974834227095 4.27024131874746526449
-1.92117320514177203350 1.83179990568302031306 -2.88526680489670495078
-2.33760865714212551225 -1.27666858681241501827 -2.31076981116445701048
-4.23360102790682102381 -0.95888519827930718264 1.31248532370880610642
-0.91092629821734760753 1.57418328866089751727 3.55485091580863876715
-2.25609688691914067604 -0.07591176100379470881 -2.18600865591102699881
2.01163075304091076845 -3.84550809667078130616 -2.82234654523866179687
-1.85576628014569067204 2.29401306751837541498 3.38549416663502444891
2.53483271660918862977 3.76085166228017175882 -1.59212103055364107007
4.51046017040593572034 4.11913197554577070747 2.65957346748979883699
0.52161172544406664286 2.33228574346299044606 -3.39116089728303116146
-0.78663013216527177818 3.40241863159066681987 -0.73582074487977111588
-3.74124046570634760656 -1.04535972547200550764 -3.57245071254105583947
1.66035785388613277291 3.21248138939008942572 -2.04493905531479747140
-1.46433916157333765540 2.74094288495125226746 -2.41452863894123259669
-2.99582204216681802222 4.01019959793344593635 0.08421786173029666145
-3.51619602704209954780 -3.74343754092453018245 1.07620293268052247271
-2.42669998626257754637 2.34320229487780640198 1.35341756093087894897
-2.51257158511931599776 1.32900625261208116257 1.38978230246941159010
3.97478604424097081704 -3.64195131051661746824 2.03351824454098828454
2.69744774152028554681 -1.93296833533058309840 -1.28718304931475868713
3.57986790494199258461 -3.74875384967105018674 -1.03238198938058545195
-3.10295107127677871617 -4.41836512260787639406 -3.15080419497173780385
-3.58540290867250055484 1.78750655240328804041 0.96750174381037723492
3.65058482003939754890 4.32827582523213560961 -3.31661674914250381718
-2.50407508350157881338 3.00039830648695104998 3.01521800204292400593
-4.24610701454617256445 -2.26589404300225538691 -1.56649964913935901833
4.28710297818841024053 0.04299561546675612078 2.11182332259867688862
-1.79599196530990035114 2.40618940029394945412 -0.80794196878272472873
1.75657237761370588203 -1.42245849489797482335 -3.04119350110028774381
-0.75599032834348101062 1.11784512618250264637 -0.64831403283982869112
-1.27613363230153531447 -1.85637694457940050086 -2.12965567862380833475
2.62379951163020574967 4.48143420750421572762 -0.76037326085942869014
-0.19727411260054772413 -0.54669643016281899150 1.37795179551136559581
2.51506319733429695162 4.23736790680601682624 -3.87124686450401567228
1.74329037923475738125 -1.74635738490517988808 1.64908784484132731052
3.65421450445112494521 -1.07375946210146899773 -0.77079852363863032849
1.20543701843869133228 1.00656530056717752331 -0.18689319076197197234
-1.03772966799943588967 -2.74238145532612165312 3.10842199904430760427
1.68676885127630971084 2.20008337679138765708 -3.14889710449288973138
-2.14274610676932519837 -2.99700552108086570868 -0.40736807199726232653
0.26056373698808421580 0.13630181305022048832 -0.88356776534935388412
-0.86907078974862583820 -0.06121304237082370037 0.61104871734696430963
-3.64418185139923611615 -2.81867843633700676520 -0.45196455046810868339
-1.30802401677554724913 4.37280595438675145914 -0.63471718304477331429
-0.18161400100350189035 3.22572891638341641141 0.07550891570375739548
-1.64162710502865616391 -0.00659677281634518664 -0.28953567402311186640
3.60807082874472495604 -2.27387673493757969112 2.38116769566595376517
2.56981915770681634825 -2.34071912887823518901 1.99334816068720765969
-0.90870146642752303023 0.89954142568158612647 -2.25473025088338241417
2.36232265585619938264 3.97567506509062962294 0.70207713561636619914
1.01658675041655133242 3.47278615602160467546 -3.38578653241752070002
-3.61852186315174417786 3.40340292895585871946 -4.27219931865342861244
-4.16877188637438500507 3.13257437940064331627 -3.45623883547342591882
-1.99553947271736742408 4.05199774021999470364 -3.03656982388013974017
0.99801313476405439928 2.64040800504051009767 1.76106395173474528093
-1.65345272310080204647 -1.96554299240322816189 -1.14834187748796257011
0.13791665074020897919 0.90159112946350372653 1.97842259246842289144
1.25565614406528869296 -2.29850734354882968447 0.49576514365632107229
1.29375691376168600044 -0.12865217082309055030 -1.65711961693806486551
-0.78081959237013709441 4.41690939414864036650 4.35638925066648230455
-0.94597523649057757567 -3.39155550381943227123 -2.52468310356587011256
-0.77654127916998083592 1.05609673430831385588 -4.35462552268695279878
1.75973477248217147206 4.42864353813636579815 -0.01056448592245295970
-2.96374081471361350282 -4.02598909530605819640 -2.09525795600100073202
1.29989272287393031746 1.51670540003728060441 2.88588704375257698587
3.73562908021161188543 2.22876487737186668170 3.10689967686974899408
-3.40869579021277013808 2.77933208320846336647 1.38931000583043928742
0.12596036379721642362 -2.48616337551875110634 0.74927650224252850819
2.21299051437902072337 -2.76958773445361483567 -2.29317858438435795421
1.77189627308770436542 -0.17813904820004999863 -3.44022092653666700102
0.25115468197287604823 0.46911061185660329897 -3.17863803395632427140
-1.29913734433871086438 1.41110002708456594434 2.52472461530712699584
3.98319185351472793144 -1.89580592119396040829 1.02222734466083409188
2.90968465716063118265 -0.06577821719260779076 2.57470704415171258717
-0.09526183810515931327 3.55805172286937310133 -4.25525740965289944739
3.31045654732642713469 -2.74698218629520241052 -1.68020978359565775762
2.34931945122969043638 2.65608001272214355737 0.41576498338888079331
3.27304973133608800850 4.11579830060361029354 2.47482899947791690209
2.85787097520110044968 2.05271025150581554186 -3.65101396686716261897
0.71637758942711382559 -0.89601766297525875515 -0.09955550688902015111
0.50538624209467108983 2.95628957274217452067 -2.61356655434559792539
0.40283505769110306005 2.48627516865404540880 -1.43374721258678317071
-3.16957387873245322041 -0.16685452021104474341 -3.65552936204787837227
-4.40832837018459589018 2.96065023292637707897 0.66099173820359613529
-2.25875369831846617430 3.05929308451095760546 0.60008104484607827089
-3.35019843104373249432 -1.32044065504553387314 -1.30715211643639417360
1.01177206100349525997 1.85921672250001090987 -0.83916259185824593203
1.44669420826234063071 -4.35967684797114696238 -1.39070268450168432750
1.58476171165530654861 2.67391564435080475448 -4.09682135282737913684
-4.17497201776811976970 -0.04075346595996443000 -3.69327868888518962009
1.99683279668500457404 2.02890218657201515384 -0.40105279901072687920
-0.14033685999234890573 -4.22810134041380969450 -2.24161347929565035741
-1.45926104864045758092 3.34333952974032744265 1.67284456879461540524
-3.83365130978511947646 -4.07291207038220992587 2.48593814879219099367
0.85084257311608446628 2.85216305973227690629 2.81508542730684752087
2.95876781233775076885 -3.66547667623716844076 2.62904174684433034059
-2.34997882653541800835 1.44257365433562245727 0.08730940810806497865
-3.21786298572327789103 2.11404369480812981408 -0.21874236044505757093
2.35838882165860219686 2.10868101332844748441 2.79964386518094965339
2.97565894281388310105 0.18938706028514040725 0.01099985915674217551
2.07438079905546413073 -0.43950245057991921271 1.64602074878885584752
-4.34502268896422538802 -4.42029601095760682483 3.52109682172915317011
0.58889043651277361846 -3.19366173103241823839 -2.62991957384421581878
2.38627664284843277187 2.75639593031291862957 3.74229050573706967242
-0.00445876930807109773 -2.82119869797145783608 3.46304873524703804577
-1.72252705708858577793 -3.76240533780827934862 1.51158611168470979891
-1.45735491376124892682 3.03873357315249759125 2.67948399590148422789
1.40446157562299500654 -0.16294937944719567469 2.51905995409165583965
-0.57051758066391133895 2.29270740558012509069 1.61488086248532258793
-2.98244111082552887382 -2.46497558697585983367 0.40567414932512324555
-4.08957436440060639882 -0.34095222492167565065 4.06944500868374614555
0.40808522906358568605 -1.28005996209948413878 -3.64207276972424454087
3.03341606383338113773 1.83948325407112545093 1.18122702564301018668
-2.37070339806976893016 -4.11460018582739461834 -0.64326097770191736913
2.98133868776931887368 -3.75761332734174047232 -3.22371944205110017023
-2.68601634296975477767 -3.48424115464781092300 1.96337154967467153455
-3.20439978292519445091 -1.37473466083232231938 0.88189280678196357854
1.96751850977461550940 -4.53683758238844703214 2.90780936588540761534
-4.15858132864185225941 2.62029500826334071917 2.41329536664424626480
3.40839998019451950739 0.73064358916360205853 -4.15796418553438673626
2.27795216765216057553 -3.27281440509704646402 1.45218082625995137391
4.00840363388126963429 3.07284550546533008486 2.32458042938220543761
-0.05697566503867168564 3.97666938657901791743 1.02337639076651853998
1.34540507234339301590 -3.32625797979650617009 0.92282962918361732818
4.02915002814261935526 2.37318592914846515640 -2.86339821285966955600
-1.93654137559979355743 -1.83624429893493301691 0.02322825952656604187
3.20921141077003380104 -0.94894847429639650471 3.78670735659479529289
3.61980652831055049745 1.17885290083104621317 0.40152970594733172760
-3.59279978405472633085 -2.58906075303861848980 1.23362851805595230559
2.44687224227866284565 1.00270145244600072942 0.62113629888238186538
2.54801914825744457715 3.04492862301551792115 -4.41781339478215606675
0.36479994709198315661 4.52394766112684987291 -4.38652724167043039927


