138
-1.26544089671330528546 3.18957097666535549507 -4.46620442686767749052
0.51039727272188972762 1.70768646474545171543 1.51528510486892553644
-2.75393975086674291930 -2.70882866967621449561 -1.89468152995920924297
-0.68888264175315683246 4.29965953169354886398 -3.92635007193563145833
1.73724023514708303395 2.49966566953987090471 -0.68466433742841470433
0.15309064451421772191 2.87164577335301895999 -4.53311384026557195881
1.60067076774779248893 -1.55424170793903781984 0.46266140585197845780
-1.63522972709830582971 -4.46968100578180305149 -2.05418144331755359033
3.39058728841801215736 -3.94920877304992723467 2.97204963470931637914
-2.78285206983968391725 -0.58568878622997422312 -3.14672530699388142139
-3.45084412910033622168 -0.44562951719926413574 0.75996317508998512125
-0.64799911111644004080 -0.76003579740338045312 -2.95077565358272497775
1.59571883841098394186 1.76175243592424113359 1.25227162318425921939
-1.66342512500889272431 -3.28575618411007752684 0.76089361114729037183
-3.70963345046478210065 -4.28526303894328197686 0.67091604480983146885
-2.09387359304156284168 0.22299089477407907367 -3.12223255413154721083
3.89325860260691047898 3.78122826172670212230 -1.02007555652126580270
0.55763034979444547901 2.52600735037639267944 1.02132257382887825514
-1.19081624063551316794 -4.27073272009131255089 0.37662890191085196534
-2.11620413707504972933 1.82869060138322137021 1.73905881780553261962
-1.51760200882942619671 0.07641862659078224596 -3.95407248586011172975
0.08146050448268216115 -4.51423807280698152766 -2.66587521216559331094
-0.57272101619108894965 -0.08305488115681480821 2.60936031826933056976
-4.49058862227825894564 -0.22893862529764952285 0.16592244081738538597
1.18379063196827338800 4.40128800439376899334 0.97377852138113585312
0.02409176954890401845 2.00512784209516681244 -1.05932855818988436170
-2.27570336777268833472 3.70429711721314003370 -1.34221619276710457669
4.07585049414968292325 -2.83624616651863581396 -4.51748555862840017738
1.36346325603791651560 0.75452085095814691584 -0.74735544707453582802
2.10967800853174392017 1.22007312159820369146 2.13513156982496177250
1.66657775609080527346 2.28409884990462064280 2.73026800579705319905
-4.16264254011118683962 -1.54825204800940419148 -0.87270323588031040174
-3.34793338632852544023 -4.33621646328612531107 -2.84382214843030478590
-3.34834676574277612104 1.26222790774874926711 -2.20896888029591487168
-3.59644058777975317298 4.46802444665255205081 4.02722064122828715682
0.82987606453046858235 3.89108446989928591364 -4.26684345090533767575
-0.77901452938142057292 -2.16004389412134223392 3.58987658075136462088
0.23163098048958019604 0.07072281575999994629 -2.84241129197306152676
-2.41376716515315914435 4.18251570101158254289 3.19699253576776687424
2.66422694821094019346 2.91470751429763907936 3.85028726407816090926
-3.26366494678351948266 0.89924088667665191821 -3.35147322581959761223
-1.74404662926509335108 -4.10664551423034840383 -4.04698783897429503753
-1.44537381914432483399 1.56846053909183691388 -0.58984811992300700823
-2.31841025234637809760 -0.51760802853093323961 -4.02675332144384068300
-3.69449032257470522111 2.76527637332390607838 4.13782793689196193299
-3.14892934375590138885 2.99354414813960989505 -3.90444822560363347108
-0.50489732227007078080 -2.20087333146565100606 -0.82554071074284518517
4.19895909498024533235 2.79484433616792760091 1.56346321687071299067
3.30339048599887696867 1.54930165463486435584 4.28221519480071588504
-3.31191607516622088525 1.56509036801601464362 3.22724006166343979629
-2.79393737709385625578 1.89344756048365514545 4.52231688418024457832
-3.97358469468116126677 3.73953901698796453701 -3.72788855810688701808
1.82110672743690837905 1.70151726931115643282 -3.40691327171194568990
-4.01401395188835152794 1.18030155447537588032 4.35941023264198346254
0.77627372097540625617 -0.43571122621520075313 1.78151788118139275952
-0.84630488173852969069 -4.25171918942159710042 4.12496141832874041455
3.72326450294110156136 3.55147481585573121521 4.37351415271486398950
-1.33417275306116023259 2.84134560529289270647 -0.69732930365072665069
2.06119227918076308725 -4.32029536192495378089 1.96693468860898601491
0.67909264667583979502 -3.89582818157016008698 -3.25231323140032113628
-0.52188313609102099377 -3.10877415989290950549 -3.98144058374438714054
-3.18642352355799385322 1.35159269838615170300 1.96119189375112235041
-4.23112615575857553551 3.59451306432500583554 3.98080542353913369169
2.95364752569748745259 -1.14457541816996810624 -0.85083330838871251700
-2.35199834449726141727 2.45066354375968575852 -0.54295354701015074994
-3.31770734200088401877 -0.42293145177467472706 1.97293284432679971729
-2.49567864296159491744 2.86645285619587131265 -3.09163835517483365223
2.79448698118990446204 2.26760150447092900805 -0.28938604003760115546
-2.44032568174043928977 1.75593545131800787829 -3.26704814815712607512
-1.95520126382186543168 2.50439210500532016823 -4.00709905961137113906
3.80080908249747384531 2.05132749622470900164 3.07875081788465987387
0.09614364337697534069 -3.89064408528264182863 2.05124216047406982000
3.26464965509532500931 -2.36255107051673585161 -1.46349293662758572765
-2.77832700509405317035 3.94248005746172847097 -3.15046213015333842478
-1.87397387158008843500 0.80494938461384268891 3.50376000657993369458
2.90710904051925300706 -2.59779141428927351498 3.69890221408494124233
-0.57323642101387273229 -0.30278239218800351296 -2.12609703853121123629
3.18324929385058918996 2.90131220261112598990 2.47055521751965923016
-1.05433789935265176396 4.16485719661264308655 -1.27812126792108404771
-4.08188848251242664134 4.35087179754045028091 1.82576348626699935807
-1.49380497699316805438 -2.30234390278342848646 -1.85097881580034862026
-1.36200907713098384733 1.51923816858892468673 -4.01608907949255211633
3.81017184728851798781 -1.32957958816309540495 -0.17335083786347915691
-2.68828426841744505538 -4.00057097502519809495 4.28515227182531699412
-3.97267969384340569050 -3.49675075873883400845 3.95115214838737660585
1.69395482404911223995 2.93158162609071215599 -3.86219458268797799505
-1.83973297317657191741 3.57308687003760550027 1.51618603463596990366
1.25686331812285789766 -2.32273248519130559586 -2.36335484560739095272
3.36144733291531760955 2.58585392954106829677 -1.15397546470446510369
0.23812006201856394938 0.91419246387535935128 3.39540892589415665981
3.95605286967729252723 1.01658876273140830193 1.49925462077250237769
0.23686761818912938082 -0.40836563494911892747 4.20322216431668049808
1.13023651019809090457 0.04776318691155179152 3.25857841432797812331
-3.68407477879194500403 -2.51881005121333290120 2.67653499407047856806
-0.42262557617603313531 3.76696785655662846892 -0.59693415898210000492
0.51581201155469802444 -1.66330125699271835771 -3.58322487996164040780
1.73707306448468568050 -0.24694078814485376228 -3.85138792384062345064
-1.39334986783727865500 4.42689578665830563153 2.49938848340154873284
0.18247856434103404411 -4.12043798810078243378 -4.26938320015159877840
-2.97853290365857814592 4.22392733518013141492 1.49830713671303161760
2.50603668234423260230 -3.18319352907412289611 -0.20749462313154687365
3.50268974268488886281 3.51496798372674756905 -3.74188812073482512943
-2.90245237841282532898 -3.33948580013303608638 0.33908577272363515931
4.42534990905842828823 -3.82893796121413387823 -4.36237387226360073811
-0.43436562896387531651 -2.52234685071184916438 -2.91437858646695779896
-2.18314126613414316580 -4.39267435605623202122 0.08173310848580506160
3.87987991647957120023 -1.34451997445434567879 -1.46213006554282198834
-4.44202272203864900746 0.38260698652583435830 -2.26217162860483522735
-4.35200730321359685604 4.51186824497085137153 3.06559041453615765960
-2.75520292853473058869 4.33647295125809062455 -4.06487429232656261036
0.89344508658943411206 0.72185350605579046146 2.49936794415008023407
-2.07042041806118692904 4.31933376970242388637 4.21500073052915791294
-1.45595763329457339452 2.98414484471305829771 0.74813675092453824078
-4.45238435020465050940 1.53516683560680267107 2.18994649810063535256
3.68934740271576711024 -3.13200722479912130325 1.37972012245093988980
1.53749888424985936553 0.04850352348317699125 0.36327846860886658931
-3.77538113079569681574 3.04926996888873613756 3.08752119798293378494
-3.78161470570131541535 2.39984166054902114951 2.28201176482333156770
-0.51213235811308699397 2.43380749536726082027 0.52185807630642067068
-3.78831650810692410758 1.99421711960029224286 -3.83195824899348291837
-1.16423278732318458140 -2.11520496904894361734 -0.02203460215538921574
3.91055004865925948110 3.91639505302829515898 -2.91848182598808936206
2.95968063278214277290 -1.95590038838800461818 -2.94093184487205139277
3.01419218455755277830 -4.10687475947048419300 4.20520757392274102671
-3.77013730364643695481 -1.20480216242457593978 0.03597213707002477889
-3.24121814141321351599 -2.00345668514481722866 -0.88442661908742925547
-2.44307367016416598915 2.76552095743122361426 0.65829703490594848603
4.37282126266000670256 2.76717468979461589385 3.51100701398622927485
-3.72413579087167212478 -3.35299031105787959106 -3.83483418717154211919
0.23383950125461439029 0.90130199786095221981 -0.31948957576717962326
3.81974935366336421083 3.68702302788428593061 3.11687216538593503401
-2.51094922218406635395 -1.76409224848237622396 -2.37419907794187112771
-3.28778796895227332087 3.42085895437531473107 0.58119786603113166024
2.14861896306049615646 3.65225367506070686119 -3.10146884875194395192
-0.92093299427487052000 0.31802359961513726461 -3.07192957540982325426
-1.62534692129828073348 2.39997515983240905513 -1.55221290963033453636
0.05986012978749144509 -4.37870059633732200410 0.30295648414494991130
0.33859119141251614593 0.31864354663741689677 -1.32448605319938916836


