12
3.38441046585266125390 3.71148680526618601760 1.46272733022267598102
-1.10085179622833706503 2.36043230004038928627 1.17838752629877774325
1.66304789619986514992 -3.71870088064873627332 1.99723909189222492699
-1.66371574601757554746 -3.21866754681565581109 3.69261706154146818193
-1.68384138158020402187 -2.22506504180781705671 -2.66803166802452818018
0.00462700097459833870 2.45530370265147102060 0.91016384333123934169
-3.79147297234646440955 -0.16021190741638147159 -4.34777466986463778653
-0.80863741401442279511 -3.28885520114102325451 -2.51960641183906641771
0.51443577938954820894 -4.28558253601898275775 -2.40337153144328352639
1.87763898200886991674 -4.26020666552738180854 -1.24275482446046314777
-0.40535900808407987483 -1.20348346000184047710 -4.08667953141255502203
0.92413610095956588708 -0.10704522582394826458 1.21158169582531183295


