296
3.79238895108931028943 -2.38154382041712775475 -0.79842464213639185999
-4.40586944417191350709 1.15899041818016268479 -0.06488872328898676045
0.71927470292915618444 -3.67159061434969569149 -1.48237906833711008403
-3.43512697174602177341 -0.53036316640675185141 -4.08917526716548795918
-1.32865073515120979408 2.75285377746250592423 -0.66794122372691466794
-2.40918847752264442263 -1.65454392193039279135 4.03564077725229974902
1.22678958230570867016 4.33444701614509941834 -1.40495198241616003898
3.86631590358056076440 -2.93259408999346105063 2.61165345310057706030
-1.79154411190870499482 0.04683199123666170749 -2.26887508237125956612
2.88579625310501874935 -3.89704191453861348293 -4.50457353269923377326
-0.57054686502621310140 -3.60956785611186914409 -2.80914750787529898801
-4.47520902572321066515 3.21155554999861170273 -3.83096296968914051817
2.47206614703880411810 -3.11907176439380151578 -0.59438623251752131793
-0.28184548867571379560 2.86806289714015516523 -1.05103037253859410427
-0.37775387627305700988 -3.75442225623880299068 -1.41770228424204436379
-3.60493032183437867033 0.03161005956250217963 0.39071467252154157279
-4.24486427432195068121 4.16228149630492350042 1.27204365646484962582
3.93083417847925797872 2.10401385287235775934 -2.00488618508181115629
4.13304931937579400625 3.83765995396582138000 1.96253546139263956860
3.36313154591261653792 2.41094439723478437543 0.63101902295348288874
2.58994512043892388675 3.47096525555866097790 4.05463524070467240534
-3.83038185281157650408 1.12822959905432806949 4.00420314905207685996
1.56424918653294575677 0.65371872777577522129 2.84841594828749133939
-1.15915851050553975199 4.21364618597194873217 -1.38495609571125832815
4.14058390552663535544 1.76920520119530344516 2.80920130015505709054
-0.92769468837451629639 -2.57448143771449000639 2.33342830515551025172
2.52122112575637924436 -3.57202814340089602752 3.18676561727691254333
-1.54160589160298888700 -4.43706713233504057570 1.69596699156243335693
-2.86020448916665115391 -3.21411577905777479103 4.43610117860646990806
-3.85753388728466006796 2.15453013835532214415 2.80805135306893749458
0.13559556537735151238 0.07877786479907111783 4.42191887156817298177
-0.82628708446948717636 4.26247254715669665615 3.39473920997877787187
-0.28528773457205325315 4.02516983982902676331 1.03728521919376870386
-3.42802828675727822016 3.95891124917092351865 4.29252210776271869719
2.21326091737357888434 -1.78042002999209714176 2.26497834992880076044
2.21332993690649981744 -4.48825863918976875055 3.91030753789378504592
-2.92761767924761917570 3.51804268159427113716 -2.59575780035003766955
0.35789925652991705363 1.56565645321925561717 3.38604423145161881337
1.22052946930593453345 -0.12077517917581559459 4.03635675648538860827
-0.52094027061032655013 -3.77626956569102967265 2.90244982371577808777
-4.05903971651419404054 -4.12473834973277497795 3.52227290884445221053
1.58543406548900467357 -3.51971861689634479831 -2.89329976855583037576
3.48682380994684049114 3.47149306919086253487 0.11884134596114126481
-0.92273929680761845873 -2.88180263266843139647 0.93493137148542881931
3.65519089474841418763 4.43954172468531904627 4.05293502458529975030
-0.86674222063807171423 -1.95635413387820822351 -1.32910809236882432316
4.00427901937917862796 2.47687352566289131772 1.95632366224588949422
-3.77026922657647300952 -2.06841797275597372163 1.30356311596927110230
2.71164076187230307369 3.79606409776186293215 -2.84410701593764558837
-3.47705416455279303634 -3.20923923527230092745 2.62120520543115365086
-1.15948437976300189334 1.74765631231229612297 -0.03436105462331173754
-1.65375350385172703582 -0.80963848064938570559 -3.04650393415489117999
3.16898756410795723326 -0.24207460676899295038 4.22116140870952261110
0.13116364704918748174 3.87126569417807697704 -0.42847265821334445945
-0.26644576038239708993 1.59006410400440767461 2.35029024958821253222
-3.31251395645077684193 -2.77131485723110859709 -0.12468520102131019911
-1.10206716605897891981 3.47801280676901303224 1.81532724949547841220
2.11167640958665980833 0.09511378014768734346 -4.49051448220337068307
-1.01698879106155626317 0.37242257273034162779 -2.82142960400190379033
-0.46617510495909009194 0.14239297186104238335 1.82201203473782324949
0.42265408771365553520 -0.24805925894689373479 0.44540566533794034854
-4.06540309740028504848 -4.51208822117352870151 -3.80168748838343040219
1.30091026862057912439 -2.94884834017315178301 1.81886421429823652574
-3.50777276768983803379 -2.68830105293400789535 -2.44002588654694640979
2.48211402524369706413 1.16204586891360683865 2.56461270474904257100
0.96114914819490682163 -1.87123564509059470140 -3.11095862166627679102
-0.50210559465906001719 -4.45548036239471478837 -2.12741821757896731881
-4.27262440519591013555 0.96083747112814688052 -2.43547786119343045996
-2.82500140322234516432 3.70616446318003855964 -1.14616941511347025795
-2.63289710476917182547 3.62195422988967319355 -3.68716875233881546947
4.22746043995168374607 -0.20265323493752962491 -0.35601831184656163032
3.78110761217756330410 -2.43867147209327406188 0.58921597363274980097
1.74054455853751743888 -4.25571648281654102419 -0.52377488488926005061
3.40791637227184196490 3.21454371142437711484 2.46100466653334226663
-0.28785073983060716074 0.76129800872849529014 0.15211063018060055896
-1.78835331782201034656 1.33889489919945958718 -0.71301030851464641813
1.43963412799014989218 4.50172355980799121511 -4.32672172624171125221
-0.79474408774645244335 -1.59956861055120302950 3.64228134064560560290
3.51395760724890582338 -2.75181153245031095977 3.84637485393363487418
-3.43163236887779943274 1.89161443446548371838 -2.24221498087260329157
0.42538932834091358615 -2.06971838925922169139 1.60962528919810932138
-3.23364878364331032046 0.24652559763424086725 -0.60570485849357424968
-3.03585148009501404331 1.56639915331239887308 -0.37565091714839127235
2.79696628873422703521 -1.41074453122985277176 3.81834407593256397462
2.83887685903810638166 0.35587630796002844846 -3.68517546842540566487
-0.62859236100461179930 -1.42294700323857536972 1.60786756634740246596
-2.54767778167082070695 1.20804834454250009657 -1.61109977624661837581
-0.01224405155836816306 -3.66708828747085613387 -3.92121427913333198134
-0.75901159835027209866 2.25472600120257204992 -1.81707950666150663821
1.17773783619677718804 2.83732877503616531811 3.96425772460572911626
-2.94953710270766045198 3.05478470184290618050 2.61099597081699474899
-1.94031961037783240442 3.03062169019960592209 -4.23848567914151086455
0.81184526864539563462 1.90123901126468819456 1.60075896469891620910
-2.51029050783024132443 -2.26589419802661806713 -0.76932096705703889583
4.47063081779004445337 -2.27587194096289735512 -1.96330361600990688231
-0.12720818012868484459 -1.09538869149097140010 -0.76031784258349954797
1.74645446008652083236 -3.54885667499375534462 4.07536133553832780052
2.31015884284320982545 -0.49515199097544293494 3.61359866392159556625
1.74473834174829978139 2.84684952192252183067 -4.03859017528704189459
-2.18188379665032883281 0.18880126109006134527 -1.30872646809696746573
4.25848159826131489325 -3.64295354975140739384 4.03601402005473541834
0.83897380732455850705 3.84825565779505662789 1.43231380470752522882
-0.86086044113949222734 1.35023483525797249882 -2.64794002470167688656
-3.45383859129667492027 3.96650663341282960772 2.30333747930949694904
3.28015113427152105174 -3.99608105635088195484 2.68981365534914917959
1.28917347228106660140 3.62676190098767659009 -3.56578803614675798883
-0.19553439150751650288 0.78646681064799839334 -0.95651294410492448961
-1.77730108248500950907 1.99116161851278139494 -1.69055849735798036093
-1.44112635866877747404 -1.65742282052219414012 -2.43365525848183938962
2.69601705309946471090 3.89445524059145409268 3.17790073647580673111
-1.15558021415751532857 -3.29011658843553256304 -3.70628983715620519135
4.11429941050174274864 -3.73838059939632705309 -3.62426985113152699824
2.37423807155200705665 4.45058692425457014252 -1.47683307055731116719
-3.51769023064521668687 3.09245760258874646809 -4.13173846364069063952
2.56467776900680988206 -1.99518716997847578298 -4.37074684641171185007
0.16329811791628223716 2.90618913437743664474 1.89088061183228273165
4.18270824652360939666 -3.73919927844769350855 -2.11897583667361155690
-3.32024255399067991235 -2.45820524018793618026 -1.35327455760539905327
2.57717202195097527806 2.40279303480689598871 3.63877288750177552146
-2.45387058618955711253 2.62172211262601084769 3.64082386168598137743
-3.71019389669362986695 3.03062360836389732555 1.70809445245178803674
-1.28801716281237021988 3.03924779833165370491 4.05996028596954783296
-2.81434299430074785775 -3.41250131834055991931 -1.80893569032727707935
-3.03776409963443327911 0.41876800363676291994 1.79342990872418894810
-2.40620257051585006991 -2.35349068505025327269 -2.12542789018309852267
-0.90304622702636638820 -4.31784168841943127859 0.32680103990924713742
-3.55876047510046511491 -4.02009451197610534479 4.37691381095497522580
4.16723515448672809924 -2.12868428735739678714 3.29731257628552310024
2.89960795997801934476 1.87109473296148376420 -1.77293803174170916392
2.75155839903754273479 0.78304508424124197319 1.55609257581154736272
2.02627249253376628957 2.95996889880658731187 -1.28322204739678547014
0.07664821681535194386 -0.58593221614241297601 -2.65270948318246535536
-3.60313493247713845236 1.27310635748970213399 -1.40742718949132950002
1.22546596623018544392 -0.73997049886520827044 -0.41985439478736719110
-4.18461138272751487222 2.06866560150780554039 1.74595356019112468715
-2.03962274596416026640 -2.81189059206325486784 3.03603838358448996360
-0.52246135909752045023 3.42983692581238042152 -4.50620844004324094811
-0.55718743863826114548 -4.35859827081534234594 4.52074267388810557833
0.67407677830543022424 0.19688921659356761751 -3.05920036546348628193
2.66843933500054575347 -1.22428543068817052841 -1.44050546560601455681
0.24444185158051556783 4.00937294773183605656 -1.61589087649090767940
-3.71894929716533040320 2.18959377419583400837 3.91742200721149647080
2.16894774058841033337 0.65213184909867738526 3.76755317104709686049
-4.48162144423496844325 -0.09870541155885970142 1.08102726920086311679
3.42612256439627760329 -0.64577746909610267423 0.93781788157046808152
1.23739390710034857790 -2.34452778325500998946 -4.09303261703371301650
-2.16059207452011436956 4.31061242385678777822 -0.18962310953337357944
-1.12998785350090180657 0.76467682581442097955 1.01314751880096398651
-1.10364244300950353761 -2.20138698053874914962 -3.47445333015790946973
4.41498588482508846909 3.92868821582460281405 -0.30642611603062164249
-3.96797244379780877921 0.29161774456817557422 -1.42053743971457180351
3.53955787499612117841 4.43799590696753210040 0.33261510063459276410
-2.99058007649296220265 -4.46956767450883951653 -3.16533927952306326503
1.65239164747871924988 -2.70434893099120010618 3.28901993710747841959
3.96505961051625721581 1.35187589827702847600 -3.09063125394858806416
4.51200166743506780875 3.94739090475831577720 4.35296273262194066689
2.37032781585458440787 -2.96880624941888315860 2.30221932272184037771
0.27448461874359431079 -2.71753346584034316535 -2.31650630023884218645
-1.55151681657538897952 -4.14787427080505999299 4.25752124860128144945
-2.04698676570100390748 0.41959720365839814349 1.40752521165558430738
-0.31387908450575885411 -3.71906552951747393365 -0.32785993188431916678
0.39089885720793038359 2.66892695967079784936 -1.75750635763655216337
0.93849440135819595099 2.87607457593249193906 1.24189544364745341198
-3.58190177563129941163 -2.90217717467348501614 3.61107137307005832128
-4.43066802216544797233 -2.58172175829731864738 4.47421693558002342428
2.03051101913345011241 -2.48754595411919687820 -3.31068224483664952373
-1.82688958232582132624 -3.98459637636680463757 3.21639011884910086536
-1.44199838173957273213 -4.05276403963258147201 -2.37473486060274030507
2.50389024809448290654 -1.32109578180093967248 -2.86873124082494346254
2.27054655097355162496 2.69771050977823634298 0.82653931839522787328
-4.37353998457207815420 -3.69869588191087128592 1.28864266811333738616
-2.95914379354366374741 0.23779244954106815158 -2.21751912115004357062
-1.24274857199498356408 3.82327617829838306562 -2.60403739991456006919
2.20374173931480310529 -1.25331353465753059240 1.27765748852470739649
-2.77930000412481659211 -3.54872570068246862007 -0.68718448110605034884
2.70595734404578980303 -4.49951989873927882257 1.08934637148481794355
1.86709347003597692094 -0.16827213751310754475 -1.86271748663744540764
0.21038463865216883164 -3.10510910676618800963 2.22318054052239677532
-0.33127055253950832281 3.07281064156675309818 2.91126016003715193392
-3.69993863397819433558 -0.64288121673602471873 -0.91362248030271864252
1.08585908742046388653 2.81291185200661875143 -0.88070941096655053215
0.55350392063198761150 -0.90865270270495201999 -1.78768052576773373019
-4.19446933164079194256 -2.91469589749925850342 0.47743463150097742442
-0.57003786143836521205 -0.37161707102117347290 0.07499929797126725362
1.18459201028233263031 2.00787934124620903731 -0.11181372551504242807
1.87523767746293312797 3.48950440487102131470 -2.15481816653452362686
4.50819314866703546585 3.18936949734395813749 2.74409446939981460645
-2.14650937368719185727 2.91442557227814713627 -1.47351617845480165059
0.67515583530095746312 -4.32783942998953019554 0.19128556988992784227
2.98260200530066921232 -2.97446002499091344262 -3.90436749915120229204
2.80357662785057737409 -0.64861462881876263964 -3.96773994819193953631
2.61344701545279267663 -0.25545316709556420420 1.90644678015890534084
0.06473268522274278070 -1.66395610460600940073 -3.97683417235226288611
-1.87485353947204469449 -3.75698888400718766789 -0.44773890533040727746
-3.57582829825543235813 -4.52568832876524052011 -1.95282416557509463928
-2.88388030608723644477 -2.08624758773495910802 2.91848299802751132148
-3.80645170855279069144 3.55092609551947102631 -3.14102648047131083331
3.25603337261257319568 3.36998805054269201520 1.24754917549181332248
-0.37610076208253406804 1.84249737492298848451 -0.82478989166277028033
-2.62969508182445022015 -4.04783587269694944411 1.85500283036410262838
-2.22290283406546018696 0.41182723810886123772 -0.33463998875201284022
-1.66387942714427650159 -2.73347865398099232337 -0.39620054183308539564
1.12825823827292204271 4.26340507258689616066 -2.48535706126661493087
4.26635602512720435442 -0.75925734379065490387 4.24884013375419566927
3.69885654840821320732 0.51017180718028143360 -1.98452466455221099295
3.36658426450958803144 -4.05903189859290325359 -0.66623217243955767941
0.41442470739318615358 -3.81076081028093760494 3.85606187787184939708
1.23734769821330825579 0.39529826382548893804 -0.67205819695562318827
0.63834211305867949449 1.73088099723209598579 -1.15108050873849254714
3.70733094560165543641 -1.20415043241860253431 -2.99825988940480492317
-1.29748141804246897024 -0.26907974236384912814 0.84848648467222798075
4.21406581581357730926 2.59613526678306438811 -0.09977127636170290970
1.31799541094078787040 -0.37376326379561941593 1.54461275537485143161
-0.04535851393494549910 -2.51208725574819569104 -3.32864326371293239859
3.61849790629338396997 -1.13481317363609868210 -0.03945677127349611624
-1.47794007470462496201 1.89454108659603814857 1.33675869404496605597
-2.92383776473453593781 -2.19236308254996581368 0.80377271869212663091
-2.39929527236490169884 1.85712564830273851868 -2.50915783919513435407
-3.38234241538386903869 -4.44970665182275748606 -0.74004196485753936940
-0.39531046473596376245 4.34645729620978027441 -3.21794760835143378586
-4.03865589036048966420 -2.02484031851480850150 2.75428048994890595225
2.83999398924438306580 -1.83006433525864231626 0.28501013363783478383
2.09099329579612547292 -3.63057178624795540145 0.59173719510312494663
1.11395846409154319900 1.11762626623243122026 -4.12562846928372639610
-1.95385139883625447155 -2.75922787083853915391 -4.44571730383812191434
3.01881873649886234290 2.01722187332854918651 1.59353060965121251513
-3.71596381276017773132 2.57077364106618677653 -1.26460004024154670788
-3.24832835797143504308 1.27845333747077649633 -3.13166986429276095194
3.04075573929463693901 0.39309985422060478299 -1.15568883053576687558
2.82467982153211050189 -2.29715570906207267043 2.97227203200241518743
0.95770977637949794570 -1.71529952133019136795 3.92136181975908026942
-2.46651502628040564247 3.71083900360260887652 1.63441550064728602365
-3.81107439679918114095 -1.17328099640349936550 3.75361709020166056661
-1.81216840826342284743 4.48313446039149621214 -3.28822338709608752438
3.81179658794461051485 4.08923758670046222363 3.05119099432197504740
1.26085936023323608168 -0.09339011159059840139 -3.91859796424192952102
-2.20103547470818794451 -3.75424841998021596723 -3.94764102065519395524
2.11600030856794418810 -4.50344295748007361624 -2.65465624702820868208
3.03459197685631298924 -3.57696883977384283426 0.84274393109774869970
1.33308288685016318453 -1.37956800259444234413 2.81510146179417208856
1.48079602316368941217 4.12227813170997503533 0.46007710310684224453
-1.36992104551462867690 0.89468942427258646433 -1.61065364498587060282
-0.59034151507808285686 -1.44145217518910984111 0.24137596976297004403
0.30233917741350779806 -1.90214565708474969696 -1.45679263599590003153
1.69479860983981645006 0.97240434896576299906 -2.08806578843930745748
-2.95990488783947514051 -3.76129470012902977771 3.50553929125227003993
-4.47763036186673257788 4.33223402447830974182 -2.51525857664987739781
3.07604319568354078740 3.26241484833293249324 -1.92133851040298075930
3.51779730450458938407 -0.76107725495386358006 -1.09082937963438286744
2.07565175894101905385 0.04169186689161907822 0.66991317033457065122
3.37268967520409379546 -3.08914668641303302721 -0.14052262216805555539
-3.50172980875598405248 -3.41936871664884689537 -3.66382093506585837517
4.03687037589882802280 -3.59407646385431833735 0.44027887472087190446
3.48914066259486599364 -3.84225294338162193242 1.71889620257441766427
-0.31641533444399261299 3.59217709640489157863 -2.27109806950666870407
-3.33679063671948705760 -0.68443365667026156984 2.82938514022592535468
-3.26931303692578767439 -3.15324451956852547241 1.33080812619397637064
-2.22785846576990875789 4.31376624089374427484 -2.30509479738217670786
2.52599365812035170364 -0.38107813491225339675 -0.18969131827388441280
0.60825178230701038018 -3.75347503230696766252 -2.47506563822589820134
-1.96069781094760120510 -3.13810560678260275225 -3.05569957006460990456
-0.07230652810708448897 0.96197135652322529609 -3.51406773750708056880
-2.23115500345650019653 2.37950586657459961515 0.11718848423169525574
3.39166462728643924862 4.33808113289156604964 -2.17970823199604080145
-1.85607521064216518525 3.04417241649064074238 -3.14193784945820153709
-1.06660715324123245296 0.58626813589164328278 -0.49454887061726715558
0.61120035384788007349 3.40876639913665524517 -2.69410944565964438624
1.37321438094068337676 -2.22903737107802291106 -1.68626739830497651695
-3.92468524722903477908 -1.35210385326383253357 0.32539588685266007673
-2.39323268663284238755 -3.22038595260731064229 0.29055492591173148753
1.25532435633247363427 -0.79127101540215116771 -2.82541312248693676779
-2.35938548164534234175 2.18657632364560328142 -3.71546166323568405332
2.44786285319209806488 -2.70898527683593881576 4.02277438435242640224
-1.10154377226878352758 -2.96534582249359068840 -2.10655204813608687431
-1.16757131221497978402 -1.76432750746521582741 4.52138124138371022553
-1.38070060264560101615 3.68598929829354826637 0.64696410001471438278
-2.25481199877002014276 -2.28091140599736963424 1.74811799443128013110
-2.24879037546464699560 -4.38660904416292130037 -1.38826893909580206810
-1.31295420544133367713 3.97413085197019011474 -4.01365619239325166490
-3.38407303475201137744 -3.70865771397822774347 0.35118250462916478227
-2.56762415700013946207 -2.24357638162296701978 -3.31904789493864793570
-3.42528869845655581372 -1.71444581674920693004 -4.27291167641261626642
1.86757443091403363411 0.28123669560944009049 -2.96181702035850458188
-2.95603861925161970348 -0.43286891739242427946 -3.00779313793559577306
4.38079240406860304091 2.31800433027869967617 -3.39438029703635679724
1.92820600519503404513 -3.64238510282723204625 -4.03834783733345048518
1.44818729425005709999 1.62876036347492192391 2.54529964480282000494
0.64210639098440136507 4.53368857415906045816 -3.46713331678307978834
-0.16235874722153997851 -1.65461410439543188389 -2.39218871533573329557
-0.42130100781637835894 -0.11559280191834009344 -3.75875049462327215366
-2.58240237583848752934 4.47009705206093155283 4.34008308729074254728
-4.03173244926207186012 3.60942754251700126389 -1.32825699067349534133
2.87833251043412285952 4.19752939567277660871 2.16474413897089856818
-3.68100811685380557847 -0.92719318272524287039 -2.30095221170051855708
-4.31880161386649152888 3.16175720801817750072 -2.32764396774002513268
1.70858600400434657018 2.71557144891623014615 -3.04830516468300594113


