478
-1.20933860076842103481 0.71254522575442003074 -1.01563877341339559024
-2.46710389910406924230 -4.25913101763765311603 4.33112617302970459576
-1.83995089486842378079 1.72150079295336855267 -2.64615576762411208733
1.32349667978554474956 -1.35326760534576884254 1.84361311384651482825
-1.59161831976457612825 -3.90991977022361547611 2.09107692135604050776
-4.32828300094085705041 3.86944179534568899470 4.36200797491140246365
-3.37459738413609455776 3.69198460534067773864 4.19063641456520219464
-0.53595325624004264142 -1.57584216608992200293 -4.15913523042131405560
-0.50472469240824047176 -3.66381596998470060456 2.20950251074491088588
-1.19411809235866517298 0.76944317929020122904 -3.67158953197960036263
-0.39341382258518109438 -2.78799421685014081618 -1.75211934577242045563
-2.06296617872431431451 -0.83411771854125582593 -1.98987445140471974625
-0.18557051979030347866 -1.10913955506221340030 3.72767602544808251963
0.58874289776114441253 1.79628742804183261228 2.96616643580005590053
-1.75910075070033133926 1.31115898405509678781 1.67811169183318042997
1.23647473934289564568 1.77624417051855676419 -3.33736870663793494529
-2.52847028704089016315 -2.66629742386909684981 1.56359593296633736514
2.69582383205776299206 4.47555334128723014686 -1.32926265431398071826
3.92369498525366910968 -0.83065833974580316479 -2.93227726491914575391
0.38883351037819835483 4.01957423210706377148 0.13879630208173310280
0.09578822360631455979 -4.23462826202641995366 3.02901101294967300959
-1.37282201819904869922 3.67938422194343583982 3.71507237798145428798
2.64839977987386898661 2.25819460964719720408 -0.23543169794197371658
-2.41828638090922298787 4.48564771163867792581 1.71575876924027515003
0.57186937791885661397 -3.19757816219009916026 -1.08901015879605589376
-0.94789382582235237606 3.79834980738777705511 -1.12062856682410050269
3.72950611421716704541 1.74491174250805602952 -2.73817489923672541252
-4.27303997720299033602 2.95719163507927351731 0.21386311611369546171
4.23061912350276525530 -1.20094857965257428845 -1.68008359351277958282
-4.45541472082193390492 -3.60403244072739425974 3.20366146712661326035
0.76864547791001491817 -2.34116073293506765651 -1.76187669751046982469
3.27292302346045449468 -2.90877051244531026342 -2.75175000448669848652
-0.97331066015147804649 -1.74588249746700530096 0.34962899285909365688
3.02587300093786648603 -1.54119125064303030825 0.35349237624315144046
1.45412400131470853637 -2.17705802912812185212 -0.82758737452008457325
-1.94659723681394725148 -1.88763852058683401225 1.99108108664457450487
-0.63473038710053142353 -1.23711315239515062814 -0.53738340181969057596
-3.13669620972995133457 -3.70682666444928798910 1.39856045407624307586
4.27244314691861060140 1.62636946713561947320 2.40590301374879356189
2.57826470318741574062 -3.33200658911549885133 -4.16051808910864462376
-0.25658803527940055034 1.01870230723040133824 3.07328676784690646429
-3.82522068859486541470 -1.56180652762948390944 -2.04896845733504173737
2.44684402068679762721 1.19718260610120985632 3.63065084350381095391
2.28127362823310697593 3.82920458622372184010 3.89041928336956654988
4.49779227330350384051 4.47801198904852260085 3.39108283484764427840
-1.36301014691467869966 -3.33458850088234282083 -1.31908577364654266972
-0.62688747315207926647 1.64769553229842902198 -1.04118194135505248710
0.94511696122444188717 -4.17053165920428803304 -1.28372710767497322237
-3.45113505262285169550 -2.87354176030559527177 -3.97125851150881103990
-2.22440693721595073029 0.42310285788481571956 -3.39324445772081917383
-3.09907503049152488472 -1.33536382945309162196 -0.24233834216627858638
2.14534399180974943988 -3.14840677176754546451 -0.94925035023491499686
4.30242583328537175902 -3.94725918261634589612 0.29724919749388867274
-4.13208602382115941509 2.02332245735994131763 0.63162591800079415094
-2.02375906327789856221 0.13052234245118388145 1.76114824257978153099
1.03442121321276037094 4.53617895766096790311 0.66692227461660635868
-0.89294356653581896666 -1.30696842374255828290 -3.12926539428803573983
-2.69635243029765980793 -1.81905467251530650330 -3.79101387115493038138
-1.36464117121889572104 -0.75590807374352930736 1.41332446461493521639
3.82042304093091278361 2.30669465074772350732 -3.62389328156015810833
2.00757638471007648917 2.15420714280781044891 2.59622219932303455181
-0.97501786721961236637 -4.18580372519998800129 1.28656115411111215963
2.84354897718631693948 -4.00320358578516977133 -3.29296265119523123843
-3.89956841644133200830 -4.19532809882692081516 -0.38729269898399465433
-2.42248108310632970230 -0.83804143722315593834 1.92384218690892794257
3.32181071597490262803 2.99347999367406369942 -2.39707598863978210701
1.98889441262647448383 1.28073926847984687072 -4.26033723419707222035
3.49562484740931989080 4.24127492388157545378 -2.58176877013408700989
4.01192556671029176840 -2.82968636176080812206 -0.88500126244360632910
-2.52180788033976277518 2.56731116034309891916 -3.20384011810504754081
-2.10118918013417221857 -0.95406346485597293139 -4.30842160528622475368
2.16866724489586193414 2.85920404942234274159 -3.33387286769903079531
4.00963258308965730947 3.08457482236940983000 0.86077205095684128366
1.71407430744376920728 -2.48919304178895384183 3.06979142920108660775
-3.13805200656104821277 3.42234272102444503361 0.32527770848603498877
2.12838501837275995143 1.97946203576011825476 -2.71041993590047392004
0.45761572013121476488 2.13636044203141306497 1.33980648551427261594
0.11792717999763180359 4.16600099007397073336 -1.28988928634445088051
-0.68548542931824840707 1.56262771425247048995 -2.65914979179218136096
2.18651110454123109861 2.86165477892056063780 3.30126217265908206144
2.39371811241945930959 0.75960301537257457483 1.93555634622072236795
-2.85566700512263293987 3.95408447049378342086 -3.94583377755020947575
-4.31891057477608963922 -4.11545216638085076255 1.60304169459256318220
1.66817636294472659841 0.38076528803967857328 -3.99129673934005202440
4.45824667380580574871 -1.43332578120928610943 -3.54745663965805402285
-3.95713853497658307745 0.46668208296750712805 -2.80357540092015256050
-1.26870491389245998448 0.73544297381237466738 -2.09972262555020483532
-0.03919143665773816565 -1.12918899030788644211 0.28286306048804377156
1.69820555361838376740 -1.81512910024877704984 -2.48460922428833974607
-3.62864190098921568506 0.34318603482191001319 -1.38334368337139812510
-2.77788071753681409248 -1.43584001458097798576 3.87344910647779006041
-1.22881781471877538081 2.34695996884459834320 2.26423791237996763215
0.73169366605442309748 -3.83672841660328645119 -4.45675161853249424126
3.69101372887533951683 -0.59183585508610336845 2.01328081764119559693
-2.09420979686511499196 4.05412908461562704332 -0.56242999552196781821
1.51321348292245172473 -2.92987478922516331181 1.68038836592663454184
3.66737765628087597491 -0.69062132967314715515 3.09679886621403088753
3.72731543701123779755 3.91083036006356810077 3.54281066613246675701
3.99100141894383408925 0.36975461405683152094 3.38258625326135220490
1.72932406825847007070 -3.10928495224841938693 0.26678334655784397000
3.59556746682033168128 4.40265639583044876559 -0.73919394743044986029
4.08089355260695629823 3.85084012466557989995 -3.38485735580120827848
3.53988750347971770083 3.27039063626799908491 -0.01103414216912756984
-3.92464214100440456079 -0.06396175799777470417 -0.19451108747675860400
-1.40029329532775115297 2.27124159983485629510 -3.50878436461594134244
2.49459967887178191148 -0.41643041725810192588 -0.25896244652518252138
1.40313116619511291105 2.93143093407728105859 -0.39612447816823870284
-2.39190309820205282421 0.08215980655957189072 -1.27344528793802780342
-3.85670071544395209884 1.70282955081351428106 1.89955955614137739218
2.81930163388612164965 1.76440642169465444766 -3.91933277346978048428
-4.16867199208621030948 2.48191718997758847820 -1.06445093812329805161
4.51871964621564981002 1.41982739440540406406 -0.52529499030340343069
-0.67705663360945278484 3.10149645739083990037 3.28159575459849239820
3.82088916061495620369 2.14804495111770332727 3.38851307317704453226
-2.94874148960373938522 -2.54085385897753646134 0.67573204160331457047
4.15659298068066984655 -2.23009890478005123882 -1.90048097695862550083
0.74497181381340293882 -1.30021637567402192914 -0.65983303305595519817
-3.39090230570347594963 0.82127966277528496875 -0.35888892044633902145
-0.33038151768001000619 -3.41644411656445212699 -4.52898023560458451442
-2.77418334277198530557 4.14108202807149883284 -2.96932786288726413559
-4.48309042487193920579 3.11876500653999588764 3.46279144836998842294
-0.50059141382474869886 4.19533932798304487477 -2.29499486818486753137
0.48916626746877156506 -3.20054274200749100387 0.27396953483929209483
0.26314506911826818225 2.19687492129055250700 -0.67438754614156604106
0.53113357783931469669 -1.53821822696274468356 1.03436770315640469420
1.66495923749315810625 1.76867479359877233236 -0.68130732893422285557
-2.14831375011250980123 -0.90022760182897565429 0.29887668076002071871
2.11590860843319727991 3.30012747996591038202 0.51681737438774622007
-3.03808351615851712779 4.40281176327259959891 -0.07548919656726571503
2.13583740843958214128 -0.71887003291253259718 -4.24321929389249685727
1.52982330802062893582 -0.03517453466433995146 0.00839601098378128796
-1.10975309032491598060 -0.50424120858303744797 0.27521606767055839526
2.89678128882077867701 -2.80299703651832654572 1.95394829067132302924
-3.81225645071346974646 4.45053047910162913325 -2.84829174787343708530
-1.93714362853938970588 -1.85061396761415508649 -0.13340629760138700277
0.25866733348172576967 -1.21656523118221482349 2.73570141481215589607
-1.85672563715458505129 3.26154416709994610102 -2.29351860070940016811
-0.75903174515053795091 3.40497911832396216170 -3.09502038800432188737
1.44709740526540731054 4.03163652582895704057 -0.28303389534570211339
2.64240509203514317704 -4.26333583567255214319 4.51908062930295262305
-4.36073694567790770549 -0.34974800635629410550 2.47314287541322030961
-3.75626249080850715956 -0.92689875691081535791 0.54515725578724616440
4.09101642652507546671 -0.81460654037764212987 -0.44359886641766266280
1.30592272043871382436 -1.33336929902790668478 -1.55388936081878714646
-2.06157862209809383813 -2.20778618353840228039 -1.22492270826733307132
-0.89181317428939532732 -2.03140073409699617457 1.44160957930300259733
3.35469041787224320217 -0.58043209941189122247 -1.34265789833441573364
-3.27945528596469992877 -2.12418952718594944429 -2.65714561539909333021
3.80096702443717848752 -2.59776733341304577607 3.45327248768085226516
2.93537066491359066589 1.61433684249550690737 2.25178505494667202669
3.16476706198599000430 2.94719313730766696580 3.51500539858959282213
-4.30201087757555633573 -2.15690088353880149441 -2.79520940190313860185
3.82191308434323762100 4.16418856206817888932 0.49213607194497210884
-1.77015940543417915620 -2.39096099200461154055 -3.76243584690658172676
-1.56319010725740481504 3.90029505028755085760 1.69031567339898813884
1.65458036300910560357 -3.49170948445302053997 3.48769790091599229953
1.77007730975933252893 3.90755742551497231574 1.36723936928935430046
2.98321012225065373968 -2.45514600922392656202 -1.05956212896975632276
-0.52885006051606087141 -3.59478346853884467293 -2.50940262712523498578
1.42265907927992163451 2.47662948577070096690 -4.16788687180206718352
0.77016266091086205137 -0.94463472848157348238 -2.42416746766957968973
3.01368879932268907140 0.96324592888251459044 -2.95893610625325953478
-1.15685550064546616156 -3.01018167369403810696 1.62414418416301842285
3.19723071253563606575 0.27075695777165886824 2.60277852977458756811
-3.22418313148976087845 1.43065278946556961870 4.41432091436189377731
-0.20110759530448163446 -2.70693063789868793023 1.16416135721483016141
-0.96119565565019060571 -4.19216076314166219419 -0.75816326458516014597
1.34082597745729081851 3.40522153530671634059 2.28492466158154083899
-3.37429114650083405991 0.58458415646396666432 3.66372368768280320950
1.75571153619162689807 -1.23023993354521721244 3.85513785332009373263
1.46998774869622472750 4.44367601632227060549 3.54578533637986392790
-2.56448642175564645029 2.89083569614190682984 4.20119646110689171081
-2.73805368415203220778 0.31067039472446111859 -2.32076009453692932993
4.41612415708702155115 2.68660838891898112735 2.46032540276736444440
-2.34449113787587304358 1.53302826530631097768 -3.54655978696478024759
-1.24368444074540773769 -1.44828795096510276608 2.48799661617434875183
2.04894078780349264690 -0.63968581871125929084 2.99299227975480608421
-1.32242354919499138788 -0.15892093054489642157 -4.18508737387483797932
-4.24758921426631630425 -3.08127783957327450182 -0.16562082287853652218
3.16143186677029053300 -1.89287734723624456734 2.69433579136502299178
-2.71539167637579170744 3.40434905694441258817 2.42396116849777332192
0.87484370636507247099 4.22569632352844148926 4.41977684506400425590
2.18510397484640339627 -1.96764138618119899249 -3.51090055045569204850
3.31680657726598138169 -3.03711097041831212806 -0.12533001306854263390
-1.25986974234543991358 1.62157755612773524234 -0.14748437412368353705
1.33097047054964878754 1.06852324784288121862 0.06343821692679529889
-1.66371635308895893246 -2.49800201730511917120 0.65770793215136880150
-0.66973780548831340909 -4.31546019585716766898 -4.23557909554910505534
-0.11926984277422292280 -3.84582075095368303153 -1.62041280650019725584
-3.25835408402294568475 -3.24045153582134703996 4.08739930737172496578
-3.85011030788060182317 -3.63414549867820779738 -1.42938556515446979489
-2.29502930593774800982 2.67686106951188929060 3.26825669720262812490
4.14842204582846729721 -4.07832132328842433822 -2.85659588564945199352
-4.03176611732116896292 4.19263815110191639945 0.63790455731459161370
-1.46913344628859299235 -3.18892666608958830210 -2.76476021663229376557
3.50282361501483574528 0.47999072712297952137 0.66137252864130857688
2.25326517790688729548 -0.32054660496582165763 -1.52997113399102779852
3.36185648957868377096 -1.61557864893264646611 1.67033121620225166737
-0.89967977950584998581 -0.27005430755629067363 2.26441617011898355116
-1.57839340503989333797 -4.09463824595063385914 -2.21306233584952893878
-3.65042577785269850565 2.70853915393831368164 -2.32365011667937437778
-1.52579314925616138510 -0.32137602108133211942 -0.67514993852000548813
-1.93363822114960814957 -4.20840966980826092225 -1.23080716186201666318
-1.46881477518134362370 -3.76904629315247596821 4.46884513096195501447
-3.75422083616163160258 -0.14345391566236109782 1.44272256074393556702
-2.83582432080385293816 -0.04095704580365921998 -0.10907511538087089065
-4.24381930677439545008 -2.08071410128254941085 1.14207790482902815654
-3.32481467807109964951 -0.75137733021605646044 2.96187685836696878994
3.95574939804614711392 0.24319265308005189041 -2.74170654300139471360
-0.11612225708605894425 -2.25201399188550022146 -2.60937908296205645087
-3.27125048669543572188 1.52558467857408341928 0.61592211398891016927
3.52078365316120578399 -4.47322032118378931642 2.83287748115438642316
4.10128156704092372564 -2.88492432684026356426 0.55032990938928261215
-3.99388772248500867335 -2.72282866785858423953 -2.03592800620668246125
-2.22012242246144131386 2.14879085430980065752 2.32624103247084157431
-3.20571330441289914503 -3.43338065287009275295 -2.17108272324137141496
2.71719141014208620533 0.25718396090307660273 -4.04169041723670297017
4.53556190463935759993 -3.05937433815007331361 2.10169836148298916356
3.50255235172657553022 2.35112739291836980726 4.38672045649538855372
0.72469455449388409107 0.01015077741906367237 0.90982659782483565891
3.78021097984877751941 -1.84209033968835411699 4.37140975606475645776
-1.31850970035985692874 2.89236595798333784302 0.14020016971045112797
-2.77596784768359050588 -0.81527403221739280781 -3.16081562966433304851
3.90082503898523835772 2.32138927949927786898 0.08317567607454634526
2.64216417922662749618 2.92902678629488288919 1.57953859869301727059
-2.99120786003334293568 0.49862868750919542293 0.85558358016533375690
2.09230151603314595832 -2.12849082864390393155 0.20271933601267910774
-3.88607603329298312289 0.37747162128446731799 -4.17849685739191656353
0.25678583492335338434 1.91456930371589262307 -1.92612838107313422142
1.04962071749031515822 -0.05281493184374230765 2.27448328786736730933
0.07533354929240143605 3.60311642852710800611 -3.85206363803374252086
-3.83695787399904730819 -2.60581897062460265957 2.98508195001623821696
-2.26141504367767076644 0.86150632459019682585 2.44482685822408196685
-0.08556090408878169740 3.09498603052968856986 -1.37491045725176519454
-0.42956420455063604180 2.44869887239586780936 4.24200211649667391356
-2.62552789481219539525 3.14500167117112994219 -1.32839755547766014132
4.51184348704354842852 0.44239218144988434744 -0.76462442453950441035
-4.11876882577659308993 4.48999496480898141471 -1.72645881802741296696
1.93078487380095698001 -3.96838393763063690400 1.82084412202389955837
0.15152217175026727602 0.75658010082368321036 -1.57973165880686483575
-3.22581914992133533815 2.45136793807938513368 2.29018121231246674085
0.01365211327008886144 -2.07634727095825200038 -1.03418833629510675820
-1.59506851735443255791 2.04875606523979048035 -1.62933886306767439223
-2.82602824997955126562 -1.65493950205833506573 -1.66168615577702105668
0.33335958594421644108 -3.43849816513902117876 -3.21155932126945620197
-2.81115736416693673405 2.16012635565975497087 -1.39817061740435732986
-2.45403342464336127193 -2.75503290772503151018 -2.09106721732044231743
0.77785329918286016948 2.05688926258960602667 0.24054981818357301648
2.72971273699729266582 -0.74471653317969632724 2.03072533606410932094
-3.18036751784195237391 -3.45224989683485983250 0.20923506519638479517
0.29021611052148088561 3.69915868956011717472 3.47040694825111284416
0.47686395177492446606 -2.42895288416886057092 2.50176984722235307146
-0.27224602639671768856 -0.57509940362119049695 1.24841441456356694317
0.34116700502285013386 -2.31603930049834350058 4.35932716967359379368
0.01451390286311404765 -3.89767830722067776250 1.17340209670237793915
-1.63872410338314455913 -4.46097853606602612331 0.57024192088739766859
-4.19736150037258681778 -3.12168059123500452046 -3.13162417391435798919
1.85013242181794268504 -4.15170226681408482960 -3.92186913840104001139
1.02181704648719939854 0.30708612973418070169 -1.92005965519862620283
2.17191328226503355125 2.53181214800965204148 -1.15392825343355909240
-3.11907516461595291091 -0.56147968901492184557 -1.32742953135697927536
1.98840501362486410386 0.94588030207050799447 -1.65732542603577925888
-2.12416764678266867250 -4.46300697410753688388 -3.55214540125523781100
-0.73764311462878406900 -2.00132420125232401986 3.76734727840490091211
-0.88726054797533659979 2.12111507804587695603 1.01833188993800316524
1.38797971882812110067 1.20257059069905647419 3.24747493953981969383
4.02635422613951288184 -1.28152154443221277802 0.66435438610943009508
-2.04522278734703455427 -4.44693948451508092035 2.86246623518194986957
-3.94161400604650680179 -3.13745095401833040683 0.98584428238773647024
4.21876640679913617049 -1.60820429307487833270 3.31203287828584880259
3.85959351052574373142 4.37559907055783536833 -4.24952853256703555473
-2.47073805529230305922 1.27972921867536104656 -0.71539489972940106810
1.25092555950806616494 -2.60047086745542666009 -2.97143267291215273929
2.12156954898192484649 -1.80083616898999920863 1.27164376237675202930
2.52559216412567000276 -1.24561560856693231969 -1.16268539006822591020
0.90784015954872199217 3.72515844095610670905 -2.65306247436614794921
-3.01749749262264321814 0.16726185638571688941 2.20242374153790976266
3.08779046532621403998 -3.84095551602592788498 -2.17141996864863351391
-2.82591363792525074317 -3.25671299943916414676 -3.03267538500751010488
1.47539400751011218205 -3.91216296822305054093 -0.26992972280832905341
-3.79848106788526518329 -0.50727415187983293521 -3.50851967465384850797
1.54833315296935492000 3.50102745645572266397 -1.68988450596789130387
-1.21716428542319698991 -0.79250213795440238584 3.89286006857055522090
-3.82357506709253280874 -2.06347286484382808069 -1.03229896420428257642
-1.04381667208545358960 2.53466052162744670539 -2.34512889396092027994
1.22182057725829640304 -4.03646866070030352347 2.67655837240679428390
-3.33032769993948196685 1.83964779516005005888 -2.85167492622875240471
0.33602236741509639018 2.59414954477858383797 -4.04767182716423512545
3.34335115871080557071 -3.48380510163465562101 1.32576526056013221933
4.36730450918740675803 3.72378083252312475082 -2.40493007499587774234
3.02600579823223903020 2.55980514047819163181 0.74269500964307511026
-3.24186063485802256068 3.92475388629439603250 -2.11664915584497626000
3.96353658451321333445 -0.17154838976970854247 -3.73116305632516631619
-0.75935540853934302419 0.68642396092346658065 0.46417527081501397390
0.56480719399064138742 1.10218165449347171858 2.20208245597308494013
2.88262662167273564506 -0.82627501767507149921 -3.52751391263287850109
-1.10555069706405273422 0.81612101480147281052 2.45463725854427838868
-1.21240175460874377578 -0.23584506189128706666 -1.59711848567395531262
3.82093570561287432241 0.86214825512793868967 -3.69486648637206949175
-0.32013244095014403712 2.84902396992038742241 1.77079871704053015691
2.83653468124503138625 4.17557206151717696940 0.86299734662550786624
-0.48444831660784970495 1.49060744923303367671 1.84380991923724923964
0.23954542020226643473 -0.13438795635747169399 3.66240896133725879480
4.21293577400922725218 -3.41811958987972630553 -1.89053547457204240700
-3.95470837844607769895 2.02411195532338705760 3.24570091927654669206
3.40902198754998142505 -1.69915965127711210414 -3.07542920323137902727
1.30823136948314022732 -0.34162762382477573908 4.13295829867214603581
-3.16100165963119561496 -4.03800532856453564534 -3.86081363237355867923
2.23536249201891479288 0.05659233397650531572 -3.06936591126722690959
-3.22451389816638789299 -0.58845336215310517503 4.03443069262696862864
3.13434303233030586711 3.48533205132605328203 -3.42282517273115116652
-0.36237874538251979573 -3.00049596325052903012 -0.36131144803875248073
2.56963527493887955444 -1.06775082841670876377 -2.49762049577656508603
4.16576922683238759504 1.27969881054286371835 1.36157987788989753852
-3.97210756256800978647 3.41861901028440318129 -1.63856123001758247071
4.24138595867248024973 1.95325514617677953311 -1.53958329786473102629
-2.03927940355353776170 -0.93104676558954135857 3.01810174006596643181
0.20025455314029283471 -2.42883069851508182069 -3.78157180953342697549
-3.74534629051573464409 -4.32486494582182068314 4.06435145429261002192
-3.36029547608330636521 4.39804420776837101670 3.17994523515594984531
1.41426388507923128657 0.62033381620921979049 -0.86363087253663950449
-2.63874741679769586611 1.64088497509735464774 3.25064576161605156557
2.01521971295188873086 -4.26094315927480771222 0.68608683106943058050
2.43253536485115073873 3.81528759475740297802 -2.25016891863991563838
2.68674168851769490374 -4.16283859438486292248 3.24277783094814342491
-0.99291574232554635770 -3.36402845174512155069 0.59828922733727107897
-4.42380789602345014799 -1.24142324105426737901 2.03280533992027212520
0.23128861220358665207 1.86971559863861536144 -3.15881659607462017547
2.96487434135672867086 3.63662638205347032994 2.68063016649382479528
3.43377729271828702196 0.96135493345299849466 4.34055706374542804582
-1.10416961993827289490 -3.09986808340617514546 2.85595697055415609356
1.61260902996043409274 1.30258895732103763265 1.86200738098033191648
-0.07106611015061492509 -4.34632559827192821444 -3.14900046840631686607
3.46935559120188852233 1.46733293098166583945 -1.02922793666453182837
-1.89468088281376356719 0.82120384886727659790 0.49505949046493569199
2.62997894000183585206 -0.00054508573838685237 3.84925657174691426832
0.76324943489746921443 -3.21085896310974527879 -2.21976497429789132454
-4.11741423553670671254 -1.04188277259558548238 -4.37226829946745443323
4.05779328374986913985 -2.15271915887551923419 2.12585643114735045600
-2.15314574295721516961 -3.60071748011085235319 -0.23567057690158588201
2.81180423186899997035 1.62142986620333662273 1.26032539978343471887
4.53173016127383387897 -1.80359078936546035621 -0.29519020823296759914
-3.29168501542152824868 -1.19120304872116600237 1.38264014955987235567
-0.16564307519608245656 0.80344022794228653339 -0.40438358614407121649
-2.26415522159251469958 -1.14551144392838999408 -0.91937021911612415437
-1.57297914658826476497 -1.68827729458863062817 4.33923562250409045049
4.23402456033893681564 0.00561869401343617625 1.31931987442310649783
3.90662856085735032963 -4.41739056936816254506 -1.68330085188912814687
2.14657496377219292327 1.50256384096371053971 0.29798987432697554567
-0.40531856474027083692 -0.00028969649097643213 -0.99961524355045083823
1.75985411195203145240 -0.40613234568255229817 1.43545057557628208400
-1.14721018817473296991 -2.01670093874721567673 -1.97384422230941858345
3.65018268760189901201 3.58615147307615611538 -1.68257213955129891758
2.89321392906852903337 -3.97776808852397412153 2.11766827194068962825
-1.72807291870222723418 -2.78841083784066956497 3.69642746641504960081
-3.68017443293074375532 1.43730342247569797820 -1.39325532634838955559
0.14704909451097325501 -4.02372655583253013845 -0.48778816669300262276
-2.23248355201596204722 2.03711567594136866433 0.43439835643996094205
-4.45444487572216907267 1.34122403588123084717 -2.23201790909786534911
1.58195996269024607983 0.59318041970434975951 0.89134017228145268064
-1.54047784112966379411 -0.40016968466608826560 -3.00150037885698983686
1.22402517831264034953 1.62308444421213149411 -2.15588548920794620400
-3.00621561383757862629 -4.21361786432815321746 -1.15173608061786447720
-4.24622475521192477288 4.00588010323725196571 2.00020801256004343571
1.44114898676849367831 -2.46212696540475128870 -4.17551254349161471424
-1.56260288962490090370 1.58174065694897514334 3.06085183547778871826
-2.88946037030465197049 1.64194876614665030701 1.72084093842196761415
-0.49954835286924215154 1.75095612575602554983 -4.06578381903619678894
2.54154923749573136149 -2.70063531352631214233 0.94182377561673469302
2.07070560123192759505 4.20620198515220433677 2.36146582751174971548
-0.56457839895015515808 3.87274457377562253413 0.62880507112090011645
1.42497233770551989807 3.59131872619286784953 -3.66285403508357942925
-4.21621151332332999573 2.42524433804978833962 -3.38115197874197370709
-3.66849163030964176002 2.64407008856463221491 4.28283968705251449904
1.54161609865238968808 2.34826170142596435397 1.58368807394129884614
2.42699381555845405956 -2.08585177434526736207 4.32114287698567967055
-0.23887805501530667840 -1.27220653181056375658 -2.05037479977580128221
3.68654921837267490758 -3.88216608273170615817 3.82189612402109357703
-3.82456711137289273594 3.80201483046151711420 -3.82187694206057004820
-1.57487235453070439917 2.75732265078666838320 4.25079826500804980327
-0.92282541632200043580 -2.48908652545315955962 -4.27927763915017322915
3.09909340840243441306 -1.76110196160805365651 -1.72942713487466770417
-1.82332377608119600154 2.45788390841215065308 -0.67585829900346494625
-0.45339587706105888287 -0.09070317009805606290 -2.56793639330963419098
3.09979650847147514270 -3.70177641543224877907 -1.04488201961722459998
-3.57959470670881696464 1.05892054858348139135 2.63936482478906153659
3.55463923758790212304 -1.60668702080115899378 -0.66671492138222898660
-2.25963062667382530435 -1.65227163127592469039 -2.85881378703662569762
-3.45934994392992534173 1.89154106677232736189 -0.45268691377961367550
4.12558564119289616912 0.52795858649616267400 2.35317293134002358812
2.83581271686714853075 -3.01423925216359789303 3.61442514393563119057
2.74923982593428473109 2.81197798378836960609 -4.31058060738857573568
2.08416739815562301885 -2.76092682197468208827 -2.04024792925088549467
-2.50651495644333532908 3.85170451221791143581 3.55722878546052267978
-2.33036883528268212729 2.85875859467921511481 1.59281096188442372608
-3.86008766605050546161 -3.87381154051924037063 2.34523663321764708201
0.67076338604700325163 0.85795727599004845132 -3.77633805633941621593
4.43580134991984831316 3.34867266899151250215 -0.68289116824831985753
1.89738389787070271808 4.38830116439585626864 -2.88439321698902606528
-1.52498083374136417234 3.31453192842651933603 2.69023902653328406132
-0.99033222679633015062 -3.49052220632582343995 -3.64809647565213079901
-4.28670394330392401372 1.47558243589089688186 4.18461019700319791781
-0.58066887135404643416 3.83029454846456030026 1.95225864195810050461
3.05195857045174356870 0.60094388008634869180 -0.91195643104574619642
1.29609627355779633007 2.81590080146405963291 -2.66679844179266822835
4.23578348806645532676 -3.80802474886249697761 -0.78598514057870660920
-3.87555627008789649324 -0.38721234136206206244 -2.16979341810760928411
-3.92491882102624467521 -0.90468388377404718170 -0.78727908181957761968
3.41139069035471020896 -0.28443354362918782385 -4.51642826031674538001
2.22137496152227598145 -3.21663793679543585924 -2.88124924899301548820
0.46026066512850150048 1.72361508760182680078 -4.49948925087341233819
-4.48724204550451766238 -3.04232707513147992984 4.33990794567509308166
3.27425687286951205834 -4.01308257365648834991 0.44712836345501383306
-3.48968977017158676901 -2.25815311005513930098 2.01714494707067526491
-2.39403471912223642093 -3.32916840505674782591 -4.22276569197418982782
-3.00644745789128631230 -2.58041219748975603210 -0.41693149219111802495
4.30429551621375505732 -0.60702238734160607336 4.05747240940129128006
-0.47064676200430444197 2.08922723701910673100 3.02151946012864947022
2.56812630284321308238 3.32426513755465879996 -0.40082380156356478551
2.95491645120060386631 0.19117383009559585361 -2.35086407827562382522
1.19584705459686446716 3.24365278087137998142 3.22364900155908795654
3.55386520775489156421 -3.53950333341362100015 -3.76851160719419864265
1.97206730101165117475 -3.88762997754163386332 -2.09696381458424641053
3.81548726363046508681 2.22705856579385574889 1.57335656592758432737
0.62419408176801294275 -3.22507513847885984859 3.37333787088987691050
-4.30654959061572917278 -3.98337170158841580303 -3.99477376241313120175
3.02543731484003952659 2.05613638495240991233 -1.91028640697989438024
-3.45780492115683868448 2.66197687980127017937 1.19415668474335578964
0.71588569892815012707 0.68858470778681457602 4.18580951874772200227
0.83436806507229377416 2.98195962440098405466 4.15363083338830474389
-2.01223052921284173422 3.93581946614210220758 -1.63542485265682291384
1.22330819083333874886 -1.13943237349870241104 2.86782071858913845119
3.63678725082000564583 0.92089690175973881736 -2.03092051393134642723
-3.88684338539629159470 -1.56167139388202214079 3.57481492589779836777
-0.19726491547767643908 1.57568476312578287235 0.30605191621614569186
2.12252739343431429120 -2.02194770418497382636 2.21381584034698608576
-1.19004944842421167550 -4.51385690599646860477 -3.16617337056902536929
-1.41778313442229642050 1.32201475448807759250 4.31863904649841057193
-0.20978526860142032717 -0.38733932156615669129 -4.05803728020362353135
3.76198020499981833353 3.48014292121915236322 1.79229745202623824696
1.18175673337144981900 -1.34988819585393482470 -3.62945270213453285990
-3.27284449451038383927 3.87960150307096807154 1.50762085286809277562
-2.74378494715204546139 1.36028400130304572002 -2.01849097240362240768
3.65817329587356798726 3.34604931845257969059 -4.42920028477966098990
-2.95194916680980545820 -1.63994242748363827644 2.60580124307190530430
0.09878832595348274737 -1.08646721679408742034 -3.30053466865959732601
-0.17156806920218148349 0.39994945270068793519 2.19918743507680591875
-0.52507322507579257120 -2.13935077605079326801 2.74386348341642349880
-2.78941571590463732733 -3.26038446783522672945 -1.11183485034098739064
2.86451132190422530499 -0.66136707666064165068 0.86366407283831136965
-0.88499434964175582863 0.34329780742947857419 1.46745562108700422499
4.29686525003959562952 2.72411510650844679304 -2.19245401252898641786
-2.00230921276956230770 -2.97767894157876567007 2.38637234859284408373
-2.22548950259865963019 0.32366266539944810177 4.03501641404939714874
1.05859161001420165604 2.62108836467272077186 -1.33477342165584467182
0.48176640922210101081 -0.07566253708762182839 -0.20099277808610427343
-0.37947347708223855278 2.60212972520935537091 0.09534293024258921889
-3.75370107010188469587 3.86423197145117480744 -0.67166548552567650887
-2.63641840537487315288 -4.23362489609968939419 -2.30411819247082982898
0.81531947089129008788 -1.84799495249707579347 3.50569050390550440710
2.49852176153121785518 4.32243645143380472717 -0.12289406372608713269
-1.76553859847205263378 3.67741011954862262456 -4.21906035628047959563
0.43325421569448874237 4.33436909661662905791 1.58844827414396849719
-2.03467235008753677405 -3.41561802206545372940 0.95967596458256476666
-4.00180521055671611919 0.69326040698485869029 0.63377058552300891137
1.81294311773928296105 0.99892459099452146631 -2.88769317730670227462
-3.25811533992053359299 2.96651069861841509834 -3.76568346068092552059
3.97937747417038156783 -2.41337118209483625364 -3.53705049681402128314
-0.61046776396699664602 0.41338265970993681719 4.20316459789967833416
-4.24342267300187092616 1.25620464138201359816 -3.65301596486692536914
2.48828275941560672635 -3.67881653619200355010 -0.11277209418788736173
3.55593746902773322205 2.68902311828471685118 -1.28067521285137964071
-0.95500729759282654285 -4.25429307743680240605 3.63563901329393512896
4.36964619899033390737 -0.00462201088177049968 -1.73692591581005340018
-0.26918382899222681459 0.53517266635151994336 -3.37581606871008510495
-0.90637529868625499319 4.39209164643489646807 2.81367868486161754049
0.18430706042032252157 2.97881505543094515787 2.69308149579063549339
2.91529171194431402370 -1.35080963686197108586 3.47168303415150969471


