397
3.23043688541977580542 0.18507259606706494282 2.96108356594992816468
-1.30533687423130384531 4.14702039848988146531 -1.48331350669773653905
0.15873542545306040807 3.94562593531385186196 -4.14608156276163697385
-2.63783272114572220346 -3.36716354115187055385 0.47777778866214326570
4.03042530647661312315 -3.64364978392262495177 -1.24974308507595965878
-3.14347890951303687856 2.50559830777160907900 -0.87195230681200763811
-1.60904131636547642614 1.94526374887027575511 0.52471195042536145081
2.95693000807498140858 3.99890342360718076264 -3.40873922459818423647
3.47413596847609706941 0.54343933822361645269 -0.94429442515262618230
-2.98208143253120017135 -0.73828225409030956428 -3.60030034536697751690
-0.20645862248994006904 -4.34782955769279322311 0.72744414421322112219
0.37474435681802109599 -0.57735677535393747917 1.60937828703500596106
0.95044654754828350463 -4.28692548133110218345 0.75599890994024310231
-0.02912604256911421885 1.36614022296940884615 4.05615065165224475408
-1.58910763267426036194 2.70241527307170681382 3.69813333213887585060
-2.86467340340519216468 -3.32060799982437115929 -2.09020459316098783376
3.43220142479255319046 -1.17282214015010577413 -0.00666247937884190122
2.29475974167813578930 2.82344954049925878081 -4.27400510243526099430
0.53314691720408724507 4.18712223608451861168 -0.26312525809717701719
4.06796875022605508576 0.13590267074788098256 2.09057882894494451165
0.02555271694095306856 2.99378211131028226788 -3.88480170726905127410
-2.09520711037196250004 2.90401699471573859768 -1.79844286690691390618
-2.26087497151281402452 -3.50443374315214795089 3.50934634787611354767
-1.62679228613846538209 -4.09821117586635708108 -2.18762809939587077324
-3.59528949087382798666 -2.62027400404937527156 -3.48068665134618449031
-3.90740810688974971043 -1.77941693155299462958 -3.99468406068983483692
-3.83855583964497659721 -4.26805369027053060904 0.97295196340974676730
0.49875248924764647995 1.81798935918882342833 1.27439075775252508294
3.24245475335264554673 -3.73095381144168669607 4.46877686784774308393
-3.40906406766341207870 3.62791388523720836901 2.54000483527992582111
-0.58386259324336053922 -0.49768691353147787027 -3.36128777828733893429
-4.26847250704200753546 0.31415283503241298035 -0.83999017322035429700
1.95093533402132468524 0.58375740108051310528 -3.90185871142886231411
1.55676508236553434728 -3.26270451311500719882 -3.22180596196463797654
-2.22240488011042325311 1.95349280039725403668 -0.43938843747035960519
-4.27112393906532616938 2.63065028696500835537 -3.57225104898642920048
2.01105338644310993601 1.72501586524508887521 -4.03536312847490119537
-4.43335082903960842060 2.29837270192132780977 -1.07042094726299197305
4.43551931328426984891 4.19934078906791885544 -0.64348706615022743804
-0.18569262561589283678 -1.98350570765040412624 4.19438616370895278607
-0.02841816306538191839 0.40711766404456373181 -0.01672756123502772141
-2.12857305344484526444 -3.67407722906921119232 -3.39407739552797016458
2.33384094449478762812 2.11184349976520113756 0.03643274771286808544
1.03650448145290585700 -1.70456743172438862644 -2.51907468160995229312
1.92531188603103142754 -0.21674186161809760875 2.85053783876269850595
-4.36067856205350601329 3.30298942440962317590 3.19108561552317482324
-3.79638755664074079021 2.04385229278163560451 0.16656245123602086977
3.33286514261248090207 1.64069765067845363404 -0.13549840381833266889
-1.28395814784081085946 -0.63457797574857144340 1.52948755685321291509
-2.81066645899564360178 -3.70584558287825238665 1.57567265184887528306
-3.37506257940073384205 0.22427918705679772415 0.03613218225620951074
4.18099575469443518472 -0.92900322953650782409 -2.21579748527036590744
2.81743078664344714923 -0.77591569665232684727 2.78615680190552872375
4.36584895491482516405 -2.54810988623393619434 -4.17101744347608338614
1.11045280021646330937 1.85378368887860300873 3.00885429972623352768
-1.87504002102472711044 2.88702577582198660622 -3.58592189767582958382
3.04008566278087766221 -2.08003813631238099191 -2.31499735574224763113
-0.03994296293394672404 0.32329965642372471279 1.15307700022733694567
2.68571578642389408031 1.23253837339886818114 2.07074948912905565379
4.05815635507399985471 -1.45037681705038767888 4.24033303360519564507
-1.54257889226307032260 -1.71559316199119660240 4.00480633010559738949
2.42720397643592011860 0.34196804809232883571 -1.12937104839273771972
1.96686022691924566885 -2.81685866150531438734 3.63672594453626540911
-1.79222772514722183956 -2.65770038452735990475 -2.12033314245518145214
-3.74943132325056494025 1.72080394787254231659 -1.76759123043429600131
-0.31423418281236248362 -2.37217956327482992762 2.92162955139880420319
1.34296205605969998231 3.91433670482842455129 1.72249396056833337099
-1.90538381828650882355 -1.87203427407560019091 0.94741515316332325369
1.97571577775976958691 1.27319202595167535463 -0.82303461411902656408
1.22948749057118522643 3.28239112001835131593 -3.95674347987275698557
-0.79321037352882095561 2.22188814114758059759 -0.48186582550538314962
-1.26117954289178957339 0.83485696358740213441 -3.97375386484298154244
3.91139174285504065409 0.14330142997018935347 -1.88251521754719730595
-3.76834589546648324188 4.12150941322461417116 -0.08619139540645726072
-4.00371937828708368556 -1.68773249784903534021 -1.16834624822881405493
-3.05024357230051856860 -1.85542225665368087917 4.43683719538336962529
-3.93114396685472256010 1.40137904966255000261 3.02416304166578786550
-2.52316481135161607696 2.38143171674332787546 3.05887029115058073359
-1.37918997049088698503 -1.09400151446299975788 3.08146280163570285282
-3.08621305053718586464 4.00486183403855999785 3.90558945889553132957
1.15688880942860095047 3.36861690866219465335 -1.25499224474676296381
2.56698994991640017105 0.07776964657033680339 1.95335395819630708303
1.22498730230861063717 -4.37120775590607379968 -1.15759741495276857748
0.48602278795925446531 -1.26122170236608610594 -4.27166951304002129319
-0.12799426218685461265 4.43378180231844520875 4.01796165693032403254
-0.02887073966319331220 1.89857334312114733876 -1.71338551335371347406
-4.23638899810744540275 4.26820785694949034195 3.30657802740272188657
-2.76631126444613339999 -2.62065870514380083733 1.40864272276912760873
-2.38233591883495066099 -1.64523391514601025065 -0.59601548053846231667
0.03417434426221088728 1.50902973377571836266 0.02242444241271979166
1.26177363009375298475 3.17673485405284594663 3.00824720962505320898
0.40266373803103938656 1.27919894003568312968 -2.70989125175997358497
-0.71513300198753348980 -0.95396034606540514034 2.33761031664503438066
-4.04679800372052689283 -4.00043235349419923352 -0.52439152316818571364
-1.45954040182232791523 -1.52382991834605308057 -2.95168998465663490194
3.43840965405559284562 -0.15562299585388306156 -2.78078541891032937627
-4.01596113479425298465 -0.52313453669875809027 -2.80897819573179674535
4.24665261031255614199 1.44979342513663578274 2.33755440947845638533
-3.45764723252243122431 2.36868395936269049429 -4.23312448193561152721
3.37930063937982350097 4.16444865489912796619 -1.70587555679693148036
1.47680035683643051669 -1.64742309657868579720 -0.14216377333941032646
-0.20508931654039397330 -3.03463112163701920210 3.67917477284700122908
-2.96161485806532276399 3.67136248132558495882 -1.67676235419453600883
-3.48765207816272448937 -3.63438732385931695390 3.74578247254791119047
1.66923596116392669586 -1.31040326508553217622 3.42985331033263296518
0.19466625073235199750 0.89986652372322595284 -0.95457033828500925665
0.49146272113075095689 1.35882962442286814309 2.42106046849029876711
2.96195509303510728927 -0.22003802314385723093 -4.33742165542006308243
-1.33240939456996843049 3.99269147683062808341 -0.46221040551435965682
2.74452937574058619674 -3.85390061612735213004 -2.46535872300179859096
-2.24889774119330487778 2.98559915757438076866 4.42620447435140373926
0.99504851621323364697 0.28160599829568511154 -2.88150255551596901071
-0.24089085297934609287 0.52950986963099211380 -3.44201300543784061148
-3.59208337340705874396 -1.57698123059651296174 0.81617684673430446196
4.07526304192868504828 1.24630054407326440469 -2.39748586686722564565
1.63746567113821495099 3.82883680880185028883 -0.32391134785949837749
-0.83159238209723618240 -4.38943504490314673205 2.85586267755584000128
-2.45623516566479516143 0.67018871911972333066 2.61597612126139811295
2.69915910568611128184 1.85022364938216288266 4.16591439185487377728
-4.50223534087528776126 2.63163074141086372748 -2.11952557549584863494
-0.65638897830963793822 -0.93106506622487028579 -2.52740601239407070011
2.00156512949788822908 3.49423771850230213687 3.84445125982768143302
0.94079312773658863023 0.48325986210910265584 4.29623915467078720809
3.42098268673630823145 -3.18790972788790183401 2.86071031182135282478
-1.84697396437993610618 -2.29268162786344120718 -3.54833365243389176058
0.04799828112743842468 2.42936533678700694594 4.15543431561759479820
4.48786124947205156133 4.23057454278002875725 -1.90117487403370022392
-2.81106958621825597788 3.27369860759614272894 0.24647402706534915495
1.04196337536076466534 -2.29445085943534987649 4.10151576120929473035
2.95258229219363332874 4.19264495124450231600 3.55573018733245671541
-3.10231148847507531841 -4.31223207782373485486 -1.04278100633332959646
0.80628558785099269102 -1.69074780541802249800 1.36116662856026326978
4.27419964618264369705 -0.93856911022993472216 -3.47169792670145982427
-3.15257055187509882543 1.43074052277071306349 -0.56376043678574694340
-0.71274320527805201664 1.05059994357154451450 0.99795868032511592105
4.46231663894185270891 3.16386887007147521444 -0.16428952579508049325
-3.99197107833940201260 1.25054503624781343518 4.09708053457503940109
2.93988664538100241685 -1.32110861658680445174 -3.29333118476137576280
-1.36179173013512411217 2.57859596214949160498 1.48862970918861581282
-2.24914183865359840198 0.86816451272441419462 -0.86789898479439475665
-1.00965194333200480870 1.77102699075613134738 -1.33074885824884159291
-0.76560246487610417176 -3.50401410536923307859 2.46806762073083785225
-2.48357144653019190628 0.18402909539965417451 -4.43359467087159853094
3.49609968282417060692 -1.58687525870677204054 1.73710689404303320060
-0.14760625897418844232 -0.79782692058421700310 3.84997258101762351856
-0.26070567590861681850 3.54573536985882942218 0.83328171503234926831
-4.00308111838842961561 2.41522307770030408847 3.58196689870197371164
1.08030286502706296403 2.90327938398934737307 0.96087244209761557556
-2.84121890697644285950 -0.12801184035822910090 3.26066611359325086994
0.39862235979247095941 -2.90603948741249018539 2.34971247468966026872
2.87484763592246661545 -3.16676307016037528186 0.29390801159715262969
4.08938785258748982443 -3.49029141514679119851 3.79096166774764764540
1.57109562815531234037 -0.81575841084064748543 -3.95401358014550874387
-1.32864250346623791188 -4.26975791066423049358 -3.13167350555007173440
3.90521945092321853821 2.16906386928535166447 3.59292430023687270335
-4.15371094988197064879 3.91309520104862951229 -3.78613305114448461808
4.03350297881897912333 3.80236242138843483218 3.90924356106034576186
0.25345531780841223934 2.30686469075559674735 2.56222834813308608659
3.66126572210371481475 -3.56264378660214342531 0.96137680871976716190
-3.54530094053213673533 0.33253954918891270864 3.76243482903740034118
3.63122802001296829388 -2.44509920420660131768 -0.29220966192162389774
1.32364123149079659925 1.64639748646427275247 4.05360809875921557222
3.15875928489258051002 -0.59316136384339879228 3.81503281552020379053
-2.23201934957487146960 1.23311340019008941482 3.70421343900488597711
2.01847985534987461875 2.45961347303059163494 3.46892452607614476534
3.46767558269014752881 2.93029002357717693883 -2.65979851834494152030
2.85911806102793164541 3.70574381781198969321 2.63341960815973319399
-1.24568721673285986995 -1.36290068226592975265 -0.84594575311912301174
2.26404913350988756804 0.76176385556540271438 2.88118773297156405278
0.70188967543139124672 -1.91404807925329567553 2.36002264445245213409
1.59155387246088775299 -0.51286413614044779052 4.03766923627363194527
1.17678895618218160024 0.66757521596418367693 -1.34907834135696802491
3.49883470923837602840 2.18716734944793067541 -1.60719266870277932568
-0.06848416762966458293 -3.57386119188881634656 1.56013297421811802934
-4.45625364375284771512 3.70282430818219676638 0.86372635316507206937
-1.75336835046383709980 -3.85894322846829629370 2.57022227693384319736
0.35351457438220990070 -2.55377005459248440644 -4.12714750636274718687
-2.51163818541165007048 -0.48458383162295071145 -1.05420357823769617056
0.91614948049044908629 -4.10391037551304016517 -3.79908285864158035139
-4.50367894125207079981 0.41106122264006117462 -2.79009150298886865471
-2.58217776075980642858 -1.30364776093751322250 3.56350183310773527268
-2.40861518282992337348 4.24033823437578671900 -0.21883854601835572851
4.51254617705335814293 2.38369895565175493601 1.14738891743686455271
3.18969262277239362646 1.22661483402936344334 3.25762371975821540815
-3.80436015066837018850 -4.47679372927095275969 4.40340380681792975537
2.09367287866651441419 -4.39413693261488891295 1.77035460729913207700
1.02766055353355056923 3.98843714585911524040 3.84024124424241275477
2.37475676962332915565 4.14864224035417716863 -4.46346908558301169734
3.67307399375705312394 3.21499744797731601409 -3.83784851053168729607
3.15877694804735664746 2.98339362305511013318 4.20633524057957242093
-1.70228598386442619983 -0.33968250585246728690 3.76783676479865636821
0.24501819319995998825 -0.10098384758610379208 -1.48316773933557355392
-1.30193061305871182753 2.54466038094551727511 -2.63265242674072874607
1.49735702571698325869 -3.37651636874655292075 -0.67763789637335536398
-3.75876547727132548360 -2.68514216360979052212 -2.36020217212180094535
-1.99200413116375507627 4.51211722532720482803 3.50292301440620956754
3.79800393287053861258 -2.37955026642957490068 0.71571629645423762156
-1.90411764958468321396 1.69320987946995149542 -4.34252116703061119551
-0.34372651400009779366 -1.64747670878207141953 1.47407931542257397695
-1.30981484397190373059 -2.67693334487968526147 3.19965664874917710137
-1.60089609205632710243 1.88546376997443587697 2.46405078599606497392
3.75124044862271066592 -3.07027967800352996619 -2.84475355750656921927
2.91854658687299295394 1.29338149737964513974 -1.28035527955996109029
-3.69741560772837729587 -1.39334359870858826014 3.10411239044449871471
-1.40856285502202016602 -0.62871545203458278905 0.35637981774586791062
-0.34551179569796097724 -2.81111420172056902800 0.47047603863565434779
3.15777448223604206845 3.70549720562935203105 1.49507789521456135873
2.34177669672889354757 1.41814063753638031073 1.10042240077259734221
0.97788565766501100995 2.70599284189048017168 -0.22971044137807794527
0.27870840188816004002 -0.08930397650936505727 -4.02890325602016119433
0.87029772705317043346 0.97570216855874214446 -3.70416786893404337278
1.33879166121591008931 0.75352636757736757289 3.38464621462653436623
-4.46092062964307967121 -1.64630037508154725145 2.07570378410242728506
-0.44780015567840880664 3.77359768770420611617 -3.25495472316929479462
-2.79451392445767421435 -2.90232862574154637514 2.81134978600774410040
-4.29552643091371599837 -0.40827021492667281422 2.88422320301559764744
-0.30317995303833011889 -1.31688735964705738724 -1.70584620922896501582
4.23149385381646414572 -1.10081523148217552688 0.75843469063770463379
2.89606385683830502842 -0.37167496650465192687 -0.49698548479525861410
-1.04516578847163454924 0.56387108851354117434 -1.16660256928889038974
2.37341615678568640391 -3.55047411118836153676 1.18666035363537236691
-0.50619109699456732443 2.82790854181435147296 -2.12228770368406793878
0.47055021780267214382 3.91578964022484843355 2.72262928440547380404
-0.79157418717475680481 4.34811368149038823816 1.96208885269298338727
-2.36504318404744706683 1.78956598521771592658 -1.56894025408663884136
-2.96023082533377834835 3.72024115863975080032 -3.99060016385467308808
-2.14246314990880426521 -1.98101766180437621756 2.84193849906130235894
3.82687246665587732508 3.16414983243211267450 -1.43869468785366994013
1.43856287068799737483 -2.49444454946736238199 1.78592466364068425122
3.31809717952404970021 -4.25626679855157963317 2.14129465102386795650
2.46212681351523610118 -2.31740760645493848457 -0.43621593614418419094
3.26187472197262895435 -2.01134969220003601009 2.75002094492072490794
0.92310813797168123074 2.22216842306869466483 -4.19588374139790953876
3.74908142605350125365 -4.21017358790984541628 3.17546785436195833086
2.96369488676865788790 0.86490101267046970435 -3.38645614583322851487
-3.17973050439170368264 -2.89317327747506691793 -0.47722439284120810044
-3.70653997704530935309 -3.27630620241523518033 -1.36903840532615062031
4.35649649177833264702 1.86891835162304076334 -4.39688731927476794681
-1.65704785825138234401 4.40330420510186026917 0.57186594145409408441
-3.68069714870736719448 -2.45016195711743423047 1.94807983075062018941
-3.78149702999685910498 -3.32268835908893445108 -4.33194992560723690644
-3.45974287384041501170 0.71964711516424006987 0.93243461162866303482
3.43582558579689756328 1.06141482874554160531 4.53384233991282936671
-3.21632909483202489298 -4.32149097200205023483 -3.72774819543603985750
1.25550403848886293900 0.02052776594772076635 -0.17415586654911940911
0.10986616773591428853 -2.43700384306674910917 -1.91234488919435019483
1.90463575374062088486 -1.81522632797134075844 -1.40186638176491884522
-1.33085854764938771311 0.79901974721756374720 2.26773044950575286549
-2.13898016407675672923 3.50754292064427897202 -0.84251605266824824980
-3.28983328260864160697 0.62308154526987102884 -1.53920786904604645073
3.87024703265432190591 -1.90095892185724846257 -3.57579151644761683571
-0.73582780149891746646 0.18908066817639213042 -2.44619353469652756061
-2.88609094743702998542 4.53375634904427737837 -2.52981096993969378772
2.56305240273306189636 3.82425230932180948429 0.42013066348028438313
4.02693466836505731266 0.00776404921884132904 -3.93951156453955553260
3.04708271691405752080 -1.91265079637968193893 -4.18317938144451773042
1.22115561696999463948 2.23259517934547968565 -1.79134888496504762756
1.40782038741235737689 0.71243938044236809759 2.17365485601556773787
3.30078131478524205988 -1.61073476108167401577 3.69539925017741399671
0.82660287647896435459 0.64963408426702695664 0.60015901568883034400
4.03995584925800610421 -1.88219895282015059479 -1.67426441840762496582
4.36057912362293631503 -0.20267497758110142314 0.12810077217768434110
-0.48361110221739789239 -2.88624568151216198686 -0.70287396811071589653
-3.61031907841052923658 -3.24215833065840630667 0.58432742832810813383
3.12885818295651230159 -1.95781736314424303913 -1.13056857149251932526
1.02531249051947970230 -3.28098980023510300441 1.19820520917692352469
-0.41010776849830055113 -0.65895352914273175315 -0.79664005953356031853
-1.61952663298229015965 -1.56353305123250940767 -1.80927836030212096929
2.37261945519814165806 0.76778547031850763460 0.04413306220986434880
4.05127119158827309064 -3.56235903141467646904 2.16891733259047381210
-1.70147082490484002903 3.95640039892652684017 -2.71070639600339324815
-0.97132046766532731397 2.37780601617006848159 4.52739747623603161486
2.58135651696893742013 -3.98287271418416466418 3.37164224686260372010
0.38598176682818330363 -1.63363402854546180265 3.42464298589188587130
1.05752125057531554120 -0.92803018635699929817 2.38065212074287035904
0.34547261126790651531 -3.47340953432988097660 -1.41277391802448537561
3.74172143040094606903 4.46809265470907401863 -3.98412131035914152122
-3.52447896348465583571 2.14717936887941629465 1.39463511189650724020
2.93734502993980139962 -3.21796340068517583433 -0.71656554396897886861
-3.51653137144684979631 -1.29924009577121646331 -2.28677595618060447435
-1.85374594386004387658 -2.90757901210202707176 -0.98665336270232817384
0.22719829531720581173 4.48451072080787849217 -1.33466922100336038426
4.05977326240906233323 3.37434815671062704467 1.88631169648584684495
-4.48973422327019822120 -2.95887089220280019575 1.36030471246772588501
-3.86308942795859211472 3.97391063753158046978 -2.71434662337131582532
-0.32540502222823874945 4.11933628157423559202 -2.18912604063229565554
-3.90790881295757364100 2.59630020832222019322 2.48044661626439744140
2.43254161390700485157 2.73449665997827029429 -1.90177986449648184220
3.27810367293098181563 2.02134335177824109309 1.84472345099813228586
3.67588115846665441921 0.60757773832127881519 0.26441145800904042318
2.86340417342591901928 -2.77653052806760980431 1.85058102866940554776
-0.19005482453541144849 2.49136542022125073714 0.60569398883999703287
-2.64216560820691004352 -1.06740721789686343612 0.26607335809406684746
4.49539495342491957075 1.19876593206913106826 0.69032789092333679548
2.29340493032093739600 -2.92883040226271695872 -2.09666289982539666426
3.67040134294009146032 2.90238803490984498268 0.34022227704952090477
-3.56036321972158020799 -0.72440708018174504446 -0.72659593032530889190
1.43952999739505127508 -3.63228688053027104488 -2.02756526903889522373
1.95463996874909096135 4.50107000184876593352 -2.01845660970434881420
2.56379373749896277701 0.29484049517150712205 3.77822061222468708053
-1.16668430782934340328 -0.12730171101796816657 -4.25585178709705225231
1.37762789855474476752 -2.56644026822531490239 -2.12010578571664654035
2.34782833710156690898 3.83604986703250094848 -1.16175096155571289103
-2.90330384157028298375 -1.48467422349820443728 2.04593672280212324210
-2.79936435326008181690 1.46590582266517177601 2.10440425160764554846
-1.03893163708273261747 -3.81665972526796748454 3.81392616468459078050
-3.55677942325929086209 -1.87352439813382343203 -0.32968938961139482302
2.70220479765854637577 -3.01807429998410992056 -3.21795652682417410162
1.93788385862289036510 -1.00999024525989034018 1.78533638045988141130
4.37460445206901393789 -3.54830860476158749250 -3.82353649600032907685
0.58340170348844022641 -2.23782905337291859738 0.37285940117326887844
-0.87179980284666802604 -2.85636452268004426003 4.46512784600120138379
-1.46973354926056032355 3.80105154081490415052 4.26820735334560463770
-3.87297184899856805629 -3.74907034007923600782 1.96050595459264886955
1.89555150961445573188 -4.32063868894845537483 -3.15652546158033553425
-1.78404921716785391794 -1.47757685868791543982 1.95136375693358576910
-2.99802572418187374126 1.58381158373200658929 0.69880171581218153420
1.64841764829866921360 -4.04883753277986180308 4.50413511420453271938
-3.38565031295845697557 -4.40959466121672605254 2.74116035735281382557
0.92739200397411014620 -2.85541930053792425426 3.16192164286108745586
0.39243506780032078041 -3.62263077386259313428 -0.21033760678647706044
-1.09652815347859444728 1.06817933928866626303 -0.22668728991067332856
2.76261814307632924681 2.21110075540349892975 2.68844158862315740777
-3.56042155768978174635 -0.30974742736694516054 0.86286638664979165014
-1.05389083328760824187 -3.47657452751248907674 -1.40177455377712423257
-1.26104986268017693618 -3.57935743147093710093 1.09328961031934301928
-4.16091322282708198088 -4.21057893590741816325 -2.79381403820758755785
-1.08801711025399194810 3.00742072945893745839 -1.28234672610449784713
-3.13563871241131542078 1.03522316174153328205 -2.84178924665750409773
0.61812905306488019619 3.48906497942813320634 -2.87690611925230443902
2.44013526357616239437 -4.12985251273571751796 -0.24407560668098948753
1.53700460147258510801 -1.75749643841101299557 -3.49338166758875523499
1.14179253391567581133 2.71248166868747819791 3.99188923732801637101
-1.16590708222308325759 1.14458624230366723395 -2.91367207409086859116
-2.81293975174390809002 -1.77530202646014600987 -3.58029334263981091624
2.48544780634514683726 -0.21087245119585507069 -3.38806744195009068576
-1.80641038659029584679 1.27509600898456820772 1.35935784824420125005
3.87845085470828454532 -0.85570430629126992272 2.44963428827607909710
-2.52356693389326558474 -1.16060813521418015881 -2.16688967389756825810
2.17597955931266096030 -2.13851285335484320171 2.86284322129857571326
-0.76566178075628554822 -2.60439431540608312687 -2.41546022127976200977
2.97398553934168408119 -4.44903342175767146927 0.97027108111014026548
1.93168977663345575735 -1.93385110934172654851 4.40996329057937419549
4.09481341373103635561 -0.74481262643209422691 -1.13865567579572157797
0.45885631181017227931 -1.44803826888307440868 -0.42724757513474376225
4.26389765145840993199 -3.08738802361509590000 0.20995588881600735220
-3.80254680075719742050 3.52203915610449147522 -0.97930302161903659552
0.51865546470484868991 -3.19787179640797569746 -2.63839256004070010775
3.00326344396821820482 2.98738252726563136008 -0.43341174177447783222
-2.19474629429789658275 0.11376426823701102364 -3.22726079940737298202
1.86627142766549258823 -0.91843664273296132805 -2.93112775690350746416
-2.10964004076278044408 0.97206990548673477548 -2.21398026399982539303
-4.50611479611118070920 -1.41204239378756124523 -0.24525631518926882535
-4.45313969438891366082 -2.37458584526623450728 -0.47425453920121096729
-2.07478839924481750501 -4.13777811208451318237 -1.23367018477996293058
-1.44621721041317297107 0.70785792230276811665 3.82101164302828077979
1.32853838629832665674 2.62800204120131919439 1.90919141399836611583
-4.16110459628883333494 1.36488213614462772227 -3.25794519436603469131
-0.59286448677008696251 0.16479085773888080269 3.28069819112176386255
-0.06346955932829523306 -1.49969507278080005364 -3.32787142681783132403
-1.92387579939436959009 -1.40523297816675585281 -4.18851923286111649247
1.64798066888483329961 2.88335716885518866803 -2.91185316006839478575
-2.66149935840550933008 -2.19988021573546133069 0.15610241054814899542
2.80917229371949606076 -4.09432320716594055909 -1.28989774819889202462
-2.42441317298292435822 -0.04823375602696167164 -2.10950655663469310852
2.10053886775046194657 -1.87793545381949034123 -2.58574270662084115813
0.26099795454460394950 -0.26316764420655403001 -2.51685299750707081046
4.32125852169620738863 -4.50442708331827645907 0.41456130502290822193
0.09967833081622590186 -4.34682050063227265468 -3.16384217819143787054
-3.14240580527375268360 -2.11815099674688900322 -1.72306070206638928255
3.42965631845061214023 4.06403488598973350321 -0.36835753397682857724
-1.57345711656946685153 -2.86729982738771038697 1.67257587923626438453
0.45086699860379120253 -2.51465271039428817090 -0.69213405172964437284
0.41516935415560940470 -3.66163929995985704124 4.51971620080843461409
3.82784085770043791541 -4.28949603382118294093 -3.01907194405103984636
2.47711447707366883009 -2.14962260248603298507 1.06884721503649515739
0.70209655692263250870 -0.45647741659383278545 3.36383734759743102671
-2.52056474847526112981 -4.07799363989004071129 4.30513856042940812330
-0.44149105584086267839 -0.81035066998250604442 0.68671416894376857698
3.39976981183543802700 0.84939724319137344111 1.40851989316216386072
-4.14474046110053073733 -0.15100368843261513518 -4.40702739112023245127
-2.75986214530683682256 -0.80060687424283782931 4.39976146516977539846
1.61230429813605713463 1.37500520713227825098 -2.27265983994351294939
-2.91009788649316858411 2.01900621699680371535 3.94657956772017026736
2.68232929935233332941 3.69833257448116281552 -2.28374001796886849647
-1.42468516632279129652 -0.41209171097133978634 -1.67651390121696497459
0.74778543501713024000 -0.80007238033975003333 -3.25021240762253826873
4.17125485608563639772 4.45702211833950290298 1.47029681301211567757
2.94494171450996944372 2.44927162524608732497 -3.57567849403653337248
2.56682354825975167500 2.88943864440548559003 1.87338238774586418600
3.38224364517867304158 -0.44621274263089016898 0.65693155299282235404
2.49816722106164856854 2.73588504047731451152 0.82272749132929590132
3.53380916684140000683 -4.00117401719487464362 -0.00972129076191396990
1.94920824480541998724 2.60752262464853590274 -0.83198870017866699555
-1.78649925935576892044 -3.94305366310411065101 -0.28702983790551517274
-1.71552013237516742805 -2.51691349836335609425 0.17998726567654177444
-0.48080161667526866154 1.91087526293475207240 -3.62507604335586730571


