187
-0.15257989640917202223 3.80818915840273408691 -3.46584148427570459816
1.58675496909884738983 4.12945202063918603841 -1.08344833357029379783
-2.28256821490687134002 4.44353192395381935142 2.16311978286056660892
1.87958285098357880116 -0.81189598496940895700 -1.04119020345565260754
4.11507243146021739477 -2.04852001481507839387 -0.41960814624926712213
-4.27762195153480195842 1.40287630496381687806 3.80306577977719495465
0.98112351672559672267 0.39514300639780319813 2.40414259834805132954
-2.44925492384126908263 2.41629930017353533600 3.24821717668568776816
-1.65052374071431495750 4.03831193771755980748 2.92205313306532765694
-2.37602878912239523501 -1.35407859788412388014 -2.21925408961591852375
-4.51432455374436525375 -1.21896423918108576245 2.17398162307348119526
3.03337003148191808322 -1.50896558112052936451 2.20438616494331895979
-3.41235934981329736004 0.01234513464446695963 0.27970919376065950246
-3.81448462240791119626 1.81558031903729144574 -1.61003661405711184784
-1.75037550795945140436 -1.27176126205609474340 0.38098618970978215259
3.89077406589853058705 0.78352892465678802836 -2.71380778387306920152
1.02376864145731527600 -3.94383079210230302891 -3.98664627242451530265
-1.13325648911771370564 3.10637409678488207732 1.61417434366083956121
-3.78471485192425571853 -4.41855988519507469903 0.60429348815839389886
3.39035850415638595479 -0.80640746379545857891 -1.36460582268144303697
-0.20165873450657123556 -1.07947157604744070625 -1.59243961728439886727
-3.98909099201222394626 3.07349743192435997940 -3.26241890032256520726
3.99807687059462946166 1.72362945904391295926 -0.38253322284579116541
0.28553931244740571316 1.82719998923433735172 0.73048641103604428082
-2.17553796239954966296 -4.11107897036291181081 -3.51564861346363155548
-1.92727175483614843188 -0.14197452329530690918 -1.85053964758286992875
-1.03831023869524230463 4.37365210469803944449 -2.89255744978907980425
-3.37041692721222929663 1.04513410106001014555 3.36877547621554285229
-0.31408002195224948849 3.18635936718159573644 3.46630399630184360404
-1.89742993168535090120 3.23993533664941324446 3.75240952528252602605
1.09473663284924871419 -1.75605717870887634291 -0.28623974603005120088
1.79750568701758606238 2.17822167007933220617 -0.63900126537797552473
1.57696429003129257040 -2.29630108139231081665 0.87126030405207366414
1.09071077578980446532 -0.97603619617126957664 0.35027009405545239673
-4.11124352198284270798 1.57533589494258219332 -3.59698092409098757471
0.98664534937468051368 -1.94103718896854138265 2.19472011655184306989
4.37170858282178098619 2.04419472810646585259 -2.18813772482166024602
-2.90940306660042447007 1.52507380432006289794 -0.69799079338428082764
0.28846444395972525854 -0.48623479469931041308 2.57809500465017471527
2.03881600219999103984 -2.94655163331453673337 2.34233873779765211509
4.01888437777776186266 -0.72398765082332650067 1.22879381162554057738
3.82021773443852996621 -3.10563615300332296343 -0.09805588810041676595
-4.04744415710030480682 0.84863747682251222670 0.15927218112044272402
0.85951302924921080262 1.17320501267023402647 -3.22239657335969154062
-1.93543176223034896211 0.09713221242470382322 4.27360378882351010787
-0.80324865141449297568 -1.39030790948909643845 -2.39659690795208391023
0.51385618830045309835 -0.89098676202069215790 -0.73558787982770557079
-3.81130762308740811406 3.99718164785001395245 3.50120360379403638973
0.68318077300373936112 -0.99488421615379785123 -3.33340127223009163870
0.29031635852256076902 -1.71877374876975164142 3.25434765495894762211
0.27757441132336690970 3.72451763391211709830 -1.00118894351015397248
-1.63481135252422404847 2.56187488941967789202 2.66018304255630777533
-0.48515712976531411016 -0.76284941989426613418 0.79051483928220900310
1.12316061975354219982 -0.86952346234967059502 1.68178519964530881481
3.98040028901273057471 -4.17160612721183721163 -3.97492393870183935434
3.73351035756672100518 -3.93874745257221858807 4.09569571454332947980
-0.64411954678997984658 -1.60430698859086273700 2.89452452368239221414
-3.71650978772653850513 -1.59872661854254483060 -0.15560042775218274613
0.89386848943391150613 1.84338772717804921797 3.30356680655010048753
3.35002831263362121916 -2.78010498916578363549 -1.05355421644850411056
4.32285229830806105866 -3.42107484439155973277 -1.21874271097303621403
3.16969589665881823493 -3.80484845090658518885 -1.38139141040568125263
0.91310450843157386913 3.68750304297387909713 1.73509064862818984665
-0.79283855024731142436 3.10352918126978405411 -0.04557591411142247750
1.20985180256693869438 -1.88467025262915388595 -3.52170996455218476839
-3.74277830337846317832 -1.63323336680336206328 3.46778485069424124987
-3.59721905415890486069 0.74868762851572689954 -1.54479240621680613543
-0.57716880621610577862 -3.86045758654746951066 3.84247491479006786363
-2.48837166002128995501 0.95193794107136930904 0.42939528983512076366
-4.43677779318178711065 3.75231070934947918971 -2.44642672366098867798
1.47675330892752132428 3.89493374323174545992 -2.91271546382904444883
-2.70787190642671449226 -0.84464346030434267476 -0.15691003428987748691
4.31866552082242716182 4.47479030962816093364 3.48660238120258281214
2.18479274496070896561 -2.10745789899960245251 4.22076046134920712660
-4.00466209113827620314 4.35356398739422356670 -3.44220272749060018924
-2.35537532161865348357 1.35767291267632739249 4.34356166517182540332
-2.50646352958743534600 -3.73778863500534219710 3.29363143787457612888
1.37787850398861611012 3.12242285038223865712 -1.73647405341135829815
1.00959714596340255355 -1.12525376981928415532 -1.91149499274774736790
-4.23650235224522830890 -0.65837704626123105811 3.44876338934893755805
0.77719950028874595915 0.09996605722761930934 -3.75208564958919454924
-2.41501754650489219856 1.62470920954711051110 -3.67455376735273286926
-0.01542962561727900805 0.12650945360621790314 -1.12105219646636289355
-3.41793125002855413541 -0.14072165108572853853 -0.85270893710373485419
-0.84444122737732651984 -1.51343982352536787772 1.61588901038098686769
-1.32248950064293202544 1.64114563694070003663 2.26906970027405296975
2.14084704322833285772 4.25593883648194104552 -3.87884851384884488112
1.70616915312683836703 -2.52155292288723664740 -2.39259821766919911212
1.56139551938525666941 -2.70904398364987653025 3.37744700825595778326
-2.61645232722418885629 -0.66842040461561502696 2.22101130229461141141
-1.90814252500110681510 -1.40604657363826257566 1.94174732729500210127
0.64390593453877720265 1.76711718320130284354 -1.44175902422150370441
-0.95938672638143174254 -4.53450479065010991775 2.21690436504008214769
1.08591608585442056523 -1.02743257078690897188 3.10634983912763917857
-2.35199800802288638835 -4.17326046872300171486 -2.11982570411936421806
-0.53458569579694170670 1.17517282985317095267 0.45732047209675030786
-2.26816985003745497096 -0.89817936164438494373 3.54748470046535846478
-2.78358606432138344644 -3.01110669961350208013 1.61658788716823131892
1.29710086258992252084 0.94065333895559888333 -1.73690539179339165088
-4.20363561648501615764 -4.45448268805523994729 -1.28078425556117281303
-3.36470422115571166088 -1.91562159397454223608 -2.02209198035637705004
0.08320275446413560871 -2.88966863928086015179 3.32672376486405418916
0.87528277220016903470 0.20061646890227091689 1.33869219133068373395
1.58228092680213183741 4.52286312403837076346 3.56518937008379754872
-3.19986017165889435887 -0.64467929174921589919 -1.92661533532641149336
3.41544638012285428630 -3.09013569525798104110 -4.50587971323261538004
-0.50095627616017779360 -3.64261561050183857446 -2.73352694419851527385
2.83995929571243888034 3.81797729015317965917 2.59846432097501800484
2.74410540032336047744 -3.69114577130490850720 -3.32765650639969745583
0.73006118659739360766 -3.04563699595941672627 2.47631357575866672960
-2.44515254741849696885 -1.01511977926996177501 1.16832211651794981577
-1.24943443450526237015 -2.02232648175706630767 -3.67416005574572102077
-1.19574621865878283344 1.02281920471943355011 -0.76560460539969099614
0.92386553224252399019 -3.49243991727265301606 4.24157162532105136421
-3.00569326161813421550 2.95737381555322453863 -0.64500282324944446799
1.09553282999720735802 0.09999495552737691639 -1.15691743991222040222
-1.65000543972471991339 -0.11814983008081547666 0.33041560765089084128
0.94197075343569558470 -1.89170005933938245590 4.09630087445978130489
-3.19761942117227304649 -0.11197007191819885463 3.00152085749993435826
0.71539113330378878430 3.54694496443933449115 3.74279008555407610714
-0.42958633048173666680 2.63437766041703280706 -1.11795075510913477501
-2.20043122075850883235 -3.50049200733887211356 4.23169030084309749640
-0.58036605409766073294 -1.65342222623343815258 3.92806252464495120336
3.53989904936230903587 -1.95893125888329588946 -3.98318866837438267936
-1.33599837454934355918 -4.22642632184605737677 -4.07890920971050707777
-1.96887523808192677066 3.39173278027923874589 -4.00432484955238798818
3.27197781843402513147 2.24392301177278596924 -2.11381568525699181649
-1.64198649764105919502 -0.91369412747786160622 -0.90395583453757755166
-2.50248720229999577214 3.37033463127935650760 2.75479196425642758328
0.53720071041151395974 4.28887492116405777409 -1.95376826200158237867
1.24919880357091184209 2.75892712596853417750 3.24664773701952480423
-2.29872559194650838421 0.67735315177688804056 3.07446845921628142406
-2.74379452788242561567 -1.97180485603249255888 -0.10434256103385486369
-0.54084716720453007710 2.01129209905325989638 -0.10550136641378937696
-3.12554421941876725555 -3.54560309394870998290 -1.78406446748331060093
0.79451587262564515868 1.22674220281560675261 -0.45004774515364598386
0.99120061241232360061 -0.97643627466851379282 -4.47004208714443418415
-0.43956225050810004973 0.48552230958614117640 2.45168755056399945147
0.25549823514137148806 3.07167816691995643197 -2.26052859200602629386
1.22155274012001147099 -2.85526898371678417021 -0.49719741263719452462
-0.43625822868946162458 1.44332044971062423144 -1.51053121303471504788
0.35947584070927529609 0.92459256097570907684 3.16757550676021981673
0.56291642473192027296 -4.00958294638615875272 -2.86568997886277099241
2.68162090436228961465 -2.55250285023376344284 -3.29742313527350772162
-0.42157561965353984590 2.05526778146100763678 1.64104249692286963125
-1.55582214520690609305 2.17206617519565270413 -1.34050632493160559733
-1.00608399823041994026 3.91832512537067412239 -0.84055245296713199110
4.43384143947008890763 -3.07518519990303218492 -3.84135049923900595559
-1.43833195546237835316 -2.79811171305769379458 -0.56652420380096879526
-3.23078534426878016816 -0.50761665475627282262 -3.99587243712121464867
2.27449030738046875655 2.59543704328429125638 -1.58288234552849349512
-4.09609023549437889500 2.19512108344041845243 0.65105331366654084491
1.83827985002837746009 -0.37436307608552965576 -4.18215688219645098656
2.40157627342243262802 -3.42784915716512594841 -4.38055745120477890708
-2.56618463449398737097 -0.03427797577284685815 1.13339599209611119335
0.07660721181522500700 -2.32540765783009817369 4.53073737436211221308
-3.21431472641266235968 0.56108896036604694046 4.49421372661162887852
-1.78812996393271594897 -3.33573486372632332930 2.14204782454103082046
-1.70666171236449359938 1.38259750003170278632 0.74486165379581770196
-3.56038621367312924093 -2.52217807221681056262 -0.56410998828238900771
-1.64152870162383823782 -0.33821655457307464587 1.67908536997499790999
-0.73540148470275834569 0.35009195494446831987 0.93913930808162415786
-4.21528961243935818004 -3.29689082399021682335 0.64901342167140096961
2.14732463407738993766 -0.61561027155954928247 3.74510956602056577225
-1.63644059728384672070 0.85969284417304159263 1.65806651671017757366
-1.35375246330919996041 -3.88200405947754978442 -1.30430447375073299554
1.38492648325592337955 -0.19926086815645493999 -2.40605175423799222401
1.75736072680723154349 -4.30028843843350649934 -1.94485249880405630662
0.47004093989726136726 -4.12253724811702593200 -0.86014802576271964796
2.76523724238528867403 3.51854292775821431150 -4.52291244231533351439
1.99819925530684461279 -1.80380007192051294851 1.82542553005180252512
0.00484190294802733234 -2.09962339054823532436 2.24856831124184708415
-3.32227426773257050741 -3.79564950657081290331 -3.12563350957185814849
3.87494775844921246488 3.65444445905077142100 -4.23971043005086123401
-2.38814700248629163681 2.16841459716643214506 0.02679069349964624536
2.27709766907543009751 -1.20188479677532811252 -2.37249563747707981065
-0.18649605753001452513 -3.87806948855119060227 -3.86756700828830490835
-2.69871998744286933913 0.18263874034010108005 -3.48841875894985653517
0.28135269568034626531 0.39892393916089208261 0.04685527032706282569
-1.00033741003461429386 3.08855509576547770934 -4.25378128855020243293
-4.27041342399824408460 -0.46894033417669334085 -1.50665711717108496970
-0.71585645822203991528 -3.14717526948529435771 2.23132889540760803726
-0.56869097554093173130 -4.37708456911651833110 -1.74086559810025143236
-2.37398567081443356841 0.07873588856924307322 -0.82948682419113106690
1.13907030506567874539 1.33483213241529163895 1.22859919848510124041
3.53362295746935739515 4.08967469688230078617 -1.61458499187948723019
-3.74746202245784987284 -1.85218507067175064407 -4.31904668842103678372


