349
-0.02264796228104781761 -2.56105098997153390883 -0.39807162054755984570
0.70563715497577739200 2.06974610647582846212 -1.66985771011010752929
4.04324122289063847546 -2.73726134187307978962 1.39532910985093838718
3.88689998052951413143 -3.03708582470574661727 -3.98112702774098448089
-1.90080959744605682005 1.07521933263129554348 3.51401234637780301995
-0.13727179738105554918 1.45589958900875604542 4.08414435144755838536
-1.33210003445864799687 -0.86870654752145792799 -1.30533545661062433396
2.59202603766711536792 3.93198836925928052466 3.39562152480303325319
1.03051822077022325885 -4.04128823647865331736 -2.21132958910564703103
2.15369002012502530619 -2.21624168524960740712 -2.08702113101211716994
-0.03572736573168722174 -3.00323627884977106817 2.66511693500909618848
0.96584794085259595420 -0.30430135499581822955 -4.21197619576411419473
-1.87511776972269927910 3.63014053167279637790 -2.06572019256527372733
2.90892673825038716728 3.86782811602037579490 -3.32272231653540206509
-3.89842844217254480554 0.10774540882345107207 -1.74712829402596003803
-3.60276005743446692264 -4.31143225988929490455 3.78414923350165022242
2.91878797157082647828 -0.12455623857204578542 4.53137599512592625928
0.98755588066587929319 0.95852388489915529846 0.41324362931990599179
-1.39361241509651545556 -4.40648799403666746599 3.82134200976686511098
4.42256624121085817336 -4.09984772928214802334 -3.80404658655741689799
-2.14376696259849763848 2.64621357433087123212 3.43309469576698322868
0.30274561553866075059 -1.17017331197918306174 -4.53591968262902422993
0.32398700673153157936 -2.65908102381983679763 -4.52363411332797493714
2.68068841826588677435 1.67213123560263099421 1.48235394000092757238
-3.42143435587805422315 1.63782552530027381010 3.04181896256795614164
0.25065384454849226614 4.23999755192722016517 1.56596176919688101492
4.00426565962687330824 -2.30035967191835233336 -1.39790696388036028708
1.05053531610887151970 -0.85717199029344648409 -2.76361635038672659448
-1.80102067020508993522 -0.36014639813137527824 -4.43632469271345541983
3.88253125932362141981 1.93389795605547121227 0.73701900965087485673
-4.09318259126422567817 2.70948961495744278238 -2.28006778115990416111
1.84461850966479357083 3.42903770199267210472 -3.22633957570728213682
3.09570494447173771846 1.06002210634595872563 -2.09822769319971813573
-2.81543622767178458588 1.33855366468785064171 -2.42619326906719656733
-0.64901188860121417079 3.38951792316481981260 -1.04916213359986043585
4.16148520058555870804 4.36540443136354117115 4.03270852337201990423
-0.07232942269523778833 3.49110359111224166639 0.09848138433383102353
-3.09439166188578962391 -0.77505210024397364066 -2.64636722574923322071
-0.55934331779241031057 0.57597708149572923730 -2.81287800838262969094
1.44735531188085797538 -1.01394549011034929009 0.96199049458363816711
-1.76615812433064522935 -2.03783668164204589957 -1.85709493862054753066
3.55671915975508579066 -3.19808283420307182254 -1.70398643224973156407
-2.93897213865392803456 -3.81625715271495247194 2.75358590030048144826
1.52778745184063513562 3.70611462331061947140 -2.23745626045639056656
3.90586793617289540492 -0.82788470509154787891 -4.16823439084321201165
-3.95336725211534822932 1.29745786196944035140 2.15001986948599199678
1.50243711622487730040 3.17706178494188673511 1.94983205256712643916
3.00787188065539012882 -0.89218895441824352943 -3.42950596659836115521
-1.36040113829118780586 4.34511941084488650944 2.13086979816538946153
0.56366130093340416352 0.30118281547930525477 -3.26134255591305111111
-2.44039969859705463406 0.08372744591061476171 1.33227860686325350059
-0.77827165004872655985 -0.04870949193509055419 3.04758275529616895483
-4.48575748338086288669 4.30872814547937199592 -2.19927859431218086783
-0.53350624779114763641 3.91673484548088968182 4.03565231312277017395
-1.53613523090340509114 0.53849058009066297359 2.64715380197878591417
-4.12994594359766331593 2.94069488237634057981 4.40286639889553566007
1.07517444292921116045 4.05716304234032154596 -1.32515680564928395313
-2.30976388955145717219 -2.02765515506957427760 2.39780491423104269444
-4.51266819896702386927 -0.09755932818312906818 0.99592012599644341719
-2.46350573916809434394 -1.33022955490158034664 -3.45859081031041748489
-0.30395784126221858656 -0.70287900199123454215 3.89964735321981503802
-4.42073549273614307964 2.26480624131176888625 -3.11644091728884342629
-2.40252883170208297869 1.06095066305168739262 1.04146804220745625713
1.63685032914634209789 -3.03122413710005567111 -1.94912590752490189061
-2.56166551049218416125 2.60133582030193988288 2.34078275910862121378
2.66463080008165498214 -1.92542132000318089169 0.38179600881704267579
3.14674254428892830049 -3.16250618817353013057 0.94712720724293308905
-2.15821557945835218462 4.43517434329476412103 1.26595583345960793764
-3.24991024699483599392 -2.04073084176374441867 -3.78967504957290257650
3.88473205069736504669 -4.03595485592886316084 2.03514903399923863248
-2.13641635605963653433 3.40349062783218858641 1.85014411755157226480
2.32696353092788132955 2.69786055259170698406 0.98197641789916900734
4.53001409751149619609 -1.93267217235740984549 -3.64793793775106767185
2.54480995676817212114 0.44472115213126794941 0.50351894065533731037
2.27765676430319796708 4.52719240023813096485 -1.17523750359380452224
-3.22573717731867892766 -2.03220506455530136591 1.00872927174226756364
-1.12914521503502518485 -2.71186949642509089742 -4.04684416111686040551
-4.16008946259513123778 -0.43072369473861282785 -3.01417141411879230262
-0.34931919741888961539 -0.75294272464174394344 1.69360012931843595396
-3.73296528088651546895 -0.91982435832506936890 -4.00134332166778694528
1.44696621910903466812 -3.92287419773059253814 0.38782612986782716291
-1.18107449920459961490 1.09477783463312405843 -0.84585720238096584467
-1.06133039178196719732 3.87153819437054647068 1.13225822090748007298
-1.99374194709190621921 -0.16768825886221527810 3.59256416500867725716
-1.03183997299245433510 0.92817550217961031223 -3.92641528954228791193
-0.30213086699424529513 2.47591391538801364192 0.09374867739560865942
-4.16663258881246711951 3.20383217338990089473 -0.01212029186402308056
2.99795147097548131399 2.30656990853393484286 2.44343752348404041896
0.91340508593653080283 -2.32382573739962516868 -1.08327141933274972985
-3.00338042762039458822 0.97489032043994949817 -4.03063220024653645623
-3.98611149574584500144 -2.76562933417088618882 2.28535019424647067865
3.61818808612838527239 1.43302452318305739709 2.25836478128677953237
4.19993268183042989250 2.16984353176832467369 1.83454434326787829690
2.58296168011745486126 -2.88179447067878680144 1.94401335869021263392
1.33013742462322248628 2.06946245098978298671 -2.57276210061184862354
-2.11306045721751933897 -3.18756643640283376939 2.17635936886985437155
-3.80741931240993780605 2.35952855101619451972 2.50262370847489457049
2.58693463479695484608 -0.70742851042609800061 3.81993667035817896505
-3.08961245546423590724 1.99419794774780800850 0.58312039507868185240
-1.21025034158656952243 0.75451169859142996899 0.29040051439956737767
-0.67651769047362675380 -1.34678907275980241920 -3.15744122935420001852
3.05765510932562367685 -1.74779398709681688118 -4.23903915496505412364
2.55077352620393593696 -2.01394301022176458460 2.53644773110944488081
-1.78243492697004857206 3.28195987380231013475 4.46872564449383968821
0.72701844333391907327 -2.55577869019025216701 3.11962243818531437256
-2.35608849269856968078 -4.03161926296015238336 4.16136473188182431926
1.19940710723842069996 -2.71997861195516676958 -0.23920210125409102631
3.40564180839957497682 0.13064343720014370831 -3.26137109888830645232
1.40713785979158956252 -3.65578023749119518371 -0.88658996723853222832
-3.19473206673151599588 2.04076851227635636121 -4.32800794049984549616
3.19383444551539508183 4.20848380418510625844 0.01655826914362812374
-4.41414829387193741184 -0.63102816096889702280 3.11228696134494153824
-1.03756376883391476795 -0.27187631652566501828 -0.54318891844765238019
-4.44432683113034254774 0.76577969379138099981 -2.71464879693714689068
-4.09845231439319679367 -4.30939621457649035818 0.28273329325421059366
-1.27175723975788645959 -2.39746816914805371823 2.34529727399660892218
3.81800509020609535327 1.59363450050030142080 -2.72842755666648884016
-2.78259528466012451275 -1.45623662649240381839 -0.31812244039898995851
0.86357154619224196779 3.30563706917424848797 -3.24113629902721767095
-2.78173093896305401174 4.43941406737139754313 -0.28910639468653975825
-1.48750811177054220735 1.97058725106380716596 -3.52367609492604572097
0.15803061367727710973 -0.85611372744439551141 -0.80815291280559531373
0.72854382534674666516 -3.98239325767189100702 4.11661863021581009292
-0.26290266104840220862 3.16869434526155302478 2.94458537449755741733
-2.07279109490011448358 1.08439434866212724984 -3.26804005226433380571
-2.93991379893960136371 1.12900422020407908974 -1.38874128369357752177
-3.00582049928848205056 0.85026379409353314287 2.16586253446540144552
-3.87344177308438419871 1.14023392414204938206 0.50848662480626227733
2.79402590963586661132 -0.56963356160177802678 -2.50281510795935746572
-3.65455928182027545148 3.96361912997869492159 1.11556075815865707312
-2.58559800406154138841 3.04802665818079709936 -3.76846614159874082617
-0.16228292120688614375 1.49028268372954375565 0.11887860768374114429
0.88653916109318586791 -0.47174484689586115849 3.82036841456834164177
1.78938746155929706561 1.51474408674092764215 -1.82714402632061156950
0.21772394218798307719 -0.38852021757780974553 2.81763324100287615437
2.06508360981284599944 4.42722419135206290974 -2.74328199923469462362
-0.88031582079001324814 -1.85432576086149580874 0.66858533264907293869
-4.15221632815947661044 -2.91644632543843629335 -0.95337409207153056556
2.58804971268631600623 -3.23731885374602867955 3.49583627317348177854
4.37290557873789875742 -0.36655167112188014045 4.03288333796740428028
2.76775516502361984550 -3.17967570925281206584 -2.42662192312671542993
0.99421818359317271074 -1.65264057537290964817 4.07830492667671773432
0.70940869008908080673 -3.18915074027753275843 0.82983109554663947449
-0.47019123247804817112 2.97865377557154964450 -3.47249537096792648683
0.71005962534110622641 0.77151086238080068824 2.22458751166140711319
-3.70872360538813605757 0.32535170748743258429 -3.43321576393975425034
-0.69606837385106512528 -1.32134496283410030060 -0.57185338819622266726
2.24886736024925770749 2.59634503423919671405 -1.93435767551805914977
-3.59743065550323226631 -3.49017461892584401895 -0.26682789132076489835
1.34976900027004376170 -1.33352037734885486842 -4.09429126949828425808
-4.03324801951989453386 -1.59731242260242378705 2.58000950359954384083
-1.41255692509387120737 -3.32786957558422491488 0.47550411924294788690
-3.07305767946824026637 1.93332759410468035810 -0.46139330970974956614
2.34226155159344262557 -2.95037883298183745140 -0.49121792953434262330
1.06165648713621063592 4.00764395296801634316 -4.19590164967939216467
2.23360581034397132072 0.56599145720143440030 -0.51148812711987279300
1.89294326359950471073 -4.51178191564361608101 -3.85951614216168836791
-3.56243927274439853292 -3.17175979667096497039 3.42565173010628498673
1.32588383387309693973 -0.80326370623070220134 -0.94248999487134010877
-2.08508861665467915003 -2.45941055739517144829 1.54627596214861373625
2.40968941360914890026 0.40415614248949260912 -2.97865537431141458313
3.63036164274174932842 4.31242956210060324196 -1.81520672581137576529
-1.78866905011273358284 -1.51334106015581504323 1.24094084831828954663
-0.98452367106700222621 -2.71961955513913045124 3.23506104983843378875
-1.74283202512710966303 3.54498456515023807611 0.21318637215740654511
3.49012964652331181270 -3.37796691484985522891 -0.45451443284532100364
-1.70415939850718611837 -2.90275470030222670914 -1.10898027681060096228
-3.89656310315020215640 -0.91395168278329963485 1.55680440394241603741
0.65402265293750616593 4.42811215332819063661 0.56784628216811938728
-0.62311921096684752541 -1.17898961768480781132 2.94327570329988486009
0.60815079864614673966 -0.49574390730989659204 1.01678418374700374471
1.53001637345693897174 -0.06802483642509837836 -1.84097708372042978553
2.07054640875318085591 -0.97772071038174912516 -1.68779556865885016492
2.39683190750659758095 -3.44536609007995719978 -1.34449375855741593000
-3.89955157355121651008 2.26269904452246439774 1.39806520984642990157
1.08215344817616543338 4.44795014995598858576 2.62749454918418212657
0.27687802345488776723 -0.91994224970479887560 -3.43243159501969596903
-3.08291776642328452240 -0.80696665777463572056 0.80301070940056717973
-1.74398979087857419756 1.65007897437917616656 4.42888108370815469783
3.47556281431107283453 -3.81023394194676301439 -3.13215136617551159759
-0.20072052289515962542 -2.24478034079451704841 -3.79778306139026078370
3.87521591887407890198 0.92188556984970748687 0.12408726504711609095
-2.10491411981092557681 0.10392272920427725325 -0.15223852212430433184
2.83010614873876775732 -1.96603388443351434489 -3.12934286657212901162
1.95083680477749599191 -1.28813851792171352173 -3.32778830821809545881
-2.26300960927457550653 -4.46401638887608953610 2.35940039267557555291
-3.98419249806966568883 -3.24733982735341664139 0.91524576672488144879
2.80341466026619023921 -1.23367088853326567488 -0.34863358969901536710
1.55511015994934265194 -2.97425491424923649220 3.74091202672852229938
0.57690442787590434648 1.96469392923842178789 1.63921771803359472841
-2.46379603957614756737 -3.51524549841473099576 0.83824378189152071172
-1.85813107313806336052 -2.35838177827705841594 -3.09311949257662188728
1.87375670603252064694 0.02692015047385520887 4.16358672677134844520
-1.72696519747751686680 -3.49242575776137176291 3.11858309998269067620
1.59663696055635995208 2.08499958073705027317 2.42704040739038884311
2.81218137927135192200 -3.25053463191558034140 -3.87064196553150674518
0.12059261468453286170 2.08685419763027280027 3.15048820870304790986
-2.60803865161330339362 1.79664750909139403490 3.60979990718181031895
1.01982715419375846722 -2.64897563168150718127 2.04644905251339004337
-3.65972963536179607402 -0.10652586222707594032 2.28885241402482009221
-2.48265162342514944527 -3.81566679603632952222 -3.07175170813110920420
0.70527531248733055236 2.54627091512304470911 0.32000900681174648810
0.25317742269518817011 0.36962754184384749578 3.88268460538264914561
3.89219786653075328076 -2.45028692448521612235 0.35985068672641684628
1.75536572107478416882 -3.28772263322092106463 2.75647290072383821524
-4.15490452074274685401 -2.99622969063550526059 4.20454218342595265057
0.25461457095692363595 0.50049671519050331625 1.05320236782289189392
-2.91038913023494227872 1.70749511759242711406 1.52902106051714792301
3.56696151190815324838 -4.50988090817862552484 3.10178295428545336421
1.60060995966677754865 -1.65273643113509161040 -0.14811813692383246632
2.67387047100923869181 -1.18546238213816490514 1.79837675198560376089
2.21052175449220289494 2.22654065020318459034 3.47969212282780926415
1.65887291709614714819 -4.36809418574392527290 3.62655332468231161869
1.82719719470966790453 -1.87251871630799771040 3.27762683343915739442
1.71256662568721029771 1.58447087455718094162 0.78713905186338006814
4.42227901582637183964 0.60337397570825146431 3.52787034421607170742
1.33355301737910725279 3.68366931947992437557 3.69705784832352524205
1.18730378801147917756 -0.10167189438302859372 0.08988970606582480372
-0.73774808403436686888 0.23697450099598960094 -1.55496994941337352003
-1.57732816256465468996 1.68463607022671268965 0.47964549745464690744
0.85447652799285833680 -1.03381330873988863672 -1.76710429100715948891
2.08202374426726333212 -2.20728041782366224410 4.28372914408397509334
-3.70577694075835450960 -1.01676083988683618742 -1.02872950603064605701
2.66737422088200659687 1.36844448505814852979 -1.02011501007013594133
4.17127933193115563171 -2.12113161067562216999 4.43030307378585330724
0.39085550874487307027 -3.57208712758803548226 -0.93743537999979231756
4.15579923395892247839 0.11794972003120740567 -1.50705730888410815993
-1.85806473223375512305 1.92539849123039719103 2.03710677638919168686
-4.30459379066714031836 -1.63681519277270215440 -2.49896514717899842495
3.07520809461860888945 -2.65533777106304924587 4.40774653261400839455
2.99029950864286231393 -1.70155064056182947496 3.74497375375988195145
-3.57630488857282546888 -1.76357535786197683336 4.12746446769118957576
1.20288654320509902362 -2.00616440219925173949 -2.22779184557063469896
-3.54211069970485370462 4.35650014043808919695 2.43314750685277036979
-2.48237168856130274719 -1.10135666462905046359 3.93536656546474983287
-0.32814561397360098027 -2.70625312243164106718 1.36712685488320762062
-3.34362573699574472386 -4.22627841580024643520 1.27023761010081859268
1.33812462512775542933 0.35145794127492546721 3.17234296281498284742
-0.89435011847799916751 0.66553108084855772120 3.93789126958819313273
0.19610387570280529701 -0.10783538594935038191 -2.27698135000334156430
1.00839435472392402460 -2.80005893314523035542 -3.02884801092165911740
1.98622654296708578414 3.22481065872498096070 4.46229951032821414714
-2.98361477794549534437 -1.09235987441344040150 3.10334151945346636836
1.83547430678277301297 -3.69785676588022882427 1.84368803426452032568
-2.57806295307000610251 -2.89005253422895780346 2.98204643421700854589
4.30500166333320155587 -1.59234841919243663710 1.76506464447962851949
-2.96015758942930240494 -3.88521955011695174775 -1.95617909067999251604
-1.05237208351742683732 4.45686080260092065686 0.12837496011616522651
-0.30700687460940745410 1.24372331672731473162 -1.39022765419071436810
1.34687734473024978143 3.55432713184934723216 0.98125344156609717317
3.15669548382839870726 4.33928681690750206457 -4.38378733337386172764
-1.58690963996710632244 -1.73065675453256329064 3.56171524149859397568
-2.94061741245067453931 0.25647547537877812829 3.12199303530462568546
-1.30552357504097660268 -4.11143466056573281264 -4.05939038188282808051
-3.07091016819927542514 0.55481791607753550011 0.32994739317763421838
-1.62990504223811427664 2.43121423760184551810 -0.38029518347193747019
3.67911298461329661080 0.43320561141053470777 4.38261453225763641939
-2.88504962806280973453 -0.07533344619384330088 4.48363060793683754213
1.49058271288297827795 0.78282307653708205208 -2.79839364886720165515
-0.59023622573087353160 -3.32972347637930665698 4.33963947434689867322
-2.44541978500109014050 2.70399574387357422012 -2.19443463074398170676
-2.56180032630654830328 0.07630617446901855061 -3.27206658354422197377
-3.80268356455897604818 -3.06030103580930701312 -3.66237915911241840305
0.48809724438181856243 -1.27678939281845460485 3.09649446526791116696
2.66614359219203311824 0.90235074436440054768 -4.18553913791182541360
2.14121564005572384559 4.22781167794355905443 1.75325694685901556369
-4.44688076336525472954 -2.54099948797365104980 3.27626050531616996864
3.53544967275327426393 -0.44739180679931056517 0.93798328631232408270
-1.85431737676897068212 -3.55615232077484222373 -2.00061273511265902414
4.22421642993764923091 -3.67698544017323536437 -1.03876039673346554082
2.18711936470595880166 -0.24472953538320840750 -3.80033751882543491263
-0.87500924696209203546 -3.74481984937341483288 2.48836613410203622010
1.25877359977435343552 0.92012080039672472509 4.10235727274415307164
0.41971514422970646052 -3.00124174044017388852 -2.16056891770595838054
-3.64320047022666271275 3.39658771359751199270 2.07388954576259276763
-2.79242615573597019463 -3.21960139253397992221 -4.26881167695988761324
-0.44517047322466662962 -3.89271181892478823627 3.52086236495378468447
-3.53010329881788642581 -3.73824259503526512560 -2.96757087372867900399
1.05471867294281462790 4.41274072333618416764 -3.15801417483338431325
3.06689283506405807600 0.09489129094721793223 3.06331704735466558986
4.35272286927909046739 2.15365039018629822465 -0.30459325819177429651
-3.24556032697911822638 -2.10616609430860979302 3.19473658254483350305
0.15199546901575722302 4.52339051686912885231 -4.44242006089364149801
-2.61209090951038414019 2.83055159484609841769 -0.74066022333882619577
3.27133966782819118890 -4.31342248276805406704 -0.93904390635075429827
3.99250739652502684152 0.80664875074751929418 1.35702418880086828068
1.63381278746748481723 0.37380196742611282446 1.16353113870206303915
-1.21907809460093696785 -0.05946186098378447582 -3.45813885112606955730
-4.30579519553092637807 1.32119487400567692248 -1.83229390382614276689
2.31489957758897002549 3.58633146439416439222 0.29816255396565249924
0.30345579951379964001 4.46683494069861186659 3.33377259661662517232
4.01208428051572330020 3.14561597885564037114 -1.66942067552281736553
-3.22818981356735035249 -1.71762549566242572752 2.01304130178893991854
1.35957265474138377925 -2.07416245273190735787 0.68896290743113919319
2.36622247397691065629 -2.13756687836711511963 1.34122030678790249425
-1.59070637890824562177 3.80159805137751671822 -3.36434765153457959741
0.78283914006042198963 1.30292620078027621133 3.25682832042720615817
-0.75836983979701821923 0.16348011016011110286 1.23773412471154475867
-3.83573126898427174680 -4.50701955930895614699 -0.85874538716914816661
-3.13579281280801813736 -2.69284313617956794218 0.21474649087598773889
-2.23334869798977608824 1.04061759003189369110 -0.02963830478550288916
3.50902785429235297698 -1.47451456899803057254 0.51315760781723973594
-1.67142039917707219132 2.65733524320901359772 -1.45836165775793968891
-1.34375259656000078934 3.27135881837871611566 2.53905058205082045930
-4.01482464605137145952 3.59081544334503544036 3.10343513123808456555
-0.60729814834858641959 2.85699999407634219750 4.08610450060415697493
2.87820370117709511959 -3.79337945343125859665 2.56903833046803686813
1.81829074279217461907 -3.51868774783916959947 -2.94873448966516571446
0.22016491745198774055 4.01798192473657334034 -2.46011240026649691259
1.11948864456720453830 3.00072950297334806180 -0.93461028010673041777
-3.60640929923862385564 -2.39966661286304150380 -2.74429024653625797114
-3.04445910076768511132 3.06651652172379129979 1.17043604108374932338
-0.74870678095529319407 4.18043966141160883154 2.92286781328480849140
2.74560989639533570283 3.70326621673541911406 -1.77932996323928049875
-1.79698018994505037682 1.43141268561417156491 -2.00714049796073412679
2.65318375598948907879 0.02221626073439431082 1.90873348316953883597
2.11754837691470410022 -0.34086336611444600919 3.01672762360066304410
1.57367501903807482933 0.52157506706746215031 -3.80469002332576389236
-2.02121898246227349460 3.89890277086854819544 3.17255113019555157194
2.43258343718698810676 0.73723875666258198436 3.81867123031715838266
3.87546028603790748690 -0.77511553710928549066 -2.81090175844861356325
1.71234561997632805941 -2.91588115691146088082 1.14303604119659762972
-3.46298200936147537732 0.33666355521360991077 1.22491248210516712192
2.02176613836139740243 -2.48135855294775575786 -3.32903758325830390064
-1.61459326170703221237 -0.47399832463430069396 0.62002746152406462699
1.95221953639447498574 -1.96450291503571961016 -1.11014411991888906073
0.38001993065138339745 3.20917540864455386185 -1.73320201135555951311
3.19444239747071900837 -1.82620148562554263094 -2.09109560882340028698
-4.51706699516947107753 -1.22562477230914090853 0.82250121551603250225
-0.25393304094656432568 -2.03027406302122237491 2.26098942737808261683
-0.37954661371904396816 0.70865541980127133570 2.35728138589582947304
4.00780460057130749618 0.41791408224588089126 2.34506043114214079992
-1.54705542732054013300 -0.20956227236373869971 -2.35905447945530255538
1.94327616838665839794 0.76434033866432482540 2.21966174480184363915
2.88067315587014505240 1.39341036604773638174 0.02042805099645494948
-0.31766529009167854269 -0.92971129584254930123 -1.92273879633240074583
4.43554505965103462728 -3.21928343358819324393 -2.25567848649155688889
-2.99770871386096127154 3.62898127359604583120 2.91759339418944474431
-0.82056806474871901713 -1.56821484139895783727 4.29005733871521055534
-0.64322142865543519008 2.22848366730467173369 2.20448655681573679743
4.08833166527082791930 -3.66566338648234157915 0.68519507608222696149
-4.06059208938931259780 3.18593020459330666938 -1.20123533922505654203
2.42223425909435530201 -0.72124369867173276916 0.68167120140872139444
-0.23477365687093421087 -0.16639780744407062230 -4.02047813545477339403
4.18105505888082529253 4.35393820650273877249 -0.36459412094611476363
1.71562565949021905709 -1.21919783099546741312 2.18308447355735690820
3.12838620143111523220 -1.97413044899433920421 -0.92819386295711270307
2.38654717512305136751 -3.93786205909234432454 -0.28432997221669431553
0.30226346467370568405 0.27042577534038159115 -0.39304989549690905193


