330
2.15453603509313129649 -4.42942875362782473303 3.26680166091409951434
3.12070138153073184384 1.67852169265185846569 3.66602276332867038633
-3.87642102478729366766 0.68211644377204905254 -1.98754682373977242804
3.79488721238441062411 4.38387681522082583996 0.30032009789199598515
2.68106606012582293630 0.28498815665587695634 1.98506168206910071916
3.38265425785704465511 2.73835550126572169205 -0.82439544692977539952
1.23347529487356855071 -1.64950940784591537636 1.37696974507158476086
0.56975799169425034307 3.71375159711052571510 1.71865778309751515707
-1.37240813648159543092 3.09208101972044335781 3.95986213974510281588
3.23224893221889342243 0.51250815424429685407 1.04970337261795432227
0.51202077466435458319 1.65326922505437234889 4.26388322761959681628
0.33717625124569838846 1.58891589288859602647 -2.30697505832590010755
-0.96526237110908530425 -3.87564728791050550072 0.75185464972438698084
-3.32834533196622039952 2.58427802233294467982 -3.42105828475969353519
-1.35277366355790906738 -1.29559218883548377121 -2.41035221754781447956
-1.09793186817226828822 -3.65469924859592953936 2.10914839378939777959
4.52192964798146501693 3.61976954668879624677 3.73018097954048410969
2.44689238807220199590 -3.16008538828744534044 1.85009460426850047554
3.61711401261976117638 4.39602799916498288013 1.47646326163762697803
4.08685337186071517834 1.35457865279168032657 -1.93441919246369664620
1.91333117248054929149 -3.88105306752009093785 2.44635391292047099654
-4.07942859825223624881 1.75770899797112623020 -2.30923605622450756059
-2.43214318572540522112 2.92859856034332111108 2.04345568852123005144
3.53754562664281824169 2.90980498905810591737 3.29548686488809305928
-1.55761974429740401860 1.98832167627511768870 -0.15122108562774450036
2.28639072246290542267 3.76096332114085729614 -1.11312045669816317428
0.83536707411874377982 -0.76740461824016170667 -3.98876268243472908992
-3.50403365774047292902 -2.72259620013779679581 3.21112632673073594702
-3.97954617770380325581 2.79906936524771410291 3.24812934281168708139
-3.10206173529218665053 1.26444063667213324464 -2.87853433333104913316
-2.39041862676642935526 4.14122781298850117793 -4.20427997194579905482
-2.75306132063258424125 -3.43676342917577937186 0.26937996312767964469
-3.00183647921358476296 1.60149415569212205668 2.02462414669563273151
2.89876318638039709441 2.06973656571318187503 -1.69524836692691271978
-4.27972056189106453417 -1.04643751037930554659 -3.49228350652467645077
-3.26610777285392206437 1.51717603444839621574 3.91694087117153255662
4.27202096746146420259 2.24519932677564515444 -0.13472451722780931505
-4.37938620976196357759 1.90905480171120789379 -3.70405663106964189168
-2.38949246244216917390 -2.66622455008834347012 -1.52319725733584920846
2.61087943117418674888 -3.06745699858308729091 0.63720286324859110039
-2.59427946685573429519 -3.60978855047962765568 -0.89900212181505301245
2.46027837705167584659 2.81621039488650737326 0.34859226499033191260
1.48165291925578568311 -2.95692095508991448227 -3.73251340592181035660
1.88628184890760675074 4.13769490202659984135 4.13834741230484493002
3.38333905751297958631 -2.27820869254047186914 -2.22418829557279318365
2.38554153193105289432 2.92731348618520481608 -2.98600353964495957015
-3.24633995415615173030 4.08059845891936046058 4.23903686033861060167
4.20761880456876813383 -0.12592119606349516658 4.25469972683699548810
0.71434419426164996736 -0.33523683023622030674 -0.31840534846205859054
0.21946939851058999693 1.16610122207322319809 3.07421257393056190921
-3.53862526476381411555 -1.68223456951553007599 -2.72716762620019226304
3.06116361748020082700 0.97429733514686933660 2.91686473383140398852
3.40390824957375048854 -3.64137030314740295367 -1.65937782011822321238
0.30288809484795642391 4.19225152994720406952 -3.15622140570805997939
-2.35392544651769552999 1.22444627188784860294 4.38264736579005198536
2.51459236293536658735 -1.52169453852386560300 -2.84147604299906797465
-3.26565872916670274506 1.74065215905398318341 -0.98090483482860779674
0.88174902706086211168 4.53183432715872402952 1.05439116525914133859
-1.55800967717316218852 -0.26846755896300766864 -1.86266118800973279335
-3.77018346118075209361 3.62173809517395728363 -2.68747557361980682344
0.48136763351026967683 -3.62235800518491535271 2.86508975052389391891
2.92807281541949926407 -0.96387826330018055998 -2.10239783916174971523
4.25261001491588164214 3.35145627240277477199 -1.91356032522903607429
2.56562226918578328849 4.04234794620374326968 2.60418282749064555759
1.78684949234741008439 0.92170466937770978433 -2.90006336701354650032
2.17603009452522222489 3.38065405178596289915 -3.97266535755784788719
-3.91057057012992936862 1.97906431836609364439 2.68895850724794893694
0.37049308703046079927 0.28061142881314893316 0.68532542909501881212
-0.18384198011847363574 -0.14023510133166450231 3.54503492575290213296
-3.07093177175571874216 3.52652885137289029416 -0.84830770187383919279
3.09222354631843376893 -2.81909448788340366576 -3.11038076988326883665
4.10382232468036800555 -3.62443852310301695141 1.88972450534324121207
-0.31341535890913263529 3.88575323798630289929 -4.41714815970906293785
3.52511291504460633206 0.19615842814720885201 -0.21176947353674879793
-0.72421129569554398842 -1.45401404626525954100 2.93082546052302994610
-1.01665069993205037235 3.08883312082052796654 -2.97648346117332529559
1.54409768047068052255 0.16770338931270956095 3.41016872529926029500
3.02682198861409812451 -4.11089365648306070966 2.17841816118535813729
-0.84952895515417914396 3.77789047344394557371 2.56430507988084066540
-2.35945615523021867688 0.10865558141493103506 3.63596944688064649398
-0.45711599732219188041 2.62228466162393925032 0.76002175386039372285
-0.06552107270552642859 4.43469058281328809556 2.43714432369554412361
-3.79963165012129033826 4.24475731850747539653 -1.72141627193228297088
4.05958385805282073733 -1.94653964770295084818 -2.91711769412935284507
2.71743569829202158417 0.91712861173452697727 -0.53877524892203831897
2.50939195042741491903 0.19608017464329297042 -2.31534354468387881809
1.47950204516443317715 1.66221894987885043804 2.00777285822325968212
-3.47315192831736219148 3.81570503796689930454 1.95391825250473871733
1.54648197546586807505 -3.71735267234944100068 1.03176280565143585477
-0.17760141113134686464 -0.59424085863884190672 -4.32178319797230248156
-3.72194678827120339903 -2.90216244715680815602 4.37997827003309492255
1.95461160921903687182 -3.08214809561222713441 -2.34834768217242606525
-0.35675865151362362582 -2.60761433176443002679 -2.92402779873244700326
3.19267145065958590777 0.68896682069295689388 4.23551101913763528017
2.38164682593047150050 1.15443691044753560249 -4.08282116281820517401
1.53623004716788891244 -2.89137835330006032208 0.35637619675321818846
-2.30015241698320904717 2.42316717688666027897 -2.74725455211766567132
4.38654122795684298097 1.12247144455551151054 4.53657008373941028623
-3.94415500169822985654 -1.37551288458277598536 4.21429862911874497655
-4.35250797123594246330 0.51293798002341972619 1.73073077391380181211
-2.90095229118060782270 0.57459849551451647187 -3.71621884953991221678
-2.76017231970854792777 2.00928709713908215662 3.13314459109817633475
-4.18576548415607074816 2.07278144678630127373 4.19137218044598380828
-2.07431176164410979723 -4.01573506840964711273 2.48754382890277359053
0.00664815296993381821 0.83216278524526909877 -4.26274322741022437810
4.19707277698469294336 -2.11646000551129098710 -3.96284023095022641670
-0.16099510823592488862 -1.84902872725859523939 2.11024865286295337796
-2.67731185517236847105 -2.02328281150194966287 3.15931179182827381879
4.12461838580859829761 -4.34749553989373183072 2.87828687273724792561
3.86629445453664377652 -0.98911581175923579679 2.69385698751389401906
3.95169619136800331916 -0.12305722532339835595 0.80545108783828922583
4.24585370485246915706 -0.99460944305333720550 -4.26421642159385161364
-4.31862248663366621315 4.29947581762344821499 -0.46916792024203779476
-3.88728179757613290235 -3.82919709059371893289 -1.74701456842345725917
1.43337366465361437662 -0.37171049465742544982 0.52560812228333197993
2.32548876287105876770 2.72611745326209931051 1.67594463396715998016
-3.73764535781150586402 1.16696337308452235959 -4.10742783275994316483
-3.36147967587542373380 -4.43240618446549916598 0.07952271365728513786
1.40881644882295820054 0.80929501946182558214 -0.77276370907269242849
3.16496919688146860494 -0.03213391616966276843 -1.50755104118887350850
2.96568588950050848752 -2.45410601123871119356 -1.27172086526845573573
-2.45949020380934113561 -0.28875290238784590002 2.34448758117824151981
-1.05274121774384310513 1.98831456469898970596 -3.12322435021684352563
2.83601352378697324497 1.65588216318958725282 0.51470540531559283437
-3.29034995967423471441 0.22884020439166441463 1.80013173812040694344
0.10929265397647736080 -1.59612276361853044904 -3.13628192702478170162
3.60310537141973252773 -1.51863994875036567578 -1.42106027562719061663
-3.55993842982826391719 -1.07291138733101032443 3.04416951713977024241
-2.16426400867729595845 2.06279206462171504910 -4.10873194102025873775
4.49433868510284195708 3.58146930472272639889 2.62200521449779966332
3.39343719137724075807 -2.05216628030754399958 3.12046398144409575792
4.21783432457546592076 -4.46263568196919102604 -1.38792085190618852408
2.74931044670923352413 -1.87217363979631734594 1.25577608750044156238
-1.06858554882126322028 4.40885790379948883100 4.01275786200675366189
3.58490376051261261381 3.29638039955086892263 0.12683478254554003684
1.55864351009954216210 3.50414500130090633689 2.21921259462018394260
1.19704858371837996600 0.35522905177236996366 1.24794646655742358377
0.78374608074905438571 0.27135975148792468303 -3.66392919524152649302
0.98210397644479385804 4.14895775424055646141 0.11388142365292441838
-2.50516662720885197047 -3.58759412654676212995 1.59896536988595538986
3.10014217521499624297 4.27077276848696296696 -1.65675493749791113984
-4.18722285551885686772 2.91904555117786568275 0.70148104619314910479
-3.27398172564307543553 -1.86217476813366289434 0.41676927846622557894
0.70738322617387527913 3.19679831325340391146 -4.11080152114973529365
-2.86279027084329307229 -1.59567414294133635977 -4.50757645301653919745
3.24058856081357493650 -4.10593702793959991482 -2.77315232145297674293
-4.26680704624314000029 -3.65390669193909323198 0.19842970448323615784
0.49732217334674988507 3.00320947468383803169 0.99679435442049335592
-3.83979668704709453664 0.32098073844453001158 2.65225990412662060436
2.54034742659266843390 1.67175957284714815643 -3.14113766921065717952
3.42581391101648780051 2.42600763435497590592 0.87865097935860081435
4.27976891333492215352 -2.24050826914153811131 -0.96685242863565656890
-4.43270651634329482249 -0.95335890647461862812 -1.50857795795581939302
0.02718226995161465709 -1.79611919516527063223 -4.20413902143018880508
1.98153356701716720778 3.60773375896331227608 -2.13848026960512704875
4.49982483130924837411 3.28813177375238918643 -0.71996052013033873251
0.97430679722603308335 2.94145974151936062668 -0.08657989130809973233
4.17888893171921704806 -0.04734431415072126725 -2.37681254500632155313
2.04560175454688231156 -2.23985706670560480447 3.11852293321665285930
3.24298056902698483839 -3.68911096029589069545 3.96414792449764608051
-2.67240516613255829625 -0.66121590203431823696 0.93276820512113189920
-0.61253470895862838219 -0.69621849578229033639 -3.34190081995397303416
2.56727379846942849184 0.97828665919990065447 -1.72759501237625512360
-3.08171648057638369878 0.36057687926011450230 0.71679105453495761680
2.03913819083329617143 -4.44279527000503815515 1.59485914505325343526
3.68534789229606030148 -3.31730040418521499035 2.97741590328520100428
0.42462173129450331288 0.83422609108590783933 -0.31552656721258376393
0.89345071660950292625 -0.46616156537159270101 -2.08302059487110691194
0.65284050179892538779 -3.94772978754326864248 1.80882821962799855697
-4.49348884111660318297 -0.49739216822241250071 3.20452269090937225116
0.56166567201297201706 -1.33960733670060294642 0.43356729560208240315
1.83235062344985077942 -2.53929429412590801363 1.39975138294020595708
2.30937465005686615171 4.46080639907020337631 -2.37989061272884638853
4.40644695254084428626 2.28575363575139256511 -1.54172964340736351474
2.16656200423036704450 0.20995780911666983570 -1.20666285374614989934
0.37413219731026625681 1.93123647690566979662 0.42200076357079918665
3.09695267001313911948 4.14475733200259188749 3.90443955013731436310
-2.87399405112915129479 2.30666188547970918421 0.77211453677979058341
1.51744037626033989596 3.52082512890394649929 1.19149109179230894284
-1.18685817402390059172 0.97320871255818364176 -1.12787925441209235800
3.39785411404499093635 0.86900029736132733404 -2.64324142919109750238
-4.08944498937768052826 -1.25829934001220333784 -0.09400564315016257666
-1.97396511293510901197 0.14855501089600764431 0.51832223613881289737
-3.64927990950352709731 -0.18309065474712937771 -3.26560512436613015197
2.57483401606526207672 -0.56786436328629719128 -3.41482102620517302682
3.34670872558987664291 -0.86651188323333672159 4.38237818531085832063
1.48869047316093539024 0.36225233475901408298 -2.00326826738485985757
-2.77089527753695819001 4.23010734823339529243 -1.51066213735096432913
1.07702102674098298962 1.85310284343324038758 -0.65208285299769475074
0.04618399179055554526 -3.53744257132526751519 -3.44241106629213966528
0.77273511428155927661 3.54701650531642886932 -2.18330056939607475286
-4.05181207882425464817 -0.80859184355407043299 0.85317385044060856103
0.38344561596539517012 2.19228628107987333351 1.70424619172093461117
-2.31988783516367513826 -1.51276156915398907188 -2.80607276647135028824
1.37116856615462179292 -0.58421882759314236466 1.84855351259488287496
2.37155275237187890269 -4.27476686440568265368 -4.42221261899806172835
1.06877346741120948792 1.43077038563002378879 -3.70662209630765859814
-2.10755407738379796356 0.58458818298949299930 1.46185788554817808205
2.32947755081479890293 -3.85316616453924609687 -1.25153824967222071507
2.43774634432003001194 -3.34606105259958841458 3.20984831662248826234
1.87117979805441425611 2.09975827918949331519 1.02150800783100681457
3.19019078413959000784 -1.92125292901650457367 -3.80026980882993914435
-4.50888463950284101855 0.94386780271022541200 -2.80030514915496953066
2.03054123496082628009 -1.84409963696682011047 2.15114209015106627731
-4.42020953274543337841 -3.09933682501076024352 3.60594112338599170897
0.68283671010164237458 4.31847126707437833915 -4.42308313040754708112
2.28844271060755044545 -4.42055373873424350961 -0.35457841239250331711
-2.48503337985310279734 -1.66786079422633370939 1.46363879096485849374
-2.64840858031443238119 -2.49219630171476236313 -0.58277116918217419794
-3.86465714698606399580 1.37996102983224844252 -0.03533264850872264162
4.01545667327510447109 -1.75974890924317683982 1.82483175030800826022
-1.81723347300722615216 -1.92597646178413883788 4.15768082548456074932
0.70952469951434249396 0.54698218826386924007 3.87734150464337812281
-3.52263139546252324052 -0.27475213721131019895 4.48778257738081176598
-4.07617675581186578171 0.16824927984161597294 -0.30973379494904929032
-1.17213977033203597955 0.66764581665850908365 -3.58125001025406497490
3.81099315147330930387 3.23496160151860490117 1.23605719721677420608
2.93276100961546237755 3.20428250200806719050 -1.82788479328057640316
1.33133607443944690374 4.02211810324013807616 -3.31926963050443646353
2.14852867997050633875 2.70370182859369112549 3.00502342118459697673
-3.26360940996755966026 -2.23564028361619104857 2.19803873886241163405
-0.55316425244591949095 1.33850681152913697503 0.08793009873167800805
-1.31816156105098913898 2.90715313791526330789 1.43605118999161351923
-0.56511088080005400514 -3.08018446486001762352 -1.87591717374491073755
-2.06673495957799602252 -2.68454405130654194522 0.17415542944732198549
-0.31979557485445564424 -2.97547331605532949794 -4.20385123312621988845
1.23736562639352065673 -3.25028592319322573445 3.55217150447955898329
4.32305804211636068857 1.52325149608309473592 3.42455474967845052703
3.69703598475744410479 3.65714442757298119346 -2.89203151673155600676
2.69088157127635874133 0.42781117386451050777 -3.30632886225492672594
-2.74924383719549858540 3.12013442000740326421 3.34244593637534936903
0.02586050353223789955 2.25579785420668965656 3.50124983787871446594
-0.04937498945944884809 4.44010903483082497445 3.65965621084043046807
0.69029129109457620928 -2.81834531995466397447 1.06204757440584796058
3.91403620604116841974 -1.22818894869548067561 -0.47106695265142040085
-0.74502349536874001856 -3.63430536205676757433 4.13625590355518735208
-4.27899119974472519345 1.39234735265216258426 -1.17876314993687536514
0.07923156475508363883 1.25643891460395806803 1.21028874639813288638
-0.90078809896790268397 -1.51126607730847517530 4.24241028057960445352
2.47142758370153803327 -3.14134863368820038687 -0.50260404481734255455
-4.04861902861687372734 3.02944432554561426940 -4.07433900048539943128
3.67336975494366857475 1.22067876051212120814 -3.72968664222672741104
-0.73731579283351944554 1.72574072636361108835 -4.48356728666692472274
0.98568097906311802348 4.50332676007597410006 3.09041715103617331550
3.36327618998133903716 -0.11228285411546767847 -3.98733690114518513070
3.69982348215342415898 0.04327888662055734414 2.08347838252559736105
2.76295022008247492806 -1.73017524747553430586 3.88996384463163469292
-0.67807090873540509790 -3.88837530548545506903 3.14521247804774528589
1.41160782632515680035 1.20718906983631590890 3.58871947156845383375
-3.40019042911531643725 3.62426577325412058173 0.15379734844848425013
3.41354558507634653353 4.40572607580753672352 -3.72303741776357588478
-1.48939429832438197110 2.40384194720202160056 -1.86446515607175911100
-1.75162479388828007387 0.68341491402604770400 2.48562802032790752804
0.20808775103177890031 0.53443781380943544690 -2.60440375437253823776
0.01688319682570327274 2.47599816570764996726 -3.89077787251102202859
1.00162799913710021116 -4.06388202718232705024 4.09651818288257896228
-0.96966316097354132708 2.13615390106884728283 2.28471796117626713141
-1.94133477933783549219 1.24525948993271740051 -2.51444164386344715112
-3.29326902874995175452 -0.26060804421196070990 -1.78755313048687547450
1.88645404812413719497 2.16523207518729865484 -4.07961747694968757116
2.32704902301035954082 -0.98170407075198262703 -1.34083446014039964211
-1.05193009675173776429 -2.25509026175958693372 -3.91335699132347469842
1.30527428595076600004 -1.62781831059967840858 -3.90450927350747623024
3.96433339818997598769 0.47135385664632334368 3.36056973387361868078
1.31889005506581735716 -3.65217042288098658886 -0.41088317997300460860
-2.07433799403276974971 -4.40346799823126122675 1.11179936280504865209
2.16356870391368527606 -1.14148429402881701478 0.67072465539030190484
-0.42641217273808340593 4.26092004862892093087 1.46431590894983099105
-4.42929074039401893259 1.98967995776875650193 1.69228808508192418714
-1.91925096740301182052 -4.24409170856414608153 -0.34560115722370898794
0.20508867400323005370 -3.57916749407411183270 -0.57561697260827360267
-4.47680017281292919051 0.33393316913376835942 -3.95579218310294189465
2.31397500583893922510 0.19135027909264579193 0.60268710391737378984
-3.60976850304460006313 3.99863619397754899154 3.04423842969463809283
-3.88415842427777446844 -3.82586431780343882991 3.00164029579739466413
-3.40731705290182462775 -2.57787465962502393424 -3.25127745063868323072
3.28462666141677583909 -1.26583618971225186911 0.49671126605972926171
3.71943224033378339044 -3.79465977565320899956 0.80614480320644776867
2.68798079454477889527 -0.79635929758190471262 1.68003050423739441754
4.53250444080515801915 -2.75716741270281762155 -1.96502775056633494088
2.81277331736475044721 -0.55965611525080749544 -0.16940114385184834589
-3.03112509062396107140 -1.10310902739941418815 -3.55331640048220531725
1.65193704382109896045 0.36300934489831071517 -4.26766164110986245817
3.11333218830361513341 2.94996314181358432194 2.36942175639101737517
-1.41482648887874740140 -0.57128513827558791149 -0.89511279640565177829
-2.37215597478272721688 -4.02191816486508635364 -2.59064020472474743073
3.97547924624670567795 1.42975879668302496839 0.50031669794222821679
-2.63904578371245435164 -0.05492066388251526377 -2.87028835731619169636
-0.65829843073634730644 0.49708149821388847300 -2.16331365534771791204
4.04325279519467439826 -3.50072850890690645542 -2.85757629332039719827
4.53600782021104098618 -0.89620743377905398575 1.98608655108020126789
-4.05256938737351823931 0.67604158714832962573 3.71070912941102459826
-4.46068927748166554892 -2.42338311993099475572 0.10426545525411778925
4.42386113618242671208 2.87687608350716228500 -3.10245763261625739915
-0.32159026424985093229 -2.97055797207934979554 1.45718247250195176434
-3.82101737244743988597 -3.30392792365130061327 1.86068868678473631206
-0.91217175784109194581 0.61373382630334649690 0.93084539632275919985
3.23326657178215715049 1.44242478965829246107 1.69859262236313934835
3.35831596605257676202 4.21997352376966627929 -0.56034539326327870157
-1.55024547856754502106 -2.53164305174372339380 1.49596980252855527027
3.06754115639871027810 2.03178249560775814331 -4.15337675531947692065
0.84817712899382069480 -1.77389992187193712425 2.58976656322474596550
-4.39972570407632446177 -2.55367432177068032217 2.68912861403147029904
-2.59009679373710088868 2.42833272125345533965 4.13737233952779615009
-4.14683722565565204832 1.16241556679611424130 0.98808615836186763914
1.89925069694285664212 -0.76681650507168219733 -4.45048504352744078716
0.41409412130275402575 0.35691082632755222193 -1.49991699003843859117
-0.99642981885062997804 0.55721964693117698175 4.04153167416818615010
4.09023175364188684711 2.15319801121899878638 2.54218770135012928080
1.28466398710293105978 2.84581832875874329858 -3.18440901726313585485
-1.90910075432716475063 3.16782527958018622627 -4.04245775001515283975
-1.68207444903962066718 -3.27144916089211257315 3.99727937145437639543
1.50477601647136971508 0.78159473150216562942 0.33257581655389856223
4.47915072534582403563 -4.30916346825423968170 3.89428289654146286836
0.41183959559518967808 3.69725117475260045552 3.05135967851192546618
-0.73431057633136331830 -0.60618947427046876442 -0.03323584381856115044
3.83161361898297148088 -3.88291228214226835647 -0.47149009940993469314
0.07185450536512583142 -4.09628085633723237891 -1.95628857873395389788
-0.56968313806546078126 -2.55897586260830944838 3.64542453779650177381
-0.17988510975511218248 -0.59165375273551124025 -2.21947487857087866203
-1.75704967271145617858 -1.29148134662721547627 -3.99023362251419166924
3.55407746969618099087 1.51791407781873655125 -0.55960031755532479991
4.25008516163563765389 -4.48306570795657233219 -2.37305501905608373647
3.38876569303243702080 -2.55846499351487377538 1.85388516626477972693
3.04510220870331860255 -2.01858219214742140579 -0.17566017317233040274
1.35352227994287854784 -2.69309084056125191964 2.27514331879440501183
-3.10508858278642563278 2.24403771703038135144 -2.04498730900639724695
0.21891487310742174799 0.60487038091079892155 2.10943626084782653862
-4.49103380626179671253 4.37905821737121225823 1.09047416282985754066
1.76458314831957086000 -3.95393165023795001289 -3.21999215547558303996


