367
-2.42813436770790502806 0.31911326637573722564 -3.47837110154127460149
-2.60715176990529950984 1.38535401975387628681 -1.29196900723490193386
1.08224599937719556664 2.88280605183895932697 3.97704463934493457344
-3.39776167841947884796 -0.52265744947297232414 -4.23078091616820906040
3.39793063435228059888 -1.40200924144106497948 -4.17576934154405243760
-0.67874616115898112056 -0.15882494956377257722 -0.66724332321688706315
-1.95311474103482796139 -2.29304345694977484982 -0.40413147491833090186
2.61289716784932313232 0.51807815532604806208 -3.05065453518613693973
3.46637300488897093231 -0.24120401494728138658 2.04609666365119213793
2.64817921790106236557 -3.73963933872998310903 -2.55742961404691859784
2.89407474327680080961 -1.54136792032118830065 -2.74304149085744919390
-0.07321056184129215438 2.59077440960127258762 -4.12228752921322882941
2.48446994192058756568 0.32598977266179751666 4.41793001328648937687
-1.83239096809174695224 3.83195877905808313102 -0.35124206962706505664
2.83624216976565790560 1.62752079196600440980 0.91301429509171683208
4.09097129668546788395 2.38407086277598079249 4.05729211938813971727
-4.23599789960527317589 0.82294613316041775875 0.47931742788670916866
-1.77020444233694984604 -0.29383049636234037649 -0.68991530782783705433
4.33270667756892446931 4.03724571859830039244 2.40426986900857553309
-3.83131843586684484038 -2.11635743523900687890 0.45591311750460228325
-0.19184065940474770429 -0.76375572651637302357 -3.50860124382476668004
3.36957353578290952356 4.13953145540494116261 1.06747512507238440094
2.87069799786489188165 -4.51310909309779706433 -3.31828693918885697656
-2.33887121950455911801 -0.07262896944336461047 3.92028073018044320719
-2.58565381490805323850 -2.29304090394987847290 -4.25210956956137309248
-1.32465279895397225474 4.49903133168458690960 2.94161097918079672553
-3.80434556954742708612 3.84581191215102347059 -3.49991353520335390925
-0.33989162115969140388 1.47988227147116013782 3.24641483920967832688
4.32512852211255971469 -0.11498419536788873074 -0.27134971640735638942
2.22701230502055480542 2.88508264917701673369 -2.01176802894675654798
0.92530927652724148658 -2.51427249653200091117 1.56425334207366528716
-0.26559786139451357911 -2.76139660523046082119 -1.39445415553964080502
-1.00114898573829247397 1.48402062540279722214 4.35564458857185865526
0.93088658184848238619 2.39297736292893237220 -4.08610332056938485579
-4.51106058223017658548 0.31396992235804876969 1.90931960093911623488
-1.64746508524353529879 2.82042231745664739861 -0.82491571150133546908
-1.75303825441809424390 -1.43363613254270960695 -1.46494201009196967078
2.18144930644262391439 0.84472352076219348049 3.21483441043279238869
1.87754036437436511164 -3.12000637683717974014 3.02794531918331522036
2.82372077403907084658 -2.95703683490251378885 4.46981545337686636543
-2.28042815063581105761 2.67268310375582718308 3.62156366600476697926
3.88454705590759186151 -0.95110462155492037084 -2.93789907409650341563
0.73221614312433835892 3.80184187890745040050 -3.63808069593285221544
3.94250598099833471366 -3.65539236851008331186 0.06483787795792217423
0.23972458792071993372 2.07705562875775573417 4.08344443443904037139
-3.85828150156534910309 1.27774179292975453848 -3.46871590956639552772
1.38295861055983326793 -0.20369326669789344919 3.76957291376084224765
4.30735841009489828224 -0.68183847864029933916 0.92334851149610042143
-1.12165734842847308883 3.40972772480784680482 -2.20732525032812976207
-0.56828766604008018604 2.21218093530302351013 1.67210173997285949099
2.48461610508626495886 -3.73801554604852714903 -4.13535839653798920068
2.71521622078355751029 3.93491367894792443138 2.54574274474030826099
2.90055595490584128271 -0.54363074080047724124 1.13677282285131298067
4.28139844096003852059 -3.52986587746592261894 -3.11100142736963602985
-2.23861046594213686234 2.70088351129566550668 -3.19789639966903305179
-3.39751283407735416020 -1.14722832166153176914 -3.19722596144489390468
-1.17870714673516419069 2.08153428735456724752 -3.62811387807203322708
-3.39034704411747656039 -2.11240278460998265331 -2.74990503354128890123
-2.33049911852626179254 -4.26845019381639367850 -1.00874221295000143783
-0.92760895335355009195 2.14029856013413599669 -0.32556539765963687927
1.47996636044786011865 -2.27773090629215424485 3.63369558422643290641
-2.72847209230336273933 -4.21368035320812772682 3.13663280498565733012
2.02002482393559734675 1.24685247962028622482 -2.66088149987980449040
3.69459033385058166488 2.27516950690632668852 -3.61179008643427579273
-2.11385075397024246868 3.54879010087570190279 4.51009252672646621107
3.16240308665514202602 -3.83375029427489799616 3.99742333354663781364
1.93645244894034984640 -2.77606488294670716854 -3.03796061515262039165
-0.21313348135285803409 3.86344586134652256959 2.96931618968359867239
3.13347336386050745460 -1.32649343557412180417 -0.41956585339920060562
1.92431393755647395238 0.95900837724407850260 1.57105920271121757281
-2.19723572423781554619 1.76099482995615463921 1.01126300609241592809
-2.66387445322764637723 -2.39750721128444910235 3.18649651859829230460
1.74839543362247340497 1.51114465665974240238 -3.88814779094577733787
-0.76916369568634035403 0.46286810333214134516 4.04524724450483841309
-0.83782735260347962480 -1.82765999788053745689 -3.52362088567476572365
1.52909779625586939034 4.44243842089008733609 -3.36832506543150955736
1.84973051625431228473 2.34800482524487108549 -2.88314968555551676133
3.58390702171432362633 2.07621905714451582270 -0.88837538283781114501
-0.04421156835475681390 3.80571094566523537850 -2.21686239685216390782
-4.12354192080913239948 -3.82278056877424976534 -3.89545947696819894190
2.92057381020568751495 -0.56306334058231088946 -3.29851519087927647078
-0.92516430699137863769 1.13705332180840468226 -2.29766556368545460387
-4.36001109678162546146 -1.24116184039257593241 -3.67284626845412764951
0.73562741496569472588 -1.62277661919338189733 1.99383627142187958015
1.86382017166833069410 -1.69108238481707484624 -2.07204382794982011617
4.05460772580252193364 1.37196362678857042283 -3.08108255673813946629
3.01650294362957804850 1.22042523754934872926 -0.15323214352397496185
1.97008264118186282587 2.41561770043905710281 4.35898954581942543740
3.76469641688695144666 0.41826900174437930957 0.51626649390380396909
3.60421305679680781253 0.62417141009940912966 2.78585627436705518534
4.24101473860317224052 0.79017344569081338079 -0.69998734024615849592
2.94726810725876386954 -4.49390907135009687323 -1.01442112050301691539
-0.70612841934952896850 2.88129612915986310639 -3.19369399712257884261
1.16129772662366814728 -4.28300844901816102350 3.54196907493194057537
-2.73169395756321709001 4.05887277287382541857 3.66112191685824495124
-4.36286154715473450949 -3.08569110608240482208 -0.43437375024345392660
-4.43035048512046181202 -0.07969232828022132509 3.07280556468682686244
3.62435253961676995260 -1.78274193553826965086 3.14491344706809083931
-2.15212600937662301703 1.24046422177048487612 3.58189728120587336235
-4.00736542520476124452 2.88262056319213044731 3.10597892399468644697
-2.41918583759951122403 0.50520908386302654236 -0.28849221069794594996
-1.72289440102131585775 -3.53272918071048414035 0.42700754521297312749
1.16223099029464460585 0.21900526017312760274 0.59798222155079283624
-1.12424981734821827217 2.87327468386619333529 3.39632389461048322943
3.70593392379478725474 0.25446017850973756680 -3.25311191005564914747
2.95219030002014726222 3.43460571293628280642 -3.17147933404302229121
-0.46602788158188790391 -2.75317691317608304047 1.95819589547918493366
-4.21429731530566265008 2.55406747779464815551 -1.73020406610809818204
0.47878275572008899275 -0.75079124305573152753 -1.45799560019344331963
4.13669672726417214648 -4.19521337514740455532 1.31736852886153066322
1.95805960651298072150 -4.39448382074494237060 -1.49801273570856707806
-3.44302867097960074716 -1.32532575903018612351 3.77075932957089232644
3.88140155280102572277 -0.35582930694287906448 -3.97939160162015514999
1.21074496573276935152 -3.98924068382054564097 -4.14985839465348860244
-4.53686588352505193455 -3.75323267448668751456 2.46019317473912391137
-0.38855749965857278028 1.24852425330556027205 2.27468557254009784430
0.95917933309371505857 -2.79618151069648046558 -3.20820152499224198195
0.26551937099105948903 1.81089291930367846106 0.25502507477630764754
-1.14115397371953353201 -1.10631345441691131271 4.07483625122980352984
0.21370164822496651169 0.03005420632376054613 0.09730033278574623523
1.61766387266213751417 -3.70614362699160793113 -2.94624681382993758305
2.68966485428842982941 -1.53880077386453173460 1.07207902941010591036
-3.76570416277080566303 -0.56804362265416008526 0.00088625990990465198
-1.05228908735828685650 -1.19471606250897099954 2.85134943912311644709
3.99670013670989465737 -2.80743364092159275458 2.38575917743707410779
2.42658343434655687787 1.52444677312282461656 3.97379783114338547279
0.35856725349533036251 -3.63161350010580719072 -0.78747655135051974895
3.17974142995255881772 -1.95837020307366316274 4.04223822665184595593
1.79703834996095412890 -0.71044214159741869707 2.92582114505855983566
-0.94579855731314399492 -2.65611189082376997206 0.68049083113177744053
-3.72446631683757445330 -0.29610826259093769863 3.74004221048093388191
1.17008663963546233333 1.09812614445743506053 0.04733237041024729308
2.34247057703966721220 -1.69431307317450929872 2.50916451533673434682
-3.49686108150972119191 0.09567972679782510426 -2.95005302358773047189
4.06803571802431118698 -2.10020914450091789050 0.96030160240718398512
-1.36354882097906005001 2.09027792626729258529 2.69653070199864153267
-2.60706296059698994227 -2.99967340353211886494 -1.09871312977055612947
4.22358011369984875927 3.31139676751234102170 -3.20370590363827867364
-0.98802314898458476478 -2.03505511373967440392 3.63518693377249935139
-1.58969849708324595383 4.38008057092578706460 -2.20317710947885236905
-1.55042531503806557680 -2.57916960646843751448 2.88911739975711423511
3.03282913512982155169 1.35240596144192171124 -2.38673724007534637792
-1.03103186436320060082 -0.12897541953658375746 2.01827046948881427824
-0.37212905476944246885 -4.36162039514387966932 -1.39714177457522836789
-1.69264410937351250652 -2.50166600922213433478 4.39145515425081978123
-3.14443476194275683966 -1.74306802827880868989 -0.67413965219515636917
2.87275653159335409015 2.17727365254510107917 -1.56121534346437140783
1.79197439849856543503 -3.35411568420695749282 4.13045352522146824725
2.42693996698828673431 -0.40827239293326300640 -1.09886357846601967481
1.96879700203720275908 -1.22724221794715848688 3.83935455301399475303
-3.07333892873105218868 3.15693786453397517988 4.16998745915599844380
-2.48612367229596209484 1.76053691957608293706 -0.29022012935757324215
-1.09695189236558343637 2.26004841599814199071 -2.49336156486126592213
3.48389275652863350530 -4.36962170039123876109 -2.00338793543557702748
-0.51043766621730846111 -1.20402790349521549018 0.08100558473874830412
1.45545823269029117597 -3.74802232074911767512 1.98372867108504191691
3.35959056880487949570 4.10076557043681599879 3.56459797982280246487
-3.37377719674014997508 1.95510292569951893427 1.63522483266888674081
-3.77753111896899040900 0.90845910848168465179 1.34856145664079374313
-3.07072616405661014127 -1.63946466580519745193 -1.79991860163628336622
-2.99820841524226233688 -1.46652180111762397985 2.77626179783029680692
-4.15923677421152326872 1.78711693055083742365 -0.11895390019634977108
1.13678735096234007074 -2.64768071947675176503 0.17304838771972530509
2.62872714366302151490 0.54977491246317367057 2.37685461517498275441
3.84694655092880832825 4.44584209932316820613 4.26706709413236406903
1.16163547956460089239 -2.33938888272921685640 -1.36111447169902710641
0.67539455012841553838 -0.16647901188482361334 -2.37882873379827453064
-0.47706477753532894326 -2.76580416805266837699 -2.54595269753836550564
0.89353668493396476435 3.20470736391117760888 -2.62369881781536662402
3.32595726641211619778 -3.54690946073178015041 2.70260241491411434822
1.67994814536113690195 0.49623206592292667949 -1.75112822292593772744
1.51100703636299371624 2.03808983954037525876 3.30509975196971872435
0.52822565734587634267 -1.30726402949937581255 0.33052966628910596114
-2.72439941501132043555 3.72634122050461957798 -2.59154784605359145289
4.49838687675838766467 -2.22282731850049231070 -3.49070798137480453605
2.64762430955952066114 2.30331904845839208207 -3.82449127040897662866
2.66081563688443001325 -2.99458079071598515242 2.05742386943422861378
1.85657886360233437273 -2.63310709117169094995 -4.25394108482959865114
0.71223737298507394655 -4.36468693327786905201 -2.56737193872686964013
1.34764798984908384938 -1.76095139776925257991 -3.76089221567492648646
-1.39866508625103946883 -2.21836561478353733179 1.89021687845368013825
-1.45733893031211891866 -0.12376518735239905311 3.21114868476088144433
-1.42278087306416534119 3.80385946616890091576 -3.70190441181967955231
0.75364062087348138164 2.04267522681146562746 -0.87065056628788184412
-2.64267409706757749888 3.12067689737627596003 1.75194412272182820089
3.38152597690753875526 0.46093922923533803271 -4.21459230500499693051
0.77418830057516085930 1.19444088059655317835 2.67915484196548092655
-1.78370911618919159025 3.00748112079164187094 2.39829286534195151859
-0.41812397523009270373 3.77773263324058294899 -4.23715753307154852081
-2.34410021875864149621 2.07239205896904987725 2.18733846091026862268
-3.60651708185372532611 1.01586097985909784569 -0.46114884567409042404
1.01848824871532261938 2.08929352806293433531 -2.15389568183965840475
3.01577002273391148179 1.28337303809671254839 -3.65323116186838481312
1.49488833855184299892 2.28400354917198367133 -0.07111872749143266503
-4.06075895368837969102 -3.33915982712730929904 3.41455649186331466893
-0.16587452383470235873 0.14186089053048256403 -2.03039153162646890394
-1.37302380464813511551 -3.33198141580975759624 -1.33320150802631376408
-1.81331830753170208936 0.44380559644180195278 1.09097871602862461771
3.92642108282831525656 4.40548879232553414198 -3.43470962807871993405
-0.64442115248120668269 2.59242757355738895342 -1.55272607487258351711
-3.74404627752456908851 2.57030021596939484141 -0.68258764434700269774
0.05460820131189869642 2.56955020777529696829 -2.23662043336768912027
-3.16547700160067080333 1.37971152915304084985 3.94604531996285690099
-4.24340563180307039914 -0.93304869779205423796 4.41786348680171325753
1.27707095687183880273 1.71595156563815098849 0.90502947566445968164
-2.14232226413697812717 -3.35786948608895619017 2.32729725006532195408
1.71980464104926422664 3.18524585560605100198 -3.72359722306150109361
3.07192591660802971631 -2.58587202988287900851 -3.03955968345936167196
2.26557809068919713269 4.14354687340946892249 -0.26727436424050843300
3.16446893988521882335 -3.58914027496000009876 -0.65650585322863763693
2.98478709916787376955 -0.69242371412805070463 4.41125843979785603466
3.96895439148600726043 1.81725100042689380331 -1.98385390610397127631
-0.49499300922256672663 -4.33975344497985915382 -2.55577295527501835437
1.40022738230183652064 -3.41729423669720322465 -2.04298057236783536794
-2.79169539978995739915 1.41725935584304529868 -3.33876223369469782298
2.75994777415620440308 -2.50135960755403186084 3.12832069568270565441
-0.18003257748824275097 1.58409569557900642423 -3.11191835977914621481
-2.26297815156024695327 -1.11779762264425741591 -4.04314262328602946894
4.00589196977510209052 2.65909561910501057724 3.03198382463717841517
1.45821455225273144407 -1.58034259074976279891 -0.07542703419675245158
-3.98353587686745758134 2.04849238206109696137 2.36160912630589603367
3.53693774906018898463 3.55179029565844484040 -2.19219600728917951571
-0.21668502317059346041 4.00875191641512085283 -3.22679302832400338730
2.33709918457729592944 -1.73085389787387589067 -4.44408400684945359416
3.07009836019086090886 1.87843648839999577405 3.26232996847919665129
2.00755698091085310608 3.46425919579183361208 4.39874574472270918335
-2.79238836159642822565 2.97618796102838345519 -1.14561154393745701086
-3.08467190208074981683 0.78927832724826707533 -2.13541610841601148252
-4.21329416372138521041 0.52070526381316195597 -1.54377179819542753592
-1.50408754629998453467 -0.84715971624866170941 0.15694838826890400441
-3.95156887763129693880 -2.69956076458692573183 4.16372681339557804137
-4.28966290010424522450 1.68068111770316175324 -1.11521441567494550284
-1.58750634179694039005 0.50355668111170270862 -4.06906120841463803117
-0.77666943548644828965 0.53491439218589587057 2.90494530325717104091
1.20155732213526800223 -3.30913537691601300494 1.08231784972722788751
3.23112285131637388957 -2.26796327113255502539 -1.30989348175263087271
-1.53304235503675734265 1.11815765752207418871 -0.93005811730583554109
-3.59967693091537244143 -3.65055804015879292734 1.88084297467682315386
0.60275448000899700673 -1.87508034615981156179 -0.61102316024786329507
4.16554375395263942750 -3.44875167056035358826 4.22104786351353222784
-3.23687583859752869841 2.76320213758313215635 0.41748436236787966891
3.86044589621086853271 2.35923384293203852735 1.96038307292090951961
-0.13994815548676253769 1.62693459922422167807 -1.74001772026120216097
2.43025380817294944791 -2.64961703211327881391 -2.03348069216863658326
2.63733214963198037140 1.20553009011778211601 -1.37688251356503865708
-0.23947320108583891596 -1.34160368672699226167 -2.33333079723260672367
-0.69972570954725377135 -3.89081143720415356668 0.23408471643665329509
0.68700775982519513008 3.16018556836748576444 -1.39750925219689037249
3.95655419996860313603 1.31491709156279412696 0.19349773316470741946
0.71823753929505951277 4.29735014242606450097 4.32895295751381592453
3.30811014204097286751 1.56021996693917142096 2.14181042669404764212
-3.29014931088200945908 1.67172863644538072236 0.62998912508966053991
-2.89527574792873076959 4.26004224912325124563 -1.69726341802963354155
-4.26701491880367278497 1.91207955000658103017 1.08199766421957743745
-3.34636830361927994915 3.81803999159472251534 0.27890481019679658203
2.47377700705223269040 0.48956349331825776972 0.62224147704953214344
0.69730493452709030322 3.66786993426839824650 3.33750446251012977683
-1.64233060777290473808 3.06096012501361069980 0.36314441433442024021
-1.58469568544928707254 3.95925854521348430382 2.00700339817897965844
2.06553721656160238496 -2.11339554069199531128 -0.75687735966117175579
3.70489801501213822377 1.38100523205616543265 -4.46685424884077075802
1.42167597945488477507 0.57341311387440363490 -3.29080155642612082190
-0.47580648386395463234 3.52114050860001004395 -1.10355548519928303719
0.99430964601225735322 1.73061853864575443396 -3.13719813004667980039
1.70131830969142416876 0.14468110346562657043 -0.41821803993527595367
-4.45777732041257745976 -1.75856070609595960264 3.93314031122955842790
4.53688383038881948295 -1.82365735531946127068 2.35802643672426892607
2.66970350219384400248 2.75557001806882606587 2.71895205534044315243
-2.22821492249317376633 -1.85549880687969714899 -2.41930207289952159400
-2.91647622981077470072 4.28781538299036224515 -4.07058822147399013147
0.62720724699168517446 -3.21979457810073599333 3.71369559109600810842
4.46886239186272771207 3.07716869037035944956 0.28116480361238860297
2.02044168758521269780 -4.46952985099646760148 0.65491570401171905758
-1.95885010840073858773 0.44219721506695197633 -2.30836907610194241869
0.06305836064541114894 -4.05301985024367628085 -4.14470839638431787222
0.31971100475010505448 -1.51784963752020729544 4.29906621604772443135
1.69103462491073308627 4.27737235832492057597 -2.37168267293847190302
1.07625052810601751219 -3.82344242515346577349 -0.07367364685392985280
4.16473568929266679817 3.73081085855354199765 -0.74350483190456362337
-3.41755892371600378254 0.44033920773057211306 -4.50378647388236608151
-1.96933935950017113825 -1.43837342823188052421 2.32476188638420921961
2.62424890544302158446 -4.14932951812269390501 1.94337358149572470012
3.43334881185141416182 3.25999662037868898068 2.29673664058158344403
1.89054345143679825014 4.49258355737213843639 4.39735667753557901705
3.91707346806635481329 0.37130443278392899487 -2.06599083656646653750
-1.26951598682185951006 -0.09947757386536970614 -2.85008288679584120828
-0.15581130784360563979 3.16709578780591094471 4.04294706810150739074
-0.87245986556600474415 -3.03542869071439458395 -0.39559845787508418624
0.41907293445630067197 1.41593819211091442867 1.55526232467888103628
-1.01056834360775837922 -2.71554615565431811675 -3.44731758181257808005
3.27829832520138975127 -1.99526696000085479454 1.81384948874306406452
-0.91969300331142944671 -3.21648639883885367752 -4.41506876616424825954
3.89298540496580525172 -2.48402498235251290026 -4.41506248244636001488
3.08756014140453238781 0.72573563948747477070 1.48975443057229117727
3.02438410956691328124 3.46780780732632631924 -0.91801380920931041629
0.66348109275131861295 1.41932708352307468402 -4.08633843782650441057
-2.06140570201538597672 -1.64264251657949422736 3.62138837292248805255
4.20151661386595787206 -0.90249560636606229735 2.53255384125756766167
-4.52399450718805784533 0.42571879136907142538 4.40729794357513693370
2.79290821082412943355 4.15227729743673901197 -4.27125392394907432703
2.15351936096811247268 -2.87946935553835992039 0.98387688359133829152
3.43720498608726021672 0.86346850651559670098 3.73026079998410775573
3.43751121436488205063 4.30436114799764535377 0.01995864837935368286
-0.02168138933292684811 -2.29368209528983335588 2.94959458379954941876
-1.34945391373079370823 -4.31002758014799969288 4.52184171188759531645
-1.97893554562418350073 3.69402927241163947514 -1.47571135300918188094
-3.55878156036909665261 -4.43227117493608169241 -2.47405841859515263081
-2.61636179624729026116 -2.93545501726583291102 1.24692645311126160124
-1.23757680923265311890 -1.15878465060756896676 -2.86439500236939226241
3.72916937704630857553 -2.75699514380275667591 3.48980762846003411681
0.33005068273173776561 0.34256117344469849684 4.00228498224097517522
3.53244495757382903633 -3.33675359402430116162 1.39035273752704835459
-0.31713523958831668637 3.03606234725552504017 2.39636808728285277681
-2.72976048649572300420 -0.87162836520409658903 -0.23525998826138039277
-3.13236298403435320381 -0.64959714125158551923 -2.07742333126924672015
-4.52926379357157671279 3.07723917173872951736 -4.37174011445746746318
0.38576217078319618992 -4.24246716829021330852 1.52775783936374587313
1.70254047823127141470 2.95087830456994826278 -1.17032307795827783536
4.45921908340537509474 4.41810334968698814606 -1.64766200836097098659
-4.34145375651535125883 1.60810798607417293482 3.76603261008344691874
-3.81789017462915314383 -1.71049636089556766905 1.51258853646998492337
-2.93508598709498835788 3.21890083964911077885 2.99885817804021659327
1.01061278147358546420 -2.80754103369825624981 2.85660295308033607142
1.94425231749000371195 -0.55616385728476380734 -3.80638380883924920539
2.14398194624732951752 -3.48903365178372215638 -0.12920797796301819460
0.00362595135179155648 -3.15763133958901187626 0.45024244932343382430
1.66356992260807601269 -1.14827881263329611983 0.84712116001204318394
-0.80834321138892084591 -4.23917139572724543939 -3.54263386548727643444
-3.16620231683087949293 2.44524168437270184029 -3.48355190640389178469
-2.23829714095579124233 -0.46097677557725980080 1.59998184626075623527
2.85763028967968946148 -0.58351294991280688862 3.44617778247818229431
-0.95515705710776321880 0.62922659923812851446 -0.18037255099267568426
-1.06815016360506254145 3.90789356775579310721 3.98086769292547426602
-0.87346166603023833730 4.12410302737515532812 0.13814839301438563979
-0.17334685146889317053 -1.58360632403632362042 1.42069779474295909694
1.82657697274976005275 -3.31296580098957216265 -1.08971477607089273221
3.15637155502434652021 3.24112596282482723353 4.51037827071872943208
3.11391587011970738530 -3.03504793596649502518 0.17271163466706429546
4.19662144476980625285 -1.15630091938516699202 -0.12816569196154237176
-1.78834859358487729963 -3.93750296621918227657 -2.90155303453332713559
3.84661537423727128981 -0.19209081128775817859 3.90886472597737277823
-0.32294638955312926498 0.85025745124828500110 1.16404743158386558832
-3.48353818495308464875 -4.07675184277315505454 0.66065551655574239476
-0.65173616506569720386 -3.01958190509802415491 3.62221150350992449063
0.38051884677592351380 -0.55574897898788577777 2.60540526008816097914
2.95229250569672974081 -0.20200911444780533799 0.01078714524690216336
0.55637668199523560020 2.69261513296126242523 2.96240438943722494969
-4.15194294238093508653 -2.67210794729584666385 1.76733225758700829289
-2.66265054154063207648 -0.03133906692019472473 0.53096266161657812432
-2.83713066111861111906 1.86136420886994091717 3.06057087353501788840
-1.34608552480207643853 -3.35296939181177577893 1.41386285212469431372
-1.13469981666769559325 -0.45924593792642198764 -3.89361928248347188841
1.86736383685781071051 1.78391677628498701580 -1.69205432912543862756
4.07641926338033666610 -2.13905500294027461905 -2.47462881232093545592
-4.03368867248921603164 -1.29944815550246328684 -2.03447525757623060016
-2.07771927936638700629 -0.76926623550343142810 -2.37697789084604105270
-1.01995624548718977209 -1.22290285028852618865 1.79423358649179931490
-3.39213109683097080449 -0.33840279041428633633 2.70944237333830795222
-1.73932810719108532638 2.59626597694155858420 1.44803386556075874836
4.08573062540735332249 -0.33135603206678254651 -1.22379727180484643156
0.68454450310282055625 -3.06173487003336797230 -4.25704815908653433354
-3.76910081917961514719 3.24876739781739676260 1.53840221650910891071
1.85304533455857889379 -2.05793393562385196205 1.51666848776311358193
-4.44354430204245254288 -0.11684516671256961473 -2.70105596344302156808
3.07686836435931088118 2.25812440531764035967 4.23005025887097030335
-1.82144683462782586147 4.50298270131519817738 0.79885101192865271003
-2.81133076138531690091 0.48317871978339343997 3.17975994049616073056


