21
1.77926739208987694241 -3.10216782640923760539 3.09288640574680595563
2.53875032480083895337 -1.00225986941296874022 1.96561891745725336733
-4.27015952555242073174 -0.57782747160178615786 2.06549191069774007445
2.67138622601738884299 -1.76494663791753225723 0.40779240658087978488
-0.98689471030271791463 2.34344426994916688045 -0.94884409182462325916
-3.19167464459873340132 -0.23569370701855518746 1.75408433802990071371
1.65437047715912566304 0.69471192444970242263 0.32798368016465850872
-1.69190852956960746667 2.15891618728002487870 -3.34728025716521804256
-4.39370777357355901671 2.38990197908636314850 -4.20311740730975458291
1.19804081407780227408 2.95121874270634343418 3.69072715069795354026
-3.34709421902556192308 1.92026305819122011798 -0.17328247210632596875
-1.60155503846602620399 -3.23615264375056321811 2.37207110914082086595
1.81953896595482955689 -1.81684969436943166698 1.17888211067886494732
2.46555281901588241311 0.40093884835105964015 1.19635425773419790119
-2.82783658836829987493 -2.11478283365115204973 -0.01767404220054746844
-3.53033065567433679277 -4.17099484260342734387 0.65750976711364206295
-4.40326602491712471021 -1.18004782603288882470 2.99046459626283223088
-1.23777431197298648513 4.27468319681549768774 -3.80228251767995040211
1.04895553001796315584 4.38724537642917855607 -2.15867209315650576684
3.08529461025394891038 -2.63145833558659525409 -0.08566067609508465353
-1.47986080503594363833 -4.07106895361328646743 -0.25278224696047502107


