243
0.07958308061161556424 -0.01880936162147950341 -0.48127167770279122294
-4.41779707090418138904 -2.71240070041329905948 4.21335512067148965087
0.93696315555798559416 -3.23998421089074239987 0.91717821879168681676
1.74648574081494079024 -1.05945594413898547259 -4.31992663562459711102
-2.35422835145111175592 3.49197843967365262330 -0.57119145109660696136
-2.73633105781928165356 4.31283743466321123350 1.22617883452630405117
3.30386322040261326549 -2.14745316962159282781 3.14501171322694617061
2.87205236440544897647 -2.35640330864932412425 1.14790128091088927675
-1.44413168680368331209 -3.90411694854170798763 2.38394807406683550965
-0.14557859006403717217 -3.23087485489659353988 0.57434060585628898821
1.75485148320337369654 3.76571025420286442653 3.48282965880661787850
-3.06741348274716685296 3.56133823644302349720 -1.53597422322580801080
1.63784819323832664395 -2.43956918097290964553 1.33449114805631552372
1.58065038552715808606 2.41682764810534234101 -2.41808645642376385254
-1.98484183517186618673 3.80066826197110518848 1.95135162755687563418
3.62806139421421125490 2.69873485707438476311 -3.25659333509428261522
-0.03304168887650416053 -2.49901244696641056109 -3.09259961799762539414
-2.79129499160929883672 -3.83774295293711453780 -3.01863259034287656490
1.37191207780531687632 1.18491557395554991672 -2.35295268553012704160
-2.67590518251170239594 3.85840806509610612096 4.00399511540539787546
-3.12898482940482525194 -2.44776314460166588560 0.10978025292356008435
-0.74354716572642276518 -2.83275975995567330656 -0.39113382307352306810
-2.41129220917260900237 -0.41297684570967163609 -2.61304118502618720754
1.74155335549141998541 -0.56104748233990431316 -0.39741552321380613222
2.10488125314277407796 1.60551186786296273823 -1.22591865467377036936
4.12980783228321168821 2.54352781457477039595 4.43504099458643263887
3.24717611228494718034 -1.41472661093715279534 4.11850662433483893921
4.11040406259940649392 -4.03839415039129434604 -4.20621498570438046016
0.24033743003317553644 3.03920834085537183711 3.99926193829036247251
-1.06417924228759019911 -0.15844079081160966638 -2.78381113616631781227
3.11884891733803915059 2.32534978133786207621 3.45584971494470760689
0.13537168051556580650 0.18582219508750963399 -3.66754730452434563048
2.66397275185462856228 -0.84884948210977873018 3.25561648102890544010
-2.86385679669369253020 0.18756575612204962056 -0.66594649483403056678
0.94976077240445277994 -2.25988138977337049695 -3.97177057251872600574
2.63905297204238564746 0.37463388956952226039 -2.75293322584899069483
-1.45316654121060873095 4.36179889328326542142 -3.30972536694332575280
1.03151406491963193446 1.47502710643948908853 2.98069259207552139657
2.23724980380102511646 0.72307273577704389567 -4.18062297587759434947
-0.43347214914486276172 -1.28001493429202906071 -0.93022590350976974705
-3.79933779645221036958 -1.84002342543609431758 -1.90583226536722794009
2.86456682396877138075 2.10767438413491703386 -4.45974806977225579629
-1.60278983960569787470 -2.15946344828200853527 -3.91520280126842523671
-3.95443651082607150471 -4.06763000842094335496 4.13801792335762552710
3.00384649893708743917 -3.47806957197780652891 4.25261892945218900053
4.46960796379728808603 -2.71396373095905429906 3.02008478949919023648
0.84000738947254838251 0.60831364101026963453 4.40491986709141247758
-3.77434614083943698049 -2.80126650767468809988 1.33978821738888331794
0.54265881741553290141 2.14213145710218899609 -3.77834423375305705761
0.59002786593179568086 4.04053045970514101981 -1.32843085339496091990
-1.77222645544139378870 -2.57468782109781946232 2.05513145940035535375
-3.06780896682199610837 2.11373797286309628163 2.90506684323105179857
3.03289273384208790674 0.26533881733532105329 2.35656733986504196565
-4.42616743062788842167 1.06313138041617261109 3.97126762005913125364
-2.57126268542281311014 -1.92361749114551727757 2.27917793711751226482
-1.57208151735863044252 -3.72545672365537283710 -0.83188988338763225627
-3.05120443693963183662 -3.55387142902605157602 -0.30337941030584403279
-2.66652812216185530758 -1.51862335199846487654 -2.88776161439959011545
0.60026852402351238425 -0.08023892763573314824 3.74621587750680173912
-0.76070788468306371755 -2.26948043733091786578 -2.08470789564451530751
2.67286895920309763852 -0.76167648088062467338 -2.82941352152391445429
-3.44382200232259050310 -3.62216567113519305465 2.03875124590213463449
3.78559164574928264102 -1.33520431619461854567 -0.59122527271038505248
0.31312505288152969740 -0.45864680312820915731 2.02546773027555460089
0.11629780876408801760 4.24969410197128905082 -3.63206370475787343466
-3.93976240035714209142 -1.50811401804868028265 -0.35773464920315056759
3.10307639557497427774 -2.69436877585617029496 -0.88443788001039091995
-0.75289754992693724844 -3.36593017818797735075 -1.69741188651976493418
-2.22636952762790896188 -2.90634469629499792021 -1.06470515071447913158
-3.70137620293579816533 -4.38702777219494066685 -1.45544822788621086573
3.64451168972004868607 -4.26487227382068301296 -2.83403951236743578690
-3.77020956983341593016 -2.90800372450722077744 -1.32620501450601935289
-4.07391373659309419253 -1.78539076056207512977 0.74969733721865683407
-4.52912340418752812354 0.24309552080615670633 -2.21190755112994219544
4.11299519124427437333 -0.63058894258370834507 -2.66165335243362388695
4.28580544869059831825 -0.98026948438045025114 4.30697006978377228137
4.40812562189625456455 -2.32431244380987633846 -2.29516913814207468292
-2.15919245337431364717 -3.12193217495183317212 0.11778473086085394783
-2.93140862285631031980 4.49541770511704985580 -2.25161836108069035589
-0.73773778979169346570 0.53410364043401070688 -1.14130855788851537369
0.70337191743406446420 1.00137475863555192035 -3.20446126818374343870
-0.38548619571572118048 -0.00327933263264590380 4.34144483146389337236
-3.59188640197680619792 -3.16319835627275036671 -2.48423317432608969924
1.01262591234770926718 3.28391674178022441311 -2.90071341387245418275
-1.22828672346108147551 0.22260298802685341002 3.19311107254836823444
-2.07838190183444337933 3.69250680350759719062 0.33576136332568662368
-1.35083915930044984322 -3.00080840335961207543 0.99965148659911928775
4.49177848891592557123 -2.27349085824153362978 -0.10862228730492962114
2.02491102026208391607 4.02136988757149094198 -1.49486111798635823433
4.23682979009759730360 -0.95471971330649241239 -1.42708678832598501174
-2.82378660419346250166 4.48117817357370729070 -0.69497603068017621553
-3.55951397542833092302 -1.57141936564128137377 -3.81515989039353398127
-1.81427169597874859974 1.64974744962751440625 0.55078111306877097775
-1.00157185308918927902 1.52090307009674496896 -4.12412699834615992245
0.90382676711388487689 -2.32758473731316684052 -0.47767551466637669932
-2.74743253336376058726 -1.24760492318567628445 0.52047128363544281626
-3.62609224934812068852 -3.12950760426952268034 3.55112350666819676093
1.52347040494505225894 0.56659461906932406805 -1.36576798539107890917
-0.33284315175215439808 2.19650057109483665130 -1.47804367858429230864
-1.55251273443507109562 4.49726072566820445076 1.15949409407251202708
-0.04813533041687012570 -1.02143552419648786511 4.10243158167616339682
-1.27995520121135619718 2.96176281095652882414 4.46253873415507040789
3.46549409162606014689 -1.64479446032715470594 -2.79231710634989571673
-0.12385187866174707239 3.10764677135063127622 -0.63199700117020096712
3.79366879734974826732 0.99618967725642271205 -1.93734910195061171834
2.03431794771368501529 2.44739680495686418027 4.20011802087650121251
-2.25813736630463024468 -0.72132337508572819118 -0.93134481794812407074
-4.12136074735818436210 4.05045035898087935067 -2.18405723776130500369
-4.29689351425685295283 -2.13882041244274034852 1.90443974163300833169
3.02493192653781317603 3.06837512831747449837 4.34853697854707110793
0.37971413499500616950 -1.56464056031620568632 -3.61346836185742414926
-2.63249886562216195429 0.47233047904791281013 -1.95520203130376213352
2.56255804975493628461 -1.42211555008976509029 -1.42046038036835309271
-3.01828712330862236612 -3.56059378197685116874 -4.24043837038508808490
1.78560162977314895727 -0.19704797129929030319 -3.10826089236509250924
-3.45732542204877368874 -2.27709733331388042288 -2.92850648201464958120
0.85687753560736990011 0.05464222932010009970 0.29896326726639177451
-1.29353061215058406930 -1.78525554453344525996 -2.92670267650961868355
-1.23786487416224710856 0.85400398994323634128 4.09000009965521638122
4.05315806160018876625 -2.51629184682062412293 0.89012216578790859245
-3.26650207910360945718 -1.44670855042176871308 1.58535213687255094328
4.53582054510217513865 -3.47356124874264349245 0.36359910610124845931
-1.13330377613707078410 1.09789026430694569569 -1.92258418002423336901
0.66696961200246462909 4.37384638801117286988 1.20539806598475962574
-2.73995480824986126223 -0.00938843943459755081 1.67312684162204927674
-0.85659717488032427468 -1.83909677803469406854 3.20597101804019413152
-1.35799381696257803753 2.38502339140927510641 -1.07960412011782391772
-1.04167808409596185371 0.36537895286021182528 -3.98233958950793898168
-0.54843444835706689489 -0.70972667334614225609 2.96542487389181808055
0.25286332393531374407 -3.04930337651650740227 -4.52741149284029997801
-1.73284407074706781060 -3.63744756146303815925 -2.57197964642355358933
3.82001055559128577244 -3.62691717711061922813 -0.86812436302148121570
-3.08151427070838224154 -1.93843473815587863385 -1.08972997301215768218
0.03265129664980737090 4.06129526658008810358 4.20013181936406443384
-1.62395883478496161345 -1.05851756719146417041 -2.04147786126569474874
1.55202434266814837116 3.20996743835271036716 -3.73628146806757488463
-4.13963944423346141832 -0.44443283199899497049 -0.73784464889511447439
-2.24523595675312570563 3.17711381128392122974 2.95252106615083231844
-0.24524341117748615915 -0.07859671133640322438 0.59752215954300869072
2.60481117178227439268 2.46139725749609983296 -2.89684510888812596363
0.84856890823447184147 4.25784753144458161245 3.42592026325480691895
4.19013762527203947883 -3.31056931711501611915 -2.84376725154355636249
2.48799042607576392783 -3.91916888195787072036 -1.97849410531988301187
2.36884726019103641903 -0.20145652712258144135 -1.29755878652859202305
-3.96681672739334478806 -0.62784105251727284625 1.77005951755341328635
3.23487366214305627210 -2.34408460626215786604 -1.77459181008863531304
-2.13553073124555359286 4.47082577425664506876 -4.18627726365506358519
-2.36823339905778951220 -4.13566899948422683764 0.41422250299796559148
-2.67377471794480481293 -2.46557457642117849872 -4.34488422143854791102
4.03481867179313358207 -1.54155627716994647614 1.29293416080105671995
0.36631503137738707920 1.57937802485611289427 -2.22603301703591505145
-4.34367857329318773907 -1.43801775588880076384 -2.99446331050410785579
-3.44992353619506397777 -0.29236970236291437431 -1.95456553559009105214
3.79130398827958270402 -1.26732761106266078599 3.17140057967978616915
2.86079653870963479534 -0.49348955306403219367 -4.31996488543298884366
1.26908715934513782742 -1.89568069192972687986 3.74303265851975996981
-2.96051370390196177951 -2.52635235142431069377 -1.89249083148111640895
0.35733412996250990545 -2.59379747398257753943 3.48690465194212873001
4.28707360668440617957 -0.95448151650657520051 0.18628651664223738749
-0.19638283282735624624 0.28499644930288159372 3.18472807637266885905
1.51805396314393892254 -0.21852723223344305836 1.89063397900775953531
1.77675535340413670582 2.49015294163938083472 -0.57361843583111493672
0.58285992866858915562 -2.22801523087288311231 0.49066070876558676161
-1.42618943425887456655 2.03489243205999947861 -2.81209988166259128306
3.98067505931816523201 0.73598913942621280171 3.00853980582404290089
0.28222941300094195327 -0.74383401382413261160 -2.68837887137672382210
3.75956837725954340357 1.57848121027046239817 3.95079991903443517032
3.45330855401531966464 2.41554422109158739573 -2.27699826628704338205
-4.20245775911718588702 2.18741657196858430012 3.76036405667858186774
-1.94543521174164313337 4.13528751012267914433 -1.61466117862147040540
-1.75724832464230651397 -2.92599992478533499352 4.08737794797097553356
2.74476812026969607672 -2.51181529852769180877 2.30936394536483735607
2.45897271296608188607 1.45410480206044301354 -3.26619933328172518117
2.69758655996183360770 0.13404247986413597715 3.86464022090258030318
-1.85562360595745623471 -2.33532286563236102239 -2.08429953108533405626
1.62249685120661446547 -3.39411963217079648558 -1.57428663696328285937
-3.51070692639076975539 0.66035650239530951922 -1.28942546736025942522
-0.13788193831585182636 4.38692257457472845061 -0.59031214396635833808
1.61540454322532411879 1.59737047504527218678 -4.24271081995891385930
-1.49296952283017692054 4.20186001627306193740 -0.47355647228928088310
1.49089810189120441919 -2.74818596737721287937 0.24239875727769444325
-0.68736786240630598499 -3.23027767845344104813 2.51170863412946587800
0.62254448079431590202 -0.91975466137296946201 0.66773269407741686621
1.78148858435426138414 -1.78185533558347586336 -3.07320239263964811727
3.53199674401134888768 0.29713308787677839007 -4.49092989831680977630
-3.82041847420705638072 -3.74705782967833878061 -3.46484796123461746831
-3.85077782897208287238 2.26572221990761590860 -3.89030404362865755985
0.85869653354462638362 3.26792011723480868568 -0.33745259698328133879
-3.50210568494241059057 -4.40135000086603334069 3.22065730469746025477
-2.47571097397530204276 -2.54922168972544938015 -3.30143272862216052843
0.85722710746114927360 -1.54286048657735808121 1.63718301777084640491
1.45092978398932270778 0.79766951354852899669 -0.30967342523586260938
4.33632498056034609846 0.02437371830322465627 3.93992468016053631885
2.93568941199583210988 1.69752407141932515344 -0.36884285756274515222
-3.54529309885065302410 -0.13435232915058392678 -4.00436117670888425124
0.11364751577891230028 -2.32730657726341894076 2.04792360505458237441
0.42427120760852332637 -3.53002175036882004378 2.01152505374895973489
-1.80947931720978605341 -0.63253850178788617598 2.94165257339348418242
-0.79966118332946667380 3.40554930121754484418 0.63653705197880139366
0.09615185476246601581 -3.59400369249763551593 3.54347081147247511268
-1.67031954986072417313 0.00587270496708214296 -1.79066311161524360784
-1.54561283104135327449 -3.10395088825830933743 -3.52523296451767587101
-1.85809557884844611664 0.62829973836325958558 -2.77924550699961647737
2.02463170177878382106 2.64906022003151075950 1.33874644097742834248
-0.32501597770728807291 -4.20958441102053448901 2.64933470999414755198
1.78963412156093504279 -2.64721165102949473891 2.58327732821081745840
-3.44478715615352948376 -0.36591232008168894652 0.21661103828095384927
-1.11214604826449381392 -4.04300924228779123837 0.22712861185166222100
-4.06027330433702093870 2.62139981788959364195 -1.71365150181292591469
1.98463836844161267692 -2.30067710110814038771 -4.17041519708231511743
-2.62709824331960906107 -0.34290231948530802697 3.62250015520801138535
0.66611681663688404598 1.82837003661139352317 0.96196056382578731814
-0.62386099448455567540 -0.67432991359680727328 -3.74000218506427817289
-3.76016105991817672916 -2.81483129737886095256 -4.07706723775768598017
-3.50293722421154507529 0.28214504887242242148 2.29792401902969789518
2.33612005825752699906 1.25940939822956021743 3.31435812593954803873
3.89113441406995175242 -1.36857964774990970014 -3.92120122244595403771
-0.49764377293795014623 -3.76942752183601603733 1.38460393161122663486
-2.89124254533471214401 -1.61188351282274533460 3.35004466904405440175
0.84201103833416635069 -3.77220173654202151070 -0.17324998553733728102
0.99200254098258433544 2.38902404042690097441 4.45226161690021537964
3.08114735603715406143 1.62823183319680708792 2.25238413067496967557
-1.98041097138158717073 -2.66103793833628188281 3.07430377808082599955
0.67308368793872119795 2.57587480774378185799 -2.03429519835807770534
-2.70176391426448603283 -3.63083571321600384607 -1.84469168315303022609
-2.06272070816064978516 2.60828110177069838471 0.55550530795101948911
3.34824368944941497261 -1.72086184630524785533 0.43341795296142127114
1.51172647042061836231 -0.60947462786900485909 3.68291451599067887201
4.50473491411018489572 3.01404755841450189280 -2.58764132544969172045
2.73901633321317650172 -1.07132428625930931076 -0.45454753006183690189
-3.51180843779729823240 -0.68771801311578339977 3.03960309128028693948
-4.07367819935061259429 0.28391272862909300301 0.75295743736555742487
-2.62862623092214953147 -1.34990853836426216716 -4.25652053725686396746
-1.13733893792689366720 -0.65843665561474606918 3.74791631589127671731
-2.20320332567343823982 0.43482662071532907078 2.64231976003088320226
-1.86187718447108041531 3.64012481433444801127 -2.50537494075312405784
-1.88363158690718890398 -1.78244460022736994631 -1.20145573865802735014
1.59585481546340002268 3.93290739032135139297 -0.60377897972400296212
-1.68682299714182182271 2.31504396910932808140 -3.95105577287839215828
-0.37098081752296785396 0.69143590595483139793 -2.77345870239031633275
0.90951385271727236415 -0.94237993485488580347 2.95996869316939559269
1.23132288734997263902 -0.21076337072908568615 -2.00191477357400104964
1.80906137464293692574 -3.46690863890349465493 -3.99937558947287152833


