250
4.28372591495821009033 1.60361008712162078638 1.83924878560643012548
3.44182856234146949959 -1.12345156969533688240 2.24505890260375640111
3.05026088048216426074 -4.39977248752238203622 0.45341909267633795366
-0.39494805174298264205 1.44821943888147863788 -3.58486832944566957693
-4.07457618079939720701 -3.44910438811920627700 4.46512860424936786075
-0.47836658121239672425 4.46541536490055346320 0.85643245418227031962
-1.23491583621165545992 -3.28462091254191346223 -0.60181599846026712086
3.73872400596056753130 -1.23402773326404258114 -0.74755202845451274030
-3.16186274723992655211 -3.94585093828550048656 2.59195085839113570358
3.18205412005519328034 2.95291663250794123030 -0.30630196229704687028
2.26513185259741245403 -1.97723005972332499525 -1.50319266356632041948
2.42673298686974536764 1.93364820315250884875 0.06255066484211990741
-1.90335944015087221715 0.54380371914452663162 0.51560559406566497387
-3.12534851869475938102 -0.31542588601662568948 -3.11844020412184796953
-1.82580564489956564955 0.11228016686119524081 -0.45328549890422120683
-3.03306259294007896088 -0.86688986798477341011 3.11691061742964858894
-2.48782092533724208394 -0.13756398975668826523 1.50751770406165341853
1.06326184589411276704 -2.72626934650059249421 4.30418862998033713296
-0.70781151449219326111 3.56259992137526193545 -3.55503550475138352382
3.86509738667096680587 1.13085690289372120532 -2.29620076717120635834
-3.15427108242164377927 -1.96641610906374086909 -1.66003748521944727301
-3.08757605081273389658 0.88894191009505707513 -4.20923067865730704540
1.52419411182386266290 -2.19869389381426794117 0.55460074834906603058
2.10784025188719681410 -4.33158079966248443782 1.02563750588828295207
2.78814542361765393963 2.07909927740438149613 -2.48221825962496467355
-0.03710240992656022030 4.48860154464677219011 -2.70735759823474841923
1.68693766812770018504 -3.38112488498787566726 -1.54224660538718172376
-2.79146904460700406858 -2.64687956483516551032 3.16499634551905817403
-2.40658695851992554537 -1.08369486059840269832 -3.40906283066291404538
-1.62045173310467083283 -3.04336884406934649050 -4.29091777125571471885
1.74532424240722683351 -1.88248888519337231884 2.91018291402956119640
-2.27993701794757930301 -2.89273668961501773111 -2.74940819591047969084
-1.81275082454016267519 -1.95219817980048704342 -3.47885607927280471330
1.76296137850608580777 1.45418074410468722846 -1.48228909000245412386
1.74391179289166853295 0.43057180965135355422 3.36017320670209773681
-3.29967225660620444572 1.89543524425346898710 -4.09127762413636464345
4.53302031121463944174 -2.04104559231089410787 -1.32428483647037964488
2.29826785089495455594 4.11205199503864715638 -0.35784457645525957759
-4.18171226665812234558 1.04160525883276910974 -1.19100903450603556877
3.36786289957693707464 3.37803787308851255489 2.10664380421112706898
-0.85169675757256868565 -3.70573701815531242332 -2.20727340717034303808
0.09752935939342677329 3.32331919386918173132 -0.49274003041530445302
-3.21316054386082150529 1.06129279505139795248 2.23369686706919789998
3.83416179931946476955 -4.04792247052776232863 -0.20034232257649797759
-0.73248192934204281457 -3.32885851213362871093 3.88243227158524195630
0.19664800399714987833 -2.39290841737572579362 -0.92906595516592282991
0.69371131666795360360 4.31830735994280789924 -0.51327967566293253299
-0.15231765314090939256 -3.44346207256142156083 -0.98800964489694953485
4.04976904669191117847 -3.48910671560186980145 1.85340813098740575526
-2.39176696182088521780 4.50890797046101976520 1.91956486438956286378
2.25323518572267111892 3.09941996000654729215 -2.66031227018633975590
-0.84887835211325413098 -0.10472336614175414837 -3.70050667302680302839
-4.21783830816887039816 3.88954487714220586980 -1.49593371611750391992
0.81896934446019464815 0.18992411896035843455 -4.53125907746679956745
1.33213627499352238459 -1.72537669865453358042 1.92436369738736523516
3.60484848214686959267 -3.84408880500627248011 -2.82865352870292241505
-3.51915381880714095431 1.87885829833862505467 1.16306850382341053773
3.37472564263476293434 -2.27923503557347117976 -1.02564163891021831176
0.64516362307924612907 3.22872114055700887292 0.68901413581034809397
-3.75147304069142517591 -3.65906989173046204300 0.91482481916625690843
2.34358557806848200045 -1.13801194390706239545 3.57310099533665503913
1.17687418618637806844 3.13833437242705226566 -0.84652273181227233323
-2.05125682372541717768 0.48079598506612164499 -3.98628678586872009504
2.62138332459267520136 4.20291646750585190517 -4.45252953106993043519
-0.34643976951093780059 3.48403235253457577159 1.21963691076356806064
-2.78173482544017813822 3.58566596177966712133 0.61012554039280697538
-2.88745010773567667428 0.57563769534204833889 -1.06191418644924207015
-1.07311331851396296599 -0.19407862951810184171 0.53394962253062594471
-1.91932598097153306327 1.62989252787359362173 -2.07046637587225523802
-2.22764766407658898473 -0.35591409436564713786 -2.47793567010867565870
-0.11939357403791905909 2.32255491235077382584 -0.21062423772124194699
1.48918923179076845287 2.93323761547193395671 1.59581450307035321856
3.73434570126740528195 -0.14362351531349215605 4.49142998874134047327
2.65447678900056605045 -4.00578846452758519092 -3.45495584078233930470
0.03466869057066013227 -3.51642429898446717829 -2.75530909367566279045
-3.30268776963219146126 0.05936816255493937433 2.47514403854437237129
0.36335982272836275797 2.04632192770179255348 -1.22702307207852001625
1.48726623678551828078 -3.41013086912862828370 2.98463935028540294780
2.56640489277789018985 -2.70074736639911261449 -0.38359854852521291235
2.62996095955334840966 -1.64266741135636795690 -0.07796864617541920950
3.21613262090820217765 3.52257150379477490532 -2.49835973761378626889
0.01184782668082462465 1.22832236121654769789 -1.85325449914935758144
4.27480146149492146179 -2.30492100650393361150 -4.16575076817284095654
-4.37416446744677234193 -0.02540278495640180267 -2.69887830550766549820
4.17679157224346742083 2.27035725790971287807 -2.29000416092036562787
1.56781677368542204931 -4.47194067503554393284 -0.91932956238893615009
2.36965439751027151516 0.81563476030794213045 -2.40877517490664727617
-1.96658446899966810051 -1.48981345091692851668 -1.68721556903338143485
2.94005675438388092147 -2.10011783692876186080 2.77340816097437681265
3.02770913667715912965 -4.25453811930568104316 2.52037270070412233736
3.00147572396074746592 -3.21104612701619318571 1.58725046936686542409
-3.94888627005949377491 -0.58961545665707282282 -0.88070736276967043210
1.68053295342660469203 -3.63312856273965545384 -3.88630379087422594964
-1.90723536503037527368 1.04418794876853926468 -0.93250947604923606349
3.67377561098107729975 -4.09682299676120642573 -3.98785142309547202544
0.08586268752504722102 0.59102502093212194723 -3.84688179114028683259
-2.65793382724138993467 -2.44663666810342350644 1.13661130809334043335
1.66320089594469067151 1.29612680490586740234 2.85169686914553199841
-1.06034089926708530172 -1.13552297633488175066 -3.70781297823548694481
-3.72649770154139403644 -2.83027339595348559342 2.46829743216539743145
-4.14475064602829768035 -2.74730665026646247995 1.34163890355917381214
3.51522695825026421090 1.21321814394878657595 -0.20854304153770097940
4.32157268443731990004 0.60948874958537935242 -0.04025851188894336019
-1.40363826468498853473 -1.78210935741966203238 4.40597285156165607845
-3.02752411483652483781 -3.15775969243539034181 -1.61787467340741741850
3.52140378730574266086 3.85221481072387827993 0.93940897713319149176
-0.42184555094568487732 -2.04883553591175093800 2.38544022298970581630
-3.61096277981182200989 -2.60391028808190272414 -2.43859148771196876382
4.02391081871508671242 -1.19287339950849613501 -4.33340320973113346525
1.45600121160156792399 2.49476748812246995612 -1.82954076477844029824
-0.51689414223474994259 2.16266206589881893052 1.65399348923938127598
-0.10239771150831078472 -1.85378718065217595878 4.22045847022370335111
-2.24286473407552522374 0.80833714200504580560 4.03658546918229799161
0.11664262423331273055 -0.70949655549948964506 -2.92509185091995771444
2.65887164745485105044 -3.15631084428028518829 -2.12600438672223424064
0.40048394120814023722 1.63474337126737356840 1.10513286895971685198
-2.83431776085661901732 3.53637697493257530112 4.33177757659012296898
-3.75624427769272628552 0.19821081933672424213 -0.21917186980501401905
-4.17485669589720487238 -0.61391600773780652389 0.52052906410349208954
3.64320159628495243709 2.20680830986515008618 -3.25009473069095466968
2.20132868027022698953 -0.73665842659141533844 2.57223901839166479988
-0.55812202891543050143 -2.75169211599676799551 -3.27242068839071231778
1.68093657121534079124 3.88879125095498690001 3.52016055654418469345
-1.79143337722623829933 -2.40345818066225547227 -1.15342558830693331373
-1.15178581518789435734 1.18716840030210679657 -0.13039582109255132281
-3.18099779220971923266 -2.63422938004093998288 -0.53224425787122164877
2.08485602580035944698 1.12246378431589111102 -0.49852570880066426895
2.89226354538195717936 4.07972277079028433633 -1.49647423021672576482
-3.98435054986900638596 -4.39946349181049800592 -0.15809247919135316351
-2.91177714717259261690 -3.00280551821458541184 -3.68770414247530453622
-2.63656242138118424023 3.44704052244121950110 -2.23643459517378095924
3.68429644321215743474 -2.23454135853526558719 0.25020709110176220236
3.06911260807568897491 1.56323137830228375833 0.98652959664415895702
2.76969902909055853968 -2.74788305216541273168 -3.22816717815560405569
-0.76413273716008900394 -4.30563854988201111240 -0.42090496294477652839
0.00269007437351032053 4.52746274866000586456 3.61597741376012837833
0.43837936991423287481 4.31161547183094651103 -3.70248177975950598650
-2.52531215427175315114 -2.39082302891660658517 -4.32366292433197152434
-3.68210100193012612735 -1.25524119059688032962 -2.53214743050204837971
0.90185398319375487119 4.37944116867728450160 2.36321408450825121150
4.39406160754164698545 3.40512323232076408175 1.73253027355422783984
1.83061201149322894111 3.56500105666174160746 0.58440918953695941696
-0.23216132391568322646 -0.55801791550554069588 -1.87621635476083525873
1.64323104103961892264 -2.09092109860547559208 -0.70526745599350881832
-1.51105566320960527094 2.86394515471210819868 -3.77089329992164934424
0.99459862755992034522 3.35109385774669998881 2.95106369125908241102
1.94026776822775914866 3.45858029594409899232 2.68676533463587308148
2.79674396916974909999 1.65905331897395935670 -1.56929993022747726883
-4.13819521086906583207 -1.19793668821858911855 1.77210547277225582974
-1.95224943702927999922 -1.21471830154956261794 3.03432138220273994733
-3.69133523170009292258 -2.29979177225298236920 0.40540894598558274708
-4.09750260855885706235 0.83042305112949321710 4.01772965594614372975
3.16777115187575653010 1.51971385735947528417 -3.76327119126442166674
1.02521543798179326501 -2.77464215675526304494 -0.19086883016169586824
4.17864687674473334056 -1.05051417829643423119 -2.17433901646499316840
-3.16918050503994086498 -1.05038588185779335760 -0.03222946798191372864
0.46819503926579120190 -0.78027937265474811568 1.64475452365869045934
-2.44873310041354308453 -1.74068028613160041829 -2.62535684611230113461
4.31787887386850410820 1.57022573223208716797 0.77040925592404363442
4.46051355432494300857 3.89713860659926236707 0.51070861916852727802
1.62072855809734672761 -0.58422346735361196934 1.33528429239266177575
2.33979428369600572779 0.71225193851632528919 1.28720621884838504201
0.88924082125508085994 0.27478632983652584443 -1.29371538423056797740
2.01296520253037680703 -3.75902291362519225260 1.88113072703355843629
0.20623143197225779488 1.02648149415668576978 -0.62096392076779771685
-3.88585788070169790842 2.10277866515972267081 -1.30086164054953190572
3.40520868866556281063 0.70347414748694436781 -1.26648626104162964623
2.42713446243711761241 -2.03202862315794030579 -2.50944509049909836307
-3.97191185805283586419 0.78101162573305682457 1.30417217590604739286
-1.71589108751590391222 4.04032184553492879076 1.39656919498744613861
-4.25380766665995402320 -3.21967284699058886588 0.07007447959378687585
3.53432503848048806816 3.33017643082781056307 -1.30264257207485378842
-3.79979125890451197023 4.08385817404405937481 1.63108084002554054592
0.10644546320600944966 3.30151905805889533951 -4.29708964471382959260
-2.63184171509299247305 -3.69233397070343993818 0.37291195729540937975
0.90605398544453930043 -3.83312394984688920019 4.43899788951606932841
0.57085949082409825905 0.54115696643944488642 0.72507165036204312969
-3.35281067384163122824 0.26123412323706496352 -2.03028567087029587768
1.64180780389788250062 1.61145950626601308642 1.41859169899801518255
-0.73070797502078832508 3.42371237362324620790 2.36214964520458270414
4.45864694427940744248 -0.10833954483657670664 2.36544853604135330016
-2.52172196416222105242 2.49413510683780526023 -0.16966103213722227849
2.48651342987609336177 -3.92409088961270313689 4.08034363522504062161
4.49249770103375123398 -2.50791393541932849942 -3.09764510111925384095
3.45559028941873958019 4.11533471412729934258 -0.44091406966502955100
-4.19720393646094080964 0.30606569827618113067 -4.06000922256729790405
-3.41240488021139842800 -0.17889953319529805498 4.04886083091604032091
-1.61420940281855029852 1.72684062223243905976 -4.10441330518123947968
2.53921066681170959356 3.44330471442202590282 3.93893857443019879128
-1.47693403290724489807 -0.53881026235914575295 -1.49511347835635088899
2.11038272838169493895 -2.79615360012670466361 1.97758588024232739855
2.49550261941198758819 -3.05365467729439554745 3.07236430439225660649
-3.94777325931126332748 -0.96894889672880424314 -4.47742602060895311666
1.17391619279848402613 2.73346039501992432719 -4.11885709690582935139
-2.64790146563290695880 -1.68988081863088090984 -0.82836350962356730676
0.69716860116224577126 -4.22785693003153628666 0.96051126418162446896
-0.92257099243808937672 1.02671247171301605050 4.30830143204275639590
1.47544225956968322322 2.17287702635520307837 -0.49508692971405565686
0.91486046804935394761 2.36143665456416407267 -2.66534343331994039161
-0.15576449959361315933 -3.36874578584337047715 0.29846763158671851812
-3.69265355280586948794 -1.58322721922934572802 -0.79208440556676729116
1.81118431028483595213 3.66915725988349361586 -1.58527203303870400930
-1.23933241946164285352 0.80147397978754497672 -3.19013039804432274593
-1.70187816104172551235 -3.16080876723907655546 2.99563843154717623918
-4.00916992849122344467 1.40760635516374765785 -2.25698815742219238700
0.27341554335148643418 2.76561245862140392404 1.74780171996614530627
4.49543552710354088475 2.73003473510110428180 0.71786836535961384698
2.55885605758550749300 -1.59539134969320173241 1.83568158456794439104
1.56590483348496700700 3.87398124605880855853 -3.73385341709966978030
-3.80023179475696348817 -4.27688355436473166549 3.51736725265216687575
1.03521885000177071845 3.93169828829420264782 -2.49313080835338718444
-1.27810186094363364973 0.27352961905016393018 -2.17027172629588349650
3.09941640092747672242 -4.53175212790383419303 1.57044043262264843008
2.20473187234621192943 -4.30202827204553983620 -2.00440764231748946855
3.55947051653945134575 -2.98666239870632477249 -3.93294223648200436116
3.61986612435444232716 0.62084327419254758951 1.10914543733701354000
0.28148288320445136179 3.04259465873633505595 -1.92741606482747407370
-0.91858769915842275466 0.14476897258614407349 1.98102378936543299659
0.27212695662112196260 4.17069477474661898242 -1.63597719647056916159
3.07899890807443732399 0.07437316716445607767 3.70885435849491695848
-1.85036773775963503397 -2.53082908127424843769 3.95543835785933151072
0.96483185394504644705 -3.77159474130136951331 -2.46795298118289796463
-4.16298901911857033298 -4.37575517700081473293 2.50790934155199440880
0.18061788309608495240 -0.95917150085307234519 3.73268865288814577497
-1.57793551438678081311 -4.32664471932726080183 -1.20780167959292361601
3.04910632606925258159 -0.45160007547031977282 -1.51161567443524047505
-0.84081440817491381878 -1.30806901326955316023 3.39725442796281562607
0.60258855558575952216 -2.58184182782456472793 2.75692874063723536437
2.18868174723401054393 2.29326547237640721022 3.35674624623173212257
-4.45285860233832231359 -2.05277406017102981295 -0.30947334379870117260
-2.30599160408165859693 -1.34722515495638806016 3.97320084487835689657
3.10662645619182065104 -3.29782751097595339118 0.46057310534732653906
2.42884325602982009684 1.20314096550430971178 3.96571176462491958858
3.23612924599134910153 -3.30050862948664613938 -1.09632239893106397943
0.27994309402150463484 -3.39407626610374490994 1.48737101244376912490
1.56231852676595472929 -3.59976373747110045542 0.00627810271222273286
3.54459230075979103702 0.81627984327779046225 -3.14258559624725641868
2.96025350994943359240 -0.15500295323384083446 1.95511986097080470159
-4.02576845023832419201 1.59827038021693379477 -0.01816690810511900622
1.22230393883146337686 1.11901226501915740386 -2.43387750019237047994
-4.37365394598370382795 2.67340533440502792217 -0.53416567697221228883
0.84890980030138596391 0.08420908406544214131 -3.32878315361218435342
-4.38332731925720153754 -0.79083769902556877440 -3.33165082407335866321
3.51306238440244822385 -2.35677431127507164277 -2.61376626960283919843
3.45648313321014288846 -0.70081804359808952398 0.35971291293894136487
-0.62547997985115966202 0.33126553114424961421 -0.95636874694244111694
3.44210408450190019636 -0.57475945081269586012 -3.25134122297526317880
-0.86107557539243018141 3.98538667634886056845 -1.02533983311784648862
0.76200220331332602086 -3.82759956587302996311 -1.21603093048394672593
4.29685158859481486360 -4.01090477367389297569 0.90518189266249571290


