50
-2.90944260551700395467 -0.31386867100264304042 1.07544527372867637638
3.02701622878376053194 2.16122860324885568417 4.08904903966976807084
-3.62738844698776308206 1.28119519562569106341 2.45728051985970363802
-1.93825047359363011878 -3.00062995462343407027 -1.72756458467043483296
-3.77984201714715473130 -0.97343282254417751176 1.45644753666226556277
2.12469198904742206935 -1.96626668663142556426 1.70162420313644346948
2.46556806521535332166 2.96472208250066504576 -2.25662875246884553349
-0.50803848277432983593 -0.85744435657429951547 1.62858953049503352162
-2.20775879521410534068 -0.25342394713764626601 3.93391651520418061949
2.03893436095159596988 -0.78676078368780233419 1.38787504723701715648
4.44174793021280134298 0.73147203862284904119 -1.31730020362070687767
-0.60827757560625084210 -3.85230219702916354407 -3.50034539645312925416
1.57825560199840353448 2.48071815352364133389 1.25029522804224768606
-4.35077554525256537943 3.95058782909784422799 -3.83670050868395584587
2.51452792461652396838 -4.04139932571306914610 4.34846682086207980689
1.31118681646735613100 -2.30137203125707845430 -3.43899486280800736893
2.02140331679252938102 4.05935159873902851047 3.68404826882282332434
0.07913202757188386727 -0.99194114117241660722 2.47417593405432079123
-0.33237889376670093355 -3.12950792059574034454 -2.33558922693994164277
0.12274929941299639324 -3.53214575873876013290 2.89100662231458382934
0.44012577861219170927 1.88665154431049231221 1.45945956217492867069
-1.79697098396238263973 -1.63204892963649328408 1.91121002727537536714
1.45177015191435554442 -1.06740291959950450718 4.38681949518447122927
-3.39931059225784704125 -0.76547526369038632055 -0.37123419156001880026
-0.22840408413919632835 3.86976533987130810743 4.23184388220319984697
-0.63698369916695840587 -0.14647564555346370696 0.69894321881425369725
4.21011631152555576563 -0.65812509739315894208 0.38431551807791031194
1.87267882241594385562 -2.82270344718417698360 4.24037261451194691375
-2.76903419725093913328 1.02689124644510698658 -3.77412653499219752362
2.02265833350764712151 1.75923622485503639012 -4.53389413634501092787
3.16111864438960132873 3.41580652614761426378 1.30737182001649987484
2.56074212264725442623 -1.76436303772023261871 0.78957404159730160131
-1.37866071305975790295 3.42800438507688465251 4.48825842084813775301
-4.43842425388254202545 -4.26815659647753253836 -2.08940774016393371326
0.91660008699377559793 -2.35601236797502933129 0.85330924282682474313
3.30034440143415874758 -2.31185223655658145248 -4.35376064764233028370
2.13178281798394753110 3.89361683012765258383 0.23587029802788439525
4.47120740482558698403 -1.90291540213007603910 3.80218808151123166539
1.83243095290319590873 4.26069689091032710593 -1.05882767252160592264
1.94397605592599553859 -3.78695415270920543449 2.64787069582562129000
4.30274416047106722516 -2.22246706664924476016 1.47804051249224688291
-0.14136448145776459029 4.39767313901252610009 -1.92341899341302369209
-3.51371359866329857624 -1.08101074153785337018 0.48715872331339582502
4.18900934175484263022 -0.94656709635551328219 1.32449756443101129832
0.97210550406563367432 -3.54001442983068903558 0.67242301995888364985
1.31382891182343541914 1.33157099822900093500 0.32491099687521973749
3.66535043838159335650 3.10752491423878840493 0.36626490077032691772
0.27593729273653444523 1.29184239805393641376 3.49990513819805126872
-3.27981456160259332577 -2.52487469725016389077 1.17515369522768953203
4.10570394111185255070 0.88906864237564153797 2.02242471382714139594


