193
-3.27887313266796587286 0.90260812429033787652 3.41550995193139339534
-2.23928110157369086863 1.09646272850267845200 -4.11814524800704440111
-2.43259050926988695807 -3.35771702503151958652 0.63899542556329702592
4.21117220678141546131 -0.47314215143181659329 3.87759473255003239700
-0.28251898447092482769 -1.37379791315904142834 -2.18184493038811710974
-1.58572652756610343872 0.01862941258962180768 1.86219949664828376967
-1.92786818140982063596 1.31402344963846751114 3.25055518097549711598
1.46932527236942167548 -2.49939158034161446054 -1.53053575935080976578
-1.16811241241910890309 -2.94373653005945490335 -3.50410579261069621282
4.49140910366632706285 4.27093830174854627302 -2.58215373361956501697
2.40589492613958100264 -1.68012869759279537263 -2.14275868559493609666
3.36478287261313457890 -0.07955899966433666037 -0.35101264727090164541
-3.71606127827455523516 4.03622881885865236740 0.58097032168951923126
3.53552887873080745607 -0.90283458889421863702 -3.22540916160037482996
-2.73342229755471910480 2.08737524554952980083 3.14462065504252041848
-2.04508630359861909298 3.93593738359238809466 1.47423595725101908016
2.82293797074878405340 3.83753928452243453506 3.45572459148375976667
2.80230367078942155246 0.89051496846626942983 -1.53020750847047182219
-2.75230272898628314238 3.06037050961197731880 1.79587197076621496450
-3.01232167210467327578 -3.10011935399927418544 4.52068097662081580523
-0.52106131615395945289 0.77826973093750329014 4.43459612374560574466
1.07494912276013732111 -3.81369974488481089381 1.40839336045328966662
4.12839086735622284863 -3.54745768684947337945 -4.53157119085208304199
-4.50784423153982860555 1.04678542229276505537 -1.35879764284618520520
3.90320746406242324866 3.17059748042245459487 3.82511272920700573508
-0.07177514215642322171 3.66928150716076384441 1.31520558716942925770
-3.49015342238392989316 0.28699934854784547866 0.56848797354644187152
0.78880732077222681653 1.48201127883344874192 2.75063179132087665124
2.31262521451315805621 -4.52227398627820065258 -2.79422224465029422902
4.19825753834445425383 -0.64475803100314843519 -2.31811580779085213422
-2.05538775710445742462 -2.46556352355260743892 -2.91092356170135735383
3.90005768492194970776 -1.86738761977963507732 -3.75872197470732194446
1.11775413556131297810 -1.59149813778391191477 3.93943043839666184880
0.60952650721236345532 -0.26014571999597357888 0.89985914268959366069
-0.32217432232373344192 0.44093721595805668301 -2.43913077322430593696
-2.43959937389158287857 -0.43910005444991018209 0.97475788319713529972
2.49745490752901666553 2.20556970279412123404 -4.45724514002413396696
-0.17431679328482196922 3.21842041960454228189 3.99850736259465744382
0.02300798714982121851 -2.14881418350408903706 1.65816483429166794394
1.64806211315414241625 2.40779593270611602662 -1.33357820491800360685
1.59213225401060132214 -2.47965412518110772666 -4.51648776952975250509
3.79560856278913316686 0.80370108587345878703 -2.04285668187746782820
2.25200008309300248044 -1.64024492147674916254 -4.48480770559223618221
2.31659391737651976229 -0.00491864486067949969 2.53578140917694749845
-4.40799339516313892773 -1.36663113052719298324 -3.10779886564090945811
3.42602589145477320898 0.93049449687564411704 -4.41012790001827514885
1.35321656697133363423 -3.81253824222009196632 0.41977748645576529185
-3.61033962848902145737 3.37715600071302368690 1.38418154516251501462
0.56507494203265995480 0.83295824262048867581 4.02378662620052818255
-2.97413735005172075176 1.30562591702727370802 0.30824280829222416855
1.02525787741166585221 3.53368672500594360741 2.45654195565866917406
-2.80479800953345259629 3.83417830635379797144 2.69696985423799162618
3.06770227697966912928 -3.81142497106685018693 4.25074769292815002331
3.13687827626986237561 4.24340225302222417980 0.07618822534261315838
-3.04193715328842317902 -3.82859077869402675276 -0.64551643629912813793
2.45594283676116997839 1.75850697626651264471 2.78838890906272762749
-1.60845930617765642268 1.70740151389699601481 -3.50793055842389067678
3.38843043596204296364 0.72731530321682580364 0.35997640054607060733
2.18804817646686089461 2.60538041470742509631 -2.23323486696437800703
0.10177501966398949662 2.80888465178279300716 2.84598509927183318524
-2.62249471496144304083 0.57603848339030960801 2.68957657106262093549
-1.21474651682093304217 3.29750274176972890672 1.09250454999135460099
-0.19291335145103616355 4.49665712392871963488 -3.60988321398569445009
0.41747468570607715321 -0.03986250197398444328 -4.50114767513699565171
3.43393772332416880033 -1.32106343125563885366 -2.09472580824344811745
-2.48424609806044616178 4.51422199786746158878 -3.26645922976589275777
0.32514020719242342494 -0.69498084605263921176 3.11336562128536709082
1.56447093630352274118 1.30390256127551484866 3.41629189703234725783
1.80103524462435249376 -3.67446121867627084612 -3.37092353083624374221
2.43364065211319857696 4.04097867757068041072 4.47446984434406669351
-2.43565460541048928178 0.39948054059095383650 0.24364236433141694960
-3.35495423839962425561 2.56736174941903705360 -0.60946123092446224945
1.00678915910450772486 4.35280755516579187514 4.34725310755749116964
3.85217173832285464385 0.17987621170214129762 -3.00142841433151108532
2.56020696910167444571 2.93160924049560378535 2.61131726689586773915
-3.31910243179194486274 3.27455797039218499123 0.12884497582911169644
3.51368737013062482077 3.86240555501440052666 -3.35620475230920778387
0.62867796435944178768 2.03302059060036732774 3.91939851287373119959
4.19238574080692227852 1.36940323913213291007 0.26671016667295877056
-3.93388731666505186979 -0.38236978226384454871 -2.74903845253147505190
0.54317456431099664371 2.52618719286537718460 1.57064248821024055047
1.29216002712229194316 -0.38871617119040191568 3.29198216796406573081
-1.16337073775906585382 1.76479883974378104483 2.35251447924062695449
-3.86875133776149970899 0.83343293119550132531 -3.99017076501198220129
1.90730660758239434216 -0.11693246421956171588 -4.09074077339624331273
1.96897212136199684096 -2.62172528797994708327 3.56720327068230869116
1.69053277666169332605 -0.93923633701004050067 -2.38784660423793315687
-2.00569254080239200988 1.72746867821828686829 0.75039942938428350061
3.56941570000206365165 -0.19492940663537172696 -1.50023683189964041063
0.21391887443770496446 -0.53343220139873359642 -0.25442894497746593174
1.31144004231353239476 -0.66183066872391016489 1.97704058535793336659
0.87160149109427376146 -1.59798153610085291731 -3.94101763619966538599
-1.18350703685597213877 4.45628506689880321545 0.48275170631424035861
-1.42889347352713613759 1.89165098647358043138 -0.47661341606376250724
1.21349440652133022667 -1.23840009423545716061 0.25415437387431794036
-0.13419885871243586450 -3.26921017550744696933 -2.40436769915402104303
-2.59823584612111346814 1.80746823187868876914 -0.83450729292030390027
-3.27444994417133772302 -0.24844106622897932368 -1.61061709549910547778
-0.55308794437481756390 -0.16741716137660489494 3.65401511949790336331
2.78717620113198361054 0.80103073267843072358 -2.73502137889323471143
-4.29059861632303451984 -2.21558561966260247900 3.46612910456018408212
1.26911541947932615670 -2.78061947043169332972 -0.40109073760711932977
0.62710106151002253938 0.19828887364672098670 -3.26864456183072693563
-0.39474169542439252467 1.97714830281887721242 -4.04540825865520137228
1.26227447420556604385 -0.72418662594623128825 -3.38813070533688209807
-3.68123805155184014026 2.14515432907977299237 2.23302016227922717206
0.73400456412387260485 -2.50878518316629772755 -2.70214356066624850072
0.22924062495278185736 1.10660658182150140050 -3.69194327940465738536
4.28401559264943809779 -1.43646558551348402233 2.33721585131381370815
3.78699728872158569715 -2.44620512015146385210 3.43390443965509817303
4.36333286782441742702 -0.01316887295270952052 -4.27252006231245573531
0.71235771325685526278 -1.46602287369861716826 -0.52939593756216218878
-0.48617541371073169643 -2.12030655441856907828 -1.55654062843275475814
3.52310388356268422427 3.23682115237516754291 2.88799274340404554806
-0.29937235620903290823 -1.03718523017674080222 4.24867498046876246320
1.99536411247732470287 2.20520432230993801426 3.59286349164796003919
-4.38657342137722405795 -4.47465476052176835964 4.42196472587200428706
0.71557925524868526423 2.00962912368335366864 -0.73287742743948225410
1.73136589403870200243 3.89334485756524006916 3.35515818248774966293
2.30042874693391841134 1.04281234055470140021 -3.79469414729526377528
4.09010446892524281992 2.65582079954824923362 -2.38742696008800070473
0.22717509332714236336 -2.44060968743994077812 -0.32706755213558924567
-0.64728230262002472983 2.33205544904586137278 1.50055305243042802488
3.95852691898613162635 2.22001653019568312430 4.38868242036636946324
2.13021387417796947972 -0.05740306185659971305 -0.63895021687806874411
4.48835881307716189070 2.85856471483316187943 0.45306425787098625335
1.81489575180519668862 3.30844751470731424092 -4.27864813440698910085
4.23972512024743775072 -4.50263489593017762758 -3.58900150627963299144
-4.18631113153361322787 0.10635391881941735903 -1.87303471566678858551
-3.63540336539514408187 -2.81952790594239344202 -2.74070433388728718072
-0.27071699646869173961 0.05511597997131545412 -3.51558809858847265417
-1.49072510204714525628 3.05549767713386266621 -0.22987502777580637314
0.38157614399305650466 2.19499832822271923050 -2.93063520907909680346
2.11063308791945924980 0.08184239707598806035 -1.69939947018744064167
3.45129342234944491707 -2.21487333031915767378 -2.83588044055742427574
-0.19520435797000601497 -1.32188554200753216605 0.48988330638144628182
1.79044484120887670286 1.54464254661655697731 -2.84520757722845507587
0.52239593353850910518 -1.49056449746126418177 -2.92320493417863547236
-1.82823223735066209272 -4.17288536471402782269 3.67191889408288840713
2.78611085198391439377 -0.16414970798200645419 -3.00378563995770164752
-3.95806051336423170284 -2.77632449220364518894 -4.06724027865858772657
0.74201448621334531452 -3.86693692976239233872 -2.93167981228280583039
1.28703028303481925576 3.54476442488042220447 -2.85075082495079223932
-3.70563147141698356890 -0.86109555417149286072 -0.53710012567429199493
3.11022392685514859068 -0.97183218271059557125 4.53150846204955737306
-2.19936861843900333113 3.10550960390638941533 0.49696740032666308906
-3.48565982894882830934 -3.62637450121465398922 1.54069270283954296019
-1.28459758624981068564 1.03815031220655829003 -1.22842172149509254453
3.88009740399321945148 -0.95891797606613327076 0.32276197308817167198
-0.97141521920023166103 -3.94037652763869461481 -2.61064621707175081866
-3.48251141629488403240 1.00198668070180740841 -1.00825151367870358143
-3.63261762349584849119 1.97835373881673248775 -1.50131456654119110894
-0.65892668667032427976 2.25054807364618181253 3.82424212645137640010
-3.80474047501207079947 2.15422198193955516388 1.08163959234541184884
-3.50367078609504023490 -3.02124052220596128748 2.80169812002069118506
-3.96715414354552287080 0.83555823867953282758 -2.79943133965450785539
-4.05138656959733189922 0.30304452851318064432 -0.40608712686741910147
1.74979264371392506661 0.27646032472769466182 -2.74812015857820846065
-0.29409337231499943499 1.21924712218948183562 3.36459882799221876581
1.91929407388271844326 -2.53682672280214882576 -3.41874152983497126002
-0.30739860530639440128 -2.99568772907863145605 2.77639151330500677517
4.16554105527839180212 1.52085197960898099723 1.54721251256500913485
2.60704301064770493923 1.57177718472728678023 1.37429404082283834754
0.66949223096050047843 -1.33730876258036346371 1.28239995023549990805
-0.16003421925771821321 -2.28259965304331080560 -3.14163195039116471818
-2.72361683929729059273 -4.44456344164318739587 0.98326882220751254948
-4.08336717952441485835 -0.70263364202042222217 -3.83540609951338851147
1.22864126161383335756 2.45291991224602412558 0.10022487968918714074
-2.48032744912684011140 0.60737511716564096531 -2.13560069853881850932
1.62878705095960629734 -4.03780942130429654213 -4.29071062183565921089
-3.53101534153178908682 -1.62801423528446420619 -3.58296311113759413658
-2.36320739321837569591 -4.10188151175381854330 2.16880688359699469459
1.45489318317182192430 1.16171061278302101272 -1.49042374449149939153
1.06956788110241074463 4.32535107195614987319 -3.48749425955789771336
2.67430096777749159997 -2.6647