261
-3.92275876914546373087 0.44010934676942614630 -2.79615583331343842133
2.57224511133570299393 -2.57840774138021844308 -1.78918781110369229381
-1.10110085390066148037 -4.30496266510983893738 -3.36717245171865631193
-2.76058949159422040154 2.99234029906143828015 1.83058891995145867071
0.20088290496329896939 3.33340034910323890216 -1.18771971736231085615
2.89197578532467058920 0.52989063558440552271 4.16977625643909544095
2.74424799234869265518 4.41742096170615905493 -4.47427071175413981763
-2.70990399502360190809 -3.42519367354705073225 1.42990652399223439062
-3.03250027241936637168 1.14280786845490656134 0.36348444064657758901
2.64686810014907170086 1.11374385813406728829 2.95095442190971635199
-4.28958926574454579850 3.51152354048514236950 -2.05949704158395041631
2.83217215107896524984 0.89564730092230515623 -1.46824948539992217178
3.68754102524084981241 -3.49203046555769658355 0.31628076975006624849
-1.91239553758232760927 1.22701666610084370035 -3.79858941749801726218
3.87297351188253724530 -2.13514158904619666401 -4.32207574534586669301
3.62389014560493283312 -3.02149185042870671580 -2.43481279372726389099
4.44437278839255700547 1.63109681262069905472 -0.82083110995816088717
-3.88984452313234729814 1.50617667350299733187 -2.53169494258988425628
1.73267461154830204606 3.79568291790361644900 -1.51351784437663283711
3.40835950337352056039 -4.02541046147403758226 -3.02948666225865448354
-1.86716637779609451187 -1.60338146300073880468 0.11967994983388052788
-2.69189770487770640983 2.31332613833494082911 -2.29213912466597680151
-1.41295871561940877825 -0.48311778192620558059 -3.69583512091509502895
3.77309723712954347974 -1.11333898903069838937 0.88814502581181642427
0.57084237585144670390 2.68264863331555858394 3.78958148983656872844
3.99796108419852647131 -1.12460670194213019357 -3.73513592271548233725
-3.65547140509340762193 -3.01992207026553804994 -1.96935777006505885467
-3.32337465630729012034 2.78169792006135807583 0.73929705881549434565
-0.15352067905216770782 -2.58815997149824150725 4.15482358761777970102
1.26894419520195445017 3.52301867198524920610 3.16771372670730144705
-1.83187877761330586424 -3.66145852777935587596 -3.39429636114022548199
-2.84745756263537908026 0.21548955816683967868 1.09909991662490291731
-0.46737676536217431789 -2.19196188729137331208 0.78407653538557831041
-3.02579954014231944370 0.97634441783720227193 -3.14253666897031447292
-4.37912098954616091362 3.08502788245179981885 2.51556792415715602118
0.71888986032135360205 -4.44103551500134319241 -0.98996558329019990197
4.27230640119524540665 0.26004877304275098027 -3.70928139950449331508
4.25621822264620686127 -3.37778622419599683369 -3.62554912308982135727
4.13552567106855573087 4.18882694227816099186 -2.73175900630925472257
-0.69527404398897019178 -1.40597387230365900024 -2.94268654066954837845
0.85345461501408248495 -4.34586701908961625662 0.20400777734208119796
-1.71834228714828185502 2.62855841037380866254 -2.73314360538718892357
3.55277167857985087807 -4.50969307787235695884 1.49044958903670732298
2.22973295243788349751 1.91939333574770021329 -1.12991952468053913350
-2.14760570853552534842 4.01282143371193011916 -0.82656014047077652762
-3.30624345339632252916 3.62986721031673109650 -2.64492272566329322814
3.70128202009116957782 3.24423399240737264648 -2.91236787633469873526
-4.29206853908396990249 0.81911154040973954693 -0.07198428137831935913
0.79311801556596961404 3.76946434869467683626 -0.25863770864503798919
1.53743288280262913048 -1.03145279216997831639 0.23615920379363686266
1.76172841325316031913 -3.34173118382265821324 2.64454197850119410163
3.03625120584390018053 1.70597747739001803780 4.26988784654453024103
2.24427072637708491243 2.90460765926651465207 1.26800686274368867856
3.12765759146504596089 0.62697633824876497499 -2.69415307652435132013
4.23472198227229679190 0.77383903214201499310 4.05033575468334117176
-3.57091234994861217444 1.47999775413382828049 3.85390505405282279838
-1.17879363403065084981 0.25079555663763830609 -2.70599306140119733044
-3.86673931029844597518 -3.57984830648014140664 2.47031208778132871373
3.58537870596119656597 -0.50461728939576833142 -1.22332132676343663391
-0.43432386714442294817 4.18946797936722514777 -0.58915904099976268427
4.49608233859459627269 -1.43703441808304832605 2.24964215829434088789
0.96974700424674775689 -3.44266582824749889369 -3.84689010866552649759
4.46686515386337834599 -3.03416431321431012691 -1.61980660755434424658
-1.41390725232867886518 -0.70568415729899580668 -0.51031160153268828594
2.83214054405640780487 -1.82494049046987516505 0.59909594334474114419
-1.28508510494034844385 2.81524776157820877387 4.17479182078696009484
-2.93410863974501356921 -4.50634852546557063135 -2.88750061019210235713
2.57625100127216732915 -3.45898692506059735052 0.62736760359677479215
-0.82612235519823240537 2.71683189038224259804 0.43502249197081344079
3.29453190380115845670 -0.48282319660892802915 3.54856111165997401002
4.20623227356943285571 -1.22960621300531558475 -0.12981607141670092886
1.88504455723146246982 2.74373058799404123675 4.08866104502625571371
-3.79491024715754887708 -3.00043084123413850151 0.61713347986940370049
1.82592218007217699238 0.99436474071314595591 -1.86149566202284777461
-3.03752526935902666949 1.27553224113302032805 -1.48069056174745039556
1.00666259927777002048 4.42491657663724868854 -2.37063416723797937280
2.42515493119126457344 0.44340302086471350407 0.17620647013451318230
3.39411061486020315670 2.17181113117283874914 1.13920465167884632507
-2.58084825491876923564 -0.20942886991220266424 -3.49695797789364482000
1.87855561641343360435 1.12676708348257914594 -3.95853979292811697377
0.87996086101502157817 2.86688002947074505045 -4.23002748660273031334
1.24820292486315675973 1.87600168039868275827 4.07075042562038991178
0.78142144616623188114 2.06878334462731405807 1.42484252175264192175
3.38965966009857488928 0.07432445314702285089 0.67532229108968078179
-0.19141019649821888748 2.52576449902087230015 1.80348583795341088631
-0.98288148420276399975 3.72201000135793069745 -2.62678098162999251741
-0.66618447551064452483 -3.20128551200673738819 2.83004801601830546787
-1.89808461057296984364 0.28571785608323008177 -4.51313050699549300759
1.31257147005365393255 4.26457587157189887961 1.14291072305064211889
-2.30587360789194395494 2.98485826967914302799 0.36735183255290859705
-0.71233019059315028088 3.07104823098198043141 -0.53772862609729710215
-3.43059302756253448052 -0.64410661500106503041 -2.39139209303104438575
-3.54995700963496840785 0.08208745881091328300 0.20678804134416317595
-2.53801227796205308707 1.96155754645243973755 -0.42206536151613160968
0.30437828957524093454 2.13129521042915737183 -3.59360807631291656605
1.32201985064469251796 -0.19293875795684378716 -3.18030494793396245612
2.49221567089475914969 -0.27154702486750359469 -2.00632417262983819839
-1.40219848416777592703 1.47134996505695525570 -0.49705558255742499085
3.14656196350685402052 -1.76676143923644568545 -1.43946645576145382250
-3.53496738157601431141 3.91543532252805359661 -1.32453441259308313249
-2.73103997994743075139 1.00252265502789317253 4.43763975796720355760
-4.01317377685199883075 2.47544763545624135759 1.49072874905696028947
0.88004872814945223070 -2.28453355603857000133 0.09444019446158691267
-0.60264495244126381479 -3.89753665749184063927 2.02877057782397418606
-2.34458425166854400601 -3.50732083524777316086 -1.25127253747846278742
-3.00308194626448399234 3.85784071139223971869 -0.09191029474035694591
3.56561818934887053700 3.78736154272547320687 4.46984511841619092110
3.35563849216959209087 2.74748578711736168856 2.38635254603260893447
-3.47220475299645547906 4.33863051381108899562 -3.96967033142890990405
1.60429630702623349237 4.05943226209081498013 2.31728676526796473212
4.07446103121692271287 2.74229526363836573211 3.86447512534150927621
-1.74780860005643923216 0.89856125359358518523 1.20993692823300680317
-3.95597898336982645162 -1.47148668126385029353 -3.47920298283936357819
-3.87571413084472071731 -1.15584865120874358269 0.86745674770748415483
-3.34589723171339414876 -1.86606398138584905766 -0.39061511939009285754
0.55085926853121502944 -1.53166069601090581997 -4.31672909994159681446
3.88805950197416461123 -4.03550359528267854614 -1.97002955123213485678
4.18532557609374666896 1.67403211131557316804 -2.66861596374103449136
-3.94381540253478046765 -2.65314449603626112406 -0.64085778784424496379
-4.03526674833783971508 3.89670427320533807602 -0.11802390180261035368
3.93347025958705120985 2.64715108986215685860 -1.19428743809571802359
1.55535522264693515382 -3.44372500223239974559 -2.27767449653590903225
-1.94219504937193399030 -3.15400124859113706322 -0.26939303277010040460
-1.85985015539722242650 3.51607317710954259127 1.03965528985818345120
-1.40037578672638041155 -1.71589442616572762645 1.27330881639434689845
-3.93783609097122111464 1.50785283591374152934 -4.20821162765313605547
2.51785135723285158349 -3.56042220752234062076 -0.42009883792653646140
3.66342427870799536294 0.44246723603986559681 3.03963045512222596045
4.49189985287002979675 -1.97569269492020582746 0.61617800671924705114
-1.59093081948386361191 -1.87999179739524269195 -1.62365667264485580290
-1.43640325112283351316 -4.00165766407303724606 -0.45454835006884231063
-1.82222110988788488228 2.63695531283803408229 1.96770713269472974360
-3.19496204800960637016 2.64384724554940486740 -3.42256716901748658799
3.53733646089014630576 1.87511723412402098177 -1.86041883135417096540
1.45053917772001650377 -3.45764649219466013719 -0.89812870169460179426
-3.41963555850603695418 -3.59134105409464998715 -0.66210050697470634873
2.00281567586043518503 3.63551384881863892673 0.47980642418459051868
-0.66149867100669723641 1.30896691874776127662 0.27772592579499999488
2.42004929309984628816 -3.37460502536639372906 -2.73537077713700282899
0.60299901015570700480 -3.75862868810759387372 2.21412057224457736737
-1.60558802611395456950 -3.70199738997020899589 1.29358982899604679773
-3.58428564716745068353 -0.80214360687297636687 -4.39299108686753747577
-1.23204952115072341456 3.04790611894786067637 -1.49990846370981278923
-0.80080485522717648195 4.17503258335167881654 1.68488552816965420078
-2.00178878638262025547 1.26366811757141750405 -1.31609207441912712255
0.86503755666956649861 -3.30397561964281960556 0.37674267487723334114
4.48922425003402292276 4.12099969417054534659 -3.67288587356735263256
-0.08559790378891740659 3.56577821979082454362 0.26479735798543124758
1.38304225656173951364 -3.47202220890458201907 3.86287425839975906428
-0.51431008707590830653 1.50304505023125400953 -3.11604401388717588972
-0.01989431950031939067 -2.96507329172571854059 0.02265675178213033547
-0.25309144840021424727 4.27433382811570350412 -3.49391596796765346866
-0.87232801144631011425 -3.49340311381364321264 -2.79471813899371790413
3.53621177594407232192 3.84934523189658950315 2.35994431348925193248
4.51710574040718082500 4.52548101957915793747 -0.91573148323869268950
-1.43036219060135083581 -2.44021785509478306153 -2.55670553038320402806
-0.17185601976020592474 2.05136220028235527479 -1.22271298680947726467
0.77149643078951068986 0.98641711171627743937 0.63743056159966116070
3.91698102114593371681 3.02700778978946871689 -0.21321823429406805417
-0.31185955348576843704 -3.27431300026629523714 1.01322264152663787939
0.60410784254781280112 2.88776622940811655837 2.77549494929497253537
-3.45054135762679425881 3.51918600508501722146 2.60915464370663574556
-0.24262451406704155232 -3.26258681834843544678 -3.85701235159558475374
2.54794757243459724094 -3.76692446230135757901 3.81023674910846832375
-1.25965533185989864151 1.89338494630451670275 -1.55497976741968546577
-3.81820771484294407827 1.72741167055673638941 0.17366288322504885855
1.86678291956545816532 4.44472967529482776428 -0.06875808097897806448
-3.81362678662463983059 2.91859686357171899118 -0.19663047927208499033
-1.35305061375672774915 -2.93663660898379941244 -1.51622430629095816812
3.31383210063962874159 -1.92889736735009842405 2.46402720649415662990
-4.10021394860247667680 -4.24579249973007399888 -2.52711752826036217812
2.02573389299154005272 3.61100391674238263562 -3.33314578057862354044
0.18808666342528734816 -0.12362394542888210935 -4.32267585117309227627
-2.55580876564563386211 2.46221432749029389697 -1.32782300688415766388
-2.97502583172626655639 -4.33781214795940250895 3.83074869276319862621
-3.63759647408862285545 -0.26596157532899233900 1.86057992164882612940
3.57674320996787198368 -3.86929325308443194942 -0.72207635570113914980
-2.38328041029461745737 -3.20157631421951593964 -2.22426806666999343776
2.49554475650198792636 -2.24618734927219687592 -0.47637525859452711785
-0.44543697379380819967 -1.71616309624451224281 -1.57497356554035849996
-2.03801924062478212463 1.99481052755360632744 4.25156506915249376988
-4.44689545973572020188 3.36898435541187790676 -4.43164336920345647286
-0.11495201579967417871 -4.53363737397247046346 -1.62079160199262961584
-0.56437067176755473241 -3.53803810363247261961 -0.66176909519227944401
1.41965594108234949289 2.20138611974291631412 -2.81418614489496388131
0.93936634397593188339 1.51296858969113845461 -0.32285296405892616178
-1.55225525813224596305 2.06082832282350114639 2.97769264232765795697
-1.33440098493892289611 3.79000081199174498892 0.03614921683992911028
-3.31982846523612806777 -0.32953194208775204999 -1.42653739981986937835
-4.41446205481754461175 2.92285330405787124874 0.59818824516839086414
0.49372041552911749562 4.34264320150809179921 1.82627026385231783223
-3.02248367810498574926 3.81850924007207037647 0.99269802035892773517
-0.00715193286621484958 -2.68697454488210230039 1.92294013390424023413
1.22026670042900597934 -2.75029196378979090554 1.72970479642136520937
1.47206748291073541424 0.06039948949843765291 2.23519969240779836639
3.81278826749217625292 3.80491169925369643323 0.51789669692482487307
2.71641619759266195189 3.44631431013598454882 -1.56700314462289247430
4.11976809196638082966 1.91023245952175368956 0.25261826485086125160
3.43006685583853165866 4.13769155415529343855 -3.54550782055707003337
-2.34653062264586154129 3.95346126157860577877 -1.94695761163357428103
-2.80158646085919116331 -1.14517240243046591885 1.03536332440104050789
3.81947770838449240927 2.95354292711315213893 -3.95287537182423376336
0.97837538465047479974 0.85211389170456008912 -2.71116667204599748331
3.81204408848465536863 -2.43280202264729306094 -0.02861988481306720900
-0.83912950990572809928 -0.69083883026898718072 0.52227428783803819812
0.89797617829763698438 -2.80360411538125831044 3.18611783886683141986
2.77655973537866973544 -3.67036207284551174723 -1.42716262259412696167
2.93330303050118690322 4.40559352908182777497 -0.84520180495999319703
4.52732198174010402880 -1.68928755042712630541 -2.39530163001258511457
-1.26140762429315156368 -4.16739284671507448365 -1.75277148366773216637
2.50796174188022913398 2.04612034260717745582 3.11131102742240361891
-0.94884680739209859013 -1.61991024539063710463 -0.71386181728819719794
-4.48355411711230900096 3.43126880505688625078 -1.00399129376299800498
-3.58667371159782488732 2.69910343610639547052 -1.26285857387267697050
-1.28195049614180245356 -2.62036333194020443216 -3.96232743986781343892
-3.52636978163550551812 -1.99423271244252786616 -1.87878487841764840738
3.83327128937809202824 1.12175671735224558034 1.11612616772145489819
4.01416242932800582111 -0.51003141858854128543 4.30122323798695216368
-2.19016189297928010049 0.19053459193875710298 -1.37677569833638546726
-3.47739584515620414606 2.44239612526946192617 3.25233696006643935306
3.82144583958659556089 3.64785584497430104278 -1.71786086704110108059
0.08327566921349571771 2.31314238350746848027 0.01429641287506822067
0.78491207349101177471 -1.05299638540450990476 -3.44581261386785486778
-0.85458164871967579046 1.71381152464374153510 4.51336670451121424463
2.03880257173371681745 0.11017257263562552083 -1.04647619779731027023
1.15790259319570498775 1.47843146717236972876 2.99368072863531242689
3.86056087181734408631 -3.40562338389318197684 1.34466863603206565614
1.02331176416037550325 -1.79147751273565880581 1.42420313281732724420
-0.98571380561498012085 -2.63960587717575068112 -0.16500062403782855824
-0.05289364034285526373 -1.08280573662131285317 -2.18073584220100347153
-1.30328654513636577050 -4.53323037699769404441 0.67618254236137431690
-3.11803797107315228132 -2.34334316644888573933 1.21920215080872029745
-3.28096165158500996384 4.19820813966446859666 1.97878191956836957388
-2.69647923346937279376 0.34941233978532793003 -2.28489313689024431397
-1.79014199461288514570 2.68095055695771744553 -0.66111167521401004166
3.43618964263680393145 4.21088375899859013174 3.50696547850340234476
-0.21862137776429158009 1.74602189867278401181 2.66793154716951796956
-0.94941711864159161749 3.20262551678727991344 1.60906902916631366907
2.32713566788335857183 -4.44659140314027379048 -2.15075117433312357207
-2.04916641547926792200 3.70493988033456300712 2.09504629786432428062
2.84012410755691480091 3.20002179004704245813 -3.92198794452675780775
3.08805523054893260593 3.56481129086536174810 1.44086842158158212612
1.53208089351220611007 0.82836505649513458849 3.97663018426510728176
-2.35076451500194050226 1.92436331304562635580 1.14336650151454133351
-2.56776693181192428028 1.61891145945150416452 2.38336098078208102891
-2.73869175212779847328 0.78072266761970521287 -0.56357539678421098017
-2.08058981893961902898 -0.46146780491646666178 1.43690563264023740686
-4.30216682072364964284 3.49429399023210063291 1.49309064419906167842
0.06695573762305784271 4.38272188638148829654 -4.45884109823041097087
-2.83561873139629883056 -2.67271743421034457810 -1.02331567055007210953
-4.33111765605184562133 3.48391344586853346499 3.52174276099415717312
0.15266434316072530208 -3.98489971979479973285 -2.58306006024977685698
3.51894088580671304811 -0.29206019445301123483 -2.98012663415613765494
3.62831141246546540202 -4.20934430768437106707 -4.23778236183571888063
-4.49630706618268582986 2.50368723418175687101 -2.05868313692344440113
4.37448455581198114572 1.05971497216844579015 -1.59018767017606776903
3.19649184688444698565 -2.83497947242677916790 1.90724113925104443723
-3.01213235329343431701 -1.34276670508680417981 2.85885232015565016184
-4.31579152519603503890 1.25664130703264564914 1.94424339929325551424
-0.36460601600470265993 -4.17121939484550541266 0.23381769973544397345
0.19317237050020086286 -0.45083760473550515968 2.32729747866221092778


