388
-3.83843637503872647798 -2.05493115618867872030 1.55224094879217755505
1.15690650324139543415 3.68319855896012615659 3.52116644158664637843
-4.45518270486091072513 2.54230471441295424739 4.51185312289981421685
-3.02219966015270813386 2.51387726433799407744 4.47570039861085344768
-1.50998937431104307549 1.06542215419811103772 -0.77135200691507943560
-4.13336850238389885703 3.15373482129078563929 0.64431851313894750177
0.62632707331049353172 0.08554773424390305081 -3.76926287515851443644
-4.51558956337798367286 0.60295929554334914968 3.31427660750923447353
0.16788841131384657501 -2.74850892817921010902 -4.44753564507456999877
3.45329460154579681586 -3.71943267238842034672 3.65393399170900057271
3.95894492758867766469 -0.12322715366378123036 -3.63676119690574140009
4.08385250864642923574 -4.31020336827767014398 -4.34910939184907974209
-2.04382300587691201343 1.56301817185666624965 -3.00836808428220603417
-4.41196664094404944478 -3.92872226867656504368 0.46335500995124956347
-0.86659309805183681874 3.36333115667633109069 0.86278433593712211547
1.56297465618162423340 0.94885109941297240965 -4.04017248113138727206
-1.25152458288061296798 4.31958835571856969437 0.96145169785639339466
-1.03904585076662758780 1.88162914616300991355 -2.75507280350378813694
-3.65047522855293182786 2.14595934860777326492 -2.85676615155414026503
-1.11428611785080056151 -3.49823893955473641526 -4.19084583532986698629
-2.54668118266030463204 -4.49214234265124101597 -3.65103271308809773643
-4.03944431611869436693 3.74832092297915142609 -1.83263705093570861138
-2.40579068360231529411 2.54203286226025060301 0.62590740814634582279
2.17285947335696238980 2.30926562850218619616 2.86492238050001901684
2.36036225551866696293 2.65785558613010230999 -1.01624450893979378918
3.36813407289372701570 -1.36777101685379953722 -3.18187407922326803700
3.12028691043239536640 0.45493002167990947981 0.52615848231070749819
-2.53656918930508101795 0.97686863484941355296 -1.16321543983080388784
3.34680989664822714502 2.01720239242285526160 1.51075348504842832398
3.77509101552030035265 3.38760439727190298953 -3.96334301021753532268
0.92368472051015082513 -4.23695048042228261664 2.76160662133768308735
1.60118162745103820299 0.37712386749077797532 3.07236505511279744951
-1.96730509349830517962 -0.50694608195070589574 2.17061357872742721753
-3.37910502833614900808 3.67339711560222159648 -0.94391360283751346572
-0.83256128783454785847 0.97507052388831993994 -2.06805385939819386110
3.17537149748968250407 1.70201342446469983116 2.46329243717197510222
1.36027957863542869887 -3.65372803825389480537 -0.57294629547823827664
2.40257252003801458073 3.37076388071857824258 2.42583160551428544949
-4.04358398732364854311 3.63936082167345187344 -2.90196318600582259251
3.29279254442055258068 -0.28314641411343277611 -2.46212124788286557120
-1.27304423390311161057 3.37432639645756982105 -2.08851722600494404958
0.43122373682172732146 -3.59002802798926445860 0.27573979958259897671
3.33415565637352262485 1.20037450714685967057 3.31072554288636933251
-4.21869198726984429015 -3.77643059087872057233 -0.84893758006818176298
-2.48271403190927664184 -2.62380013487153274099 -1.44938855988771253536
2.25875248272306716757 -0.81356752023280254349 -0.10148553362219470131
-4.36544021438531615331 -3.58913877116106805332 -3.99918676320627586307
-4.40048932137822568222 -4.24176320282607566270 -2.09720806598447273572
4.23608326909815513517 1.44353044370748317959 1.94337508610160281108
2.00946480943294947252 -4.24268735009128850066 -1.93999591300112150805
0.22534115110858099484 2.84397996142029096944 3.61127162953373126442
-4.38522049537376990003 -2.10421954341029948665 -1.74125759867434259931
0.75479587205148934714 -4.34224052270686211585 3.98241249362719162974
3.45681824776520141285 -4.14458458779733351918 -3.60082641814080872678
-1.64178397244106610842 3.52215367757055997089 4.52739752744714518684
-3.58245469017182971427 -2.83175339637955758576 -1.59597317720507803074
1.35251669597763335418 -2.05131299832772739933 -3.59322624002515400576
-0.25676540314734541681 2.39753613965429668298 -3.77962522694485558716
3.14855750844713888625 -1.37749887781085522676 0.19033884906540965432
-4.12238716692129614216 -2.02835127824120231566 0.26794602280950119422
1.04025225244268870739 0.16895377042196102479 0.59957236908373978679
-0.83205349214089174836 -2.80680841996175889363 2.25494982185634373906
1.89786330823582982674 4.47885699736060782783 3.42513326758616898360
0.33696386451179449750 3.59707067380710210358 -2.10394920364499782295
-2.49898992759622329274 0.63376472436448327841 4.39949374180979457805
-2.44139840012666509139 1.77171977682668124743 -0.63958429815426720566
-3.36244096858816732265 4.36931390775413586169 3.05964889119601135548
-0.12654884040106928467 4.43130997239296231527 -1.26702978689433010118
1.04218494193013544447 -2.27427501797642772630 3.97293786031205531373
-0.74383512656286843168 2.91076007238647349595 3.32447847834969234526
4.29117673365795848639 -2.99479497927930582435 0.11880660115676988653
-2.93934170502474145792 -0.21586831582277810071 0.46825631181706661721
3.02062704178762420071 -0.07363192384626415787 -0.68388521449936678920
1.36036638986717850486 3.71577469948615668471 2.11329823646078995836
2.53873734072304557685 0.05212506052221055342 2.68582686701774964178
-2.06256821508020848910 3.93345963834222711597 3.10268672838837833439
3.56317707710736808480 1.44813445935334250692 -1.31163545194725639220
3.41944717183179669462 -3.30124593093312457270 -2.71896674989700759539
-4.09893232485114022978 -3.05779946230592480916 3.00782865778783392585
2.54697624753196283365 -2.34538352070684252837 -3.55918834348298807058
-2.69234079488981059569 -0.31347684666418285104 -3.17148245502245007543
3.34661271536593485365 4.10305311014490481369 3.24930643900882110131
-3.24411729990908703769 2.51505033880395600931 -0.69530314872539467075
3.32867952106759013020 1.02354317089667201657 -2.48856807706536420355
0.09760335382675755511 -1.89599753827811268181 3.27333231928655976617
-0.94492418322003324249 0.08223869944156003697 -1.70077827072788512197
2.86873078420514371345 0.36974149810070322530 -3.30679496864004107692
4.49144665119317831881 -3.36802809943252690061 -2.75071255120157598384
-3.06817341406300947426 2.96069469121561379410 -2.60867056310841505251
-3.02563536578725189585 0.42632501948284140525 -2.36400151869529251414
-1.41923668744739206460 2.38224678738045270165 0.09633167382523488698
-2.58257111876757861069 -2.22574033351190658792 -0.42994029612591599943
-1.28560895624932580716 -3.31586025178066412522 -2.53141344687130986912
4.53133014073704654123 2.22761957567915303002 1.14274190961821542345
-1.41431759711325000239 -1.22894090860957749811 1.58744544953775079676
3.55690894297545856517 3.39345617199176530221 0.48507115965027569615
-3.68017770708589875284 1.12136111364538759716 -3.82813084795068592214
4.20272636797859799884 2.06434688449085701478 -2.73649812444676943102
-2.54544412706897871246 -1.39695734644090441279 -2.94857565094777696046
2.84684055196543983612 -3.51856656974107284697 -1.30252855564516600850
-1.86358630438956840436 0.05047243948622082144 1.09846525908185110865
1.18369020215112108474 -3.15132052496254289053 2.63718465434760052091
2.50734649979830148681 -3.81254931831882393212 -2.97477493010647764393
2.98806367584413834493 1.47657678386290225347 -0.26667091945612586557
0.72119514643895676898 -4.43053400042975464856 1.50532902240957788820
-2.70801012633238835647 -1.32565640112822258345 3.25782285162432483361
0.59145825783831362799 -3.30462943935115172067 1.51587796363477789185
0.89727858378074110135 3.60517179275203236699 1.19466668658548247350
2.22733080322876286772 -1.72914035683522326892 3.43085601757511415855
1.97612523427389330521 3.24948965948448087460 -3.31254169557225663922
4.35342224000146327256 -0.91287288331095961524 -3.07211238635128669472
3.97110363944050970275 2.49054329583182632035 -1.61318426656600566460
-2.10205379433451744475 -0.67170781188938910589 0.19224306016138381636
-3.75193666753594801122 -1.79764430474293979145 -1.03459348158593300582
-0.75523435490799517567 -3.81203313356820405744 -0.99579103489014997308
3.79582944450902903810 -0.52480423713974388988 -1.23082480698791307816
-2.59759164180969559510 1.64274033002726138619 -4.32075476022803783849
1.16234487136124098328 3.33105438957981458969 -2.63309170623538113531
0.89571026384636276418 4.46037966068141233933 -2.73392324438802214459
2.61576002542310792620 1.59185584888750053523 -3.12971703974881476640
4.36248063088069581994 -1.45835088690130287858 -0.59033605847030701241
1.31330416397427196529 -3.28767214671619800725 -2.57413565105895747465
-2.52993965330692605065 3.48307620552386065782 -0.29437038694514594539
-0.13458533671244765628 0.85503413491955715386 0.93541359805399704186
-1.13612581993550598725 -0.48598869468030780894 0.64353501855465555792
-2.09550359227397775541 -1.09723044541280589925 -2.06907027372215823746
-0.49844641774947540114 -3.04070920951046064218 0.12126932146917557276
4.43710544197876455286 -2.37417545897739978855 2.47262439062640648757
2.05204375898662760846 -2.66032034176109632995 3.05892200153706106391
-4.48080531975642148979 4.53302016270126895137 -3.23359362731926713863
-2.31839255997445636837 1.15740397485897350549 -2.15802476775366658401
1.05871261372522962318 0.36251250810514168421 -2.51778739239677085138
3.06801275950306884255 -0.89899013381254722077 3.35885766200230406753
1.93208848820937983959 0.59699688837154152310 0.37451467861266962700
-0.56755324296166254072 -1.27908827343466890980 -1.14107388999262404639
2.32055361577737517820 -3.54531482469385217371 0.75297952368797638201
-1.46449853010318964408 -1.40245898038118488316 2.97414678216040684333
-3.43164376533423798321 1.41385127669687982177 -0.33683337939944557604
-0.70649879564885864625 -4.04455773297238785347 -3.47333558493033045522
2.21899597495078193532 -2.81458064049085487923 -2.32908722821915104007
2.05670723148285983228 1.22338335559666955277 2.53247591880381595075
-0.13607084903363020345 -3.89874161495194160310 2.22710702326071796620
-0.10465420606113173818 -0.48279184543669728669 0.08914761996767417429
4.38263767116391900203 2.67793627801483591355 2.67398169376128258534
-3.78047653870612876403 -1.09143477098830343763 -1.88165619197400380003
1.79436038238950335000 4.18596594075115557843 -0.96277716080590813874
-0.43724254732684286751 -2.81893845553273614257 -2.08731726878832501981
-1.78996059375978155970 -0.71519548924490861097 -3.89479508255973572162
3.21125119680098425334 2.93260057792831130286 2.82844263578156240868
-3.01896214731585699198 -3.79229171357729777370 -1.34856257883559793598
4.33310106403392669705 3.53285357825822909916 1.65914696157819552269
-1.73433764491067066160 -2.75231258756588514913 -3.36048961427451819972
-3.54152785830326655159 -3.41065450597936248300 -2.36373232393832966025
-1.18040891391330138305 4.25835179308982869628 -1.40021753146026117776
2.19874054535946150679 -3.19477155030796522439 -0.14952662595847510119
4.07940856295927023467 -2.41528497190887936341 -2.55169611759670234008
-2.83478600912127998157 -0.01742329341575299395 1.48514542213319966635
3.66995602641864504534 3.25636054488310566768 3.99658580826921738804
-4.30656391792110060379 4.12936627410695233920 0.79838750755814036353
-1.32152824163072635244 3.00481356599598203871 -0.85667600864129145322
3.34528478154679920209 1.70229992756813874877 -4.43554096084263793642
-3.54565157048810020157 1.37161696441463920593 -1.66031092074704211825
-0.08627273422069592357 1.57585709796530171189 1.76727549447867549048
-3.62138954704354087966 -0.92961939858468367603 -2.89756036309302222875
-2.72738957357913447410 2.05031805973776926066 3.08290574993230581669
1.44288104861281230029 -0.64722907034556831363 -3.98171617161963853349
1.24269260514052692912 1.50151565945429155136 -3.18538416553383907370
-2.47233501654051890384 -0.17480763469900750806 3.28304990619621239745
-3.06054084654507763119 3.58033065555170981753 4.03700435003989266391
-3.68552271821852528433 -2.97724197673159540756 -0.10090489475197639280
-3.01925708224419198089 -0.47148506982412907718 -1.65918166685044576880
-0.43965778762157992077 2.73955520115059858455 -2.41022984441126064681
-0.91602412844168679129 0.34870653255907857471 1.63844178944128859854
-2.54585182445527369310 -0.30686265773376497634 -0.74469271269985926054
0.85987936353576177595 -0.48721066839724880282 3.95018228070388577322
-1.56735880315200093449 -2.79030781283193096698 0.34795094157325845430
-2.28173343692320163001 -3.44282441027874064332 -3.96171667075240474531
2.69035433887566277633 3.28026030168148263755 -1.86044941724613810408
-3.79918038983219030769 2.26817266821597840476 3.39710308744687328186
0.50949957593480199591 -0.48456732684806347322 2.75276382468865410402
3.49285761557616947215 0.18316374768304211074 3.15888460356729883216
1.22223927200463755582 -2.08818941648400624445 -0.92791640073733860916
3.33543393467718196632 -4.43373282687411762737 0.96429645682023856779
3.00724705597020935954 2.63830320877302693106 -3.66044783730995160198
2.77231965261478219276 1.70400413416944385148 0.66678346827596168822
2.86599220351661010397 4.45559354811662178264 -4.30904802259389629882
0.58648121165095989937 -0.54900572430255678569 -2.97502120803818881356
1.06109971450572349028 2.66963801531005451295 1.74877190918697777988
4.49915038313029302941 1.35435829631858251076 -4.22931547294988963159
3.16822159567584460405 2.26262301342081784128 -2.39314692107238879970
-3.39579715960303163413 -1.82082622052502607346 -4.03784593484525089480
3.27332497831400726085 0.43269867422266905521 4.36492932279134304707
-4.11779248421973687044 0.89414702376792121186 0.57707480222182105933
-1.91247656152125067308 0.55354792943687325391 0.05102392942397226960
-3.33701005559660401900 -2.71223616435152425908 2.37785980063413404650
-0.68807204429384904998 -1.48824272335138996226 0.93926720912042771516
-0.75975406611226858899 3.17321692711523173358 -4.11553489629611313205
-3.60232600233746946827 -0.05270619153217737107 -4.17618332602698849598
-1.88650246277455879707 -2.90142815499572259696 4.14627291838364175902
-4.29035723300897853250 3.23672301238473725249 3.63728302826110994062
0.13716376142168762442 -3.34899401316332756551 -2.96984666869892244279
4.02643417726645669319 4.33639282849383267404 -0.12252522320988834537
1.50181163691482044698 -3.67298886369223653858 3.45167679843939811946
-2.77037708992562148325 -0.91761455572666683622 4.52095240065123871176
4.22375657220471989461 -4.49175137342257713158 1.64327722861796932108
0.61787053030132899067 0.58020037337356367146 3.67069864651971311531
-3.76489657876968975003 0.26226395992821682768 -1.66832596897981044748
1.44713550054828399283 -1.84290640484459355974 2.49052683359730142598
-2.97108895311611620471 2.97594174307220526998 3.09620084261476513632
-4.23640166902956227801 -0.50412759166497700392 -1.01311696220776159549
-0.83077442970006831757 1.40940760902306205793 -3.67751013736453158387
2.25081738490016292076 2.78680653266936140255 1.64100630982456241469
3.53489682816233230511 -0.70254617469595537216 2.33137951970357804043
-0.47081293007148783403 3.44090183899582591209 -1.39419665506263523724
-0.55181688171136400456 -3.82621207335720603382 1.02967551520458933112
-3.57893504407799456501 -1.64205851087667298316 2.76963205257592459674
0.39058930299245453455 2.38077557113328364125 -2.08720743170902212071
1.94725622099067852133 -0.38502315904261052992 0.99373563502498818423
3.85872349924095470186 3.02072444409884788286 -2.95609471666279199908
-3.33302021026594186281 0.64639923503908125468 3.88002216670441502089
2.12292149686966258315 4.27937053422509361411 -2.85472433756151655615
-2.10749770100680766660 0.75141115276983327931 2.85967127836166845611
0.24103554321330911137 3.41665040223285387810 0.05117909696116029750
-0.05239387039201481855 -2.34418409011666595276 0.98049116376254907834
-2.18886834520925033232 2.68094258862061085580 -1.56554808104571563376
0.31276595605120771637 -2.35107185271215612943 2.30206788770155146295
-0.99684601949813211874 -0.74622474317879738948 3.70047311672912382363
1.78229154521779253884 1.87934390608615053964 1.14948424784148528488
-3.66707882125847284271 3.19342445133700447712 -3.87694965407197011942
1.73350756363626512524 2.22278259881425199751 -3.92916684118829095951
0.02688494719022749280 2.34709136001199158983 0.92453936781290568803
1.93521994037696742907 0.86050585295154125021 -2.85802315779000482010
-3.56636649325120602683 4.22496721979865963448 -3.80226582719022854207
-3.83679250321961262671 -0.66343966480552074572 3.39286133123217759078
0.20853587199641943073 1.88139442317919680647 3.12758693838047108216
-1.23702219581640449064 1.12093792774480238705 0.87528601051907894970
-1.48492686991186362278 -3.92466058358635283554 3.99783734063675222359
1.83492984221415067481 1.95200366677121728287 3.96511121406976041470
-4.43738583985531764853 -4.01652763655866795744 3.05575480690768586101
0.65475484923560856032 -1.51831525842312142771 1.42972975876073249424
-0.38976625547177956577 -4.51648801923295195593 -2.42532422818645221341
3.11746175893272159385 0.55684160427228057699 1.66922943784036004189
3.47128052502690120917 -2.76684829334726112293 -3.63121148676419736034
1.93077965282902841437 0.61278857428510402627 1.39185861295344981414
0.80415724294973056629 1.35724143452608547733 1.14578534383605479263
2.61664717612259156709 4.33738363175633789837 2.59048016823561777500
3.45618914653542308457 -0.84924713712178245828 1.17384109057911079077
3.32001678202828109931 -3.08429659219629037636 1.46107956812542028047
2.38987504999381972226 3.94418803504370796276 -0.19587603118889695963
1.40273848362297126613 -2.95649117036533715108 0.46688974559232043759
-1.77719691382614097819 2.98589476994188363079 3.43175453462369439706
0.73802101133041997372 -4.43201839548668807822 -0.48637648902735719503
0.56378404153624561701 2.14974475763135952633 4.27288134215726866927
3.01647309571991950605 4.18241542542668209848 -1.19168659883211791595
-0.74938692440784659965 4.08791951256584606966 4.38062502785267238181
0.39282767985363253871 2.30213917260756684158 -0.44485939581365396833
2.27172851261442954041 -0.53379568743165783928 -3.07120240937674893189
-0.75307017636950845940 4.11301233879491601186 2.12195879756006622330
-1.13367311203426712751 1.39239105681386465818 3.11212710246596468977
-3.05999800291996315593 0.48422933857521943679 -0.32086987746045103620
4.40562567104327396095 -3.20325154003165213368 4.19907092397575620879
-0.36915100363462460820 -4.07183672479865421678 4.00147910149256258450
1.88550372029061286128 1.87039906409450207292 -0.46624262827933637965
-4.44637323393180672326 0.36741416052384234803 -0.52238693134564773146
2.86609815029158365718 2.22232959556261278067 3.73428486481380250694
-1.42136161414613582110 0.51746875197246211542 -2.86184707226904011534
-0.34108592476616728106 4.29921859695157149162 -0.12892492300181590537
-3.02824448741491680792 -1.89977459380204427575 -1.96370238429023835636
-0.32499639846468131310 -1.91957825491475420066 4.34652342902981470019
4.22494717727040391964 -0.85736605358082407236 0.35386738560936503717
-1.47305262915301415916 -1.58444820295479704697 0.18493463929260567369
-3.01299719474973581868 1.22285328499333179053 -3.11502892390800090183
0.23033322507253206624 -3.92728237190645268484 -4.12672813602978383329
-3.68940623340082707315 1.61304009607656428926 4.20709157999450678034
1.45883721989143300135 4.45206319442944664644 0.34470825292320395050
-1.48918588944794993978 1.82282868594513214333 -1.78583012681962660650
-2.95584486562488590877 -2.58822714252433572213 0.71886854580282300020
0.77098659001956892922 -1.13857948782264095655 -0.71726523708195255580
-1.90244949995380618901 0.06303316919212686997 -1.90610958054992840616
3.86305469755431918344 -1.11798073570027645118 -4.02013148828214816888
1.39846266519186723798 2.41487048327355768862 -1.37058146702153615948
3.87117508272604293751 1.37095826173074986087 0.67829324302156468462
0.95574877882111408667 4.45711324088386273701 -1.64035053502136340953
-3.65004495682627494446 -3.91991950438009784108 -3.20416218715807810113
0.49043583314686323149 3.91683718356306531660 -4.40902074239753982710
-2.39245189124126866886 -3.28451013730912677602 -0.61231816173259900893
2.89088459221723770298 -0.51195552843013647504 -4.15941993765381212711
-1.11419123139140108236 -3.73613582434157498469 2.74810830295419261660
-1.00769135659177999642 -2.72753935555956150694 3.50690230238221989367
-2.59619043475884714312 -1.74272457788467205475 2.19026009757260897715
1.65259798630015009024 0.30247446262569344100 -0.95133385503478962164
-0.10115028681451043724 4.25915092831151387287 -3.35589485331589143513
0.77557391856510182748 3.17527821282522104696 -3.68683361425839617453
-4.45129468502610237124 1.36724984404358540502 -1.38005213299170748087
-2.78161853288608984514 1.98415071750267468786 -2.20291019594665415937
-2.47572742012692792457 1.01379810459049757299 0.88207472761984373477
4.49551590170949477709 -0.29304186136306409338 -2.27438808875070774818
-0.97622344490007773032 0.26407021605834835043 -0.24669548079879088931
0.94926866140923227277 3.60951105498709789998 -0.85357110636890176636
-2.61138599822669714712 -1.42730704035736533086 -1.06867781045299281573
1.87297760916552391564 -0.00094872841914472872 4.37488349348157701257
1.07035709981772253485 1.76075266609654512706 0.28828419921997383568
-2.48209182763619606860 4.36143291448427117274 -2.44626251250279747040
-0.10520867693094437811 -0.67100123788021015514 4.36516888539417013959
-2.41751931623714888531 -1.29807195445184486715 1.22932813076697211585
2.45489788192174263060 1.02502169093489037266 3.83906108965491110752
-2.04875805738899829933 -2.69088845651611352494 2.06967326465772050170
3.87029700365454498723 -1.40308072676680239965 3.08480031557724654334
3.88476777927558369896 -0.70179681220110579076 4.12623571596702287678
-1.24320308532723622363 2.15020854047939025122 4.46808107834799539404
3.04686569975223431328 -4.31722483517136357278 -2.20442178077836947736
-0.52269668409060177083 4.02250885207410302513 3.30732716368336898682
-0.34140541612957520101 2.99855842743497102987 2.01751765816741368553
3.66938389492688710192 1.17094377499051738312 -3.56684542234001877858
3.31793272265431138379 -2.84433583430540615211 2.93160355964724139710
-1.17922239148136975828 -2.29631617711795987802 -4.24654775590829203225
-0.35929636556166677508 -0.00514131837398501546 -3.30157629170183009037
-2.53557922110403488603 -3.97645587178383763671 4.00053307801085278328
-3.62772627966624972018 -3.85379360572122742212 2.32797053233513473458
1.90249099357035067470 -0.48697658727725112726 -1.91311803370313526784
2.55113791183575333577 2.92300721295362020413 0.43649382238276235313
3.25563162714012399590 -2.04759959701273874799 -0.67877775949231899943
-3.76318957803306597398 0.30156942452742363514 -3.11383287419685794717
1.35353852570401045341 1.75503970415200782895 2.10429820326901850791
-1.90445414031309656622 -1.30432936076308170215 4.20112020909192818152
0.45025221693356876074 0.71563649669305018364 2.13718573599682759578
-3.11745201378597913688 2.07465360420631039773 2.18170512007203054594
2.13272144810919606073 -1.12258575733582155465 -1.22875030331726753374
2.62355157570430108649 -3.73475779346377478873 3.09341175692521819229
3.96604994211870032217 -3.73319254973990899416 2.34310374991214676044
-2.69515647264310409525 1.11007124645261701090 1.95259013311988827155
-3.33637169977767955587 -1.14874496326612707264 -0.32456230225765825281
1.85090908605640258600 3.96800453854133028386 4.32181194040143790147
1.18339197877319701746 3.04628144221278240877 4.46884921214720431948
0.26057585335895172562 -3.60847018149819920296 -0.92123865188076559107
-1.84553500314860174925 -4.05495878558337885522 -1.58365215716790830314
-0.39920961701176604919 0.22466343570894586890 3.36211961737412590168
-1.97537104628562776298 1.44262864875724527991 3.79848746127290315400
-2.15971899280897527973 0.68453244486657194301 -3.55213252107282961845
2.41591521580821488868 -1.26822151216771583648 1.70314394276418745733
-1.31780057291074825798 -1.15006339903774712496 -2.98717295075919775371
4.18623046225108819129 -1.21616621653705880846 -1.93674884293328819496
4.48485208791292944142 2.92473279874065905659 -0.27759955368501554318
3.09578065880947139732 3.71643842355561648816 -3.18212130813014093533
-3.59726979355701059760 -1.42130795407401322450 4.03889256405374563741
-3.27254911990763597274 1.17470720425965158284 3.03638190990089107402
0.46590912209685786394 3.46319947734048394494 2.19548259487871799678
2.58807037018293417674 -1.34053634438484969849 -2.27416637523939701993
4.32328356293808635513 1.59426285634575748418 3.83451833575303435708
1.12870643609208620717 2.76509509660542374121 3.02513495726306391731
0.80058507235913900502 1.17321535988793534955 -0.53561823858565560386
4.46309203862809500407 0.86422582195767816415 -2.69682594842543688074
-2.15275594314882035007 3.86562318098878510142 -1.23878832695360774352
-1.35233757890101946586 -4.38390889234701219834 -2.51268428560950107808
-2.24535555533250796856 -2.37617003510655067089 3.12398920288602255368
-2.71626410564351106203 4.52443994022646744924 -0.44684773168854086123
-0.93930778732544428777 3.69497725321018410938 -3.22107735406050021965
4.01780211606054482587 0.42503047753116440788 1.97977429754007960838
-0.89410291487335680216 -0.33823908222232823562 2.71403649457359641417
3.10003747208230162613 -1.83292345940138590166 -4.50127978460375377523
1.15805704529848885187 -1.20766282783235201492 3.20426966186173789453
2.29285748008492973327 3.17676128570933880013 3.76656042920668188145
0.44672102280049852396 -0.32285779912714573925 1.32349333479958719550
-3.47253912286145194344 1.59290702821967222746 1.33160862704581273164
-0.60401170725587283172 -1.98404773507033782565 -0.37404748315312907891
-3.50184234563084340053 2.32974672499178936391 0.37276292054469184478
4.28604590787093098214 -3.14112439868516979402 -1.81451468666520909778
3.91993879350473850565 0.61838962974451661125 -1.73562389684703477499
2.58968393169311639213 1.04223125959647244798 -4.11044482943839284417
0.56212832222919484337 -1.39320206892144504707 -4.29374490257188767828
2.66850146290080569855 -3.92243622843231376507 1.83861048628409484706
-1.04627319117177286500 -0.78522220869818903921 -0.34898369124596495539
1.22752872536043877716 -0.81097947910841039487 1.88591817486059820652
-3.42168718921482239992 -2.45501458058261246009 3.48366000136143139088
0.48738826965937498414 -2.25247435233718995562 0.12505985897822302633
-4.47339549842842654215 0.47732781177973748754 4.40511655779268718192
1.58974889504424954367 -3.01739026761025064260 1.63260693006576662611
-0.77600899526704658626 -2.98180332968214356626 -3.39412662763362993346
0.69058686780303712993 -1.40452092988429022569 -1.84027150295455887985
-4.02871835059230143372 0.53620030576950039602 2.14908807644888355526
-0.50637249592552091570 2.18385545827442584255 -1.04526815318366050889
2.48615280983472342058 0.63163507525187867486 -1.58798582949424371691
-0.14014314465222632577 0.38338359247861397705 4.32702415578882959579
0.47080444974368873545 -3.23677762660842649467 3.35140341283428622177
2.49943091849511667135 -2.35656482025825075866 1.90728523255395554514
1.90982953851402026402 -4.29662214757911886664 -3.81469873028064299092
0.24616541015381532276 -3.69163127528910406383 -1.91144974429929170867
-1.62705204205548792373 -1.24327485231367518281 -1.25869603266060980928


