12
3.72050377343306504230 -0.86336364976473456423 1.74975631573867573820
-0.91477104595923464103 3.49930456092719577299 1.16216549184062589717
1.80853042684445863841 -2.86164038246523366738 4.43814485913329104250
0.62459590418624433283 0.41691396348377907088 -0.14971758453057670835
2.00156727339002404875 -0.63385079698373658630 2.38572607799567038001
-1.41778628604476164554 1.68611358274961631309 1.08633483684275411463
0.17791794921797077222 3.29936019063020058439 1.51734312573069285435
-3.69035444135262169496 -3.48230642488444219751 -4.28185584023426013545
1.47537531043999425862 -4.27646722773485077340 4.13704301042131294963
3.85675805533129700819 3.68798269696333758105 -4.40638310538974220520
-1.61638827979294674719 1.41275881916502399349 2.69492828751722957037
3.86153682845656742728 -3.59625296216052614540 1.36170153021635353952


