326
0.40804056673636157626 -3.23893508294935728031 1.00265553889645175900
-0.25176282756089829462 -1.48755279846553278844 -1.89944242154680908996
4.17289635306608897025 1.04663618183924977956 -2.42400963963303306414
-1.24887314123668335952 -1.62851308629994973032 -0.95853966550118840928
4.23358470760967886548 3.52794620878922327023 -2.85124804588932434513
1.06967248152417759854 -2.27636132037372229675 0.00163798765236577992
-4.00418882257236674604 -0.90297267606844933141 0.55145197143431090581
-1.62621552750079301219 4.18100918462313853041 -2.13308796966804958828
-3.65596772095444189077 -2.55968088698919249424 4.39468945666700161468
-1.86867403297046763555 4.50689007779871086967 2.38844743586857699569
-1.58710188637250571020 1.08879189840544388090 0.07029852077363685225
1.59312534227944002652 1.22935019289899649664 -1.48793230782432894799
-2.18783389794783689197 0.27877558113452494126 1.47416651797300435334
-1.61361104126317789209 1.47854111959457767966 -1.24628949567760693995
-0.84802187955197716462 -3.38139416761664968192 -0.77654892864982727474
-2.64638897763086200499 -3.00248414683446895879 -3.25524037465979665384
-3.46199789763825149791 -3.99375604655147764532 -1.44553441464308463082
-0.43860992175309831964 4.30529406468116970785 2.03969419378202942994
-0.05055607251354832243 -2.38343499601340846894 -2.88933370969615399559
2.13299327831367069308 2.22132549567354953268 -1.62917188405953661245
-1.97213479099842192710 -0.66167680817639062951 0.66309053438642617806
-3.01141431835293404973 -4.05008803926603100365 0.10992753386076969946
2.72361917440032907933 0.42410837772446630112 3.06190857696084517414
2.01541127569190425817 1.25770461994149140850 -2.48445313166297809815
-3.83239991039533745010 -3.84193224323649351604 1.35218178103298747317
-3.46829805217436826226 1.95761202837557402034 -0.12456847645371471600
1.64938239815396325838 -3.43673831391112605260 1.42389069449178418125
-3.69769016834019614848 -3.43012436477879845143 3.69191260271644505764
3.39911807916346386804 2.14560946569007082729 -0.26539158956586739180
1.87478745454981332585 -0.31335570562649373016 2.69658948441103785143
-3.07513832788735896884 -1.39437351515344687414 -0.56097146908302697454
-4.23929583915851004861 2.82117410542480495650 -2.12069401205525576160
-3.57551984677012590907 -4.30788437412565716755 4.50334792405678552285
1.30681869791981419837 0.55617581654450187756 -2.24590490184221724945
0.63011253086719065664 0.38036116879561809867 2.42111930349698400988
-0.24262566640430716092 -2.83656973099121856308 -0.18016389872787463844
1.75570829622612034626 0.43376041581388147250 1.87525527804503688856
0.81950678404181953596 0.01257003226598030210 4.26891936031171592703
-2.26105155990014949907 1.57280331081258051285 -3.84125692254323380936
0.20332828211492159909 2.73597961852840487751 3.04412608513580895675
-3.71924051563092250561 -1.64211928770113990694 -2.65806015397738226724
4.17138461463407406171 -0.74109911677926110229 4.07788847050549474460
-0.80068712211516945843 2.89371491107772182971 3.00015193620073983283
3.66573722264494517020 -0.32274423235353122408 -1.18663899612661927208
2.47660615887343293906 2.20210459854765883136 -4.26582825310407098840
1.68115516992069391478 3.73903471047534718963 1.49012858117907232014
2.96745053671610303780 -0.75490300814547373065 -0.12133634045050190053
4.48424554820529852606 -2.76908235212612208187 1.76445209166434402448
0.60273216826286724057 -2.66349564040459885206 -4.10131502060386043951
0.23669828661871417097 -1.63132298922943919095 -4.29004554856224906700
-3.62614957657496672638 -0.83298223947392546762 3.17691864089419961914
4.45593483770326859172 -2.40652116589639586408 -1.55749819223994112605
2.52999005405604471264 1.83420367904700309936 0.47284503356486329295
-3.54922953616179004399 0.93787756086883167228 -1.88066075431869839107
2.95404706027237384802 2.95004888289201971929 1.21364353110806622027
-3.02968779602663351724 -1.18484355804120733424 -3.33789411895495113924
4.08029262432333705846 -1.41752021750262802158 -1.17396283457266159544
-0.80715724688020129562 -2.61780935364371680762 -2.04596655900749624379
2.68722767335875634132 -2.22997408572879329824 -1.11502173696237294465
2.13053497873151354014 -0.19417547719192462807 -2.43167870085432813454
-2.83033775016629274290 -3.69873947787364043549 1.08243976814037079492
3.33700943727103016556 -1.54777756702823277024 2.17550768625702328762
0.51591265043573830695 -2.33455851432613537000 2.65476653646258586861
-0.24302845943155926278 -3.30734462147579399982 -3.80542022086324349672
0.68930642751423132353 -2.71913574475247843409 3.83066123353996434986
4.33653018935516154642 -1.40911449789518083975 1.27605431823757697885
4.11017400993007786525 -0.54815406371317898504 0.76106250050131318829
0.54946592181854381209 2.26751950593468176720 -0.08005914404888070379
-3.65284489159906122779 1.00778257391729209047 -4.11846782282006085296
4.00379927223476794751 2.41108638765057747833 -3.61367254839781670839
2.02291484355406314677 -1.41418045860241470280 -2.29039551092793658427
-2.00328215085695804376 2.74972266212563631882 2.14301316468417990535
0.39594202495295061084 -3.16271321842171326821 -1.16277971031927540579
2.83445637746368372945 -4.47199677853152977036 -4.37574935506922368944
-4.22803243159745978375 1.71512320674985918600 -1.97542825166880708920
0.09643316576667793072 0.25730295272151160191 -2.63149475919435804627
3.86446020650670352126 -0.69921739078583389215 1.94244567602444551113
-3.50197924745868460761 1.90455493288788257900 1.63953682009235546246
0.79699236440842113893 1.33125709852174356485 0.40754653985947619788
3.75536890703491277321 -2.20064152236714649646 3.05986255206561619246
0.38682057690393190086 -0.52269307158475353248 3.16882224430222070310
1.66977294521288843754 2.17995511107134198880 -2.61853377036537304789
4.49983354611320951477 -1.80357869647040569561 -4.29837052406924247094
3.82688158140485068515 -3.13745626369557850666 3.58570043195273324699
-1.78387779085503428433 -3.49552089543051192067 -3.97253768585747568665
-3.20032983138925120059 -4.20748429802435719438 -3.23160745349583189423
-2.83333767919319967632 -2.01069165914614655932 0.64705043866333955549
0.46697027871964724710 0.80314131832502511088 -1.58677301729151487564
-4.42749361051003287315 1.77373953245080873131 -4.49462413177680897292
-4.12945655440726966390 2.35623438060545442596 -3.00545079362359413011
-2.36612422452712634069 -3.80415733151342339013 -2.25494158922644327703
-1.68872464112905795730 -3.06184597968860927608 -1.70883569880496999360
1.40142799203355483684 -2.89099611427128655450 -1.42387846259241834801
-2.99795555068793628806 -4.13458918667093033861 2.26865245018907923935
-0.59902944021731796553 4.36851783536619731052 3.10912196127767703757
2.71326190063365846328 0.95845423958807707265 4.33766754039756374794
3.76191930658008200083 0.55937137482854470960 4.17878299716755474691
-2.46236245728589064896 -0.58617854405131764040 2.99688225353269732665
3.77053249718316774164 1.98576752536615597222 4.11394953500133109259
-0.36434271729235501169 -4.53222616253945087550 -0.06758960305793770829
-1.39760191868975658380 -0.29298197668721481790 -0.43735228117528990310
0.87648178460383174837 -3.72879575249587347230 0.15079772768804922123
-1.73661805409679992351 -0.09522418329745896415 2.32141085174950934089
4.34992943348177174556 -0.05207835692001161476 -0.52263666554236465345
3.29085375928739143347 0.64339538060204315428 -0.56743290911077659544
4.15666145000863007652 -1.56238267397257368785 0.11699322243185505954
-1.21580513786266530829 4.44120490438065562699 -0.73735934276365844298
-1.30056397047324523442 2.88651429198095410555 -1.84563752656732260604
-0.22632215196473026708 1.54875866647947812993 -2.79290882514717297980
-0.22549510413002327169 2.19004441593199494775 1.05364637813544526068
-4.16920484363259991056 -2.81920837144124103446 -3.34304802293541580838
-3.73626634986138750349 -1.40162623705369204785 1.77429430483747108127
3.06305794574958145660 -0.77285186244021542024 1.22132888756343760406
0.25145317960195789908 -0.79216423928511403574 -0.69499603034070256413
3.94071025200899338614 2.11361025280644998503 -2.14616703636968209068
0.05564318485594643704 2.33219035847191946687 -3.43379075218648788237
-1.00462480113311736218 2.48059276596824229699 1.78567158611276166624
-1.66622566154610662892 -3.87796218897014011162 3.95203774952362696382
2.41103467908099222683 0.08345831928949110079 -0.24845802595947485969
4.23204911557162422042 -3.92831111071924166112 0.83856935569144397391
-1.08218806046821436340 0.70074470108719832950 1.96759870765863897901
-1.32620566706632914133 -4.10846230756660801831 -2.72067987452317261443
2.30423945050478895524 -1.94806579702890747541 0.34633618548868749798
-3.82996150747082531041 2.74173405122727409378 1.08792984997760289190
3.08327594394708537351 -3.54695368097014451791 -3.52968565498183606266
-0.44807942583256288316 -2.16481909361567570471 3.11463176156500853864
-2.54147941489174877816 -0.77284674794761754058 1.51389556767821087391
-0.40937384009101940308 4.05868637170388257829 4.43273670948031917050
0.98412051679901857426 -1.36465688489283643037 -2.58096885883703786035
-2.62635072538721781044 0.86629574277253063030 2.63704048870742013833
2.65527299073780653771 -2.89009617632876869564 2.04366300493840480357
-2.79512180711864921534 -2.37241380651585398454 -2.42468446325454900503
4.52658154111952537590 0.23830383277228150973 -1.54971449916510906064
1.44659704997994964515 -1.84219457466007296986 -0.81352736789682777996
-3.95040561574062820682 -0.82803918204442972240 -4.39007809376683599822
2.58975417927744100410 -0.36571223368975847023 -1.49795033664462451384
-0.88579084511728467533 3.08272300701163803893 -3.97566352608851714123
1.16217447305350507492 3.03509573492229112190 -2.79011548297244083017
3.39384562848087956155 -1.34092464839907377083 4.44676346207944828137
-3.12462770881474982687 -0.19195904731417900990 2.37360560286150334974
-3.24009411830371885088 3.48216931394316642212 -2.39796333667545757962
-1.70825664126776777252 -3.14549721553411298913 -2.87223930273811767222
4.16119500280057064145 -2.16521644531348789187 3.97497193815219862500
0.81220931138106511327 -0.66034704379735842394 1.88165441475020411843
-3.00961238248363649461 -1.60713895353760438667 2.54696723248486467384
-4.37865885296331214249 4.42625267794965449042 -1.83602977815328749500
3.62720166711012037553 1.37309849473203815506 -3.99714240561033307131
1.69726510295767418768 2.78662461687159002111 -3.69394879670369213898
-3.09580527961208851195 0.08177525816235853284 3.81982697210788568754
-4.38049791326858262153 -3.48916616977710303260 -4.32095267087474521617
-4.48364037191603603816 -3.03413364052759337852 -0.82258779235507040184
0.74780071719166496536 -0.52651527030550315800 -3.58953582487825473279
-3.27748555287617460152 -2.43558155634532313982 -0.27451519955869230216
2.29006007054812332768 1.59144221577159505898 3.15058232599493592829
-1.33442771423538175668 0.15757820491033847077 -3.60689575831508246750
3.60629434687685890282 -2.29058059539032132790 1.48472955349481416931
-2.64120880503747468282 -2.33905888386174609650 1.54184345481670614930
3.44469496856933066198 4.11059928128105500633 1.22284298820504044869
3.22677537740963860102 -4.27810833118205469106 -2.60202107648163050158
-3.31483125997521010930 3.45700909144677925866 -1.25081557983649194199
2.30190303100248261359 2.64795521812327372402 -0.64519001652834528926
-3.14559073695435342799 -2.76174187142706228926 2.98287336494967814104
-3.47725140204628324625 -2.31338909308237639095 -1.60809256250045873315
-3.38455831615969549020 1.27299218197675134689 3.54337865520416794851
0.24698807407127087998 -1.86770195759712498429 -0.64995133059507015361
0.96677550700091696712 1.45450381783309001804 -2.24526468683077329302
-1.83717379301263594726 3.70617354992610170683 0.27356282670105258603
2.92394811999159998095 1.82991331510824917217 -3.15207506497848610749
2.29548496179121652716 -4.24507920890422685289 0.80970863824927974406
3.92176613044582733636 0.49043254303972450003 0.52699949249649247207
-1.27043907053532745266 3.78798676855673743802 4.21590718863153934848
0.79047689714414293150 3.89836221160978713129 4.35888121085026281065
-2.60291808592748186157 2.94675463562806339013 1.24057750058749416411
-0.41307070836599191210 1.10976470720922026914 4.32935092975647517477
-0.43065185209094636321 -1.38509009762755441741 1.35191082709657361960
0.10932050223144784695 3.90187057318038466036 -3.61068167218893387727
4.19287578803327942722 0.41854232451919148872 -3.68136254597492484919
4.08844397248700008873 -2.93451865454838056735 0.20895839579569663869
4.33522378268542940560 3.46955741082849566936 -1.34591583871399045336
-2.28075591411892553140 1.29278731252041101385 -2.48848420867486375130
1.17099778156619027669 3.33142710004709208249 -0.26921990713246835014
4.12277585758375852976 -3.52925898038391672173 -3.22604453987166062134
-1.93157061233924753907 0.60057257748175274514 3.48796858459034009314
0.44859218129949685050 0.47446856338154930199 -0.42794578642720271233
-0.63563500973845421527 -0.78673773439750416259 4.17003183768437768464
1.79308687817087886174 1.62170394035986298320 -0.31680395341281375465
-4.52337988311189675983 2.44494762207659999120 -1.19088018712837140356
-4.02607620292139767315 2.28731873797272466931 3.36828962673191245614
-3.32523865229343451588 -3.23651306438860020265 -2.24184314928660644028
3.05668490619698740574 -0.16953133385154295354 4.05703855522696255065
-0.80651787695961729696 -4.46605937508714934125 -3.73179706236695407640
-3.55848811984770430072 -2.07440696439194471878 -3.59799707501837451318
1.08014244182114982351 0.77388634440792891667 -3.24200548039165425962
0.77085587154398371723 -1.14804903611592212798 -1.50237268226213771527
3.25696278400374961137 0.21244093497673421922 -2.27087800652801119483
-3.05893651806060873355 0.72247570044266584688 1.10339016760477459655
-4.06074495342749930415 0.59593296918164906373 2.24088966102280107151
-1.53788761845146826346 -4.52051650506651725436 1.14868935576109532093
-1.73424354505683675498 -1.63064696199922209985 0.00297631321259128612
-4.07647827478618385300 -1.87175010197161784120 -0.78525057480907678453
-4.07536725735823246453 -0.87269318666395001571 -3.17059965538851873390
0.34105630408400244846 4.33108466083778420597 1.37855705386989324523
-0.52721213678083067578 0.96232022694783569960 0.24056480708278016323
-0.01771783608610455474 4.52871589477118430267 -2.71221577773493471852
1.53320958763663828250 1.75315757948457484616 -3.86879407980545897416
3.23143062479161180534 3.84583360100597015929 -0.01917065340573564924
-0.33048575831089355148 0.80298639426005724573 -1.09007336168765966988
-0.81821377763844616027 2.25400570407993949829 4.34704519620952734016
1.91027580073013414363 4.19909551317678886306 -1.66924267039102058874
2.91606842168947189009 -1.58996054607932046920 3.20612872611557087055
2.48211570053766106270 4.30974089685410977069 -0.66670224814424194903
-3.99416299282289521955 -0.56345563068251980354 -1.99136922996532783614
-4.50835574575949404874 -0.02451792650085682368 -2.86252421179873595136
2.06295663708406262771 -3.64841247388975586929 -0.46248918909586311798
-2.12329646488294754292 -2.94469418494929113805 -0.74303796250422493586
4.05582669260763584163 -1.46408549645834806796 -3.28450985490037172809
-4.47865492586755120641 3.42171289654666122004 -3.93683743105675798546
2.67447154086631044834 4.11947884454032031698 -3.05975358392057428247
4.10668729148099398429 0.63832745296700021953 1.64468672936246473881
0.03897686342541728521 -0.45336091759352381558 -1.73972693856491433806
4.02401168607819581524 -4.24497730613426060842 4.48970244064785628524
-2.85800049652997634198 3.85623785755160408684 0.64874494124434534115
0.90877586301715851391 -0.37915481847898480083 -2.30751972562093188301
-3.18250198876338297183 1.87506576500964428078 -3.26150590212491353626
-0.21222837936798200076 -1.28677964492629337556 2.51385595701639541488
-1.79635898371437940924 -2.00272950792084891702 -2.14580688298487443078
1.18736334301860058105 -1.42201837819971244059 0.54911580193343478840
-3.47180480208045461055 -0.13075900260457284929 -3.73812530933018205559
-3.35117189331801190733 2.37102962403613304332 -1.42461713645708565323
3.06767715544722552323 1.70913790297217094150 -1.77581384210092796394
-2.02226822783227477842 3.63376562402974290222 1.77713564137440105384
0.70482233154884799120 3.95461263408063334879 -2.33451505038826523375
-1.95021587924616524035 -3.53421206915857366582 1.60730839835769767632
2.64522169110183025253 -0.55330428250640562027 -3.87671927604079646912
-1.02138847519853914747 -0.91203179054091876310 -2.27885001589654168086
4.14652187584660492092 4.40892267655897907019 -3.69562310485038958419
-3.93161651496820185869 -3.27347886849020541788 0.54634424138996351417
-2.14535852401801152567 -0.60149603583068067536 -3.83113468535692192063
-1.27450248990295023077 -2.65255463214096520730 -0.13982873771168069510
2.27172262828187587758 -3.27958525827466917946 -2.87566213032973028163
4.39269854742390553071 1.10989641190083254685 3.32461733528570224649
0.62463576584543734072 -1.56562883632447036319 3.52783006009139388226
0.93184526956672808495 -0.14367389845316136388 -1.29136395161599670800
0.41707974697373373374 1.66386636483792216268 2.31875082601467230603
-2.50027365314604210766 -0.39643009096488235343 -0.74954463563314677188
0.09257489186588685470 -2.19981455468610498372 0.62559586429673963437
-1.34402131201114416470 -0.33018009933689018709 1.37295510716387170191
-0.08931371812502941765 -2.51710900009324634041 1.88185996690848433843
-3.06792815705628152401 4.38494414389004827370 -0.77566355651581897490
1.76418178307963646745 -2.50459999710638037129 3.63715174955724140915
-0.03077674855334233683 -4.37470688054161538361 -1.27449887986106258353
2.56301504192294782314 -2.48266195195178829280 -3.74403947290686778260
1.75770640447234338666 1.04716924735641203625 0.67083685989381791615
1.95758743576731397695 -1.36112346665307537563 3.12388448623934333881
3.35808052219648178749 -3.59394996623088314180 1.31744790326158867089
-3.20938247887054739493 0.05158252959399156623 -2.58537029135753870790
-0.18979891225827216772 0.07953189990705755719 4.43778423763197782392
-2.03906221255542519089 2.76337890713233758078 3.39026695388706311718
-0.36692033954390002037 2.34909294876583363276 -0.92273336136647809980
-1.97741323548667402576 3.82878958960818049917 -1.05984271307536648266
2.24007218226162407859 3.23314472096265426160 -1.47000678742001866794
1.25122434311254604467 -3.83883327069927471342 -2.35162385563817766254
2.85842154777422674528 0.63084122404495701630 0.47276331497383328184
-1.18906245987055481095 -2.29066454773710859172 1.96875164341176578375
1.07723950195569440069 2.49207920139453964481 -1.78535560842782370372
-0.30166162490284875730 2.36779982350145434822 -2.03609841367536015255
-4.44920650305084031118 0.10106840574995157311 -4.53531512465510910914
-2.37864348193944730170 2.85034346407031424775 -1.39203152359225201806
-0.12130227517600733478 3.33117124161868627397 1.39125447988988870662
-3.21330243474698651340 -3.43593766655741639227 -4.06444861742728047460
-0.25688523509157867863 3.69487487369841272056 -1.76379835801885986868
1.24200732472836605780 -1.49229500595978148425 4.43454751235034105861
0.88097212961427295852 1.00947406412691531585 3.27574582245689072124
-0.07236874132458659403 -3.30843528710004042281 -2.48060303829704809075
0.68965197285607260369 4.24193439232074798184 -0.44928667881715256271
3.98512481989616862421 1.52606055855997002624 -1.17259966843530172298
-4.38169937890922067680 1.82341872545915339998 0.72024122250712796500
4.07298282491195262622 -2.46728572307722293644 -2.79207332538606545214
-0.71326922031187045548 3.52083684552667275369 -0.54747201243975673890
1.00472139454093056798 3.51973801903957994597 -1.39479071122268383220
-3.88052579376177231296 0.74784093076384650089 -3.15655789032446820741
1.94247382795769851782 -0.21362170986064743516 1.01192765222416003468
-1.10485280686830211749 -3.85657202317185721085 -1.56424173826903079032
0.72983263573502288324 0.60296612155391837717 1.30195717820017353716
0.35811209240735486503 1.51115425492825483644 -3.98526486266076362952
-4.26872063472923546357 -1.92125128900849428959 3.23550066119760959538
-4.26941714246200554328 0.97882326676020969813 -0.39524165385427689756
-2.94103224023913556451 -1.46377093673444491628 -1.95826301517348300152
3.87145047254137164572 0.26294700627368694512 2.60522491606109785067
2.64880142602884927072 2.61021121971264502548 -2.52411311260220827535
2.89112288615175216933 0.68277580840352403158 -3.01062389663977469922
-2.73358319979366415353 2.89133370712198800589 -0.15493355281686849167
-2.34745047417702723536 -2.00109601143663207168 -1.20979029762810696980
-3.66785748118142906904 3.75265035606462493689 -0.14066202427429086441
3.49018274036551101602 2.59035265668268444017 -1.18715007633397862108
3.55785632996307032982 -2.78456018793856996396 -4.41244813048406925304
1.52591569127504822490 -3.96645172153666614179 -3.47432786694069184463
-4.43298002309511929298 1.59958966116748424469 2.02171793649701836415
-2.84207567144428718819 4.35098413935022687582 -2.13172891896855309923
-1.53173776981682197018 -1.25415233543269488692 2.11892714385686620204
-1.40979969727135756585 -1.34153358305753833690 -3.10653904577001904741
-1.50518762634444236426 1.96669529113640262352 2.89792792630697260137
-2.58096720027430626132 0.64340216903243518942 -3.32756020675459129876
-4.34729931657170087789 -3.36163938350769742058 -2.25043309834891758214
-1.45007007508126228856 2.86593585522478822014 -0.69558425744390994794
-2.60413303135617324457 -1.74610546845830727491 4.37433881303960259146
4.31350775298795152679 -1.30381102177129015729 -2.28023962001936242316
-0.90000747243705481182 -3.36840841781283462097 4.49579895399446893833
-1.78535018136584389126 -2.15286390006583250312 0.99463499386234310862
-4.17576467895989189572 0.03945366133747185700 3.18362225865607850750
4.29808561196288874129 -0.87533731783125379167 2.94798840480962720534
-2.46770658199491244034 0.66982137217340920188 -4.36287732925818350083
-0.41585648461212887383 3.29262708485874533437 -2.75900684332299395152
-1.07813741573138344165 0.59139744681038308727 -2.07408277271983365608
2.52434050760769768118 1.15494241834515509737 -1.09402048036865506830
-0.57896944904411240529 1.69526172311902190160 3.54370845702215131467
-0.88846177401808290597 3.57697121625026337455 0.88965702984712446977
1.28423810292159146229 -3.82520013975031814013 -1.11226617620419077070
3.86652751570453201424 2.33328752051965349068 2.04127069129509042256
-2.93628056246030455512 -0.59735739912455176892 0.22792599827063320106
1.08749640050241236366 3.12803436416357172334 0.71189130350922269486
-3.49913172040866138346 -1.50285210223808851637 3.93481584794320493614
2.99246427298693173924 -0.51110378726033456331 2.68537122147182394372
2.10452159548452044646 3.50647297532617496785 -2.48689317096217399339
0.81218433186462668516 -3.10561262808967430971 1.97900384080379065921
-3.71462134282879752334 3.63335324441072504698 3.72217012666455371317


