241
-2.67675610581488632178 -1.29084129009200454519 -1.51584263258264551055
2.32911427440538698619 3.18895961184814424882 -4.43353098965822756128
-1.74000730289917759919 -0.61868794623880996042 -2.99498009437114198761
-1.36002726124317785406 -4.38331271653250276188 0.09456612935364372419
4.04868558298211222990 -0.77688220053151324507 -4.25220447005144741581
-4.34076139583787679044 3.56335249769068429515 3.92470102248611230067
-1.87705401033488739060 -1.59029945639741576713 0.43010807735104350513
3.55573406581951356742 -1.11254854060136354477 -0.82752872673595412323
-1.90593287425971658067 3.92675418932211695022 -0.56668278270575722644
4.46780836842495165939 -0.18477512335381085506 3.45181656190692898178
2.75323430945994562791 3.94312838673721355320 -2.49393555980760517343
-0.28519497311523700489 1.91681762153315293773 4.38355847998804915022
-0.70872876073351331883 2.78105478583533738401 -2.02333291068060816542
-3.49765394836846965632 -0.69846795463327326914 -2.68151008069772256448
4.29299176311527030947 -1.36439399810813055680 3.72484900295837473294
1.46402080617671082052 4.31733951134071869404 -3.25019364125490817230
-4.31749790836034730290 4.34084822947676673977 -4.21055365807995407579
0.70948430274544627139 1.40387966541776965101 1.29727010598735681413
-0.51141481600232197025 -0.90282378083342296193 3.49551856094849799916
-1.08412945224009416023 -1.77182760976852904378 3.81977277567676321013
0.87485770807857132780 -4.11797866739750340059 -1.11104605507534959230
3.92768741653745134812 2.44818194023825252970 -2.37178068562242838624
-0.72447009951331065025 -3.39052130319807965009 -2.53326379762316289401
-3.77914049449630828903 1.58603965991707607230 -3.54445065507075929290
-1.87953505976452150961 -2.73778710027775895597 0.94119081480741417778
2.58189988697690786523 1.11696792385028764727 -2.25243228125296868214
4.26573779037578670881 -0.54092072446369376948 -2.67262350111849977807
-0.55639848735319530348 3.39656854993767698403 -4.31558410431119465756
0.06088092519304844075 -2.33726574127008568382 -2.70738084870944373250
-1.96714922917418011394 3.35646298466428838481 0.37779228383137120062
-0.94948132217487568596 4.48668422001180555725 -0.83321903765099580852
-2.19343328727109776466 -2.70724261443924252291 -0.06463795494217450255
-2.24327931432573457471 0.81611742251438634810 -1.94133768450851595944
-4.40752648862592799617 2.11324599964847603673 -4.41033561485299685501
-3.90781135039780469498 2.92386646404492900331 -3.74729012351606360909
-4.06624509893572305685 -0.16356216856427785444 -3.76930026941559903619
0.93490336282073194241 -2.10085967287890307276 3.27769190519120012794
0.05993783059540369607 3.12649619256614208496 -0.35292135471100039013
-1.60133971767920346707 -2.95472992783783405812 3.90486958241789405832
0.71473456968448445537 -0.93659652144475114000 2.85655907939368702841
0.92518219883515051549 3.90067823450031081478 3.23612804430718981052
4.06905554074853181845 1.76927788971754562652 -3.58919393440369516313
2.16684173114272216054 -1.05578848786073864474 3.66722727700919559624
-0.09779166366481550909 2.59010459345917798402 -3.50194526576027431730
-2.69714016715286764025 -3.75240176926861401796 -3.30338916449461184044
-2.59015454177793058577 2.95559030265232625112 -0.59506090483144236103
0.01953457696242821839 4.22852028186477912897 -1.29095618161809788660
-3.35781965199513310338 -4.45536611336620147483 -2.11850943228790677964
3.42042198246658557537 -3.19460879806045427998 -3.75514962209367064716
-2.38261868408792087948 -3.76939508248952037661 -0.72926170499834430672
-3.62473424542089794897 -1.87224936177122369685 -2.21389675335023117242
3.16069682372653737445 4.07096894852687274380 -3.98586169190495187564
-2.04598355537734555298 2.23178071231510877226 -3.21875748533665362316
3.28605664189737378678 3.06286183114111398851 -3.25560539222945166671
2.75688975118668633257 -1.62114679083261847836 -1.54237292908499723509
3.32639228284194299334 -1.83024831926009801109 3.45040263065831531719
0.00102538292911358297 3.16668541981174822553 -1.32381124697196161932
-2.45172510992011716269 -0.42999890087889447443 -2.02183880197361443010
0.41095529289823140573 -3.81586415254789690366 4.25996944729419713127
2.68348561536041696485 -2.38185519838335402198 2.71298532019123506132
-1.50709855712509721570 -0.13577527402812350488 -1.40126648289843735995
0.49656296328277971242 -3.29697228091398297778 -2.28078109948806329044
4.30462470154137388789 2.46966791782363870311 3.64443625592970921190
4.09169514662377853398 3.83800513736126536202 -3.12767466756269518768
-3.43373370045731141076 -3.91091538980425434957 3.34858298973709711532
-2.09378328464153584676 0.93704668379587818805 -3.44685815494018843452
2.51708088006088015476 3.82846525068370180378 3.79031380892482960832
-3.84570757261319062792 0.76453876569501577620 -4.29933585892352621016
-3.18117615939173647988 4.44367009987464722798 -4.36690500588954222394
3.34004104708832105786 4.18646643524779360490 1.57371910553578242542
0.41264945102845640434 4.37680397197137960319 -3.47138130472011718908
0.87907921172619651884 -3.89292740074330101407 -3.88869331295065912002
-3.45953464514801689589 -1.50793860201597063053 -0.29848801845515726683
1.60365932370839026078 3.56830193882256718751 -2.56891653407506659335
0.10420576561713090769 -0.30021359520456947223 -3.84383655508231925069
-0.20212302925447378499 -3.81134958503103771221 -1.23243338986725081696
1.96464896790670451310 -4.24694210650659709216 2.98973902726599494173
-0.37485795838845703543 -3.58576253020987323339 -0.03327251715312584679
-1.08702180488637401012 -2.49134324589118261173 -1.17403741598409805391
1.03021667942759798109 3.89350994138355321894 -4.36613833301731268932
-1.28646749313779684698 -2.14687665702615371188 2.76993009855477456682
-1.88612615648196646490 -3.41076952165293301178 -2.55124831344597291505
0.55271275879652304042 -2.74164698805117046376 -0.82970208167972980817
-2.89720392890006595010 -2.32490619513580076827 0.78811691023134500256
-2.82657903792738496307 -1.34537211964798197883 3.62436934706425528674
-1.77737994197227688886 3.36750120196083191360 -2.44950841535057506348
2.17731701577046710128 -2.61243224886223801562 -0.82610811784024074100
0.88268721199501865016 -2.64657453622770644230 4.22368222936470427697
-2.40681611380211579743 3.49453195651598758076 -1.64770116063718807808
-3.99308151863969529316 -3.85896988696747378356 -0.93677612993141634590
-4.12401471767217220332 -3.37875762586796613007 2.27570433315952946884
1.46651895095981021910 -2.72756643969327461363 0.90234360388581080770
-3.71310921665143611747 -0.48761695119927939146 -1.11811266891354588182
-1.40262068520350213774 -1.16012600280640532091 -3.87475353934630817321
1.62426047885985180841 3.24535385058882397402 3.51054254643170882133
3.10570025629109647269 2.85824618380541917162 3.60901858214622439647
1.32177048349949632922 0.06644550465410947737 -4.03861228776389857842
-3.93190424941677685311 3.24171511460553318784 2.96209953138694448427
-1.49028558529505916752 2.25936754332573119797 3.94398621776656366222
-3.88885040561175188145 1.48219910626811124388 3.90265454599654137979
4.06203187063385495748 3.63711158251705146682 2.78403128280641887216
0.17422040994022491844 -1.84490406642330651010 0.73669391602441258726
1.52140579584763102616 3.48941226289047801146 2.34831924688713922222
-2.62927808165331899914 2.40265301996205771218 -1.97502426552391963099
-3.91611086403284192059 -2.00396965572805241251 3.19864818877846879275
1.33484142324171362048 -1.17300465408177423399 -1.89367088842047515129
-1.29301687067646264850 1.27276502205491315323 0.68470653635046119234
1.35618099455712926016 0.34517635969891724557 3.04513420608285301228
4.19682886366080953877 -2.33994624507779347411 2.72450721195285172627
-1.21949658926533865966 4.33778076765905051815 -2.60948064264652979105
-0.30487227337595523835 0.96463560279488191895 -1.71300590977644162649
0.01886442771553920039 0.99598699110003519053 -4.07746667567819276456
4.32368741819057422759 1.27667946115906882909 -1.55043848855242050178
-4.37604907480867755254 -4.51459698880034299151 2.33347467615849168965
0.69220973216730552480 -1.44188219392867500446 -3.38229052502752702836
-4.28562326361582890399 -4.11497104523455803360 1.42134775956932912777
3.16689457571811594505 -3.01628966782489316145 3.34696032535562526533
1.64864690288704629495 -3.32607144955280098486 3.52778920091388226155
-3.73480911935142234626 3.77506132115443460151 -1.64695529171750987274
2.30704416750948038128 -2.96062957379191216134 1.40723592073575165529
-2.95378959669375973363 -3.55483999208211587373 -1.54922739479928317508
-3.51728365641007290066 2.21628193658916661235 -0.87556379162852193687
-2.95531881844162747086 3.56244576989264327693 0.14682396399077024540
3.64392394981482592442 4.20026097779400320320 3.90842765046241158444
3.37334497431645186083 -2.00035628569268286725 -0.19994304518495997769
-1.63139556770509086547 2.91001347177025859736 -1.17873549139364275362
4.19279448372932517231 -2.65606450772318369857 1.50596732184993786774
-2.91148464209344437492 1.54762715894122937499 3.65364263091439323006
-3.28796860514380195895 -3.02348750017088629960 -0.45432179500770253355
2.66982705722436985951 2.15164130848316581535 -3.10325697933814792506
-3.50345702593074070919 -2.86829885265916750825 4.05308381319822341737
-0.47564653565542158731 -4.09548496827316466096 -3.41228800856106584405
1.45560645083537121280 4.00496784898871194258 -1.33146871090960594586
1.92153205001846849598 2.31116754235105226201 1.04229579671835015375
3.18349447519661854500 -4.07932511849891721312 -3.12549522185066486202
-1.97102402876005200483 -2.90531087262119491754 -1.51822736687881443274
2.47597037431072219960 -1.30114433052369049548 -0.34215168987276989299
-0.37961750097303248452 -0.05186352704703800498 -1.99888675168492468970
3.90806385017644419833 1.46736399067573319854 4.43429059242704237676
-2.96023831119449898353 2.95084928384985722971 -2.93959659330105571584
1.98901543139611369782 1.14795740333381512954 0.62524673372441519348
-3.65220283448232940771 1.37154999639515029486 -1.41899264678423708830
-1.49756017776284133802 -1.51255735994160112057 -0.72871803592521100512
2.41383720490214148668 -3.22241682699461939876 0.15115214590201553335
0.16130079048203249670 -2.48399860165730546058 2.57909559724376347134
-3.65389728859960705165 -2.52756057861853777879 -1.38636445168654853788
-3.18890786984106533453 4.08696222232815298270 2.73538261681879379950
3.26146242935003360941 0.74740904377286110361 -3.28956822508171731201
-4.36164700291673312904 -2.11916273083103545716 0.59474641818504991875
1.90315375189904045783 -1.36175211568524945349 2.56389152603803882613
-2.58201797926105713898 -2.40453789158001596249 2.45567620215160165031
3.63692045630422189362 0.39712270314947328842 0.59631016125004165929
-2.56218547302262766863 1.58320145516644394945 -1.29427591970208277772
0.63852376097387342213 -3.82160481144335228976 3.18899263607679728239
-2.40172067271407163602 -1.97237490153502159629 -0.71789093832789685479
-4.42187295982645078851 3.60837044663918060650 1.54678432673111121431
1.17338645929851015381 -0.11819847717040943280 -1.83650454183584654899
2.65924647838912786568 -3.43599938407739458057 2.39144993165505415078
1.83256018723692015726 -1.72250558683500099022 -3.43766441644768594443
-1.87424826367234098612 3.49413406917775670735 -3.91848803832349990017
-2.09083642431674032736 -4.51656833459685813636 -2.08618760586195994833
-0.12475572558386893718 4.33150688076290091288 -0.22062328593669278121
3.05334795565330008316 -0.38136228056958909605 -1.67169346481263048076
-2.99100305725841764115 -3.58083702234076817206 0.42005042120422064755
0.92264170436662240604 -4.38896632173702450075 -2.13026136085630790618
1.22071703127904118702 1.53026397630381350012 -2.45368988103241125742
1.31176347017514771665 -1.62364235336628848216 -4.35481395664157133751
-2.41287556471081288123 -1.59905956371914337311 -3.26112037994902337346
0.06021367750820516562 3.65000637340720590629 -2.29059701138069149451
-1.41484832182244080201 1.65487345634316618259 -1.49555945340574725222
1.68486777393979725304 0.61705830305534625779 -2.76767972158675235050
-0.89323034098321718588 -2.28337799517984185727 0.36262269279487657769
4.22155335967722589174 0.78561172560744640947 -2.84008101290251602222
-0.43990689545296479679 1.83843906192375250441 -2.38069997605110339478
-1.98018181087707567656 -1.46400247979276043608 1.55228985328304247560
0.46224396028392522595 0.08363340050329348685 4.17193266816131380637
-1.53836702197656016722 -3.16034967056884763537 -3.86228846078168475131
-2.39914141839958849900 -3.51606480452736969156 2.40518993731294106198
-1.45257783107751059504 -1.27794763349703588418 -1.92249553243488335852
-1.95471956304223803969 -4.25620890515740857296 3.66422078601574785495
2.35832708784283351378 3.68228520612678256185 -3.48152134762152654091
1.70501722574629788198 -3.14626581600251276072 -3.94524028024624051625
1.26294564011132326442 1.60970835358901798173 2.40152766287252550370
2.87900597045317052647 2.08100782355192315265 1.86378439661850858755
-0.31628398187930262253 3.64243148828353557889 -3.34757270861187627986
4.50447114556855243706 -1.61440396488631465743 -2.91427442738182307380
2.71077122537962544868 4.29404545988172170468 -1.51028771169916620210
-0.57410850071969621311 -1.07903866773562384651 -1.49386911923682230707
-4.16887603680039653398 -3.30415859090025820777 -2.83928987972883373203
4.07183710905946316672 3.50625471274579236791 -4.22695171800703395348
-1.47228382330226015284 1.51103664969958995101 -2.55132664424369126621
0.74021077797108691954 -2.78733111014339307587 -3.48681540611209461744
-1.13375633776031037314 2.60529212965526557610 -2.94824777380699343254
0.48192130197620830501 0.32185011863005819066 -2.79536622470915707694
-2.69525677743021629951 2.53703238457256929905 4.24376471778544850366
-0.09476205012846072862 -4.50113000601959534208 -2.46671509092109619843
-4.47748765271632187535 2.54972027427082004181 -1.47178454045082052204
-3.50081072244035063079 0.73194105186999536272 -0.55839087728442260428
-0.86501430378082755368 0.93015261847549357554 -3.37418972377654258210
-2.64774559491748373574 -2.21343499565071777369 -2.04973554972402594032
0.78039827662022442922 2.72236309919330388141 -2.90341655859989922206
0.52752960960812345093 2.13474574328649246979 -1.78095551849989508497
-4.17034856378196749915 -1.83482694791449896243 2.14812458971384945272
-1.27459720010260824097 0.56603834353407123103 -2.28149822722671302699
3.43689017253040063338 -0.78800666403692742890 0.61194777996352733851
-1.94261417903869348933 -2.24301737896785047255 -4.33544025445288916387
2.10898580909914468151 -4.03479109558295778726 -2.74944021469060828622
-0.33157119513577182346 -2.87027276741510961600 -1.76719372512137518072
4.16972581260621755206 0.10900891070960128104 -1.35011140720927613756
-2.93645716216215602046 0.58887687824955126104 4.14765250700226584257
3.04389489064090579262 -4.17778122895901926626 4.40099405558654321879
-1.13785868845145454742 -4.13662005474861160792 -1.68560656426175281553
3.78007055294914362520 -3.96857646965049104537 3.38719771341405007092
-2.93055371108296203175 1.89981791541237665655 -2.90420950749911721545
-2.39209679935744112811 4.25366663132627831345 -3.07581894273919376204
-1.35194092814013400172 0.02619217839529763836 -3.96896419078201034836
0.04827962115936923482 -1.95429286652875866537 -1.46469304700678337738
-1.39487305006410178265 -4.49928163128992597564 1.97979047868149748979
4.39098623900019813249 -1.46868259007348767042 -1.77943973645232933478
-1.17649890015173319568 -2.16680093282820207534 -2.75064077346944957370
2.53812766837595127356 -3.13176140425201676720 -1.84593844748327473582
-0.11955615752469128665 0.28642247287507505149 -0.69381967276253675436
-0.72843228883117472350 2.36049948860129266137 -0.92866898311846091119
-0.84640314085704115854 -1.23229640828836117805 -2.86040878798369657687
-3.16635676174517932679 3.47488137109143746528 -4.08630785919535544082
3.64047146217256933909 2.58277450535941976995 -4.49884132183711482611
-1.34934079836946052566 -3.51006176447605344748 -0.87463797738477833121
-0.04342618632032468895 4.35602128118231224363 4.46449479302804430603
0.82627916464268125196 2.73864872194118813553 -4.36699249157588820225
-3.87129083124243056346 4.00344617151698134450 -3.11691507381519450348
-4.21928436694126673956 2.92932139358848786514 -2.79571020097419076222
-1.10555008360424844582 3.79486202329634725317 -1.69051842523887474457
3.02788510757119144756 4.30374344752238169320 2.88179561621937896376
1.25475362002354184909 -1.80956617918477613571 -0.86346807959306204339
-4.42323344426502185200 -1.07095705606831970158 0.00545593793964460616
-0.89314053612174593155 3.48883172323190304809 -0.37817135128172285619
1.89981613937463134079 -4.51278360096795339018 4.23639174801356954703
-4.30565837592192668382 4.49708748208821251779 3.48809946976783979977
-4.39197650147764395712 -2.06570728002596615269 -0.93671179547705385460
0.39307105455507596048 3.38268225455512894229 4.03379695368677726464
3.17553438296846390898 3.11019476444822640104 -1.03849775324787341191


