136
3.58294150735614014280 2.40193779912379667962 0.32110503093245323925
-3.26895358907267796766 0.96116037509066210021 0.96541511400001134291
-3.53274599470881600638 -0.20451575226132945318 1.15904198565417093647
1.71570722494900618216 -1.79535700608472481576 0.77530617639546584030
-3.48439560734164199829 0.99575228735443221950 -2.12252561307617693132
-0.26678421406571306562 3.97208304833039260728 2.81235909937482997378
4.38848625175563977763 -1.13429457674917877341 2.79634923791435863194
-1.89423148357721471413 -0.53090032515802754176 -0.46276011006298478634
-3.44825806073000906693 -2.31051106674870831981 0.63780195895693658770
-3.52769352129700530796 0.71451156219318257001 -0.65217480118141146761
-0.64997597126422324010 -4.30412419201262075319 -1.06059814791993645144
-2.80109760463654344775 -2.89463218296512936334 -0.71587238414087739358
2.22880128853397874167 -0.61196641436024012961 2.08153637559433413173
1.62052350684533674752 -0.24599700040436722759 -1.79674271776130511924
-0.80654056509867055880 -0.97696998051541772412 -0.92116296026168331679
-4.36605186350089269354 -4.23788420747928284982 -0.54961247674082613912
-1.69573570125385986174 0.29182561648394145237 4.29002577085509440025
-4.05028938757347667377 2.83436927990585285642 -0.89006159287339770003
-3.53137134245311479219 -2.22561952645048677368 -3.58205729287378993320
-1.89657100928188615541 1.50611227201344011206 -2.24594381185429092795
3.53822785386683147379 -1.06510958599768645882 3.53769223862542769865
3.65873818369357817204 -4.05176455896009724000 0.35320390461749262556
4.31815640354556773417 2.06935347321288087841 -3.11723788407996860172
0.14730051869777316398 -3.57240033937503431716 0.22336198311394106497
3.01787726917218801503 0.23700471350700169637 0.53128045722820083085
1.90177728522694788893 -1.05995251642875798481 -2.39971567859556156321
4.03479816586515394050 -0.84513881158489478906 1.59483635360448072760
2.02359983512179741894 -1.14456290913670999387 -0.98314377863725344042
-1.72735229949292579121 -2.45925298454026064476 -3.63417308799252491980
3.28320531244711322216 1.67467392799481018528 -0.70850151750511036752
-3.90234765822784801514 -3.28358679126688413064 0.12075105405839181572
1.02511005377917019388 3.26153852224286655570 -0.48832641842029289592
1.45094351511300789781 -2.52978852606945503467 1.76126821239498099203
-2.68599999927542887335 0.72422017690956685954 -2.90205915576608663997
4.44505028873199403705 2.91898163399020393882 -1.92080815692454276444
3.00440564854649405646 -0.22204515472578201241 3.95055949418429630526
1.70841033808862174936 -3.19881928942867643784 -1.51418055517879723837
-3.63072745072222735629 -1.80825287751860841468 3.15807883685329127132
1.35207619784836996502 -1.81010859704516624546 -1.78456641612886546255
-4.09215334108743888919 4.51817825562571240283 1.71256731627506209037
-1.05793011817801829721 1.99648660542963796161 -2.75519881978050706905
2.51226108922256852196 1.46983506149576381716 0.06714760671587161056
-0.07237942005385100686 0.41768982043670277449 4.48496946234897908568
0.41064543992415103446 0.32950728960452480010 -1.18082319523351131352
4.22797967204305269462 0.39638134893367116263 -2.71204334900179766521
3.28027790440064670463 -1.87840593055616356111 2.70539431090656012913
-2.88011091256919327108 -1.70773760951138964259 1.36641880399248005773
2.35253267646319663697 2.16668199412113882119 -0.85466587038244234975
2.40772704958470651349 -3.96719946988922655962 -0.13114417250542675930
-3.07968475011284237297 -0.29348138896659659025 2.06233135042383430857
-0.89396586385913057171 -3.86788937094107287962 0.25124599930429525330
-4.04376217195845910624 -0.05864204984709164847 2.10531926537267555233
-2.11724499990026959750 -1.58799035491059781222 -1.77803447918874191203
3.81961393119257852646 -3.16577553742068928955 3.73284793592791697137
3.66488526346335330430 0.65066446594125970648 -4.44107665876728141541
-2.96556846430999376807 2.84225998639649635180 -0.89262414248288646235
-1.72390218764064950818 3.81482904219110441346 1.14753674872192856782
-1.47000494904420264675 0.40034975156699470489 0.05335195077188448209
3.41944027993331722826 3.45875116132304949446 2.99175263825313919597
2.06699174346221070664 2.53893255237419435133 3.60326380585326955241
-1.25494894829075276377 0.81598515036219421148 -2.79607907773698372011
0.71986437490922128291 0.91079018929344712774 -0.29441568192576728080
-1.87953318077927855612 -3.11235496240537923285 -1.62188193866966656742
4.31266079316856920656 -2.26344204656776026852 -0.68259889013590058227
1.10490064032884927059 3.10514890491641626369 1.68816635053624430896
-0.39866805729513465906 2.59337205460342179464 3.52753724248256883556
-2.78072974113965543097 4.06895112740896802705 -0.59699958754078474854
2.51705192595195814675 -2.21422966606671955958 0.13410358385274356863
1.77196452753335265129 3.23101403928911867780 0.59366576470544529798
1.32380322924837923182 2.84156151571491211172 2.75913704912975887851
-3.85804383291089214580 -2.19274155404184911689 1.68796283328737928287
-4.26392255486053173286 1.69341823763362775424 1.01974005776368947807
2.93560671836194853057 2.34051936176595720696 -2.27004212249956882630
-4.45383155793574214698 -4.18905403288210287371 3.90845928488071603368
1.04905242345078786315 -3.12037135836433821012 -4.15256654744462583295
-0.25990027891323208564 -0.62180736241274159326 4.32832124253824357396
3.98827899064909541238 1.07732418297164400656 3.30023330115727286937
-2.14715575649150691717 3.83296711436999171241 -1.51806212280627050859
-4.06928456053550924310 -1.17249744242685816076 -0.39022617803455172947
4.28657423949845206579 4.22835170308155294805 -1.78839006717433779414
0.45264841026780366917 -0.73501829774281279839 -1.15436817847333994536
3.32356401275696011766 1.36856271252524042126 -1.78789008545471039824
1.04238650209635164146 -2.63928046555235296111 0.72551703181224347361
4.34194316316173267722 -1.86446200498767300502 3.56114861741373811554
1.66632638802417520907 1.32901843305502342929 -0.48341046899400819115
-3.75935691256121318204 -3.49977603982631979562 -1.29993666186036005428
4.42920541236728038115 -1.63740036601321836685 -3.84496845344611859474
0.87691214408424489335 -4.15385943832866466607 2.55934223515868985999
-3.58820352013397991797 -2.09884386812836520875 -0.67467970936283538919
-2.50437991234156331899 -2.08087993999341236417 0.01186997881509732622
-2.52887417322378205142 4.15500526459585639572 -3.91244097632380860574
4.34236623732235482720 -2.26711833829122788586 2.53998357956725140383
-1.76528751184413223996 1.15317563157820757169 -3.73676337092645649562
1.45748705203723805113 -4.01367596647335034277 3.57547637174225929613
0.78280916782612042226 -0.55427021825086297824 2.67624913224315363891
-0.01972853969998844548 2.61154231693486860166 -1.08619808870565748293
-4.50218183816981376566 0.30000595894016512943 1.33969521586749262809
-0.47189384775295906138 4.48626072206974146894 0.88279458277075573136
-4.11084972857247077371 2.59451519374653472028 -4.08096394789816319104
4.35933061071147331944 1.33917024702224551902 -1.09323154520622045638
1.98943958767102024865 -4.30167741933430569645 2.65983467536207829340
-0.74303497773033377882 -1.18904995275619640438 -1.99001639311945943689
-2.51813284617235844109 0.54664317723485655875 -1.82306197194266816908
4.24309449642381597556 1.34825839801651881089 -2.21777705968155025573
-3.82331938589027142683 3.88597643044680918223 -0.27083852035776434519
-4.52559182630100753641 2.06241316853703349210 -0.37267263735785860490
-3.97008645831963002948 -1.09387758418971925423 1.15712589145307997995
-4.39752838354156860845 4.22524238883239444675 3.00788261370340936907
-1.79570513430632239249 0.17450074127423942372 -3.31418523159505218345
-0.87702222629799564402 -1.26674009778102902857 3.76711551025483881716
-3.35673583321882729180 -1.34143986292427186413 0.31735073694809390332
-2.94446070237957124860 -3.20374218413814793038 -1.90817450630722884597
2.61668365006348846435 -2.36205043225051936062 3.67706320288896204573
3.58891654128870296603 1.25484088735339405218 0.28383026367426111847
-3.26046491214214695376 2.33716251859613866060 -1.79555082795019060882
3.97042308440218061349 3.91977939486789050960 2.13962657152741897448
2.91049