265
3.88900769229569842622 3.48528391987529229112 -0.60085908660918274649
1.12561179380565512531 -0.77690762281696912339 2.05828129971260853637
-3.05594307708711321325 -0.94307902096124429647 -0.91662177020219415269
2.74081452148256587975 1.17005143800583955027 2.99113771221281776747
-2.45669186272489925571 -0.27328180792526524101 -1.73222020387433683908
0.34518047355950454147 -3.28617343802193762059 1.47455952495927089529
3.48984643295629037851 3.43882356094542540603 -3.93652113468432984789
0.76710791501368191803 1.24533602387082087404 3.55498479008644086008
1.01175843358969341779 -1.22957533190181100835 0.71377003982067765975
-2.47930123352439846229 0.59168635491342680410 3.86656551032030737503
1.77752003449112461198 -0.14625697624705935596 3.96541550836517853185
-2.81796033196832373946 -1.81303019235173046297 1.68893729728581831750
-1.77837483709229671192 0.36726158560195010239 1.58239141326754584327
1.90033746203114173312 2.05732062589028874555 3.11882401328818037456
2.05783657589497614993 0.72167343407064254990 -0.40127996254283271327
0.77803340301045675886 0.13651625651517118598 2.76766251456508438622
-2.49811444653849479280 0.12758743977565689676 0.91415548959904224802
-1.57836397545845708024 -1.98735813483834888871 2.56515935572959108413
-1.91813778182250160853 4.44145848672653098532 3.68686657344417501037
-2.00638457413592252720 1.29136632057887013048 0.62958149047182132563
3.59519655733442444756 -0.12091045967791647087 0.84748338917771537382
-3.82402725987972624822 0.33341112197171707265 0.83126736244401921994
-4.43494001307209639862 -1.47328254061852259582 0.92674602039644504714
0.33193195424750410183 -2.36111299537550589633 1.16354515761601184920
3.56458291254782277946 -3.14767445377038423970 3.62729025036292274109
-2.08686649511017252578 -0.13103542769307896521 2.47939866546065967867
-1.81348825242663647117 1.14252365987619963761 -1.34551963118319184431
2.43283005715086986243 1.51579415734293920792 -1.07375168637843554365
2.76230761488131371095 3.70427452218716357635 0.70288546978979749014
2.01689941825459673197 -4.36559757341367227212 -3.32344411943388529096
3.35816274938034542430 -3.45471405909176887405 0.38675307601847208616
1.44682749585126213532 0.76374831408929555465 -2.14422149999459854541
-1.50704522659353301606 -3.57389157467002238633 -0.12495965013842535996
-1.26112548835336291120 -2.58475211209775457277 0.17078197932435923434
-0.53294179440129596514 -0.25404993905754835737 -2.69112499840098795545
-1.23739340071405745647 -0.39039466105781173155 0.98553246934612026564
0.30620378080600740844 -2.42434793177623575389 -0.46049822932647099805
-2.80213251909212868185 1.34642819580456230000 -1.70563081499254298734
-0.76878675304101928845 0.68994919315352642997 0.85931176308590373480
3.19603792106947803831 -2.22555216171062797414 0.27398053423099977266
-2.23184612319726882745 -0.90189270672521715255 0.87266574243624983609
-0.73033342234190179454 -1.05478779735417749208 3.34031941089436212877
-3.05223558425305618869 2.85412677342839682382 2.39385778960559836293
1.98907703993302487078 -2.39006941749201429204 -3.95960128978761582985
3.08789482977787876905 1.95077250561088444414 3.62468271647552153780
-1.36915501527472605048 -2.54329137755146117428 -4.09660425766576530293
3.60822662367328117483 3.50590234185880955664 -2.74260696910172629970
3.91536339292805113388 -1.40223031345142823412 -3.72161854535246172659
0.76165930320512309493 -3.98033090033136049968 2.92237740643536181295
1.98645509818987697770 1.89169624478320574923 -4.50897934228759122988
-1.29355800358282380103 -2.08532563729095743454 3.59551397303811359762
1.78596373870232838499 -4.23667754547383434982 -0.84246927086041356603
-4.53489691356630597596 -3.72180015510455985961 3.10075577663960100239
4.13579877384003591345 -4.41844483729437609298 -0.40676547767412607470
-0.52580758931173310344 3.22914649667650532905 0.71768549103550149937
3.37670333707408953927 1.73187135660624758060 0.37381008521184977411
2.00941902879608402799 -0.75160964817210285105 -3.72321917906574073598
-3.03153914153287784572 -1.40254881281435128670 3.79044372322968836642
3.22132478458381843467 -0.25847982776488898082 -1.28311998211166455874
1.11944457864248914092 -1.51799818351709792097 2.77552903568674746992
3.34759421485780794825 -3.51147011530770170040 -3.07139444968425445737
3.30880157368436300658 -2.02899022731975486877 -1.22711314052415243481
0.84143764179233038192 1.72333844840996963654 0.55188022893061194907
-3.77786218416354380167 -2.88951669006084310709 -2.54375702313226259577
3.40177456716497594869 -3.26358537522630065553 1.66769322315334811435
0.27509033126238424671 3.20728808944543875015 -0.14189075551058039082
-2.33509505376825998724 2.14072850021468408244 -0.14869115630769957903
-1.40989423265231206273 0.28147287123936326481 -3.32481977120929617087
0.54793026143914769222 4.44465860190758998982 -3.24798683941315413648
3.17426435119981498190 2.19261048749141540526 -1.76793650952421810274
-0.50822038593091889425 -2.09958551133155690849 2.75136548752893705938
1.44571268900660765411 1.80623547924621075111 1.52591410598964039025
1.75018401295526704331 -2.05328167423221996657 0.05758469040000324668
-1.13763918899866700585 -3.84167506265079916616 -3.90040471679618372391
1.00682724739838924677 4.25805589579089183161 -2.27035713464419908192
-0.45658084595088421764 2.53209788870666940852 2.31618410060798574079
0.86949965355475544726 3.09429506525801656380 -1.11725004193731880520
0.73143615273763185058 2.60259179402926310587 -2.40165530528200088511
2.98711465079303106762 -2.56227003379994400234 3.08596660728923932737
3.66053128785439607640 3.41441797524968482236 2.40760790470570995581
-2.11189692261923278593 -3.50644391581081560361 1.37272639100469096007
-1.43239968845791842966 -3.05966582424584476740 2.38636481393244803684
-0.49076752871255902022 -4.05574347519714972776 3.69726004747673808737
-3.40901543442776322479 2.75914329781880773851 -2.84859562637561714027
-3.98767986969314058854 -3.71326246910499957465 -0.62726886389428537782
0.46008288787739015646 -4.22274480678506236586 -1.60961982197121056259
0.03733746081881328394 -3.80077603295781152326 -0.55609615694679792597
1.91489767461835125317 -2.98597623070407847123 -0.33415043020573698129
2.93725612837835203806 1.10871595242115272839 -4.02073257357939528589
-4.12159332430824676408 -0.00939974322309655719 -0.65715625078859574160
-1.43745664303477660440 -4.28107854763224260353 2.85115043952642377434
0.18191645788034893627 0.17911418111396315567 -1.05821648860841666107
-0.33816462790642898284 -4.18972337484338819280 -3.37764759275639470104
-0.80027203189958573404 4.02099947190668149943 3.10219567292737163910
-0.83851558400963233098 -3.30779853194636475067 1.24900053692285784024
-3.02007064401138070053 -4.17373564295033006033 2.97223066970922733532
-3.22706704442045655412 -0.22765903352441974050 -2.60530032139091272114
3.99500038356466813383 1.11928076734966719386 3.42450379052949838155
2.58890689763548209612 4.13426085038741408795 4.52440906714925272780
-2.07882365832011339890 2.33892147193701926966 2.74912225742211990820
-3.02500167117284757268 -2.10982140696278097636 -0.77027827852093322392
3.76287642649342135570 -1.85350919163772420717 1.77451237034298348050
3.88774037278652340177 2.47541007067576934730 -0.41338869250290422031
3.09707296206622828549 2.61612983213175898101 0.71005549950471458232
1.65309509763916206992 4.05885871677147402892 1.29372751896986226683
1.74522284749485923072 -4.36794424463434616257 4.37379698920830062292
-4.45106901502686902461 2.47600546754005890193 0.63524393453670047194
3.36647073270747654306 -1.09881633220851071542 0.71156024772371306852
-2.72123891766590153551 3.80611966353971364896 2.97345179549960114684
-1.75980247296273173419 3.46930877285921734909 1.02256543484066408922
-2.11071588018370315254 0.73810742968442788481 -2.32564409092634472032
-3.47051125261012183287 2.40993045233410718708 0.18622897364948887144
1.74584041862673000622 2.00278880835980555020 -0.16690061487244545191
-3.19676007771323122952 -3.16513765570022354012 0.32664770841918588928
4.38050137781888704325 0.68257335979921052171 1.24821203696374727343
1.91729215559663135338 -2.18811255144741378942 2.88398890965810661413
-4.43868463956539560655 -2.33575664489801937407 -0.88884879630397328754
-1.70279101490208528702 -2.41399666051232042463 1.64033198993918372111
3.51494403932769916565 1.10313210080449408679 1.92225961809418155468
2.25439455694186197121 0.86896158239352949693 3.89966026339462512595
4.46760518231736991623 -0.47633136749141335997 1.46375628582104955200
4.25252589045150042324 2.85295445893237431534 -1.66503018647109790606
-1.09415509711730729592 -3.53768792912312068921 -2.88021412873056137371
1.06010270164939690574 0.90369170782265761943 -4.29706034607438702722
2.95486198048393866600 -0.84321287077366102736 1.71547337672679134357
-4.40906100406965872907 1.97836709386351827789 2.32471162421947585841
1.93492880193233229846 -1.94686324812408528828 1.91411596342061596232
2.38375581220775334401 -0.24768636472931948589 -2.06129753097714640830
4.31691159931535661798 0.75969452336697784745 -0.15156423820089148791
-4.49208107636739928381 -0.46781459922172885513 0.39072938237585219667
-1.73393971041180661175 -0.92082076856263084252 1.96117453049987222613
2.20224321312364512693 0.38591544850238435060 -4.25011144559487519246
2.55101377940804141531 1.31372490629930460670 1.88968696583063699990
4.35767197536579953265 -2.87667576645844302874 0.31041097547764184839
-0.63179286932356149009 1.20024109208336415833 -0.92245978119871452350
-3.27152024530615337383 -0.14666169436962750439 1.75994906337732892609
0.96284462772655565743 2.86441851408196423989 -4.42861029477024192857
-1.12534458703071971186 -1.40370662925057487769 0.85547546660136219998
-0.31052756982464391200 1.05705495337887800389 -3.77025466001322850929
-2.51992880444039624166 -2.28708552854690339018 -4.12880448366608643340
1.58748048660182927705 -2.65592621422173635892 -2.94123340229350072050
1.31241622278933700585 0.54590455089785372422 1.45771881891672983045
-1.01594160617404005720 3.78039292253796244125 -1.84630486734537146987
1.41087680399759740624 -3.40974705969756053392 -1.59390467823129311498
3.30511119022247079613 1.68617861445198791159 -2.91044544099647062296
-3.17378977072108625634 -0.58612857358432934873 0.64348512227916199180
3.69409212253640983903 0.44527841576533955248 -3.95814785035789995504
-0.58303519792614189043 2.97784065788722251966 3.74695388395958683958
2.68636877248992878009 -4.35253464820952018499 -2.07442954337048401925
-1.49791377873453424030 3.66824258389717794415 2.18128486780784758281
-1.38157535431221312194 -1.18420040472059451275 -0.11230064525556571198
3.98444597544385370469 2.07910609730665196793 1.45601090781177688882
-4.41212341979127042890 -0.38538543125197310957 2.58849603053499333072
1.76610534655372841684 4.16541832778695475525 3.10952513496555749128
2.86902136231310311842 2.27372157467866120584 -0.31030544144823313246
1.50810967422413888528 -3.29578280693126668410 1.09205937174227418751
0.99205873796063048786 3.80159131427130159153 0.34481113008961106203
3.00842725522868992272 0.78457190076544680579 0.92590571240461372327
2.93533964474192732297 -0.48199498308442834116 -4.33485586173563319790
2.87379977160043420525 4.32978700247671266510 1.56067146846392201809
-4.09003833439430408703 1.52286117329261561082 0.38273353998380610363
0.35051615299326499553 -4.35334778550143042253 1.89668083359347861006
-2.97496317027424561630 3.51110109657436009201 1.16904041276259995641
-3.17775926990205004330 1.94272601861632221443 -4.41370593904971109112
0.98734880046162665224 -1.21985444179501945072 -3.33611469281893269212
2.32832334982085153996 -0.97162291988229787520 -0.67414944598333903514
-4.01491059901297209223 -0.61042379464367479969 -1.64861277276492534938
-0.14644925787094820180 -3.47035545681320067857 2.52601342867815059634
-1.43097732556934786885 0.57519736816690958392 -0.24144562427674198801
0.05256214315411078530 1.60083122678965494856 1.81656877789071735663
-0.86980187589916102553 3.86168787432508242574 -3.43106152664381625073
0.51795946804218129245 1.01871421208501899969 -3.19747119490426356947
-0.19899287298225232234 3.73988942547621672219 2.25263366072253301553
1.53612238174854009998 -3.04498853068023889179 2.07826041948732775921
-3.66012623892610822196 -1.31740322845352109127 1.65286849785642164790
-1.19125478316080579688 1.88207567734604008791 -1.57701518084684177978
-3.97872742832126036205 -1.00955126847750653596 3.55721740722131318790
2.37448516607399451317 -0.08754769083879132552 1.40263296958958072480
-1.23619372800089388775 0.03838687799845708071 4.31481758867116216294
-0.46331635522997949295 1.50397466309198701850 3.76278525987664469454
-2.92035898182345610152 1.19510588383826732439 0.26847871442286574961
-3.72056958612171362333 2.90404435351016143585 -4.49743914325826121825
-0.24597061034557743397 -1.09310387242795137297 -1.36589205227173327017
-1.74735225237313773761 -0.90520525451973021802 3.32949519294483220477
-0.41062380770248196882 -0.61790563494288086588 -3.86263771795896282413
0.81505333773021249044 2.05982798097803243564 2.43842298766362208795
2.57176152227917409476 -2.69651147001844648798 2.17633710492195575625
3.17490054360455342675 0.65578366072339733250 -0.61939026775745542608
-3.63146599564511429747 1.22354355187978036668 -0.73157212900912460540
3.89423378812021336870 -4.47039770478836917533 2.01764010344712296785
-3.36166769465123493887 -2.47682425504379422065 3.58314867360987943101
0.28901208127614808063 -1.35994496485671678698 1.76266348273053274909
3.59247343305015665038 4.50115507887561516753 -3.03474933162706994594
-2.17323029359585984110 -3.12467965265798808261 4.34139343039797420687
1.04793265599721774350 4.40526030467633855636 3.76302100396861671783
2.32110429487119684921 -1.84598490763428157990 0.93915123314815662781
2.22473503571705855109 3.34522058334180538708 -1.43891868342325945918
-3.00824904160345196757 -1.92509202145310709398 2.63276476318795626952
-3.77591294632360874317 -1.52808322158280596170 -0.13169786779855208181
-3.19580887824705905942 0.16924545684134884027 0.00509098347817360519
-0.87284829001876040877 0.08706422203758013012 -1.39999246748612637958
3.82708355689908241715 2.55014737435180993685 3.18038590179558244841
1.66503714557369164595 0.31214477743254764874 -3.24948003486060388312
-3.31789682091456494817 1.38533065324940540819 3.42978296541353788740
-0.82314959670938181446 -4.42887136633709666000 -2.44028222257575633236
0.78617330747915747935 -2.41249209759034943801 -1.59584645181939421832
-3.02959965231562122767 0.52443404392115944290 2.81798869771881754787
-2.56133345617904684133 -0.41643948998609392476 3.67375647103852909225
0.29125826103621399454 3.50653233645959172549 -2.31323822350236074641
0.13244049241792943405 -2.02573250306349361693 3.97559205716510088990
0.47143284266301854757 1.79627856231117633001 -3.83676800274486629050
-0.22149703672105669483 0.70637829049220535182 -2.14614372796832997281
-0.10731685327974105348 -0.70521135242606458604 0.30916064771541407197
-3.28261700188302540937 2.78789382245245231928 -1.57916944492970978686
-2.23464709833561592234 -3.48834007931184686413 3.10440326091863472158
2.51394766703702376986 -3.98624443174290243874 3.75450198321241312982
0.18230104639240440889 0.02077090225510946908 1.45838906162274373202
3.43037902868404298573 -4.22605612960270349276 -1.20059142379564320890
-1.97528002178537853695 -2.05705307570245832238 0.69681690920346905926
-2.69193680669829760177 0.27283981016034797307 -0.90934777818588852227
2.06075498732194439810 3.06545504844047478343 0.33890954794950989282
-3.29036029687358100304 -1.68083863339477357357 -1.81650107448041664426
0.57830477133525981515 3.54561795131626045219 3.04395485316980352053
-2.18546555559685984349 -0.23142992709932563855 -3.01137221308277691634
-3.09570265729748950179 -3.70225611392307785152 1.71056956985350172573
-2.03171698832778924171 -0.43450175539562962967 -0.28542355671130792416
-0.08891386136893775216 -2.88563410691874189240 0.38380486419760906358
4.46261962804763445689 2.91737669537147237264 1.79617752139407382828
2.29168277907447492936 -4.02364204250477808245 0.82748975947887881688
-2.82393518257413234096 0.86751585297328848156 1.72116216899174023780
1.90812543180347127247 3.03567034546145197993 3.81173181327745158598
3.00317464815707690917 2.35002945250779138320 2.14022742795962983564
3.37594338973893304257 0.22698168312774313904 2.85874446233676859919
2.31622260923820455503 -3.90459669927477515117 2.43873699328984461232
-0.00362931100736041401 4.12275404813601031861 0.75525456683788494416
2.00684404361342938472 -0.14857094534340564707 0.38003442913702478734
-2.69038741983224616305 2.41031993212390105441 0.82220744939215517633
-3.86682613159517174495 0.78737614389130872183 2.16887673815576942360
-2.94383979345038149233 3.74758234123261768644 -1.24480408723906155188
3.70990916126321490509 -0.57378110097688139746 -0.08108240858389947903
-3.77135093423565770365 -2.32272728856573174028 0.73315294131752128948
-1.38499719998985337810 2.18827150351313548526 4.11471177889396155791
4.11333271428696800598 -1.49482197958411333616 -0.13343458667226126835
-3.68877372846864659550 -2.93511665781331210212 -1.24733000768983659512
-4.40937915645951594712 -3.99007412131679650713 0.94865164886989905568
-2.43096441490149084430 2.03676527468481438632 3.82117509510566133457
2.73262628567644139110 3.63959084216824546587 -0.47908570652086091002
0.98876716010515774968 3.94735616529734745228 2.14202723007017059587
-3.53529814783097551256 -2.77060274224323377368 2.34961665810493869344
1.12961725575499283281 2.66160475994149692269 0.99814590662795765752
-1.41771089144387474335 -3.69226617140690605012 4.07648608110866117471
-3.04762804540209231163 -0.73477794240043392549 2.48248759684465269970
0.41988579381664248302 1.82726936910678627868 -1.81318778299433924772
0.80689275708327468095 0.37406306555315804729 0.60265657149514950675
-3.25155728496495122215 1.82312032014693059523 2.18283418192847822326
-2.03917855736551434376 1.38680246008769270105 2.28420208584747275182
2.01396621576396395170 0.09236036378573242445 2.44912422915060012940
3.09614812745699907737 0.36376349921470829685 4.05843607587139754145
-2.58600808881765464875 -2.51095948807948410320 -2.72619878975004414912
0.83315833484919288310 2.64403074349875666371 3.49269033100043468920
-0.08671668515455444037 -1.85507403576402918333 -2.23900945275172080784
-0.06640097896602981109 -0.43730067318576359980 3.90359177529559442377
0.96592536847396637256 -0.68317804783226554477 -0.44325238128694621764
-0.83202520441877325652 0.31090834616501972221 2.87036353297538493479
1.05554843174455914578 0.63661224175641173417 -0.63010034065896380895


