471
0.68827235747748272132 -1.13322289156588773551 -0.81266124711189569041
2.99355289682651815042 1.49217766864066003762 -1.15694254795313078432
3.66707347645431536165 -4.29383732261199746461 -1.99385153390729419343
-1.53290165602741179640 0.40281409921439070843 -4.27581999712714733164
3.64314428774375809184 1.80270864184705903455 -0.43942810792575404122
4.18702511076611383345 1.55787813558915644307 0.50888089062613861557
-4.40477226309566471940 3.06829807340019034001 -2.30280308706227732074
0.99103979695928678950 -2.48900099744460234774 -2.09811141001160983421
-3.14555040468313329427 1.36201393159551198409 -3.36330717312191396218
-4.41427661920046165989 -2.83637172661781500338 -3.23251803826158434774
-1.33144782220849933196 -0.95811434677372808721 -3.24279039421778447760
2.59090095976496748165 2.22781114032000271408 -0.57396137537239599880
-3.16464241607353446994 -3.32932542918703022750 -3.75366350282277760897
0.45899005983897911420 1.53954662239700379445 4.32525525425367884935
-1.96596529011294229861 -0.95680949093526690419 2.11993005158884795236
0.38492104463692111693 4.15406866109487094008 0.34345777284220968539
-1.04629276169902318827 -0.27294512539206117196 3.64886976859763390024
-4.44737149678597631919 -4.16397747586612787529 -0.14536969816697542512
4.16341548793999916001 -0.15561168075349574025 -4.41077719197165141196
-2.44228674201237128116 0.14709602995507342627 -1.38796906953016296882
2.48228563910098554146 0.73885874236548065852 -0.83146644118448298499
1.33828922044354303722 -3.22769620787159849939 0.95836662627992197372
2.03588525413878596027 3.29111833355397820355 0.75265975400574891552
4.06063142122067954887 4.17483266938423636105 3.23924540583854536635
-4.03615406014177136029 4.22068310179721262188 1.41898281858658492638
-3.24616517099841450644 2.25334956826421706211 0.72030816771631034356
2.18924736989430623879 -0.68359787199084864895 3.61310323724418491764
-4.04763310266305431639 -3.56097566512714225340 -1.68113014107289870935
1.70156547773973176874 0.91848938835677618187 -1.33123630957609151437
-0.31014562031907910722 0.30507395731863518051 -2.41923192013664500877
3.49171624347369569108 1.82300166004792441043 -4.27378146815547577120
-0.51831549173928515017 3.14528619150804189530 -0.24462725685085295879
-1.89345751998408884376 -0.69393036425080456553 -0.68141384393378379158
1.99589310635903149915 3.65006982878074470733 -3.21182741649685121743
1.51222407844445250191 1.63117946990209272684 3.83428721983292053466
2.81914452019143801920 -3.72388974036792008704 3.58195538775009136856
-1.29263815643426349666 3.97569758639912773646 -3.12860255886482052645
-0.13322024421034850405 2.03741691403215430256 1.33226597656116574342
-3.02606872394706050144 0.56529762598386223971 -2.63821985695777305736
-3.00892952264767243875 -2.72081490613130450029 4.53524575263323637131
-0.79476524341320464728 1.63779434791336520050 -4.34439520070179785449
2.92215100306251152062 1.35754540934829481813 0.12476975220916131093
-3.61779167463126105631 -4.22192555381462231168 -4.29733428009666962311
4.01974527749417642752 3.47426430356363713514 -3.30015495975226436087
1.78651481656159472067 -2.50577808572228377670 2.14113133047253167973
0.21283447111357833847 1.73051377926583604960 -2.86721674697200734627
-1.54305259265890670761 2.01071882017062275594 1.65820702423773891354
1.86306708838352363955 0.22210506302168031567 3.77995349226288634981
-0.54249005818967388493 2.95781655385388564383 1.73963879013326039313
-1.40741482319133570655 -2.89633674067897173288 -2.71132123240061817526
4.28668487368001560611 -4.03638671906499091335 0.93391859236118435206
-4.23062193701821165348 3.93480859769963142725 4.20731148900290730097
-2.90638601496591286732 -4.31328030583228283490 3.15334485553911836320
-0.50006989588662165147 -2.59197891136018787606 4.18081828157836721260
1.65595227323869309544 1.80836565352095224313 0.61786527279279557234
-0.59552640076000962210 3.54775146837140464839 0.71163182858096440953
2.93013062673819657533 0.14248549593499770793 0.05544057247341527273
-0.69066330930290487089 1.27148073827655405665 -1.99546116861353128868
-3.35144413515963979222 1.27243518659244347901 -1.06668592817511642679
0.94854098606187164933 -3.30093493947495186802 3.64400466380341558903
-2.82930375685058965729 -3.01867111107507879453 1.56683800845688914194
3.12774167669915215129 4.04530358818506297069 -1.27260755051422513873
0.81887756871752515053 2.42426867138391433087 2.41309061046907746828
4.45256548154253817273 2.03302158334026028541 3.31247931825664476690
-2.08450512047355740464 1.29453258657628733630 0.92183590575262019939
3.58877784882427786073 -4.30842402664714452243 -0.49738857934374358649
2.23764346262010516142 -1.63739021506325244104 4.12557730640752051698
-3.78418449341284190979 1.76872128773372949695 4.46473859582103838051
3.24173309887632132842 3.86984492169811122864 2.37798612319078639388
-1.40560366509854173245 -0.53434043987584267654 -1.98174960256341226028
-4.31693631154962620400 1.47730791855902499066 2.47244234627281844752
1.73283623327342084508 2.81433111949773451244 1.68630358202635743936
-0.67751864018033014503 -4.37251576882368819810 0.41790083786180165504
-2.96679259328956534958 1.19078464066585976155 3.93606895519893829061
2.80129415988502916690 2.41955190472507997157 3.80925863030400169151
-3.86935337875587093137 2.05239476091691130932 -0.38050662776244248420
3.41006351344401092973 -0.93647731981434745308 -1.60531380520789079824
-4.02683318957728442200 1.03973965419783542785 3.62779912468508580758
1.06979134409768672498 -1.03397773934948578045 -2.26667437218083422934
-3.83813270440974063646 3.12066852112234993655 -0.72089859695591895772
-2.53941530893712785755 2.56419333754674294568 -3.94392881423424412901
2.79727300854608440517 -2.54186466128010124521 -3.94729260758969102696
4.31347719190031053671 0.04120904435117633824 3.64861180288332054289
1.10943415714178694742 0.24012300083913373783 -2.31097859053972776167
3.62649056369872280214 -3.04833972514929740782 -2.70439640592411789655
-2.09530901468149854949 2.39014888959436078153 0.79854265914053534914
-2.30686942243500281435 3.57166809801072826502 1.63314290048010324341
-0.32844026674119408682 -3.71265666635319702138 -1.05148786098366997521
0.66622190645624268512 -1.21892510562733091817 2.70182442953910939565
0.86018322992066043042 3.54814904002435493879 2.20736617309900129413
1.19542019721846681790 -3.71107675067884956732 2.23550342356241760200
2.58468394299424719662 -1.44897935155661006235 2.86634607196760082815
-1.85513951761681195052 2.83981654691659368694 -0.55873302131212110311
-0.98252314173685828536 3.10853735263154096202 -1.15066970845461380435
1.06772646459667885921 2.79986648652094860523 -3.25758447219481350743
-3.75094731535940972833 0.61000376007145984403 4.47607922947779446332
3.01033085186174442782 2.07647853156677175690 2.60233807575786268984
2.61735176345132281028 -0.39681450419635666549 -1.21421069559872485399
-3.37293693594801613500 -3.60326727632704457704 -2.50612509987135601008
0.95240690374333780710 -0.62373471792473278441 4.30000899881455556084
-0.49601380194351474273 -1.80831627648053672175 -0.98370605767187146995
-1.26369779850909669250 -3.87560518735723835704 3.17319439348472975837
-0.71788289092420676241 0.23729267746932425354 0.70483813393823435689
4.45546113678178468120 -0.73085995864004482669 1.77243182118110365053
-4.31591977703054485715 2.76319078943078721977 3.96219118570029760207
1.79264507133328887534 4.30648774615015472733 0.87113610814557862483
-0.46817155126453524616 0.62317920365152001949 4.07703025226072579557
3.88184689756706102770 -2.63998000819741740486 0.56636382351400094137
1.49438658529559997845 -0.64744724898027161686 -1.33480243621204985871
-1.72763609923110594835 1.94671069088769055355 -4.31072253153012141524
0.54200073113105506906 -3.91317952942139601902 0.79712027810658714344
4.10315948078780134978 3.74539846140723486911 -1.38110289462026880614
-0.93918202402615591495 0.32841836984595751403 -1.52609492050918538197
3.67569560325056610139 -0.32555260092737015043 -0.74752082122776686290
0.41839334226756097479 0.37393765643361831508 -1.37935796062360171987
-1.96110468780916757936 0.84659028006638159525 3.88878503436017108896
-0.11806453228147262280 -0.44050907257133342654 2.40807900914595673925
1.57888720421840655916 -3.37515342048072453096 -0.52763402679425652764
-3.37005966146681634754 3.32882515402367484825 1.24455734717176369486
-3.33035232925890190003 -0.83742014327806524321 -3.77677109929957488532
-3.06130667895407926338 -4.51052309996367117861 -3.30408418218105648378
-1.45575768858057097432 -4.02721931236424168787 -0.61269544056990632441
-3.41129512625964892436 -1.99362561157004325452 -3.78022240182729829527
2.67412791097941759944 -4.08029563004062811871 -2.20724966072274852991
-2.15789245184702993541 2.35014246316862163155 2.58486646520866791832
1.54291960890107038296 -3.61473544920078548870 -2.21725031486960810767
1.55814801880242814747 0.67670219636293005294 2.09049186916377482959
-0.94911762889793926945 2.32876928276371941706 3.65848166540522523604
-4.50697216593906713200 -4.34206132110426246129 -1.20062796354904666174
-0.09628389161954675757 3.28105644951710306856 -3.55191532325221848154
0.81791067244229687105 2.71388357193927109989 1.03154470000455766865
2.62392971656434337291 -3.23735244345241079955 -3.30403849147720629631
-1.47506673721399650390 0.37618362752870559973 2.94123066626598816953
1.02075271111893073339 0.53348353291609207361 -4.16580516884009899314
2.52795535251261416221 3.75864643567013256842 -2.22139120813761081763
-3.18498149667946250929 -4.31976607341330254286 2.21774689971133387445
4.49153160626415282053 3.84543547007054176134 -0.41816410030840867051
-2.35248286235893555585 2.50328195593090452320 -2.97926755675779730836
1.94309765876614104485 -2.89270128769907408639 -1.46112195137243539023
0.36682916469837323348 -2.52459405922836266356 1.00916066509827651032
4.53411048247245229703 -1.54682413293581300096 0.87920593980784556010
2.07179400060481544443 1.90852496653661507509 3.00874649857425513488
3.60826314343286025377 1.80009440508534801495 1.35155978571303236890
0.91634691927891687158 3.50154719029599359459 -3.90658914685516789334
-3.53188003649226178737 4.15344284217452663910 -0.44638620004351015069
-2.22394541960094516142 -3.81194810240980030969 -2.84205361246921528462
0.86848506071705422471 -3.33399560742766887245 -1.37701691518581004203
-4.24889948709007470029 -1.81295801954447899362 3.32682473018591018388
-2.52011336684343634218 -2.31915521314605310721 -0.75136181325788253815
-0.04051001939787823858 1.11661312869228979139 0.84760627296298451938
-1.18739999337574531069 0.12271386349578872199 -0.53710005737301891315
-4.51291508078564085338 -1.02337614406676813417 -2.52919213751910509913
1.94856014154451795406 -2.79658019001200042197 4.40477609412184545334
1.67632183192560102469 1.41427470628321483304 -2.96634515441640456146
-2.02721381661314792311 -1.65524949324523573679 -2.40306167797967695776
0.89626731568431505792 -0.74495404065618986422 0.39284591212574682118
-0.14055628446630930029 2.00361423243479386258 -1.10574544453183332138
3.84950633361578642422 0.33499234252217302554 2.37320675828378657712
-4.22426421688539388555 -0.68774844393879019933 2.72447344061416529826
3.96809610939031198740 -3.50585463988345802377 -1.30685828531007519615
1.81459326778625928966 -2.60102163334848324183 0.24296339600152450089
0.51156134256164342844 -3.26712298387533062183 -0.17139828072005425241
4.17682520732270479158 4.14797843763065099409 0.48452298627028955735
0.67075040002459918043 3.21598983213157030292 -0.08798211703826641639
1.19580410892455635263 1.17644553115473460281 2.95489746263422414785
-3.52318258658592187160 -0.14139010513514538303 1.96287013859861492193
-0.30639188122761495947 -4.40569146518493504061 3.90370757881123164879
-0.49918563328195730833 1.98747988001080244658 2.40318539550780574388
-0.39249207608815872561 -3.94675000182491197975 -4.12173542216664667848
-1.45954023433114166153 0.25365158936366594133 -3.02566828982688740268
2.51110466861712833264 -1.12019641195935726330 -2.16309675261970779658
4.49055230319437104214 -3.93318438077421994592 2.43130932471039695741
-4.26457893838128843100 0.34841976513259709236 -0.89428404808285222316
3.71700540966021986122 -1.68181990811776094219 -0.78526178308226679547
-1.97545790544508692577 -3.22677903557259870837 -3.71130989324021420828
-0.50456095688440694147 -1.30592744458627363358 1.94112845381411425194
-2.34661442715684520621 -0.81243819895823499166 -1.68444241345190404147
-3.43952466261266875946 3.87396632061390189250 3.27064288229952992992
-2.35801420712699227877 0.78022007252893210705 2.23587620400780195951
0.64092204134074393096 0.51180618975176273011 3.83871795398421067347
-2.79356765851232680120 2.23545109309430944933 3.97144636903547532114
0.29498406141045130369 2.94469133614610800720 -2.50196128756856905895
-0.70205643354241109577 -4.13042559570597589413 1.62454221840542878397
-3.39738734725141577897 -0.25569062815630427821 0.86751901256356411807
-2.96382907038637410935 3.97390390834621509697 -4.32827297374607677938
1.86094500686317854132 -1.20174840140003880151 -3.25274276899824466014
1.55738904739990235981 -4.10512801129642390663 0.10596353933041324780
2.51533413985934561907 -3.32025718524199220383 0.07530599597573228721
-3.03559359555512076057 0.90541959120388959548 0.84085897014074806322
-4.39574657109617827899 -1.74483858259702895310 4.51531761907298001546
-3.73720548583361988904 -1.98676995953464929912 -2.80303626326379173861
-4.09006984952658925181 -2.94738450730940959588 0.19023388601345825322
-4.11873709000914889344 3.07574242548411902476 -4.06976589735841720596
0.21131176549569019585 -0.21621670055332931071 -0.30008373240491703626
-4.38797616724767092222 0.90470705324502276312 -3.81764771974698602364
-0.44859065863470348745 2.21426343841521688915 -3.59730708948349553467
0.61210721096124043328 -2.09876610673960684039 3.90018715901998458406
2.07950892716331647847 -4.19306775491473349149 2.75700923425736110772
1.95768609371392532381 3.91607812494493057187 1.81667398724432604951
-0.11753639213366362526 -2.32667497897911079718 2.34206319039068766585
0.94599595935997182750 -1.84551353427572273347 1.98563052911397530664
-2.37953311940677325609 4.01393403195898468283 3.69842584855626466123
2.65274928857272751515 -2.82926259702461413426 -2.24800761751967170810
3.40384319439502913696 -0.79493048496905727163 0.39914259476876257082
3.80539656394149528040 -1.79248000881720148669 -2.38834830977275114350
-2.87550736616849222926 0.03387309884717115693 0.05042203962811520057
-2.54974387249430556324 -0.71745126203192510772 -3.18126406602306843752
-1.18464258763837593236 1.89438173213720695287 -0.44309706541370807997
1.36474630177877020998 -1.41147773601542780852 3.45026387504347553659
3.34193521461146847429 -3.73986039595891828213 0.58967022856498108041
-4.26622166330210639273 0.68428991766053215429 -2.78552941274824794604
-0.96712098421358305700 -1.09264083954942314847 4.48853779901433735944
-3.38919878889666836841 -2.07677489133308457170 -0.05471380296866357185
-1.58246785406618473147 -2.00864064886064408455 1.85408273068328899313
1.49262820912106874971 4.29329688607589066152 -1.69988624723975334518
-3.49508672192273017743 -0.02571345361938170981 3.33597913772336429616
0.86772438653305972167 1.46183083731597829313 1.67787646736922813062
-2.95883477013523288335 -1.10782091007181282549 0.03750701859149874196
-4.12254706055845332457 2.23314446295543600485 1.55862506182605997651
3.04770079776420654838 -1.90820230018374381586 -3.09804098730682664353
2.14929511307518072982 3.87114178126340302555 -0.46315307377094594443
2.75734828480838256581 0.72937626734814653418 -3.13798641196602945413
4.11106330006017639533 -2.50421621821930040497 -1.13010970305186075890
-2.28323461834380525559 -4.32857410128169384222 -3.88449409718762650456
2.56951232612560431789 -0.24123965872547437073 1.04309871355947070271
-2.17969171981789422432 3.44387788055014798516 0.53359148862979033368
-1.64170845885076666093 3.32631272655483467560 -2.16622273840833656777
3.61868547219924163727 2.65845159016059184864 0.85962048815918112865
-0.99643190197640674199 -0.07339982184083293504 1.70377912725870395150
0.83379365668831173508 0.94098414123745399706 0.12478776433165084114
0.09408626944615061660 2.33903809888721969656 0.03852553103505318433
-4.53510094749435399564 -0.67249762330172258018 -1.46197737001088423625
-3.50752769214875037562 2.10841097878803296339 3.11313968401332541447
3.83812877585820277915 -1.62147922800607613425 -3.81132601349671196189
-2.39235524276883149142 0.59399097968475800258 -3.66664673796630147251
2.72945467204696701202 1.10253311633440187478 -2.14663952467798324619
3.00064641540983689794 -3.58385281380207798563 -4.38384395012278105241
1.44730633148378640129 -0.44807492300810380925 1.24200206521292333406
-0.42608762327832927497 3.43041564025198919552 3.93159985232514852527
3.91506236069931379262 0.99784305968443032242 3.28315930647869524961
0.82542113976466691128 -3.69744679220226712957 -4.45774581020922422425
3.26579397680141614302 4.30294227435357523603 0.78719371908957480599
2.51563766710116620828 -1.29562811420265067142 0.99541159778133714298
3.48213435385930392130 -3.98262357533360855655 -3.31500853016775920423
-3.92068513464759949017 -0.36639188990522875145 -0.23636056871024191395
0.74009937632321065593 -1.70623476083320646524 -3.10543341268405681532
4.20540252083068732958 1.12805353057065005373 1.76989052946623726115
-3.79890969544404999425 2.56311442436102598919 -2.91094621354750726638
1.38088331523117968658 -2.82403864122252201696 -3.13096709637873127363
2.42146359062720772926 -4.43703384513353249474 -3.36756568747726214852
-1.31447973669760287407 2.72073046265926787868 -2.93928880315967466785
-0.64416569058617234589 3.40452830553206187147 -2.59304604414048611716
3.19633675568509545428 -1.32452132021610458068 2.09975917601446848693
4.24616743187472689414 3.14185404790691347188 1.63982104344553381026
-3.38816319212358196822 1.05132388460905001892 2.79894136697763595834
-0.15887775902880552081 -1.02366038221452537726 3.62656763009084581739
-1.97894070270038646697 -3.28457556187279742232 -1.63239076391378334918
-0.07419482454455739173 -0.37318787467022751514 -4.53633423521387513233
2.89510658335108939099 2.95639407262646880525 -1.24617993011920002999
2.34768598806937500711 0.15426604769587193289 2.79711457666410900913
4.01041250578572050500 -3.90315979696012327338 3.94382622569544682989
2.77675911952136100780 2.95964544058178535835 -4.07836066073524960984
-1.95238213557302486834 3.52222007694644023701 -4.53454222284879104876
-2.25311865529802046737 -1.97038534385102703794 0.88442687402440878230
-1.44322102588417733315 2.39356902005945748613 -1.71342472100233544907
-0.40497660079630382057 -1.98969704447382511603 -3.30249513091155089128
-0.09553692819616887988 2.53176640354377813225 4.46028905694067301368
3.23801367857149724472 4.14981307022413314911 -3.87118310323150005559
3.25913865345762499004 4.21955318169561177655 -2.85282267340256945332
1.11308629862816044209 -0.11560711758319541786 2.95861868205572609014
-0.27401428805742167327 -4.24099109655785877493 -3.10593089093165630743
4.09334356079299066522 2.30790660693038507389 2.26330965599846489766
1.19242319072056535134 0.62532244549253501731 1.03114784388510560831
-3.71296649582294646663 0.16195703315020537616 -3.52649048750760085724
1.78260663124459473039 2.81669612183435535968 -4.26770964055451695884
-3.45568816575817727710 -1.72491554757678411391 -1.87697706492621696484
1.23172383654051298407 -0.49233987267016132705 -3.73194876264226715890
-0.44599389067316508317 -2.53353452502930531764 -0.24685040478838438105
3.42452850831862676273 1.43205428041870685973 -2.82121847561474092814
-0.82217830457908647190 1.14613023068725095044 1.95899365282236903596
1.95506267059025518051 -2.02401006353190160425 -2.65930762412555532492
-4.47362259084127167341 3.21635247708637539432 3.05149893201667055109
-0.48873936363721792731 0.82720533304728860458 -3.36981002900948212186
0.48514590005092461666 -2.69803454363313255371 -4.41778119970556648610
-4.40976702800993702880 -2.65596144658060051569 2.70948370346700162514
4.15756333402678013300 -0.00143736329308463695 0.12395101603227232090
-2.86421210045946894596 -2.88246450904475448596 0.48513633777777709355
-1.88988055685615652379 -0.70419271714967068831 3.25564900294097814282
-1.19703265211077880537 3.01150175371627870646 -3.93847050422199673747
4.46824589693343465768 -3.68490157369844784085 -2.50958863544059385120
3.05472630345431195309 3.40303794152881078361 0.34068599202599791909
2.58591582311341117162 -4.26668712048907927681 0.13063679352630952479
-1.45956646251950505899 -1.76146947955415678067 -1.53249221555779291393
2.02654591453105137333 2.52604610615530500439 -3.09342418628960613702
-1.70832319602323945418 1.66296098893756560955 3.38512282102370232195
-2.39999583747182532178 -1.82309158774826984839 -3.66463941612649835022
-2.45540789778400236898 4.17886185725872305596 -0.28416810147349469418
0.70222992188659105750 -0.91073442327391340712 1.72075772078572963864
-0.55311375936548312637 -1.43372803849518604125 -2.53050606238307995710
4.39144714061685359496 2.04803456933491556669 -2.40230008971768160819
-3.65988595426867924232 -0.02780295349363637314 -1.91676700534757538108
0.02041935909610881339 -2.68523424735875515523 -1.29736186284097998467
-1.57835336350061972155 -1.03213924548627300481 0.76757326976126094564
1.69791337176816892196 -0.73253106245617871650 2.20274277198392187671
0.51480654125007330180 0.79978571691169353386 -2.97007060113225218601
-1.02575136559466528752 3.46792119010971600090 2.89103155206736328608
-2.75927172726223979282 -0.11888020034566526562 4.29276677299462949833
0.35617221173401336642 3.25700984035736684774 3.11452932731071907568
-4.02893942039860153415 -0.83661360817256369415 3.78404860744111015691
-1.19730246490109371038 -2.86894381841829604340 -1.11244443021516259407
0.46291920837832734037 -4.53535114196667432651 -3.99908609060801856216
-0.94962043602540457954 2.48460830973633850505 0.67870853699079791710
-0.33412842870331438405 0.71780534492588188300 2.84923484898561607537
2.69129023178832937901 -3.01073302067643533420 2.80453544587461056636
2.27832956861872837351 -4.04078180104022255392 -1.14132161687159427998
0.11495262802050110196 -1.70326286045248265211 -4.40510596093917694560
0.83792576234414006819 -2.57730825754062875532 2.92279187683768437722
0.88364150449465217463 -4.49473068177880463736 3.07588873508221194442
-3.15825201376253428265 -2.67795474638215669216 -1.82235142699916519149
-2.11892017041137625810 -3.86950409235001657748 1.48222471621091234084
3.99584391737794586419 2.53911004864362599420 -1.15435187126231930677
0.51424580862097180045 3.88657163136133387837 -1.84535492032492598469
4.29151041712027581099 -1.06310715071244121788 -0.00459620544517225227
-0.85323008277236178643 -3.33054711214335252834 0.52312196904904606498
-0.88988407659066481870 -2.94187065215552623343 1.93345198933069628566
-2.57115801971679136528 2.92136553987383695841 -1.32315271788574273515
2.06260163341836300077 -0.12628611128016586918 -1.99479710419878664140
-3.55956009503537229577 -3.13955682101195687750 2.30394687710716628004
3.29052911983532769824 -0.15313452556554185691 3.05188882750613732497
-3.94493140666749875223 0.73663624196298993496 0.33395516495620736208
-3.41911263276420163137 4.52821185668201753316 -2.09666197398563936005
2.24669229265386949379 0.81505620926402944093 0.88819052930274633439
-2.30463708763578489780 4.08995929652885603645 -2.39078863019017884284
3.45338094816805618592 2.20501039908616380814 -2.02856164741940547813
-3.85698228456928937646 1.44182369509404306740 -2.13364829074458084435
2.12886790581640550357 3.55113142445887230991 3.66341516659053478833
-4.39739818156283046591 1.42602164288575661288 -1.07205388770506049312
0.36610515786617803258 -3.52148253485872864132 -2.27095396499630108877
-2.78230825511995361055 2.35264366062571728122 -0.38951254759691167351
-0.74631968536962078886 -0.72571987145716621015 -1.21742882440451172243
1.62100474457448928689 1.37551949535595419150 -4.07355089576661644202
-2.35417428014035001738 -4.28187664195658079791 -1.58070316580045400201
-4.24529153864475095048 2.83048932187209434375 0.27581511791283475077
-0.77396704377398695129 -2.91027555596261011672 -3.76681981702732393558
0.35765078005208827960 -1.61702284366602011545 -1.91312417374322629726
-2.79670710765465013736 -0.96299021178508015240 3.63706255262314837040
0.37192946532513904145 0.52464453899471763521 2.10983619634020147515
-2.94693130712357831413 3.24274562350924888676 4.08367124299942485521
4.33624748232826728866 -2.77535190504128159716 1.68268709190636212014
1.09138409220488785678 4.01827008931065332575 -2.74823500143947674346
3.65932311648788211045 2.87843412982669288880 3.43941249590720410367
-2.77728614892890623977 1.67645341528699898248 2.06399369197826398903
-2.11766915671977118407 4.24563935386722146603 2.41669467424753836582
-3.49262565639748556734 -1.56251887025266622544 1.05998667533849388889
-3.67710031350936095151 -2.59620238015918225472 3.72078192368718152494
-2.16385518976746071829 -1.80175241227799665111 3.79000289330507467156
-1.44620318835265404545 0.90150207907001878027 0.04209404552513973385
-3.61567071334615963707 -3.88002773082667351545 1.02140736322366887379
-1.14630184463526196836 4.12558316254745616192 3.96031672985061344860
-4.47814047178224328150 -1.70688589072825847026 -1.44620004404392821229
2.99401281185498024939 -3.34863761264977721765 -1.20855030311682298816
4.03941507024402479686 4.23802599546415681431 1.72757573663359575988
-2.44502346448869856133 -2.86162806781860235006 -2.52739529007497232271
-1.93465627209709811751 2.91685612673927519012 3.60934092055466404503
-3.80743732641190568700 3.88496729964325293594 0.52760027101056117260
-1.57649865350480267168 -4.48658364002239284929 0.78989880468184558993
-3.50331000452493457331 3.28302438167911692091 -1.75330261564992895273
3.89423254084166625688 0.90169419832397501580 -4.48106617232307780085
-3.61933512023375625333 3.52183207473508286256 -3.10120436016508760346
1.22786415008437366225 0.17486738746901675512 -0.60895133811941093427
-3.25377697120047670865 -0.32264500708555754471 -1.03646974460267138340
2.11411314541669437261 -1.59899841008949294974 0.02424544749965296120
-2.22584282859839399649 -3.59219073273216604747 2.99576015808105200477
3.64446735666619314742 -2.58382396970411987169 2.77042490586869938340
-2.65588314527442781454 -2.72912314808036082781 3.32323933385806835616
-2.61657354555338983459 1.50292830648258668447 -4.22839636362151782834
-0.20886466033188089142 0.82245031796028111870 -0.74623300509399870251
2.09933686186647783245 -4.18740910840568325568 4.28875771556899376691
4.44906939256604783139 2.22324164451650663210 -3.69422045717913194451
-1.84383152796638238868 -2.89097607584380345003 0.20962298445374472067
2.58239080267642417965 1.51701749621160342230 4.47380693908208204590
0.74695292528999956971 -3.84812314401024568866 -3.26643298246738389423
3.72696325568278208351 -0.14244339450654042167 1.40310378350386955049
-2.55954308404829955492 -0.77405939704120285683 1.27478742333651151597
3.21661452716259876894 -1.92306406890695891221 0.32438207317058598278
4.20558639893671237786 4.32810206623600723930 -4.14764890271655950471
0.79038720374820403691 1.41038539088436731817 -1.09276942577921110100
1.76749430755190228837 0.27916857392837624019 -3.28215684336460755688
-3.81172626690171645336 -2.51280670714694576162 -0.98775039982412149442
-2.44212820754064008355 0.97679505253546139443 -0.39449468383271835137
4.34119867898540601203 -1.71826705272407886937 2.30040772135247717500
-1.60067559320234487075 0.84443784828098333861 -1.03661877410990221904
1.84728272816057348393 0.06877308642663138016 -4.29794391737367309503
-1.18314513358636563822 -2.80918358617189189985 2.99671899347083492415
0.25261052763303837310 -2.74855602619693017985 -3.09098561744805833129
3.96774172750241849172 2.92406687403960585669 -0.21185154121796756499
-4.17443895026281541760 4.07594332986762619697 2.48457178558170443949
2.57796345588036768248 -2.57440729078376673300 0.97728841669771959744
-1.34500683258412800924 -2.02491928685613897798 4.38713982732562524092
-2.00672503185980311002 -3.92467558244949676904 3.90394282861249752870
3.03484814796581847673 3.81178959505425662968 3.89286834748231758141
-3.83674442416486538576 2.27810831532405355659 -1.40251579001318216200
-2.10198026742669741296 -0.62219542483961287616 -4.12089293141679746668
2.16708267888251082667 1.90922289466336891905 -2.15918693274020023765
3.21779157003682581006 -2.74094852546415213013 -0.29598761921651028928
-3.04139550478432685310 -1.75668158528518958406 2.79969611491447167850
1.51556522376089120030 -4.34883864549809384670 -3.91814237261779041432
0.45173429320139302234 -1.76097591190840319086 0.08382826909496809975
-3.82831479924604245468 2.97060495039635252823 2.26480254183585216765
-1.31118159428983727111 1.57961125468874818978 -3.53922509157639897381
-0.19934789105826311584 -2.75210880719806150196 3.30630981810098489859
3.24213657999774262919 2.35939099773515525982 -3.35633076255730911086
-3.21446155435857461313 3.14600052776344618621 0.14359576363051118619
4.03491817226467208712 1.01028503267430558310 -1.92148809215620008928
-4.09927397491997425050 -2.66981029370388789346 -4.33608668695391230585
2.20912003139306989397 3.78773526000370619471 -4.36587076691185327348
-2.72268138015160188203 4.31659142704836451543 0.94030644134456675687
3.12569252037980138681 0.07987263739556649256 4.15369190652360398275
-2.20440023540782625844 3.40374107165620465310 -3.45677245410206035459
3.43522459203868013589 -4.11201590979456632624 2.43983592877056754133
2.41907725621632252455 1.05960279466141216176 3.41862478271440295430
4.02949498741336054053 -3.37996739230867460080 -0.21128153855420528373
-0.77452767701459590555 -4.14721099137126358869 -1.77928717313372697362
2.60879501957433834747 -1.81699666662005387963 -0.90277748828080062182
3.65008349586121827457 0.66544195613535528366 0.76487510966030747284
-1.82953967662286487439 -1.59268583444547173755 -0.09846650118803701446
0.80134737352094198570 1.97487254828952174535 -2.13575964021852149344
1.69096966378352586702 -1.87672110734185082492 -1.62515957023800128312
-3.29472185832929742588 -4.06632085652052133184 -0.85011613618980108598
0.21304913691898086370 1.57613788952672262411 3.06270367793039088866
0.19822308126821219787 -0.23879474497281183432 -3.41469093815566049344
-2.18081498370616833071 0.04012358849670416561 0.69849074710806124955
-0.61036921053855497377 -1.06333678059870084809 0.29509154110314206321
2.85903460605045101062 0.37408382341685175732 1.82414407694845781549
2.83933957962797389740 3.35529902070833951910 1.47616026872607086773
-4.26213368126121050494 0.22181368421111269384 1.21661439637030444061
-2.80974088790786113989 3.87941204293076058462 -1.26920101816334351952
-2.29122331524128508562 1.71819044268771126127 -1.41617081963011504087
1.62225791637250615906 3.11387266895208014716 -2.20800273230597854379
0.11349345969119006838 -0.58753822842973102425 -2.28116195206120719874
-1.73562100460444135308 -2.86738555469403788578 4.06019521862634658049
0.26371662093506920144 -3.35908397024533122988 1.57971946269218133097
2.59826368086875092445 2.01274831749964633332 0.96146635229511723253
-1.93405992698771145299 1.17096837363284400624 -2.12462581632723912506
1.32791393715202765691 -1.38106658578511520830 -4.20528930231848008248
3.92298167518668972065 -0.75473241793272061173 2.55133020347711525488
-3.73521565534133292985 1.20196487259239059853 1.54873685851627929111
-4.16052819942828744360 -4.37243500306038335168 3.36083489857393313827
-1.26966081672225472587 3.81166421735085148015 0.00263284097443783338
0.11178809008285206517 -0.23270811097906651810 1.05248272006386756061
-0.12097318291044611982 4.14033501392799418994 1.99030496677341783851
-1.04173520585844858743 -2.05421028810352668259 0.76927666847496833924
2.10457516062721960992 3.01584892787660674429 2.65599819895094313438
-0.83005867456746296185 -2.40235233935280367845 -2.00689948000585838273
-1.21497079214051240115 3.79080793003745331049 1.89479637007892787182
4.08589829615220434533 3.35726776870423027077 -4.46235256692966775205
-2.53340330372160593697 0.34493036467736892803 3.14173554306015656579
-2.78192936619196951042 3.19571638786427758561 2.81811136529256334171
-0.09641034336046239162 -4.01772792409076640041 2.57222374548472032529
1.84672917589035190389 -2.75946523765898499292 3.31960345998606953799
-1.88219662002652521338 4.00546535121215452335 -1.09978945367456493187
-0.98382811928105562416 -1.22310777782006052661 3.00433091077036085181
-0.77046783194116796878 -0.30938564130705525912 -3.82730928970128880806
3.88085784163934643942 -2.67541386277193415921 4.30827510346985587120
3.58273501896814661194 1.85490845649350877267 3.68214322767653623458
-0.50926945572945303553 4.12582581819365312725 -0.84152189314721503877
2.94505387902861048843 -0.59115347371704540791 -3.95873857189540734325
-1.36182460897574753034 -3.87598210535062648319 -4.39713520269437108112
3.60376840288163169390 -1.75524613709931109895 3.47071547317073036965
1.76400263697111636674 -0.04249471578740493527 0.25617393030436907964
3.77799162757797279966 -1.11498003180587845762 4.17017159119404912104


