191
-0.87807576798306508081 0.29039988308050901367 -3.06383404919344792816
-3.39485058529697258933 2.17978001636590157375 2.38844461041083189201
-0.74902201226826381486 2.81585612297233023327 1.08364985777391797939
-3.36484503394418732469 -2.74431210512757051134 1.06431069438725600662
4.53562539007764708998 1.64774524624816098850 2.22777907366318306259
-3.67184415450601164821 -1.31008781379403460576 3.84229784904884663632
0.23128818096690473283 -1.94676602725848679754 -3.66055863075106380222
-0.74224780670424284068 3.63502036326567523616 -0.62640029940573560552
-0.83557821740256166265 1.42238946495716778173 0.59675507755449697100
-1.82111393149584577245 -4.27807794577718336626 2.96440322729156857662
-2.17767967049855792894 1.05828983054889658177 -3.67361017704407855078
-1.21032177843880628387 -4.23248880739877986201 -1.36524465671299477521
-0.92357526908936682375 0.74919151121617044709 -0.83170412635578383487
-4.45929975703989267544 -3.12275980824052856732 0.76170800005290661971
-2.14677814557894341974 -2.45036619175571646068 3.83356872250759206366
1.38378664083823643693 -2.67342562633221092483 -4.16289525292693873837
-3.52941956384389676771 -3.79657994494953276998 2.92241739767689789886
-3.28788864629469390621 -1.05540052258191430212 -3.62973857368520569366
-4.06600800819754137905 0.46797846888613481298 -0.63357948749045078785
3.41263882670157325805 -0.28392163249559310145 -1.58525317182944114336
3.62430466232631598444 -4.51669347410419330657 3.13038793519705915713
3.84327896643885491557 3.61185351999588366567 1.53651783123284690902
-3.87464600835446271176 1.60637501423407780266 -0.20581250064818945589
-1.68705615258784646926 1.57840885852698864511 -2.82088779122160637769
-3.00009688078567826608 -4.00642253213240895349 3.74126778579132324154
-3.02719708945079934992 -1.93980806663388749556 -4.38450569323167549385
-3.53246909612395221245 -4.36660206761065161629 0.21160259585247409575
-0.01178006041503376622 -4.06654992169523676893 -2.01022360166707025897
-0.87485818334040832411 -4.46405049848626678255 2.35877726818587696300
4.02284194893467894616 1.39597038206341039768 -0.48762430175334703364
-2.28559923116302288193 1.55057850967719357271 3.27405301737679454988
3.82049666782048813474 2.70572180775865067659 2.26820407044735627977
-2.02434781630375137951 2.47470222670591777359 -3.30106994132225306515
4.52698438164599803457 -1.38886490791417838153 0.84483302902040158244
-0.49426770250397833451 2.79991357432704024433 -0.04401487305953200035
3.77264156299061337307 -2.38466498341250998649 1.41508160511061475972
-1.23947485919983391156 -3.27143600687687374773 3.76277653773807596593
2.90715380274964640961 0.02049929392536764539 4.52902734849043664411
3.62953367972215001913 -0.63148808492753660815 2.95840954435457259564
1.24020298989263189071 1.02897183907753220211 -1.83872173880433642523
3.79233088571587639848 -2.01157210127221430795 -4.36843218535703314842
-4.22688048931567106337 2.71887241791724409978 2.19514289073043400435
-2.92099262387350355752 -1.91009231961372272224 3.25885419202645021386
1.02446142081169266902 2.86260667092542053780 3.41528374337288820328
2.07887566068557116949 -1.85942467133989230987 1.15460907964500947287
-0.44773116676094115718 -1.10395379571881857572 -1.26550300745346344655
-2.08855269081013572574 -1.91188125906920936004 -3.73206822962634232610
-2.37619895294773186833 -3.30901783413929528876 3.02272354042149071773
-3.22191776048932654319 -3.41521098182043703062 -0.16111129879458996328
-0.42260917623671456766 0.03367652856376057713 -1.64516109598135029657
2.47244463453803486885 -3.69535503752112459708 2.16719404048441077748
-2.41962716865998261895 -2.89231853255135185066 -4.14328972823394536817
1.65379234246539841280 -4.02601594106459703681 0.27895919588554729529
1.76900530866654737139 -0.87570103563670942393 1.30646010078742147442
-0.88431943970773918551 2.14638788783851097719 -2.38919221216721311407
-3.16372106986817103191 0.45067060401556258142 -2.90638558851466344279
-2.07852658064245021663 3.28272748673027958688 2.11778554158716314504
1.64333104549306607822 0.23276151168538206093 -2.41851243660602932550
1.47080419120177730008 -2.29030120502510170510 2.08366974471041022099
4.19095478096803208956 2.73437112774078006083 3.24375111441483010566
-2.28373398813062777890 -0.36844131925747980461 1.86235202410921907301
3.57407066555016239562 -3.22144254382735484299 2.22069287158089512246
-1.12605871851243888315 -2.09461850392513682095 -4.19242037160773417526
-2.18776841331674098967 -1.37811650467609236870 4.12258431050361284775
-2.23861473387807086155 -1.70100887204834050337 1.40498595462411390855
-3.95608698986647677742 3.90859008740704449991 3.42121367482631111301
2.13215534408272677780 -3.66657577314650273692 1.10675091474643405576
3.49420763311238413706 0.92877737315750064084 2.70090434390371214590
4.34677560430354059662 -2.81128276098813145722 4.28760317872938312433
-0.14188154248797602008 2.37525307977500066414 -4.26345902883110294823
-2.35646727640855369046 1.88292129528338580968 -4.26253906858949171976
-2.52406528052395850992 -2.69873236770484492553 1.76581930953401400330
-0.62179325600047885558 2.22830195243164563834 1.96795694197824744265
-4.46511901989313475525 -3.21836330682655358260 1.97470214203915706008
-3.58846164889824814637 1.87155371957799498972 -1.68499259345268903587
-1.92395859987904671584 -1.73448124444292028912 -2.20130817094027442238
1.93936374650927145780 4.51376468239519734738 1.61132816239108311862
-1.68290091980333489374 3.68424476686997959263 -2.98436578879512426354
-2.76532545125198181424 1.61003653212422381813 -2.90596552256341222886
-0.29838730024968285193 -2.14776624539438598660 0.11822549098839907344
-0.31299419724946986321 -1.33211129465889088763 3.24855304088136964680
1.76239857466735649894 -0.87034090683667564292 -2.83041946265731070298
-4.16259627246069552342 -0.70479436529454053684 2.19361612353969093192
3.94853974353370862360 -3.38063568091076360744 3.12765516171591873018
-2.56957973850030407803 4.08505769605737523165 2.52354029812029612145
-1.25363140928366512128 1.42966337483770811190 -3.69483132741872788429
-3.72991664609258233298 2.30024094461207706530 -2.66631419047886986107
-3.47241777758393865838 -0.27587631620700214796 -1.53785464810954142223
2.71627237867404147664 2.57176757676491085647 -3.61684147543413292425
0.02292249338610385934 -3.38634277737154265608 2.78959526963456472259
3.00635653399060487345 -1.96893941644508263522 2.54924274838450326541
0.02500275899623005671 -2.05286200399175111642 2.49367422169663388587
-2.57848112109134852687 -4.44262821588647671689 -1.68208866001084178521
4.49975951793056605510 3.99487875966130712158 0.41422045729490530874
-2.26350861959035665194 -3.23416237601115152955 -1.89307413800930257608
4.28525777416412534393 3.64896921999230539058 2.84627709644486692753
3.88261850900922045327 -1.86985167457175638361 3.46461371102510451436
1.28643723460479630916 4.22110647088975365904 2.82174005920508896850
2.13562099375587610695 4.52660897706578335686 -1.31471689032499217120
0.60072948500424061535 1.82628044103275577470 4.08891651291614177666
-4.36768379462451861173 -1.91546237594726953546 1.87492060817390804317
-2.13580033069546582070 3.35943084836215444255 4.31414395073908973899
-2.19400517729185384752 0.93948987746230727680 4.24571653302703477806
2.74699975828902065444 -2.74483546139202605474 1.29793170851280326161
-1.31748637012363500887 0.54723829632831222369 -4.29778582507287598702
-3.57813573604650203563 2.14366447918265112804 3.56478783722866854333
4.32628176537633901688 2.65802144557471287101 0.90931676364621694120
4.44073516415230340471 -1.13702940049900558250 4.50814127887122051419
-4.51814882090840530537 -4.16142676380733167463 -0.32491819498278218248
0.62824267381830178891 -4.53055670692381173836 0.81772018890134834379
3.33214321006195479669 -2.71237777151774173134 -0.40197092319295979479
-3.03788190937869506669 0.70072225526796483308 -4.02637265240374109254
2.54811421054374687145 3.00776690396697876650 -1.19623728814685481581
3.31602655036737825611 -3.81666246631964067859 -1.15365377736062413305
2.18836855870185331696 4.44776193099492100913 -3.02646629042234316387
0.86129155408872737354 -4.34869564027086319413 -1.18524127898362774403
2.51420303289352453646 4.11819335899121963251 3.58424533955904589533
-4.26403085360949685167 -2.47143846449942028443 0.03664050118412820467
-2.60151051330213567425 3.69742368141252963909 -1.13546795219571716729
-0.08659345315802990939 1.10283652326717263037 -2.29300646106926597767
-1.53289514020245398740 2.02972657969534786560 1.50607826994416704736
-1.67470546446584300782 3.42436877109869453051 0.73366025410095581094
3.04786452715945710423 -0.99669464043540045850 -4.00351763182510111960
2.86910808749672430196 4.02257156272195626201 2.50538005488008153065
-0.29366437462255667867 -0.04017023160179800101 -4.29686937195296980718
-4.29875512141096205454 2.97626161355353158200 -0.02316039533643543535
-3.63412301928269343421 3.82655129214656763992 -0.31988057811646530837
-3.28646548117371306574 -0.78604190948975460884 1.38287715502898400644
-3.43606306030050800970 3.96562403167494270662 0.91304249722614194695
2.72541079739125979842 3.42649533461560995562 -4.39255393510946223756
-3.34059766404534874695 1.45391349546207138133 4.35015406975282470370
-0.04415307931507950201 -4.38668590383272860578 4.16463921672839187949
-2.14853823873172666836 -4.17603553774640090523 4.46878018729860482239
-1.54117331920424582847 0.18500314420873920085 2.22875416507125745369
4.51680541039016159033 1.85045949158896583242 3.79099570613505232330
3.51727645256798648887 2.29243842282816068234 -0.06660786343701907697
-3.95380155506737196447 0.96049423316723636646 3.36497381603019096730
2.24889825610497062769 -3.45550905397481411541 4.45625761541483900174
-1.46179372910095262128 -0.47032854093066767120 -2.39457754765266939145
0.49410673836026131056 -1.89053282184104531893 4.01284486241930604677
3.63144912647665574212 -4.22745625728811891264 1.76220509755060650292
-4.15881887511973591387 3.68679311818727750705 2.00359285685454224790
0.87226576962003576909 1.15115815453240433186 -0.82329632158583843093
-1.77895355366886231963 -0.58158006435661224742 0.83794304296107746666
-4.41426634071191514863 -1.24709530254933076421 -3.47355398270524107218
1.15297023513347784984 -0.50960055653142699583 -0.87264711397085914513
1.53036910231034095631 0.96519537571742741733 0.81372780397324362411
1.09312445213160547297 4.13119904929818115846 3.88845514195105490529
3.65279484690074607300 -1.70905493671934660682 0.09383936623926025788
1.44792895109134889253 3.87069317023578474135 -2.23269040369083660025
-1.38520102211759565947 3.64499637769781070773 3.19394328766997048774
3.33327623455306554234 -1.13308884180142133147 3.89582262628543762872
-1.03933649695993102213 0.52589847348025120510 3.09146431694844192606
-4.45364759431305667903 -4.23587928948523639860 3.18950809373016230808
0.66795338710123619563 -1.02582162802133458612 -2.93993980953244493648
-2.38286141699976949937 -0.18418552566925594505 3.24658215093971858067
-1.05368889258258047192 -3.38330863223430355902 -2.11025315519436684752
2.62835717928215650829 0.22925934245417955992 0.80206391050140268817
1.82091309578052928941 -2.76188003885893040845 -0.34067031723736906912
0.20533540258450067029 -0.09279836287248421911 -3.26593719573507978993
0.53420707776076703510 0.15341702280433544558 -1.98939350575916051866
4.19401103316380652331 2.29742090476062088555 -3.97161684961583771880
1.76191995204602669389 2.80079962961561523827 1.85084789514328296178
4.36244765618438901100 -0.39549090448603774206 -2.38178441326974210668
-0.10607727139677969319 4.15217343096684476933 -1.21192910654381336144
1.61421993345751513260 -2.25951098025656449408 3.85672699954620323837
4.31726283557377943367 0.38511337912184195886 -4.20689159012387392522
-1.84214160151277894784 -0.17984677393927928080 -1.23936358836811022499
3.59048939243840425917 -0.85474330802283571273 -3.06105601480144295934
2.89774968107584651733 3.07078102443976685976 3.11872467190011803950
2.44942623807326764762 3.15679210169035062705 -2.71570183974561185636
0.75348688081974657393 -1.15755429833915801652 2.29778165245522902893
0.92596435612242000701 -2.20716570815653767568 2.99255300258688805570
-0.87776883837548114187 1.07202630617203009677 1.97112171081294551556
1.68428003294243922028 -1.46587493511363042842 -0.36424474127741479634
-3.08271312205483472013 -0.54405515724194497551 4.43112370576240000020
-2.54828480668980184021 0.41274972283823618824 1.28989202793366697364
-2.42702978469032482067 -0.79563578525345413084 -2.18806746388189887753
-2.25907178983722456422 -0.06982424457158931119 -4.02069259497821818172
-2.90345759243936774041 -1.22112674746413851778 2.37751486796065147900
-0.60193794399656663785 -1.86395936470353085213 -2.90736107974551893918
-1.36245559230083745916 3.62458695065357527909 -1.75225635622147013493
4.53345129050624873202 4.33000913299605105777 -3.79634037793304957020
-3.86708626067768168610 -0.10115258913171398802 -3.66744899467140905713
1.63264475226287952836 2.21482163335094472956 -3.94160667817192100770
4.42279006369097960061 -2.49861435440763024474 2.83849914246011802987
2.25951543645164587559 -2.08168598822948869298 -3.96872427134732053133
-1.17834775927673085505 3.40698616566186629484 -4.05573041928726407690
-3.71245344404548438533 0.04220353788855657484 0.45244100473173443078
-2.61126173163716890357 0.63864603232410210865 2.29043925255522928808
-4.11920823950223446985 2.70747532246111433096 4.28679845716600294026


