202
0.78300866255259116144 0.58819732787789025252 -2.94830111570180486424
4.52420844264775023902 0.04980699087264195413 2.30155905004364225164
0.44571135010442208824 0.95204875686822543202 0.89511811999568102749
1.34184156721685976521 1.44231021466709652401 -2.09498681679735554440
3.16496741185000018959 -0.47222419981064600591 3.40553670918359774333
2.87684152768408019085 2.86193721369984377390 2.45430982582667223113
2.16202740013699834520 2.48290202800807602301 3.70190016495766993643
2.84126645164680180500 1.96620434608995076076 -0.65519436937663977361
3.90104817229000477852 2.42299008496286294445 -3.42730803475149503612
-1.05137820461252662341 -2.61981490112228465605 4.27727316571996407646
-0.80161955559673980787 2.19950354637334122287 -1.94090156847234673876
-3.81797572650592975663 4.50166308510207446858 -3.18862665936443923087
-2.10869266271551136782 -2.38355675965698310392 1.34830449825737108682
3.93223073271567269416 -0.84280753782042694411 -4.38087289432701165737
4.17836654988767630670 2.62749975321259920946 2.70832687749232281504
0.53178190415784953871 -1.24142679582928838755 -1.52714387954280095272
3.19859180318065838833 -2.77239951552688212999 -2.48603226557750822678
3.48170696348217401095 1.05496183930179920907 3.92522094257243470139
0.02655287953155216485 1.37225502757102102436 -3.29498972893578301324
0.50886589207073029684 2.95237159007667759880 -0.30787327849689916093
1.86556225121061292072 3.53007694198372146133 3.50672925234904031555
-1.58163512477178525018 -0.96074953635114557216 -2.48307559972918046043
0.62202202743827239573 2.19876109220355786533 -2.27617665120479362173
-0.15478173014996521317 0.61345935716047428343 2.08113021633991746029
-2.21749363335246219009 -0.43365276328908475278 0.60714821653269712698
-3.61423457545511261912 1.85327898639300681083 1.27665933825995825401
-4.22218834730797443200 -0.70904716194123817985 -3.35930736546731978365
2.91195465882689052961 -0.28691069395907931039 -3.55881226678347539760
1.98525827584456404651 -2.39370454539530941318 -1.61387806425754920525
-2.51575734993762356595 -0.04686175564809413885 -3.14500748306868871396
0.10323217842569487601 3.09254096535522204903 1.31523521067895021730
1.66268681932837569803 0.94861880581318658301 -1.23797367059507479325
2.09594177295148931250 -0.79896307609922123660 3.63420961769665051833
3.23951244391459258765 -0.09624021919948688719 -4.51704047337423553188
-1.22144670355961437735 -1.64494741528723453783 0.47041557027692260107
-4.51400761435546993283 -1.75817782887014217863 -0.46527875588046896382
-0.72895275507923784630 -1.22938582719943401145 -1.54416251397524328937
-2.79518269105172345590 -0.93028368885556833590 -0.06827785640034544912
-2.58076073618433321499 -1.95431361229225597498 0.41111313672206506453
-1.65317738420227033913 -0.87415556805059857481 -0.78694123646898006541
-1.15561612999542928648 1.17584864683066303570 1.37658928332393770688
0.24627286386832647480 -2.15321589021604697933 1.00573430648452077918
-2.41430310326569141921 2.39007195759625101772 -2.10934039834429798432
2.28365264537902223907 -2.75775559646991208496 -3.23159915785903972818
3.98890901603219649729 0.08133834436132136858 -3.67326072826511351721
1.83653263855828718931 0.78107918635994710854 1.42086382161948954206
2.97072058959333773487 3.05644871020185693311 4.39542147594441789948
0.22267240754936157288 -1.91824944972581379332 3.83893380265910355575
1.32417238036522633138 0.62145673160984671313 0.17092176825549110220
-2.71847976748310582451 -2.20827797019910976317 -2.23850368681931888304
2.86315243230218463566 0.19759712391374328888 -2.67343426504320547110
1.29753488144187745235 -3.46911787218407940969 -3.35307697790389624970
-3.69422847008200427865 0.03883092121928122253 -2.74361730095830536058
1.20079858157832841670 -4.05068401360420526913 3.62467052200168549092
-0.78854371541336654161 -4.21039156080248844205 2.38940288932563493773
-0.43192253652356793481 -1.29103375127193942262 -2.55751725492795944916
1.52123902811945832525 3.22107657895188292940 -1.39316096751163120970
-3.67351434741881721635 0.27817277228689007984 -1.31161543486420395510
0.66140592578439783011 -2.21890593770569299892 -0.63407763411284623345
-2.70452285179348361766 -2.85257684775167730251 -3.39473344905291707363
3.68319924287952016329 2.10332221429647336919 4.48518061092574260584
2.07727589194151196494 2.37663934256625619668 -1.58834416637453434973
-3.30556119910084200697 3.59845940258527452471 4.20540729719167760692
1.50459600958272066151 -3.17951326232231812341 -0.63400668956625416683
2.52556585641382902452 2.02496951863605545441 -3.75285436194658172937
0.01384552487955481581 4.19046805623860318946 -4.17551860342280356519
1.16294406263381766564 4.34162587598997173899 2.85534758705670910217
2.96115152636195322344 0.70317209248303846891 -0.24964007467043014543
1.78734299294742093878 1.67390140167433454366 0.20886739548753130435
1.33819831201364181084 1.79462628232552212637 1.45597132045036037340
-0.06877956679991115152 -3.08659537336874034708 3.59225855579168662501
4.10778515885340755887 -3.67620324737432024875 -0.52405523358145877921
2.64308406079253632726 3.42331782884213886575 -1.31280278869802469188
0.73096362331388231581 1.79408984439072849426 -0.88148938961650991075
4.48407622991766796616 -2.73619542020737016585 -0.66689871751380103149
-1.47164135880964730418 2.63437371673937636984 1.64600593564231356680
0.24926384577529070441 -2.81218303748573905665 2.11072128762776856092
3.38978292744780684842 1.96143252155263692060 2.60104944753917965983
4.23906012409993149248 -3.72527629820527161897 -1.66639969561604850412
1.74360684671054322337 -1.32226766693624941951 -1.74629364060508551759
2.65391195318889483445 3.49868771686436641488 1.43528300053070267950
2.32558571248053791436 3.86787132683607648431 4.49325049041116120208
3.45900402601179113304 -4.19026865593647634967 2.47116145838308121085
1.30023220868515121396 1.39455981216145641355 -3.98165077844055748102
4.22522128308421596188 -1.82108919350507303392 3.78401166757508544691
2.40816329738770029678 1.59417654634004790637 -2.19083645025828577246
-4.05646236172763519079 1.92039130795817136743 -0.76447699140033442688
3.69405779325977068339 4.19018448614217309256 -1.66257774994287155224
-3.53119557040846654417 -2.54450726973351626370 3.42738709748531178434
-4.10764851529316299406 -2.85547687213322065602 -3.00852431963298938555
-1.25596314497017447209 2.60785439003333596730 2.78481307042590398027
4.49339928095708440736 -4.11258347740355834077 -4.03647122850363171409
1.67808057767172247310 0.07030610667341008480 -2.09659555099442851400
-2.60737034285995195049 -2.07379448976184210807 3.23111345088433044026
3.44359141963334991487 -2.96551575462442507103 -0.98069399729027351142
1.70271795530874303637 2.20401741851154131524 -2.72738744911170272189
4.33122871234221751280 -1.89351732590323429406 -1.57654609658428102037
-3.20948059527773921218 -1.87022225951384246656 -0.33214369112148034446
4.50442193160293857801 2.20227395146549920213 1.82612812725179818329
-2.24485679353033784622 1.16982210178962287017 -0.54930483513690608888
-4.08453135667290201383 3.94129459459844166958 -4.12000880663164359419
2.98421753172028303425 -2.84517866586797918416 0.06098027267291072917
-3.01647557198691673719 2.59694400026451610586 2.50292297676090313985
4.07794769633090847805 -4.53308138608896982191 -2.71206965707029779011
2.73830113479714487568 0.56106392010352745814 -1.76095207252104213325
-3.79303302479880555254 -3.75068062571162830210 -0.96369464117180392293
2.71093546664698425985 -0.84923207273803758000 -2.68238370922020896714
-2.73288699940366219820 3.87721841815851231416 2.68112490107991785493
1.80973603385539760779 -4.44903763612530234184 1.09282057485312034117
-3.60255381646631800407 -2.85240935998244271588 1.16668204799344454869
3.82955463686259367506 2.53669630384154221048 -0.69542204794835260628
-0.66903726610330815916 -2.37530525339518350236 -1.67715314481445387784
3.11944591434176299316 -4.00891715347393784441 -0.29459565066716297821
4.06913868781225485094 0.05680809985251844552 0.10859187630174194084
3.23601180763087103998 1.69173974138778060450 1.46222014734927796553
-1.17364421776347160886 1.57449644237098329569 -2.62919783121057859532
0.71660660227490691199 -0.49436937893238663833 -2.43408748124654694678
-2.51939206977587204506 2.17314972621593938129 0.14780099657226664078
-0.21883740275525553898 1.71097885679080174981 1.62570391077180520512
-0.65616680191904741548 -3.64150509441297431934 0.19676292031425202111
3.27446530262999591088 2.05274201835600234034 -1.55838465697707917457
4.16508924568101956964 1.85029949400294757567 3.56696379527672657872
-0.76180520745499702429 2.02558755727282235881 0.73534328317711938894
2.64843462125697826082 1.64240952739681222994 4.21430225013488435337
1.50725926868811210824 -0.47101109984336719805 -3.14749034764492874316
2.17042206219113520405 -4.32036183931241879463 -3.53503360988381443164
2.12314810936108422368 3.73597616075010652281 -3.29008492408363162340
-2.13243251556177959571 -1.67106754590883088696 -3.21535854746354843314
-3.98981404547339124633 -0.51218141670850769742 0.26209806176556504909
-1.71411522986604758501 -2.88231883511823205879 -1.51450871673137932305
1.82278774076222660483 0.03339338720772300206 4.38680944364365199561
1.02212870628018492880 2.28687047336462434544 -3.59472288165606457255
2.40978022383517131999 0.70968255399330093525 -4.14228132522891101530
-3.52707536699466439600 -1.08840704320134395999 -1.50602994108129628614
2.97428879857347627791 -0.84706430044056402195 0.27248578719519489511
3.93661428463362828012 1.09562564492022040952 2.52589366992415254032
3.02839854483006920560 2.57493479514816048237 -2.69703178431844525775
-3.60684495550752126647 -0.73529089959186855197 1.50804057476599506771
-0.78809111995109715210 -2.59184686505774974918 1.01796006458568744080
-2.35211201073872411271 -0.72411301065645616859 -1.47155070119666087081
-1.44166420512710269364 -1.49656772820169958749 -3.92582750392720702948
-0.30100814145662102561 3.90926684229407950255 -3.20323763124504612421
-2.19572021003795647687 -3.63764483485307721367 3.01385924176023056731
1.05475796355479456423 2.03289524889902395444 2.38485633934913909826
3.64223827875632455431 -2.05082194712586307617 0.83088872911426037149
-1.04303185754229410520 -2.34594112200400894963 -0.66121527349694009246
4.38617837470796256838 -1.28598159869756578644 1.05036182739576844369
2.86575306058996126524 1.29529652287551044765 -3.09829260856967492188
-0.60008167546704083151 3.63934990784427991883 -1.61279554243609002384
2.02087973630549111448 1.88378121362406236727 2.67941521390747983133
0.85161750943981484596 -0.14469999145882983527 1.95782009603995543756
-0.05181249234786555746 -3.19533692630817922620 -0.58232587653319667353
3.83745461501310014540 1.29188322775762021166 -3.71321423105718206870
-4.35567669455865758010 -0.16855495441117795963 -1.88587315195165317050
1.16538974841100095858 2.09669102880189939242 4.26770535222018221333
0.33019521984517741231 -0.93593571070278214208 1.30773047123865637786
3.92315005520133563977 -1.44178582324827342376 -3.51714742656320655811
1.42954707876080444606 -3.41412577356761604008 1.45373592426068931616
-4.09182312427577787872 -1.95111089466284104432 -2.44959948279763040091
1.47308719545328603573 -3.66509862456998947167 2.58245744994454629051
-3.24427908273035736642 -3.19532800445769282760 0.11445740157154826733
-3.91291706646663239866 1.81986675615949788920 3.00379396267356746364
-2.21065810285690567127 -2.42956629901791965054 -0.56905800647133109038
3.75780690432127340017 0.28069219117110399964 -1.32854782245000979657
3.17755697922922397680 -3.75929958473886660641 0.73105597892991713849
0.16954644168048549346 1.81069289811319844574 -0.09189938196610736298
2.80134028168690019100 4.10653924697059924398 0.59927473509214834735
1.76848328495548390293 3.77450264950425573574 1.79885842726565758909
0.17373119512368617734 3.82513338224148125022 -0.88871271569954535252
1.99269034903978958795 2.81232512469077189365 -4.33757697056486968279
4.14903015488915993814 0.71881407871265956544 -2.82604385404053459752
2.05132151397767614753 0.66872058979124382461 -2.96403039645710553174
-1.13405433339080197186 2.39193800353543739590 -0.92418817660646102041
-3.71500335199697495625 2.13119017544173239287 0.30894327922404585252
1.14714230798697602864 4.10508371212053102539 -4.17959056127329109387
3.72883308515602340805 -0.30385653775402055032 -2.15665799820679016108
3.67304150222689340666 -1.59967912819203972319 -0.79603946262889557772
0.77967148906079852821 3.99029193343084376266 1.52297719195416902949
3.34785817999394996747 3.51973985673704614641 -3.83731990024011793139
1.47876762862588773118 0.07699556279182306895 3.42392035696356433760
4.12062172126099657277 2.96544202915185817204 4.36891681973815249052
4.07532820109016480359 3.15868287537972225465 1.78966469018100937660
4.05779460595598262529 1.36263970328559569367 -1.41648848807196126032
1.89115417665327800734 2.72358440767117304659 2.14328731960018448177
3.47535326482546391702 1.29012486725968944512 -2.31601934953787180760
-4.30358793608912471029 2.10423900928011420319 -4.44151196824663951901
2.11403468799727445315 2.55492969961553395564 1.17027157777404600125
-0.43286201527340395501 2.60995532661238893724 -2.88622244731229748993
2.01486321648012012275 -0.44571642137633915581 1.39790911756439317770
-2.75440806674876492721 -3.56381257053272593183 -1.90684665596918545560
-2.34530971486150097149 3.80507887485939289007 -0.07552537435055484139
0.37118347259385675585 -2.99850003434794976087 0.39308027984864590820
1.05700406589317719153 2.54646561961824158260 0.55877591659049219430
4.30222694208362188562 -0.50756283632612309020 -0.87352795854105558249
0.83254754905387606811 3.15427789425760085606 2.33890514184206299575
2.94920069258618422481 3.85124405858088625365 -2.51689748037433735917
-1.79757011951577183595 -3.35193461872920872580 -0.11789954643397582146
-4.33135295441679168960 -3.49075062483530862423 0.46061064125959472193
-3.11016053346599719021 2.88129621092995780174 1.34922824521557949140
-3.48278168878038130174 -1.08632214295865869857 -2.63019225691530422750
-1.50219720313710425330 -2.23221992031374538712 3.10002302021616849004
-1.49782174417924762722 -2.55358814130720590541 -2.90380793575918794147


