40
-2.71421399467351998069 -2.81999804866583181351 -1.58774944043945431815
-2.77749691937966103339 -0.90110981533182243908 3.30549608838625896823
0.23149692381698550037 1.36529051604949902554 -3.19275924998132953903
-2.38464900945253788223 3.69398384042939920135 1.44201866416382440406
2.03852133818062064563 4.04272868613184233055 1.67545496549533545760
-2.88890795123754617890 1.89846645790246792984 2.77470107673001908921
4.15748798690693366353 1.28113404914957662584 -1.83632096923840926195
2.89992566273971519308 2.03469633685726325467 1.44928782406052381049
2.13568658643257780483 -3.94631550305826772629 -3.91025062788679189651
2.21849758365242255564 -0.99398664574509743019 -3.38023419832316740496
1.61638388154003731501 4.47796179783104530969 -2.53560173469435978788
-0.05221157082142013905 -3.63018686481155317125 0.43564954255056953514
-3.48492592079082452727 0.84948143094973627143 0.51874684945347038223
3.76309217414871444163 -2.61668897139792777651 -3.29283545385347498069
2.25279887651136601079 1.52012980303249545244 2.42306010882383748850
3.29800177288870788317 2.07957642480693483122 0.45770327244901132246
-3.79295019343668560197 0.76040579124913154629 -1.63026535934462257771
0.39429558408936493663 3.44381610012474403959 4.49162754104944017541
0.85073154947428442085 0.49065102393285719984 3.81866721767444428082
-1.98405175932671706818 -0.53260485417229030958 2.75440659471634408106
-0.25373869760187162115 -2.38846172563550762646 0.74062637967917677173
-0.65903720182499014868 3.28304695728959217149 2.00037178453735098316
0.79254998194612280571 -2.56378693307246008359 -2.05425559786256650696
-2.18881384619684693504 3.78128181154348386173 -1.22348652490275888738
3.32845991485656700348 2.97594308736886681288 4.43845079827648358872
-1.33451830596628751024 -1.44852685309999218433 1.71678728790857348940
-4.00043388346727724070 -1.40990269673547174989 -2.71091633302006052020
-1.80638816196070406406 -2.60600004118032479994 0.91795183149230030750
-0.98855062617939815084 -2.94073220068381990799 -2.04336292191640289673
3.71324039347330714378 3.33920901255261792784 -2.59344804863537836681
-2.38998067758897025925 4.50554244961795280489 -0.36796223422324203511
-0.55316524577135250951 -3.35476730715732962551 -2.91797931075104788334
-3.84350779725555202759 -1.41650862379631936605 1.13090225586995440921
1.03602068875367692158 -0.03619818334817193062 2.93146730090789997547
-2.81226680322805044909 -0.47592705930487344546 1.26521669824170057694
1.15074897023085664927 -3.62391976607246268927 -3.13486918889883092731
1.00990890567232760588 -1.88573011533881373936 -1.13336337849242152487
1.15611505421930704784 0.92046592157028861436 2.49960911854202105786
1.23565425682206697644 -4.50491365152265732519 2.18158290398889143091
-2.86737845193059204263 3.00392601701527883762 2.50625571063693364238


