97
-1.37405848195246083066 -0.29129557905600389489 2.37892765773488523706
3.63133228137308972094 3.37890448383686337053 -0.58662043442525568793
4.11622549757929956371 -3.36087827166328523276 4.37676828285550367781
-2.05665952812444308151 0.05019524195887381524 -2.57516454156598406655
-0.54491178320342248398 -4.32738348767196701061 0.19547680618733309643
-3.06007330325916049318 -3.78492388401577084522 -3.61844045417719817337
-3.89029855143171721110 2.58789947477895321271 0.97267022237213218716
0.55635609680996278570 1.64589275530811196546 -2.39628063766457355399
-3.87852787224527650878 -4.53712312954375462937 1.75734118339829503697
-2.19184890102761009700 4.05818776528716451679 3.80581414882148205692
2.22737502763787187376 1.69616409742238172242 2.97839897919003515625
-1.82990199461623159749 -0.73949112840096020705 -3.47987857139537348772
1.82979218220738193423 3.41098143888533744672 -1.48229683307376269852
-4.03626676947332185819 -0.43814217852283210419 3.88570071723980259293
1.77728703984324987175 4.49489124068347845053 -1.21666171162521496996
-2.06502066866941857981 0.84199081715061563358 -1.26891708384295576195
0.63457457373484515983 4.46731993248288272724 2.84586220002325429590
2.16238256903415848598 -4.23424314773277021828 -2.10213403425969413973
0.56594909083278288620 -1.79394025623843056394 -3.89247851263601907235
-2.42619001230174413664 1.57612640897616262947 -3.48256396317854965972
-1.25511360491304158060 -1.96732481672510584048 4.09320759375771192623
2.19964131139197238696 3.28257866216433491502 -0.17353675316223693414
-1.25539620460319767403 2.05086434843744935819 -2.97582436723616350349
-0.19032117032915785160 -0.90775298425992057005 -2.83397229428212149571
3.20928542401075844737 2.53991458846641915414 0.21422747906044747879
-2.64490909407314989110 -1.56947828224198104863 -2.05927207106886944743
2.52703300089220395108 3.83710596324391861600 2.34667938517498164686
0.36768868055193681954 -3.13237364408884122469 -2.52024058188290611682
1.80819318497087433428 -4.03368505005650845874 2.74220471550467692623
-1.17820734409590865965 1.29140192765951056231 2.51907991708049205926
-1.95793246074259785772 -4.00687800043102093639 4.26188800603473350037
3.12478942172245055531 -4.42724339882262185597 1.53011395721413379079
3.67974553494014866573 -1.43425291555902578722 -2.92850819779895132910
1.70159993706255274759 -3.36478781348763167358 -2.80070750031068449459
4.47675540001929572753 -4.30480754430615508710 0.22559839669292980346
0.32863278066928547361 -2.35291754172614187013 -1.73361003423511306210
2.74876672975080094119 -3.04881072521332940894 1.50032588481155837457
-1.70085850009969341556 0.86039840966280500822 -3.26235625838035270263
2.25483664264765781837 -2.52458305798269400100 -2.14916693401472702618
3.08258563361514603685 -4.49915560726220586929 -0.51926882466348089906
0.75603879239036952953 -2.09008164833776799441 -2.65973322605444417732
2.68244209587835680253 -1.10506736413222661497 -3.33611887498778125760
2.88400756621557530224 1.15518702800642358852 0.63174361456318450792
-0.21670381882179245991 4.35102178182796084371 3.54233112696196794644
0.43759780497825051526 -0.40034692060214460696 -1.49556269717158052401
0.47725548144130236494 -1.08761224914901699634 3.79676291203324911550
-0.76324740320761641499 -3.02579686192544627943 0.54221120828635083200
-3.26006399215788267298 0.07298961932094627514 0.18922822698571195588
1.38529793888466290497 1.07587378833827873592 3.40304443598414962935
2.88184612075061252767 2.31436118780245436710 1.50774523136808458190
2.72933161294145776310 -0.18427969805210508980 -0.26138730681499922071
-0.13965246553453170009 -3.73381379996155571277 3.56418829571096740239
-2.60683518762163402016 -0.74722484055669990965 0.16022194561632474574
-0.33207620997592801615 2.39128462609237502079 2.17172773223177184576
3.03209110410580162664 -2.45045778387931267872 3.30821691590539490591
1.23690297833963658292 -2.13261138275619410720 4.06161443231041108248
3.99950937740588141622 0.77985798592558541742 -0.69631367019819068176
-1.77353968773519232727 -3.16455186960151158004 -2.98979787254585316347
3.23704790727511149129 -3.67662833901785379709 -1.62648926916597424963
-2.12328110228909183732 -1.83977762217457740945 -2.95722583922779103105
-4.21207388511485003590 -0.07726850011987274058 -0.46174070080706552943
-3.29777109840738757995 -0.82685463428525540763 -1.26536708105101958211
-2.40292975384021856300 1.38277688925011155163 1.89694371570116171455
3.19940296869009710434 3.73777470393193400611 0.91782862114708851919
0.98707441878863644291 2.33436868007011089077 0.17911140167057393313
-2.75577817845303663091 1.95796073354830824087 -1.80579457218858330236
4.42836649746283139706 0.11759475403412800176 -1.50775590719879737378
-1.78714293482036801208 -3.75740714739273640177 0.04517743018980890923
-3.73181603376326886945 1.74264959335776747906 -3.78829243746683808070
0.29667439895111336057 -4.50613221313783007815 0.86949158716700125638
0.82866914748836073557 -2.86116717200774806074 -3.55940739717464360581
4.27923919408228581318 -2.85755027170573727702 3.05761119734661690472
0.53502364391842949232 3.34138090186542857651 -0.00685822726210982836
-1.21267484692946148073 3.88817512245042795627 4.27103721964749194484
-2.35308766331166374641 0.05467353571519772970 2.14210630203271268357
-1.94455162363191114139 -0.74428175972374699398 -0.69912677636021847150
-1.82219095726343072172 -3.30312585054900109682 -1.04794630608070082900
-3.79152244709155361591 3.53569130130849185178 -1.02867593564772841219
0.12035053891019664718 -0.37129909284347561993 -4.40554683830570059655
-3.37004986306881004765 -3.23228269338084217566 2.36766024139632502710
-3.15082728479049833936 -4.36090635374420365622 3.66115588734956443062
-1.34812401302823792193 -3.97016890491829954613 3.42498599492506450304
3.99685471517713519773 2.70070202411871118642 2.65101868260410711287
-2.37881215117435029782 -2.32339891753412830511 0.64718306553138216231
4.06529263365565096677 0.39348145685765256729 -3.12354594281210751205
-3.03275699219684513608 1.91663293488374630869 1.17089556421205198689
1.93971376561229469360 2.12995400006232760148 0.59466898904209486432
2.24334867930149339799 3.53013613623133704067 1.07959824546021909697
0.87393637412329194802 -3.03084203519815753580 3.18422527619601059001
4.14576785691521276789 2.98341461606999658329 -2.43320859588082827329
2.13410760977427660379 -1.49318230433128507073 1.63150936758874998134
-2.81733026738041258952 2.45344156935634405414 -3.21419660682773766780
4.05350923304054422402 1.27974770819005190248 1.65469237880972830368
-3.88368345650218804721 2.01761186331048758547 2.54036294267253293100
-1.09876662292265603327 -1.76184585639688107150 -3.54440826623207660973
2.20184408928724817400 -2.39559549434236052079 -3.90246248382602933802
-1.31654787399070638543 -2.99612849527702440611 -1.96042609003108658783


