425
1.59809583473935390430 -2.54529601715481579305 -3.93874056259802474145
-0.02748547415559876583 -3.26374418403658683729 -2.65309909007044586460
-1.09480488237385875649 -0.06912315455485096294 2.57154912657862233516
1.62483119576093670844 0.35122054267766600333 0.81485197924124808111
3.57599589928578698306 1.19971477458406905470 -4.27118842451952307471
-1.47461787576645875220 0.71567320098296072217 1.79023974589689061077
-3.87394064461553533363 -2.45744349733175093675 2.08444650765007644111
-0.13675860097618475208 -1.45294260563098909245 1.25019318212195074125
0.05102075933061822610 -4.45520256072149045679 -2.87082221272705506721
-0.82265828578181121600 0.24033912608117180554 1.13479237847865910283
-2.43793672212501544294 -1.42956887663785181530 3.67391991296058062488
3.91611257900396569909 2.56690640347353760120 0.72038519304828430023
-2.08683823009505742263 1.63940254083585923439 4.20176334259128037019
0.59219027371368060386 -1.77471595985380492522 2.32692979031456115280
0.49449802015616750595 1.77675350173540191889 -3.49087384414650792053
4.07277527707145647895 -0.78964325313561056774 -1.90608807907776567347
3.01728899111232795605 -2.71097564990149075825 4.33073777799735726290
3.95232080400066632109 -0.24744707154997591658 -0.90475515004140394382
0.47958633819798457409 -2.30556496020352108545 -1.49770679828573438641
3.44807647636316083606 -1.66567974707185673111 1.41322191843184707949
0.15072689203273981207 -0.29271034343538726574 -3.56352312028486517548
-3.75470034121911711011 -2.57833881995122071729 1.05628522217519726922
-3.19527206902567773028 3.86713968380058314978 1.74762577299586219226
-2.00268488578361125718 -4.45963662019274664772 1.02860628993957892163
-1.26384385503196661205 0.52075874990437309719 -2.97008887270120736090
2.45660779529855499703 -1.40312454853283163914 1.00915334914896437368
3.11228029677592754609 2.73944450835910302544 -1.15221537060116663298
0.99487940831560184307 1.87718257425765688851 -0.37043331795898115644
1.24706183436168327461 0.08378367382958451515 -4.52717154233916030392
2.90333137832014465118 -0.56127757191255600588 -1.74076824718133327252
2.66540576056120048776 0.54040224246691526133 -2.74129430477425328760
1.81595194958501604532 1.30923424463427107156 -3.11233121579498250853
-3.09337660154580529337 -2.08898543392064750535 -4.16275882053737333877
3.91883795133230972141 2.13943497863324250119 3.32297933629668218458
-2.20259429253494376511 2.23681840898791595151 -2.55558410168075456070
-2.61012329340427040592 -2.09450637584852872308 1.56990492893285438214
-3.57711105094817050087 -4.24144494981321873439 -1.88353708701568267614
1.26783240525548546174 3.50073591275244577758 -2.65686488666943043668
0.41522867206124836059 -4.18764300224413599238 1.68050875348516193242
-2.14903308378577406756 -4.30151035411689441901 3.95779362211410035144
-1.71266789013303988298 2.35200535804496180248 0.40048269833781535709
-4.45218052738162572979 -1.34267138248905748554 2.18124941622482548809
-1.94184637578337859765 -4.29888934846743175910 -1.43993763674578190148
-3.09287757398326057512 -0.63825010106289825629 -2.21058902579268679034
3.78758556281263647492 3.62604612216863397833 -0.38460199873993161646
3.05762788325303613846 2.85676651185573238223 0.26449240016904607131
-1.39466473983292837957 -0.01602216184885030259 0.09286835469097276530
-2.71646442640206364771 -2.56605185744410047022 -3.14689793576845033840
-0.84998925091490118433 -4.46213781357358918456 1.42757298614778083135
4.24617447482843868301 -2.41366383311659937760 -1.54300127078922733048
3.58535759828585387510 -1.90274976856567512584 -0.69623531339626154590
1.58173757501264322656 -1.39027354089072696652 -3.61942891117973841730
-2.91834381028983980144 4.46879840054822263795 -2.63860008986025151856
-0.97041305979760394962 -0.10029313245297810653 -2.02734894105251273189
2.59441797050975964112 2.39834146533287562164 3.85925996505285251459
-2.73706731368037559093 1.36944243620638150816 -2.75026210435565143797
1.16411485552835980428 0.28108643981741998630 3.50663486164588267258
3.33984627090897756574 -2.42600742426445492583 -3.13112753635218332704
0.67218793184541603125 -0.89238969282364877245 -0.99567065303215596117
-2.71652257969505228630 2.79027467917188065627 0.57896394814003571128
-3.89777908958816876606 -0.76205090640245565226 1.46159153433972743841
-1.33215337271431799593 2.44171833587883480021 -3.03789944222060537271
-3.52700494440933765006 1.13440280887371081064 -3.44208432046090129219
-2.35139454088247168428 0.97929289953013576309 2.97481252235970128339
-2.70036037226678349299 1.75924049216626432468 0.77257572471670243885
-1.46853184181670259889 -2.41805332320155130787 0.36682807633156500060
3.03439836889143954579 2.07722271435868677258 2.60678415854649614403
2.06688109591594049164 1.55436643791341477794 -2.05034839727883655414
-2.04717603977373086011 -2.03858669298603967235 -3.89991565254312488875
-0.74932970017058053713 -1.03203396906164179825 -3.02424340524866419599
-0.51765733515914202911 -1.30869682225651118301 2.47590444239755402833
4.10147802208886336217 -3.96135043958340116177 2.44950074905361159239
-2.03657599491297025551 3.96676500331002568345 -3.25595267733269411181
-3.03534310077267877048 -1.53043187647718870181 -3.28634750591326696423
2.54272299545503965845 -0.18400114908058817775 1.20653248285718817101
-4.49643963522454992443 -3.59690228310821025204 -3.86029174550106457531
-4.09920223860183075004 0.61955120790709106160 -1.00738466417355798654
-4.23909895458144081459 -3.12489719446953051474 4.18354325083673028729
-4.51120421043679620254 -1.96539323589911729684 3.14543095223145563466
0.65047227371248084182 -0.75922975105894208170 2.38494842188773947811
2.84680019723906596596 1.45238020256744793102 -1.38016086825862771548
-0.08314532993864709454 -4.14110155741477292679 -1.82121306370540247954
2.02003342721573897478 -4.44009205181523469719 -1.46061531152168910808
-2.57782824306413838045 -2.43225553912604652851 3.71637077755662037504
0.07466239354861325950 4.18345605953487886808 -0.51082713839845883541
-2.58152903337916539428 -0.17749905357185014054 0.55577853033776403180
1.11634988797784195924 1.41439039219619733245 0.66103104189947448077
-1.69966705278092966580 -0.94228298811314603611 -3.85413584485149529613
0.93917759687955815195 0.80796837409767707783 -3.51063762816096813779
-0.01022282100112992254 -1.23981664180163253519 -1.56311853036278058937
3.79892163148883899026 1.90838145599803077346 -0.14198764267446239984
1.76571656357701556317 0.66834157432863605663 2.68212408429283311051
-1.94731771348297622026 3.58861085981557703661 0.92519511758916461730
1.95495390109292888070 -3.72055411629720644839 4.43989622679814477380
-3.73942079240537506024 -4.12653254693152327093 0.85997967757769533392
1.77256914305055612857 -2.57477195521755808372 -0.86439729688083222214
-4.04416044521647322085 0.73721642095445005793 -2.16592137215619295887
2.68286277585118959621 1.96033827709110397564 -0.34572905949435028816
-1.17239573265779206679 -1.54894697141395853990 4.41123628274093793067
-2.89352614207367331289 -1.18044770232416063038 -4.47235156733660055295
2.84599490976442393020 -0.94714739185753549222 3.90464157581335680192
1.69383345145656427633 -2.77931481156184423398 3.57551586775491525572
-1.84939248945904566312 3.44383216738393382883 -1.49104359157292565286
3.65484009949533206196 0.08019667164813526483 -2.29168794823112031978
1.95171095124838966939 -0.59146663114229491853 3.18762331594209857855
-0.25812865671020102099 -2.09152978340948259017 -2.31684695692818110047
-1.77715214748538263834 0.44232589863150373333 -1.02355616112822822572
2.33204796527810120921 -1.93182949845717066850 -2.75239339619376099932
3.69428805715817087929 -3.25289714888055492281 -1.67985304331879081730
-2.73079538990204495619 0.44124996585376496938 1.42483542272957297570
-0.63227040998341532685 1.01094385219835558587 -1.46601994460494999828
-3.25105743205550590247 1.63351733179397573537 3.52814051488745139551
-2.44277432362756696804 1.54884082028586700375 1.90139565212116234960
0.06122841985524818398 -1.64047989550327333319 3.32035812791795592602
0.48617498913050738452 -3.93324068835261408950 -0.24123772838584134348
3.49768391240142850762 -4.42564943107622621454 -0.51614422388310909895
-2.46708413212552946092 -4.43928950627046869926 -0.14641580364359896294
-1.47680265051769676887 -1.24820132064237343528 0.30764123146540622855
-0.64278560900716730231 3.20096404016975544238 -1.03656792320696311549
-0.34730188164172037801 -0.45694890173177071802 1.64454123136032848151
4.00857369180751721416 2.85909988278280202678 2.53755451277166432789
2.46194425031302532858 -0.61627651974811081814 -2.89157028394092074919
-0.89344062994441131309 1.89057917096911598520 0.90445947576782437238
4.26500455504217779179 2.58028537371239075071 -3.57249373354358024102
-1.54050698773071159664 -0.53800453002546788639 4.01991099815285846120
1.87960474859157056216 2.33832427305179280097 2.11199262783011310063
1.04341276245991565474 -3.27065748243806098117 -1.94771674820118079197
-2.77802538022133305162 -0.47275098486437538980 3.87168498176110897901
4.42743085303970485000 2.05462812938105887639 1.66661254408671855032
2.55282442886000282556 -1.62008270079704441713 3.06468559156570741209
-3.96103025859368962358 0.76847996424598452592 3.38387986179798527786
2.89435517208136072753 1.21656047315875515125 3.36903937769618178066
-0.57605881826625626729 -0.96137943069466036405 3.55304119674486162950
-0.06790829416851185130 -0.26541923683324508687 3.03567415907152149401
0.99161460370708542911 1.20536660048848442983 -1.53922403715807654123
2.08523949121282292651 2.61637028949198313654 0.92693066885609631811
4.46788494563989768693 -1.86637782773770055655 1.09536687897310880402
-0.90728642141775939223 2.52228527530501001053 3.97636303203223828717
0.29827760645195855460 2.04997362672688243634 -1.34399655039382626143
3.59805516061511010406 -1.80180113391733076611 2.80016795522354033920
-4.19324901205507050150 -3.30059734954906502935 0.38456847519894576948
-2.10383099912249083019 -0.25523260174645123755 -1.77981318180701997278
4.17622628735543610645 -1.64508766599220734861 -2.31598439399436939468
-1.20077455438486291328 2.78761925087379136556 -1.95729453089959992695
-3.22908957338630564493 -3.71165552676691579137 -3.78173104167353990590
3.57758206971381564898 3.99240014304314794202 1.06561850783642064755
1.13096116051635231514 4.11243568294670236440 2.11886130704155117854
1.26937351114187535472 -3.24450118646833329805 0.06224581737258194636
2.66536536006237589902 -2.29575672737465152906 -0.17123520130026381736
3.16174794920831114808 3.32336741561976278803 -3.51587961954290095790
-2.76402811551964600056 -3.30669539022456637767 -1.92008158033221043581
0.86640678647413604807 -4.53536750293836643522 -1.16898267133401434492
-1.69970706017012984645 3.19409126283138977698 -0.10120617307584911515
0.79752139955271328375 -3.62802295558278942167 4.46603007360833270667
-2.01792106960687922523 1.66178424600568153124 -1.04681840961371852572
0.11465269400405286859 3.24872734916767136326 2.61176015707223196927
-3.31966236945800208247 -0.68667117686324719017 -1.05403840788278513330
1.64909357916864873772 4.03510837602431937654 -3.67299844382678397636
3.25057501334855825093 4.17927912479674557034 2.97158773362401351648
-2.30166129454486112493 0.56888478274482601194 4.50252319584006333031
2.61883786005839613864 -1.89021492665510137954 -1.54814417949521887508
-0.31099080812658019823 -3.45753836885609944218 4.00517972422939916299
4.31377556319754784653 0.09983912811930206743 -3.26468776441939434463
-4.09828272007689076162 -2.53336139658178538525 -3.93152252872136775963
-0.10884468457318785539 2.37597490348390305570 3.11669809388061125333
3.40793349464012695904 -0.58598592155377193791 0.61806069352992043520
0.05297795377048064580 0.63371590623662754638 -3.88823679100064234504
1.86937814470138174983 3.92056141863093099431 3.34366804370567827220
-3.70964395927201229242 -4.13862339133500967137 4.42735933501363820852
0.00659935440121017791 1.24156815437745660091 -0.62698567314620756719
-0.36833518015566557580 3.63381641574567293418 3.99673571886266554287
-3.05575498553178537264 -2.02663397298836756022 -2.27629585115365351555
-1.30935374576368435129 -3.20140865111810590804 3.43325237597759080899
1.03201390478420584884 -0.57931333659722117346 -2.03096080787937172119
-1.51484113852151036639 -2.71628633106533667885 -3.43734332885153515136
3.41566577054484366016 0.07759417011892821847 -3.67423262512585946382
3.47087329174109537888 -0.96332780092795289306 -3.00178459238633976724
-0.34017246001061796079 -4.05735929829025288029 2.53021194105695101939
3.53837469010475214048 -2.91701721113913992056 2.49477134614254403289
-2.00188782066729231701 -0.80945421787533700098 -2.63515560956711825114
-2.27914584375453621590 3.07316004295012845660 1.77996683224919571842
-4.44311748199053546671 -2.15583220467122904651 4.15314746972490222987
1.76781364986037292653 -1.25636720050619210554 -0.16638530924881766992
-1.49123727005182615812 -1.38631126227361711756 2.87303269845654707382
-0.16632155874615683899 0.21445210730843822233 0.03551411829776363049
-1.43370107910653477035 1.28940551020553240136 3.58646664819603255836
-3.08893854788195376671 2.64303845374267876167 2.63701902848980385130
-2.02474454347504773111 4.22079267709350514082 -2.31546475479460323044
2.39766531940910621046 3.12887652387362358297 -1.97998419461013952514
-1.41843893005775889549 3.40571667506101327660 3.49506277435767298556
1.49676837728518119519 3.36289720875330111483 -1.52032435538435883871
-0.45185993863393658643 4.35918257604756664847 3.32275121041464593930
-0.51508703011537981808 -1.44126641329691018711 -0.53659749474044637907
0.08072014531571092277 2.32222255601872173969 4.25859379651487213181
4.25255970235922919898 1.39940026034220910134 0.68030911671184313150
3.06037691942167633385 -4.39747412061976916675 4.25197911280692952829
2.92215462549185112096 0.50406372257730414077 -1.57254051697857022418
3.93998000391230807082 3.83278317847001570584 3.95907357896196021585
-3.02256356636468215271 0.28683972311820316037 3.05241887356718155644
1.87936011975539951635 -3.07635672825255968021 1.86372409552460460702
-0.70600912608589627695 3.72492814346030254313 2.05185763311751312443
-3.86518300698512407010 3.65185536286683198881 -2.52201052266330849605
-1.97451741351655041257 -3.54337152384496700819 -0.56908274027239880155
0.19920099312187566909 3.42258245217904288893 1.56827569815140943632
-3.43894122291899240196 3.36133278142036306946 -1.06742701813538776179
-1.35108948486306434944 0.18168724917453626944 -4.06389141943921217148
-4.08705686175684679284 3.40347769395490562516 2.59818342955753944779
-1.14593504243112587204 -2.79306333749691804158 -2.48286819845895889713
2.54488918092244276181 4.28969428898845794862 -2.38270005412456331584
2.63061476499992874523 0.04495734371440995858 2.58569611345300387484
-2.97249890742144762257 -3.52782025007357136204 0.23930255401994759978
-0.11133406506970899841 -3.35460115295994176776 -1.10037560784785481971
0.23513440280257924542 -0.05621019939749860583 4.24158486131822787257
2.83145899000057799100 -0.80540640057068557667 -4.12970130812323965586
-4.52399775037064255656 1.45190397495460654653 4.13104738752688316339
-3.10032171957117252958 -3.36102875552513280510 4.21584926744523169617
3.46809413295788093734 -3.90382854335835105530 -2.43951142626815231651
-1.19601147043513567070 1.12645588836810706113 -4.11801787996222667942
-3.80714665770155491487 1.66156059850115500609 -2.60409509020934715195
-1.11708328360959718850 -0.41567994218570980536 -0.85377020111345469644
-0.44432030442469727660 2.02627733811108523554 -2.15505936706591016971
2.53529725484538648317 1.06705989421625258018 -4.44703982504576433854
-1.56138318650349727790 -1.80501262599165945844 1.90808925774286652910
0.85692010390502737494 0.70254331413152470986 -0.12627341167884331696
-0.87276242692013994429 -2.20701047749735801418 3.34278414174513560653
-4.05847773287845381418 4.50225801488027510544 2.60708171984539216481
3.76880498693748133832 1.25407072900269422888 2.89459562340673759451
4.35139349785600959564 -0.27902321289011577932 -4.51939844806235502261
4.30444538429413992020 2.28775484094427206117 -2.30308889384140824674
0.53760308409770640736 0.26428942709967895297 -1.20032857084028998784
2.54107423252515296497 3.94963520276945967424 -0.06006063128806538032
-0.50815096947357840662 -0.76739759099357840455 0.54854837637915121462
3.24755012390301178726 2.32917909884189633374 -2.19365869724343198754
-2.43759514215670458626 -2.67660611116095248363 -0.31490836632810204065
-4.07585186619680772679 3.46504322225934568991 0.53920485254306083078
-1.46494701272205984921 4.43692549476819220189 3.08144853341300084537
-2.67893352306890131231 2.79350581807533604461 -1.86444861273970285964
-1.08370593089821998234 4.21496042217937283425 -2.00954614356515115503
-1.04314677552714973885 -4.01454081145034535894 4.32406938021797326854
-3.20688125829545711554 -4.08439717981495764576 3.02942026778759920802
2.76867800631845017989 2.22403283494705483747 -3.30571973164064614181
1.76606949886261954674 2.52771435994003379477 -2.86995467445650342952
-0.96436672408939561052 -3.12828948768575543227 1.05460208027370061501
-0.90054897621929219653 -2.75268140704336072844 2.21605711650656278522
0.89863369067113829658 2.41961211804958686855 2.76591514835509055814
1.57214499816570540958 -3.90884011105755524440 1.30685123975044348299
-0.43265497218591075779 1.51769863379251912505 3.92222493653233694744
0.77343828613939802352 -3.06316524024110403701 1.54511176721859566641
-1.58740744097528008183 -0.47024117844888824180 1.21464222452256986884
3.16112562730976343062 3.94535984773271852788 -1.47164998916792155725
-4.18982536521564163934 1.73213547476737961262 -1.44538280915761996326
-0.09001704256626297251 -3.07529062151854004625 0.69985460992452619422
-3.69493514449213389383 3.68308374043664255026 -3.62409118564296317544
-4.48334282305480069653 -1.40995583639313659674 0.05141430641258093459
-2.45507045084843511518 2.80721664061376774413 3.67667908660179332259
2.78499508089187841620 0.99370445915535121628 2.22687927391340689809
-1.92240665566254431695 -1.94149527050554882024 -0.80329026349926557771
2.53470295633882880537 3.01744998406289521853 2.84506921524411815483
2.76360493753043190424 -2.67209031212426539881 1.24131487213940072678
-4.34231416192425623279 -3.94972603858145321354 -0.51428866890216884400
-0.04585109001916443106 -2.48585999776939203798 1.76606709028563102493
-0.43400265887147781996 1.65267815401355289140 2.01969856124573965417
-2.81319898571076132399 3.96616808654276997714 4.30579717228975855647
-4.35340968128242433721 4.16537382782755027932 -1.05751217418997400799
-2.31611005923002277740 -3.21736762598248882128 -3.90172750605346685404
-3.64393679480145760152 0.29696743553604676435 2.21379863896700967985
3.73987497065108964733 -2.84826294105305199977 0.56057964744177901650
-1.79150915326467341515 -4.13232203632169525775 -3.37843819625501406989
-2.66469410734743039626 3.27111590235954707850 -2.82672114137710295267
-2.36502518083768720203 0.28704440923199658897 -3.23560057997789662920
-1.89936223787703317711 -3.43530324607460801900 0.47025756258724271675
2.35320326999389184408 -3.14670370190821557799 -1.85655597912635483837
-3.09766747523800844988 1.76308303403555299838 -1.67385208005041041801
-3.11960159715195173291 0.59725598360434162259 -0.36575073376909728040
-4.06114298666786677217 -0.18672433990246695146 -1.63795288253194559758
3.98073386086995650857 1.10958258411964560963 -1.32559566183534016659
3.91387070732483710600 1.02105345309290207467 -2.82728064131176415330
2.34582541701948787960 -0.34195781831924421112 0.08403112518252253693
-0.08563346779132885445 3.88756091464279318615 -1.59122751679148644044
-2.76318628193020821016 4.00127167819130402648 -1.71024040324442694327
-3.76368846137505830285 -3.03223972767663774164 -0.51439778087614573820
-2.36289368992317738716 -0.78693972508684550959 2.76851824811478675059
-2.69317968541036734109 3.93689828797835783547 3.04397370565593394787
-4.48172775574333481785 -1.21312260811691796647 -0.94247730184795042163
3.84914923461222446832 -1.63064258228040870335 -3.78203351699447809509
0.76669838742395590714 -2.42840130586671110180 -2.91868582807820864389
-3.41383504518943592387 -1.67697061219730292336 3.79880602287126389882
-3.11669524323798485810 2.25324141018715273788 -3.13758671460729265945
-1.16119920182995217672 2.45653494866707955424 2.99723084704039965942
-4.50893422661648468619 4.05157313183810163792 1.56747182156194408975
4.50233461354207076255 -3.07635662471719095734 1.66500941358186160812
-3.66121083530745217161 1.60785073426983249334 1.56541108378428095449
0.74690263507264464948 -2.53536611205911155409 3.13642856267387948321
-4.20610678133514515054 -0.58780400237596808211 3.50016253883323269491
0.73008280048894036440 -0.36926832807118881163 0.15141616121710566034
1.98641304258764517243 -1.38363415358935837318 4.37315598937162786086
0.79678370103732021335 -0.79083129528466855618 3.63046602628823666947
-0.44488523965636783686 1.14370331123232205073 -2.78523121615641944260
4.40808561695619349763 3.64364483631212632275 -4.07648356362785513340
1.10313482205416324433 1.11142922172697833361 1.70727783931931131889
2.95700518035451320742 1.24859649898551694491 -3.34323676756088339346
4.04907813353667922485 -4.04232265726645678683 0.21844383449465532010
-1.56779297963249675263 -3.03451393692800230895 4.47747288535090870454
-0.32754612531345550508 4.43613557791165558086 0.49815102510989461848
2.20249702363390831295 -1.86661332838628890585 1.91776689656947318952
2.75827726321127020270 2.68290616997703157409 1.83687986859014529273
-1.49662741247464969874 -3.58463278907790794392 1.81786246271980989064
1.65327696734689144620 -0.67507383393136155547 0.71721799017090859252
-1.84952303724939959295 4.46135028901518193578 2.03246198027584323853
-3.65416270616723837250 4.32363242652090651319 -0.06548289328063727766
2.96581825143371080600 -2.81799001182529629261 -1.06046863411192582305
2.69889252511717270266 -0.98921673444519075957 1.95531549521398684277
-1.15102897513397683937 1.97973737248473113937 -0.57985960277357406767
-0.06352844782781374988 3.33363092493133184036 -4.10125475932663619005
0.81378766826953707891 0.03330065503675783134 1.50043239027946473385
2.73864958613810838273 0.89402468908270815717 0.40301800553071753797
3.01644244493318058886 -4.20602840283863788073 2.22631954271628362818
-1.89043811418271934244 -2.46221226065048970355 2.58984902383806936399
-0.24999622555724965167 2.68219708572425030724 -0.10407346065074385422
1.43326671819778805883 2.25447118864298534646 -1.37137324095855728245
3.68454487112182338393 -3.42276850969653212431 -0.55874435614485218338
-0.64889342397912752602 0.70310043574228497931 3.31817822215603719371
0.38819217418099682959 3.09916770100098037943 -1.15513135428142721395
0.89389413819586849286 -1.02878616556626045764 1.38641159487273046835
-4.01592648791078499215 1.56155924687796332506 -0.06667551550124617421
-0.83494085134291218253 2.04183167540897425596 -4.21627465320133332227
4.41127894344405913074 2.92290121218462406461 -1.39710145571652022412
-0.93142825482925228897 4.18264095080222642054 -3.05762774147176807915
-3.57600328941301093266 -1.86516283613010802611 -0.85268440005730550268
-3.01728295638102883558 -3.11793823588810337100 2.24852019680921166866
1.74392017550536504444 -0.79459142984726138792 2.08431712495002319230
-0.73675470776566109876 1.09516805966772423631 0.26843751785324876380
-0.77796403453835072384 -4.16414116344520301993 -0.97780415857400404533
3.91778267798010926271 -0.62171136828421369458 1.89421682386872269888
-1.54083087581706301705 -1.87184944391626606475 -2.83805812988312800016
-3.45886548238165447700 -0.29345070309310816725 -0.02510349063789441004
-1.57690486771153270951 0.25608900635208264873 3.52228162070604700062
3.70891164482738044939 1.20577084141742840728 1.66287494453708806219
2.88368826678533984875 -3.85861227400368811402 1.11657669152522931455
-3.99811444586573294657 2.28644830568459500597 0.62328922502960271146
1.37253414954390073888 -2.17081685122536560684 1.21421212691129465355
1.47159542895171480126 0.27544634870883033528 -2.43496032591232491882
-0.40070895000200668079 3.47105705615579918089 -2.54521566588270031772
-4.10461102773294062018 -3.35767994133223490749 2.48345445978616918836
-4.11347218736703990061 -1.31679304265699936849 -4.20299395284032151210
-4.29845844508319441246 0.44353696928332819738 1.31900837169202489463
-4.35863145319517109044 2.74251047554818594421 -0.30949837390309209439
3.60915494291845373453 -2.08418557184471708865 3.79273370815109256426
1.46538381061405953432 -3.47764024425615447811 2.77507500138695473169
0.53266263508714217778 1.60074652024342523049 3.58923078197367306785
0.37280450161259448549 -1.42310327385290280588 -3.50354425620130704999
4.31132254959181526743 -4.23843442853771890100 -1.75037379084101685223
-1.66246795548094983275 1.08540031878734932747 0.74978129396342918511
0.44584008633794702803 0.53279128736988745629 -2.33047461774833664094
-4.47836275119759275043 -2.40895533649992499292 0.10296327739344590668
1.26502302467548943810 -1.53059835990110659765 -1.46695086711154054626
-2.77535503424833551733 3.18881717633314298865 -3.94033582867631348989
-1.03150400964563049300 -2.89905288410014350120 -0.85558735943443586791
-4.41814123502665800913 2.65381755685682296786 4.49887837512252364291
-3.53583716704722483826 0.55780801723449613405 4.27500659995513299094
-2.50357955385852060104 -1.87440347352028080508 0.44111013671293175520
-3.15387312335053637824 3.96964396823973775241 0.75421040368697767065
-0.70997643997959070106 -3.77408671105378434874 -3.53389360397941443281
-4.15217424258952760852 -0.74601852072191787713 -2.55616209258664728310
4.08715740366536461892 -4.00522056678254223527 1.40617239815699690553
2.14651607766833052438 0.22066231003393799170 4.10195395879074009571
1.72434605470904234181 -4.40076377129063711635 0.32915662724250704940
3.07109961394757124964 -3.97664416080875593451 -1.46851281046493120641
0.30782039616015755001 -4.46307040789438680406 4.00844891377375756036
0.36054486572531008193 2.16014259302422839681 1.31902833364826754803
3.04945951136571125062 3.38874205281299989423 4.11970338571190719534
-4.16949526821287097533 -1.51359345297416059140 -3.14350282759845978120
-3.16266829554115824763 -1.75280783109460136515 2.65913855993582348702
-2.48170012866303624222 1.45488828328853792016 -3.79977226084121388894
1.21843570280686552820 4.44988112221895537601 -2.29666296513272083502
-4.38192047164805398296 1.13948189140665423480 2.34413630041302400997
-0.34377064469998686036 -2.24707680672834619884 4.23037157527708540528
-4.22562437730738960084 0.38346360044738414530 0.16911430037619812339
-1.56737661136411077223 4.27882271631847199700 -0.55816295652681402473
-1.78235695794379189749 2.68194420098940877750 -4.20386556658545984533
-4.42396758454475680367 -2.55792627011430395711 -2.78878862304655816828
0.28781807202564113624 -1.26140451572369105548 4.42919859385342018498
-3.37279532185388974952 1.25282287013698390155 2.48463291700361832426
-1.95581218439861981295 -2.44306033134485245384 -2.03911696445626144936
2.10298364623595279710 0.47405504121995534206 -3.77118191807112124181
-3.49852733233985313532 -0.25259177812245781070 -3.98652434879660688694
4.51469111944981360551 0.96732849438992207780 -3.91444716024245709107
3.86950151771583161775 3.98928392713528179314 -2.25333257970803835235
-4.04443535951539256956 4.09591704401350664710 3.53539924000579031116
2.86413589671729340580 -0.99303505854385853979 -0.44557603567653369936
1.39372271572986949906 2.56871114716612947149 3.99076338647196049436
0.56871345507532478081 1.31970533702701775525 2.61162517817027772793
2.09203310587330548742 2.81146836909423480932 -0.42375261740695790991
2.52464231551796292052 -4.10517054425058081080 3.31019938526952994806
-0.03502186304706267350 0.48508960497832287473 2.04574081833093934790
2.48341256524722986399 -3.78716112483898603713 -0.60726908241865640292
-3.57801404247854160090 -2.66388102049833497276 3.28268226777623173263
3.57558059087000312815 -4.45812333745627853432 -3.58083933052591518731
-1.42330728480008072978 1.62872321785271001460 2.32814812827305761544
2.85715878368059872372 3.76525060115462917310 2.02884171524867529257
-1.87444219096235720201 1.17259965425647649795 -2.15033104084222070895
3.46268480142567280922 0.35957628144029563089 0.89093725805264956108
1.80569610916322886851 0.42209775200109778126 -0.37238717329914194920
1.00845224672622979512 1.06709852956142281499 4.34001923036000203382
1.41743668768345365550 -1.64329436274008067187 3.09648888155870505301
3.32899542719309504690 -1.70438123849504385987 0.35483194587817568078
0.67604031110206541655 -1.70080946768186080931 -0.15006112778023261711
-2.95180952506753913056 -3.17123410290036966686 1.20335040872547072155
-2.79303572430800972626 0.75524400166266936196 -1.56040432014095653557
-3.24993672022633139918 -4.10016382161216519364 1.88645060393692531875
-4.10318377964904623667 -3.70371832243653464900 -2.81058505393699631369
3.84704121295187118079 0.54627501547955414907 -0.28435104914810871435
-4.29340057741115632695 2.14293585486942372853 2.77554835949926381744
1.31832863240140252259 -0.28758591065836025535 -3.27728792110964350925
3.52691226429155246791 0.28203822309530135470 2.03033737957678717123
1.91870352838066171586 1.69750981500470654595 1.37464594478504675834
-1.07174292064786236267 -1.20559036186670986979 -1.90641480707096544478
-2.16049921965460178797 -0.82671735412283098299 -0.89672453988843026096
-3.05791226677142891077 0.36692459975930358240 -2.55182843401666303862
0.85325531933099441062 2.33320030076686268927 -2.40233787626442341079
-1.56149525174402592498 -3.80330602261441530487 -2.41917643794781378475
4.43228083205655121191 -0.52634326466268799294 0.89886269516721917228
3.74687307826610638273 0.53168180708989520866 3.95292874664701177068
-2.61210012373516109463 2.71512997296340063969 -0.58688287917200110400
-4.06519578238301715345 -1.78291653247014370010 -1.79698138164742937661


