183
1.21464995602783698558 2.84337036235916595928 -0.52169191883847432223
-3.31917328473455164328 -1.96532144674594899669 -0.56118783217881640368
-2.83756977068214366611 1.96253533313455719167 2.09849322966304807636
-2.23293218311973573620 -2.20188731829587469591 -3.23069439906047062294
-4.50768115484612774679 0.06692458585842686603 2.03553324468108431944
-1.55325381285493779870 -4.38962608838056578264 -0.94305118657518471892
3.58584957458914477257 -1.61670625616503560451 -0.67194635385699053032
-3.20221602523523873884 -1.86123413614957211593 4.36082735795777320931
-3.67041085521387300261 -1.38308743241867482254 -3.23267622804802723380
-3.77076780169260983300 3.52942519129097131980 -0.37795152090057104743
-1.15264237905552491270 4.19970640649024939961 -1.84559650112252748855
-3.97239686836338012910 2.53128354685147805014 -3.48816390636467277275
-2.44831036805958568436 3.40342673543672535885 0.97537458457455539218
-1.58818292309853870137 1.34422228377314123549 -4.04198174592373504765
3.83584467570545140092 -0.94254583114982359859 1.61432941663882090211
0.28608851720671335528 -0.29824911033475842714 -3.80223849939729019454
-0.13116870834628624465 2.43389498891071465181 1.21251377116318703742
-4.48406827104735228318 2.08921548328244188752 -1.64943511191119940307
4.48961084454372549857 2.15248570185067489291 0.64929163770801334721
2.27769117990545222341 -2.18322988375437709863 0.69726626309179184915
2.66795597653448890441 -0.08722868614837597789 -0.37728430328128315097
-4.11840343382642881664 0.29023873423733892452 -4.16888235493839331980
4.35028110105060239476 3.52889370175264804885 -3.92622538609126880971
-4.38944093637440602151 2.62733542455370905344 -4.43734613938636268671
-4.26074426093052327502 -1.60254642049084150557 1.70941988910863518214
1.25744625698429501881 1.32339747070561664088 -0.23834472189941191544
-0.83019250293995128231 -1.80114085251778011099 -0.17468858080123261800
2.88932238571229493829 -2.29129169688492906332 -0.23890911524191160709
3.87600834734139798599 -0.64322151740072452952 0.30326496177352435524
2.15283536041592338250 2.79365015226201318654 -1.14733299627195872716
4.33827701979742297311 1.81391427080750755607 -3.61999790028779688811
-3.41979339663085291079 2.33846579726714676184 3.98701920689753119831
3.22021557554088477815 -2.18930130397572408896 1.26178894580706568718
-3.00747002920325279263 2.21215240979683258615 -3.22308031157942576073
-1.33705803697227665339 -1.26704045168658208098 4.40565480055861957709
-2.28605087708484866482 -1.66552252360562258460 -0.79421585212926970598
-2.55049188212737432124 4.23453644160354247816 3.20739195962477641189
2.25794373728657937761 3.53149951230230296773 -0.10201347580451169961
-1.06338246668121927385 -2.76210980800322269957 -4.45356469312520175663
3.54755992292321575832 -3.14750322805898852252 0.04322783481589809185
3.57224372083846031245 2.32078792985478798983 -1.95923040230278733276
-4.40046168876367449485 -2.82514405260727485825 1.53223594555909414794
-3.64040064600375590231 1.39037418339768858999 -4.39112781367968008084
-3.18096324708429589734 -2.94858279475381035439 -2.27222953951681594376
-1.08118717165023303650 1.68136283992290014311 3.44872416940495352122
-1.86429324294272635854 -1.64468046349598528977 3.57394337920521376617
4.00855092421070136055 1.16786805836014018212 -1.45967498036394216498
-0.16714503905262034777 -1.46709040622721342828 2.33681596543653480325
2.39178528988805005895 -3.66413638864578672383 2.67650961840198586827
0.89118049129839249645 -0.76131644461018099790 -2.93111453980521963203
2.11473428324438739168 1.93908560138647345639 -3.92096257713881213292
-3.76558173199832246780 2.02226883984441752062 1.36257673678619450897
0.41638118603759721736 3.03363367442574638488 3.19581462072825583931
-1.35976783966738734577 -3.39392829735364554011 3.75357708816369584071
-2.91790899518284341241 -2.55868446140269156786 3.45983735947501980235
0.72594648693782293236 -1.49143988868497201494 0.25496827720234094272
-3.50411296585188170027 3.44498803657387853150 -1.64617552665498978470
-1.89680624733096392376 -0.35795982911390922254 2.12804906659350390186
-2.96211057077018224959 2.19228768159127351822 3.07225086292471960547
-0.56195398514856087502 1.93426291418765128327 -3.66250054488633303151
1.87364554245649106434 2.40006925967130069210 -2.11315267509277893154
-2.93785718098543968679 4.19862196920892483121 -1.02195189791663221257
2.90737359257049110539 -3.52955538531938328717 0.67996812847646470601
-4.11619871200611431306 -4.48977865982615487184 -1.37165138697778932197
-3.61642808356510769840 -1.20027130653039648678 0.55932760709828954759
3.89203361015484983199 -3.80196305435107673176 -3.76778445421109786651
-3.69332816112292761090 -3.25917087167359076361 -1.45308063982607249542
-3.65761983385314204398 -3.89335762363644732886 -2.49104542568929820945
-3.69553435573191801922 1.05530763061086130250 1.93866617977183874899
0.64447931628541432758 -0.88106394922429487337 3.04687844218104952887
-2.33691054300466216631 -2.65043134543614034015 -4.39981441966714736935
2.84738886354398257339 3.29890730891666361657 2.62238208813087148030
-2.53800527454860969101 1.08351066289860131775 4.52688048900537776120
1.89002648822551755359 -0.74418220389381328772 1.90025675574441788029
-1.25123130380093527947 1.45201899525579580796 -1.77291144616543938639
2.76572157549446817626 0.90910181293169323169 4.51919408559539714787
-3.61390320250999907969 0.83319281111526688477 -3.35942408540852355259
-1.41302065249370834010 -2.97300000317884771661 2.41067463666636250252
-1.26524011224209598225 0.69327084776027003699 1.68924782533926798322
2.14725253545270167166 -4.53063691030193549381 -0.63302777865931680878
0.37905111410975766972 4.04443024480130564058 4.43299414265669522450
4.20082127122704296340 -2.14304597121331452669 0.89483176280583442974
-4.42230152396951403659 -4.16321960981693717230 2.93629249548085269339
3.01490948358365695725 0.32446644575660688048 0.52783835290953984298
-2.48678058787394506979 -3.06594169311365360997 2.21773903668969207814
-0.67249475860648377790 2.61638369109488522213 -0.69504342150799569566
4.15721776339725845872 4.13313274150241038996 -2.94871690526542629129
-2.05848976594614629931 -3.79400068649342347982 3.04876947736628967078
-2.03051683031018193049 -1.82075117085764048852 0.26506205533239768357
-0.18979037769967899152 1.17927983956434978552 1.87775283049734387220
-1.59510065894253205698 -0.48099957631441636607 3.63054647987947820553
-3.48914559027095094734 3.74688589177485464887 -3.57163867607298390894
1.03936238923809209922 -4.02636553996740254036 -0.97728614313027684091
0.74412916212905066971 -0.40493780005483959172 -0.93520733043056747391
1.01677477050654996305 -0.47969457135017812277 1.43131298997982714383
0.50340054390079025382 0.03344625056759564785 0.14174094503910961151
-3.75892309796381818288 -3.84469418004476981565 -3.69923150625484442600
-0.03482402535023254586 4.40122321980062647384 2.72574314692586483488
-4.46503238725715689839 1.72557108741165698973 4.14668069795458205107
1.76070920498756233741 -2.01586559422702116251 -0.50279119117722803622
-0.85846399265447015381 -1.96851372144351088878 3.66193639060200748503
3.13230819906661128726 1.54690341950352561184 -3.70538231028941789091
-4.18019059860872665979 -0.35937350797574385552 -0.18955988383648669782
2.57420942372421546196 0.38267270422736032742 -3.59148525731122614246
-3.51489894700766214442 -2.47804493505174416867 2.55585185438342232800
-3.61478529101160006576 3.63511545856364381990 4.53265520487342055134
-1.44615108755870114265 3.21285902884606588970 3.97781505107787847209
-3.83412064958431741957 -4.24421068644127519320 3.89124443685146115257
-3.89117074457956801936 3.64330920725929896520 0.87679766964486915981
-4.08262449058014631476 2.06281817810125200907 2.56465504056746329553
0.29326472308880369155 1.25188957120912558452 -4.27363901500207798989
-2.09703887006650990799 4.41422600870178083454 0.05330449707197804088
-2.72614475237762032833 -3.91078331711067050946 0.60761174551519925302
0.77305184842870211526 -1.94683703292236209847 2.13333550867430332687
-3.71008522940206564300 3.42999353414583918465 3.24706544327026147556
0.87362597772466621393 -3.92789783395492708706 2.80908402616526764461
1.20736391521731167842 1.95643112590839862719 2.00748533747499902091
3.42023284836215779592 -3.06323550618630680020 2.40665438272014409193
0.87716301006634811444 0.32287358817353162266 2.50849709185089597696
-0.03180145220932040218 -0.33104135945040891187 2.43852721486796664152
0.89109387101157899735 -2.07992759386958647738 -3.01960741538946697560
-3.09369185968846860391 2.12508503387584646305 0.03388114803448694090
1.27328913678752631000 -2.90373762857770989498 -1.64229175644138214452
-0.34495294103322482471 1.74020526246496576306 -1.09485300657138306946
-2.27401021934834179916 1.68488566010686113827 0.82693440131492490508
-2.43912519711119601951 1.15966532051486570509 -3.50661415904694395707
4.52129524079334910169 -2.60492862706705041731 0.04850401616967747742
0.69259136866976245273 -3.14640163183154442095 2.02059896483727730043
-3.39370553947899677993 3.98390985314891477032 1.88380050399181175891
0.57489025980843599939 -0.14964802580566960444 -2.19622232977308051716
0.14520048584059441765 -2.46902557716096726637 4.15028884098601036357
4.39794601767235615597 -1.13033249057870843757 3.71101902272059103183
3.95568912905404967972 3.40289397656611569687 -1.88145615716129377404
0.62565330835211963034 -3.68750705682682466957 -3.10055548493052857140
-3.61743345216898637418 -2.60271842482229454063 -4.02729364250273125236
4.34650995270939066728 3.94421041834840035989 -0.69299726409433537455
-0.88986661588627269381 -1.94131289352817049121 1.41943485837116600834
-2.20398853822051910001 -3.48376653607742037266 -1.19625483211663086180
-0.27905134204572945578 -3.08390361988546679584 3.44199702988332933984
-3.83753598043174815047 4.20101335283339860638 -2.77806908986141332107
-0.07090830818472237951 -0.72530298028522821596 -2.99276043167514727017
-1.55483069957108721582 -3.84398509056941373174 -2.30808122937850157541
-4.25582679932147467383 4.47401885869100635063 -4.20881039904345044533
0.33604162500876455510 0.21120624973868995511 1.41058447722215962727
-2.51152754058262006609 3.09785945660421901948 2.49425636037184350613
-2.39688780689403513335 -3.62739354847682937688 3.93514466147137387253
-3.89415930015620181948 -3.52627422292920522651 2.22488145511625656781
-3.21071781932099042933 -3.87045394835004152867 2.94185167295225191708
-1.54748695068483899107 4.49898509620374387197 1.17821367805624799274
-2.37725670001672151344 3.90146213198118818610 -2.45100252946282015643
-2.50091827350048712120 3.06337201738411568641 -0.23405118968650828748
1.15627362599767913309 3.77804428067171560457 3.24116822673382909414
-4.47973990934792087870 3.80472421092834611756 2.08555373649403463787
3.38629932774607578239 -0.67650177761708718549 3.09547841117675393008
-2.12009439699160928683 -2.91769769142262935802 -2.41754452766361538352
1.71814089643933520790 -0.72076338166321329837 0.09003116257572241210
2.69966037477350173646 -0.95199189941832784712 0.35849281903012997219
-2.05497021839149773825 2.76539924705745221445 -2.00470970649318847023
0.42494147354715305909 0.71233526165343352687 -0.68013689341388161580
2.74050097880760912261 3.06898463787422226545 -1.87079299268679211110
0.65202965145064251118 -2.59621764644578467696 3.02323229120735259556
-3.23848868482819929326 -3.95536073639056651174 1.56028753425248734032
1.78014076489444672546 4.51097585187880856239 -4.26859949319707610016
-0.60908377885598197210 0.66678329243445322305 2.83693425110847563531
-2.90634196583513704226 0.26195337375177629724 2.42900585185732165172
0.80199677383936940345 -3.82322186492866311625 4.45066612282714668680
-1.05015002779522026444 2.55407449436809486087 -1.71899576717191804320
3.77543253625497055026 -3.96419209229715185927 -1.95220673872162286955
2.22217393422602249586 -1.54395757046590009764 -1.54490087826216848654
4.15638712533000553861 2.82482794421019356434 -2.93054768389112085814
1.80242268325092336312 -3.17906457520850560527 -2.71039122811419685988
2.29308364263688346796 -0.03518915823075463578 3.09854266439834358238
0.44638305338531925059 -2.88409495118284420201 -3.90103993179005437142
-4.43921163836958232451 -0.04759413722779903821 -3.03140721730342033169
-0.43468709338954969468 -0.11669113821645193951 -1.10932186194528670242
-1.82892537413943756519 -3.57867716396369406340 -4.33376112511696565122
-2.79651316087659562726 4.51522380944356083177 4.37490912448672464308
-4.37056918044854203487 -4.41352807787710510468 0.43027689652842937562
-2.83251323663426068933 -3.26114156673929134200 -3.43407529701939751021
-4.10651537412639022762 -1.53985265150477790286 -4.32217502306327627792
-2.20557262773633055986 2.15421876887393271005 3.96012751725005696102
-1.55362970862481120093 0.76315181991780178805 0.64434258464532057076
1.62497789686295224243 2.85007462860942961669 0.52522580603251523002


