143
1.81123516298922559997 0.39225928123566244921 -0.06584755190895030807
3.15717834229966776149 2.79264253136969120561 -0.55020012483595781561
-1.06118983837460190145 -1.82233170683539302814 1.84644222421205927986
-1.85118120734578894826 0.12269544716285185615 -1.43946663952512743379
0.62824244507284099370 0.23816144195991562071 -3.21449678248192283192
1.25102415047752035804 -0.03074946566944980475 1.11928003160232414359
-0.43304060956138457072 -2.28241186352625868849 3.32545325308491435123
-2.29476391995530937251 1.11510804646562267095 4.41939830489766816157
0.43777741269078340736 -0.85886728402870149424 1.15755506687967013590
0.11696820763123128017 4.46446747827888490434 0.59083227878471422656
-4.18306635105606083869 -0.90233722027834506463 -1.13527437774131012560
1.00635221408621777783 -0.73285377898586778755 -3.55558212180654464873
1.32100261586923029000 0.92298089753951195746 -2.67292488120958093845
1.72035390565923584916 -0.86271893369649443883 0.54324060602298640532
2.69735134500408868519 -1.25508334803438970084 -1.58322407657170405315
0.06842875082522859032 -3.52811111082895578761 0.10642765617839611281
-0.98817329912657925206 -0.54053185573037421108 -0.14960834248047660822
1.32032516756622531062 -2.63705302412439079873 0.34601142715140831285
-3.80818360792860577391 -2.62718959534128293498 -0.45803221406196037435
-0.05642634931322909608 -3.33324680509021309405 -2.68540538548107132755
-2.86223752928113706062 -0.37142864345475690158 1.04131324673233915945
-1.21639314282753252527 2.92454754836720098865 -2.84802259738625451746
-3.10307381684049010673 -1.78491433237187013816 0.40503012071706567809
3.70919638689581798729 1.04545830044931165048 -4.16342229016431186750
4.43136006437525598045 -0.26113094418687765597 -2.24763540767179526014
-2.25403161063033552480 2.49647878965495273462 -3.71132909821278467177
1.73055474318413526902 -2.81917690552633493084 2.07296280099437257860
1.89716786370310774856 -1.35089529103810690458 2.76081446178358191901
4.11050505568182256155 1.54166963669269563297 2.59689569850247270466
2.35179905367676145289 -3.10594930489369724924 -2.23815723603691774102
1.74504232865507713512 -4.28745504689165812806 -2.70886676595336561846
-2.53594375367680013866 -3.08140151369774484280 -0.18958432290082161131
-1.37576913936941780392 -0.06558372266446799159 -4.51547222399822789640
1.35829837488151650149 1.66382060483233829018 -1.25226877687581694687
1.64462032644931532843 0.41158072133395950942 -1.81585790744610520164
-3.12707831296929716913 -4.03570784237307655928 3.13471970680757738847
-3.34140934002935585667 -3.95296281424486473099 4.38080041434756406460
0.54176782938872936057 1.79744484387226410860 0.41654008364944505871
-3.83665367838619264518 -0.43556333315515427529 0.17419855182203303201
2.00540209841620775677 0.17170592107374194057 -3.78788436147015783462
-2.27135184412398372089 1.01440483289609151285 -2.64803703737594586798
1.56488222057111059371 -3.46042483788498023145 -1.39231090191885176210
-1.54461056763562210037 -4.19460701438508998251 -2.89427178827922970683
-2.66621338329615076290 0.36308389769791205026 0.27782790707386162410
-4.09187457987613534272 3.94611168303601278495 2.53375790694800873126
2.51796669040921017313 -1.70651329946290708506 0.80321665891595106501
-4.37902806707820069221 0.37472823720306269735 -0.98061454774456136008
-3.61660775352968766327 -4.08316438127781466960 1.86597635113525051054
-3.54809022342204150036 0.75354918935708781191 0.60244906632887751385
0.80446889341517291427 -1.55324600881641750050 1.83328578410626441553
0.35174162209873216511 -2.98173068403317120811 3.56338846460998848187
0.67614595621333872799 2.92913153068728426831 -1.80101299754290788968
-4.20357094354840654660 -1.70015214206010645270 -0.21540311889100305365
-1.02682613395136179690 1.68841330067764516798 3.37949216134825203284
2.66610251019275956708 1.64891280134585027639 -3.99569828725427500515
-2.90134850415973977178 -2.07244960717287973750 -0.90637469267598413936
-2.10028443309827395069 2.34069606921532979982 2.25563614701891612668
3.37368696645330867767 0.24486619642503537619 -0.68749627900089071986
1.15204247354883193566 3.99025182801628464091 4.26971670499232569540
-0.11427091021917323843 0.87238390952802014056 -1.22164139132403626320
1.33938765007988802580 -1.00174533673053378635 -2.01588553093959443885
3.90191151002153358007 -1.05865489606648388587 0.22136462327208583645
0.05787801399736913766 -2.27954024733725058027 -2.16625705103938281937
3.88759477067994385635 2.01936385047042854524 -1.92946233160397184747
-3.16149125727033109001 4.31352204776745562498 -2.72651645955712762515
-0.96370993405728189174 2.24469390457537176786 -3.66422201361386568053
-2.48862009253278815279 -0.77183539320583260945 -2.20539176173763795674
-0.21385173264628676293 -0.52525344859614442328 -3.19082471082867824563
1.62494985243123402086 2.45146361845100280163 -0.09459243247147419709
-0.27293004011222432581 -2.73162190630850254536 -0.61681711106681103018
-2.16605283129261882991 -3.11966469763158249506 3.71334075973361787959
1.42499171942067182073 -3.64026873169038811540 -3.33815296965712660082
-0.28165974570056118154 2.80313127688701602125 4.43082968102520791120
-3.25850820132565699438 -0.13998178474276112837 -1.45826211334436717237
-2.73518654285401652260 0.58775397560258646479 -0.94029535407333053598
-4.17032530930864187013 0.49904892961755553671 2.80549511563584808016
-2.01666484098001941305 -4.34766777655775182865 3.26431853788012205086
3.85434670891662900516 4.47708075943645322781 1.58650120248979842330
0.66696867444911767109 2.50356191482609968801 -0.62864342668321038232
-0.31970364729974409812 4.16593600292620980241 3.70432751896385159540
2.21742183011076043897 -0.54705162915157501402 -2.21859710168164037114
-2.80550547645440140343 3.67902795119071246432 1.96897108956234934141
3.57285162196760897046 -0.21606107614766667524 -1.61865405685681018610
-1.32713231009911591940 0.73966414614398967586 -2.17697084859186196226
1.41181892509704187688 -0.66039412190589441565 2.04128416858097150310
-1.45312997336249960512 3.88635446573349074839 3.21317426065157096815
-1.76871595040424178791 -1.78131652101741311256 1.02264938027564333822
1.53151193347907188524 -3.52394994460637622780 1.13768218732482484512
0.24061354287518454953 2.06004578496810086818 3.73334639855291516852
2.25545665996392141750 3.35306894644237285519 0.37488147140402183766
3.77659728294161300965 -0.01092560393383923412 -3.39735457058701273425
-0.01218417706575625203 1.70213509451722089239 -0.52911553501988262127
-2.57566408797774482053 -4.05427971099850736891 2.12112302982663170070
-2.03572971409641878537 -1.36840989766448117848 -0.02764043693855455786
-4.39619913629087388784 -4.41624395597819319192 4.11459833225980187166
-0.29098420302218741540 2.98879277187324010612 -3.27021225272251436778
-0.86813848843861496363 -1.43185709955041451380 -3.80632862450645159669
-3.69430200752499660055 2.08898742391124514484 -1.33823164679706296809
2.24194329302753203592 -1.93563541581188669483 -2.60234366352828816460
-2.03197620494307651384 -0.11736031074946851049 -2.84079157261400050416
-0.67954574297443759434 0.43588224828321386894 -2.90331786467981745048
-2.89289150780642545513 1.63761334851952344849 -0.64996254624799032484
-3.12903539012708087341 1.71355973502435343647 0.34874671042123406295
0.09249626170653080237 -1.34906882326621424539 3.79656495978838481875
1.71927654351732517313 2.99789922383139284534 -2.31447678667988787637
-3.70337149031398871202 1.08580378975492575222 -1.71223508199412899344
3.33973880524288180283 -1.14768678072670393675 -0.69798941533615810329
1.83427277437450886310 3.09835790821081680235 1.70081445565632893846
2.52785371590674845521 0.37343058672672846399 -2.75245561381384762356
-1.22145129672324337378 0.76288423286492967890 1.38487016612303293073
-2.63537615502417699176 2.95858170207562842791 -0.44324851167223400239
0.82966563292337092150 0.68829377499539834417 3.45034107246567067762
1.89364201436588963645 -1.07877938002936835105 -3.15972982399835844447
3.45993281096782379080 1.46617106497421900713 -1.16600015951564417449
3.51051508190443417590 1.56703653153616340177 -0.13912756938215853353
-3.17733802777019258556 -3.26982301096227656600 -2.65908657951986926449
3.78079974882509706191 -1.17670440522978747566 -1.98968350706929975047
-0.32745289057502979801 -0.11200408157450869595 0.59176317456564309083
-2.15585885077092065387 -1.94332949362495632784 -1.73234774628654797368
3.84540327562105854753 -3.92721962819050673943 2.42535791779443155036
-1.60764928456101818810 -0.26989666924995869834 1.01031887345995485816
4.26262327735519352956 4.23391875215930912901 -0.57576648656412254823
-2.86065985411475853795 0.31515051619960576801 -3.92501633659960180722
-3.79057027261872203638 1.57841551502533139484 2.76925261280533785424
-0.48145730093975380726 4.09734962516203093941 -1.61305370649698875951
-1.15518525071831845707 -2.87346950475544371528 -2.99758571359907621812
0.61970948636989398040 3.52815997147718629634 -2.84467809415358052760
0.02266231971479104601 -4.02019383665436436104 -0.75146579851207517819
1.26116994905991308684 -2.74759554526550386910 -2.22740400049436493291
-1.30908494377326345415 -1.29270195760493189496 -2.32367028294363864305
3.53395441591524051006 4.34613365549084118555 0.27002661962511087523
-4.47543722166288659992 -1.54416970346671078573 3.66401070147750562711
-3.56387727306231827384 3.43266995305801003724 -4.53511437744235212932
-0.24648031420269855829 2.85893652399470532544 -1.24468541374502228436
3.39342497970515655226 -4.12272671480855201764 -3.15916837340840794823
-3.38419991930259200785 0.40838616619577106093 -2.95626671640503690952
-2.25996070830592055145 -3.15804217126838437935 -2.05337722194930138997
0.74269438983456037562 4.48589075840321793720 -2.29660770094819044473
-1.47656273586339681358 2.89382313685190784014 -4.26974084860947389330
-1.62736396553383277919 1.55679404993757053433 -1.14752194264189188999
1.21887348693874475458 2.10449373970968789394 -2.22961575823800339791
-0.63171770160384355108 1.38550622511005361304 0.24685883712288880787
0.17197744395137259943 1.81028522636091615539 -3.14556025737296884870


