221
-0.85745286678254117874 4.33747742424275894990 -2.36805195446967431394
0.37335818314772151183 -3.97178332550108459387 -2.25059367800665155457
1.83027608823610865585 0.55335068650922636380 3.03620421948555918590
-3.01943897523654758430 -3.51294995565197387677 -0.20397279530417478099
-3.60344956821012374348 1.45559339552268784956 -3.81853657485843500652
-1.02030782597548119739 -2.35241532437555589397 -1.13404108746241760741
-4.28674998455926470342 4.47839383220640652183 0.94410425014443966063
-1.31625873973889895296 -4.46133937590422835484 -0.96604149693493424067
-0.88380764514262644127 -2.01781085056552633716 0.05267559870300164704
-4.30636367144799780959 1.57182114433853303836 4.17594563029712606550
-1.64168968206243581776 2.19291132887856310418 0.28297358128045413395
-0.10100188667395570974 1.93745598887561243373 2.25575640051544734632
2.80488720791763324058 -3.01481010303905927472 2.99869317864696149911
1.99903124423059974646 -4.08597070030947140395 -3.62096036955162059456
3.58186872409646372972 3.95662403054002975722 2.97323763290216813715
-0.77065907726796023525 -4.53664570375336939634 2.53432817279282041056
-1.13064611297876593810 1.86035867706902013907 2.28856444363040356649
1.51290581286617165091 -2.35899143479852524408 -2.95224831576320045912
2.36858242133278640296 -3.73202857182669456293 -1.80433702787495242603
3.52200197660524505494 -0.79523639530544132370 3.89689394405405220567
0.77326670219330040368 -3.72549189624394738729 -3.60684145330706984467
-1.41859722196914450620 -3.71855408341218307555 3.49631887568964661028
-0.77716730119016785849 -0.45677763877254218272 2.31021410426014384143
0.91916841837815965732 -1.74893156534956917270 1.93482221868544890242
-0.36134273397440352937 -4.02735112631708691566 3.46902107949103832851
-4.25065400256680447910 2.31605534297842563518 -3.66245725423244827823
-2.37593107062166986054 1.61815659156575630817 -1.80119404164807361823
0.34255673049392054708 -0.82759738272925087443 -3.17722970874527543828
-4.41705562772012338968 -1.35893230392828767705 -0.46223245567423987268
-1.26926964930946173382 1.97886622316698890245 -2.98380628019253357763
3.58907853328509762747 1.51206138543195578450 -2.37190996012331423159
-0.79823420597473271343 -0.81032691309006965596 -3.19930044437930583001
-1.79064299189614928309 -4.38981941431043143353 -4.25223946580947487206
-2.99341029280332771023 1.10486803815131651163 4.43192543498507962596
-3.26269725679030297982 3.27506666136078461449 -3.36979136878339735617
-1.11639263305774782964 2.12017047752768039715 -1.62313494765352839266
4.14181330711800921307 -1.28970867855545456848 -4.33736753812287911813
3.78319638096140575811 -2.48987822644101797209 -3.70503674767623714104
3.81328028980183386665 2.69435048682290823052 3.71173839814959283245
-0.21059228420013553773 1.07351442319607670584 1.46480447529019208730
3.41703817734047721189 1.40893707391819678065 -3.53399581624378100742
-1.18224172374383584838 4.12422035270242925975 1.29860391254311213771
1.35386176425237803045 -0.04518978997936606845 1.27437575372273759200
-1.27421754028117639734 3.13177699163269096516 -2.19708251118747677211
2.54521573712658355504 -2.66131542455675029757 -2.84558287807950271997
-0.82492917885547090151 2.94219002609086199840 4.14419261747461131762
-1.46860344648690555047 1.01861262564590315804 -2.32403727748400168451
-1.86905267324358614900 -2.15003559257916432301 -3.26026897339626264838
0.65073028433145996274 -2.17843227009380369097 3.02476575626328791913
-1.38039081756648496224 4.06968548345188363413 3.71211566996522979167
3.65941381716408908886 2.39142675069667109966 -2.98450795949715175226
-0.84270581241826514329 0.93211301166113447181 -3.34060557420399373285
0.14535469486597474287 3.91914238081469878949 -3.64083990378586053183
2.98786651334675834590 0.34138495412152547459 -1.81465843927429570925
-0.03669169298736640883 -4.15805721736644073872 -1.30854900692436970644
-0.28516457191484789746 3.85344176464733667586 -0.43948531543172553171
-2.46303330738110526354 -3.65930382553782562738 2.27819815129414138255
-0.34044856610691187626 2.23033455731690732904 -3.07490077982861720329
-2.33989652903251021954 -1.19912059702465167987 -1.59667694981814500821
2.00451874711762290104 1.14806400704241085009 0.26628447332963833816
3.53861215034550991021 -3.83153834049874753021 3.48258894491951931371
-1.79589253746089472230 4.51920577215293395312 2.40761572330465334346
2.44180019178937790514 2.38283918026110885791 0.30582524655351228660
1.51057521667097383045 -4.32143763540745595719 2.70585094851458496379
2.34596552910036137973 -4.08979993550347575848 3.88155586281053732733
2.27870735348897301975 -4.06304784011992392578 1.80535475981013515678
-1.16179210933750631796 3.20218216889411788628 2.40621199275224117997
-1.43400783403305709385 3.27428445347257390807 -0.20729873720332481213
3.53877456920463639989 4.45323161127047040253 -1.53029406075858620540
1.60041760446416869712 0.86540405288410582330 -2.69979673631568850567
-0.98460535427327311453 -3.98878049602561279841 1.14799883340951858202
0.51918222344944986446 3.03487179747826818499 -4.35920937310635814299
-0.75513085302588889292 -3.73765105103665451480 -2.04681131494185297726
1.78436007152573150591 3.40940510383855244214 -4.30860695691285577880
1.05547205139298316823 -3.22744764088409441527 2.05589631732979238876
-2.50438175913248883830 3.47775235163037432784 0.73851497907546370669
-3.25787729080611931920 3.82128406596387915073 2.82527518718718173574
3.69180126541626929537 3.71415817355545652134 -4.52643544785810370001
-2.65850535646061425510 -3.10317875685695687693 -2.60971883356987888192
-0.26582478480560034484 -3.99040284175818449341 -0.29011375313590193059
-2.57710804949317395796 4.34033335497252448221 -3.69608064595862639834
-3.70748256902095318921 -3.42306235244157175401 4.37021569664432885105
2.16831215030768387209 -2.52333799069558972761 1.80875913758713569024
-1.93972247506289541263 -0.57031575767800912757 3.50507977866584585769
2.37836651156156886344 3.73642144456918767759 -3.44528277756060674619
-0.47250726283577471065 3.58562571493912418674 -2.84265124890032438998
-1.92680665269797213313 -2.24323044766429458008 -1.59755180796948792477
-0.07836471229888530843 -0.28871109409463180384 -1.15262134900205204247
-2.06907075280871399769 -2.93519765526915588083 -3.87426717156636213346
1.33410344538033065476 -0.63030578005297144273 -2.75089379493943120281
-4.30136952820763784899 -2.38652832005400838966 -4.30876926631536694146
-3.18344275210506388873 -2.10316377851240554619 -2.08297221802294663107
-1.85175919531806210117 -3.70873426015658891330 0.60331516678457841607
2.45254329719481756200 -2.87882077456591023434 0.66606102913802978094
0.65543208297156319020 -2.58035017756555795643 0.56401735297079547138
1.59248628243396428417 -3.61024967737937352297 4.52808171147783067312
-3.74287614104336929799 1.73432315164336880997 2.94576077693545812508
-0.11953474351445692037 -1.71524663235520691273 2.26907721743883428189
-4.12363014707613118048 0.04013794995056052528 -2.00156150919159303569
0.83038794502152502019 -4.52714008000674450471 0.08769277885475013079
-2.93979847670463989573 2.41367087993754747544 -0.36057705858794175668
-0.12021594570921401157 4.52285125228242623763 4.41951836974516520939
-0.59049488896656043835 3.00977701598665969840 -3.73946232267535361160
-2.14946760717776008676 4.48429302406997098984 -0.04589306611627996801
-2.15279236225355496970 -0.43323910109289798243 -3.80472061014026774473
-1.70424479546018226017 3.53310418522796343410 -3.30245847480542531471
0.63948089053285972483 -2.71435722989723648979 -3.20812147857649776483
3.26449375308580780342 2.83816992413808666385 2.79197810158332782038
1.61985528674429257734 4.17243068672114336692 -1.37493603195133662354
0.72627095179029232952 -2.42264443604855150838 -1.83085203446860766974
-1.95306529291188368802 -3.37695466413096978542 -0.77635538278991633732
-3.69543260000559836698 2.77387657010490684684 2.71068391386387208541
-1.42666913820370666599 4.48167116433363599270 -3.15748593434125224277
-4.12619381584402766805 2.80482704223206713579 3.93188725838581287775
0.08550038475654719861 -0.07875703619536889022 -4.28761421609217752149
-3.37643983211073361872 3.94543350438916196055 -2.32304064080454830687
3.43088849648888682964 1.65126500858131208815 3.80255185765254655195
-1.96539204776082687687 -1.96363338607795601121 2.91500734346925316487
-0.00293671373544501790 3.10200807077829221470 0.53246832733838811436
-0.25094891152802123457 -4.13913836231402676447 -3.15003053445248504261
-0.54020254145080759400 1.02091157267008458831 -4.46162565342228223386
-1.00638356091696135053 3.88494208115202876996 -4.21437826194519082890
1.02916436698660529458 4.40015873494209852623 -3.01293596724327361613
-0.06887923062811918129 1.91898333809394916472 3.86652493902458882502
0.08345368348755144439 1.99681803939964996886 -2.12233699018639043743
-2.24253841546704935084 3.60193486805774210069 -1.93238979869999027983
0.76643109995640124055 4.07623511008742678285 3.74082821423132028116
-1.78123820370096996868 2.86305804259418383850 -1.10779063942016842148
3.81894927084651403248 0.30015419787328401213 4.44264712352656498950
-4.08156874459678764566 -3.66231021208349538654 -2.41673392792069829937
3.94838013479954152984 -3.05490535414756214649 -1.51404953224256288991
-3.94615199377505865286 -1.90320012465931309720 -1.29586468726154180331
0.37714764666360700573 -3.67826649321034171436 0.58686688550416121757
-4.22444020283234245028 1.11698315121315427945 -0.81491915131787528992
-1.01928785642912966836 -2.70844883238123079749 0.90739129444210320230
-4.25498964868513418480 0.83876707288091978398 3.24764708234859789115
3.04136897231395764152 -4.27573583214934949126 2.60256904418258638856
-2.00209038892360746686 -2.24936707291478699133 -0.48667816651097872693
-1.70277704569736076934 -2.81405496666002097328 1.85645161045595319393
2.10919641294924709030 -2.95985246475043695114 -3.68738805713171835521
2.10855033144430681347 -1.42280967092811705399 3.22567359418203736254
-2.58783578116543067082 4.52441577968457853132 1.17199606249652177326
0.39833117158276198921 -1.19307110476898881046 0.97147886550423301344
-2.62672138350440054211 3.53252953338817565765 1.86098349914734573218
1.26211964529420761494 -3.63179968941002151439 -1.41459427711990048948
-2.27179917467683223364 2.93529702312587392754 4.01289165891646870676
-4.09172456425808217517 0.05375705211775994030 -0.46853826377484431021
1.08217983782787907643 -0.14932394911304669449 -0.93493380584467189465
-3.18169058945438054664 2.53612823206911564000 4.41498739039929954941
-3.71402974087991255558 -2.08192205627108073429 -3.46837599363510440398
-0.16257564095956134054 3.64048074588006098651 1.43971041886621087258
2.07776961692298645090 -2.79318609445912846567 -1.82472088447286839852
4.28496479587898715380 4.48461015738504098493 2.55588799531655919139
-0.43485605751360445481 3.72362509340946612468 3.68423592550636325171
4.06977388198988254686 -0.41876125301713784665 2.07842180821115452005
3.99873201487072993388 -3.96791242193246196379 -4.46157647655369071771
-0.19790177269740460986 0.14805112762880590083 -2.94974054022085319104
2.14098392229167444611 2.80335978503476557222 1.56539176745483388231
-3.16350151137463653228 3.83509501596031388004 -0.13993059827301479459
-0.32448873224884877686 -2.32977479645631113669 3.59542107518438580627
-3.67939399562395053067 1.40336563544604775444 1.15174338648978036304
2.75887751060016661597 2.38072414023098932745 3.61154171518348920955
0.91425250191959417378 4.40446779235918572937 1.34640692436270814625
4.34364022383425574247 2.88855627487361221739 2.78300162561916142323
2.39653090149360892269 -3.86859918768413768575 0.13315956430658104637
-0.36245643233403779249 -2.69329015266095783687 -2.15586054015532946337
3.29989029900585251198 2.66874090400040930859 1.59368551249998180452
-2.32383334924975493152 3.86520460061544479657 -0.88455481849017481011
2.98408130068258703460 -3.71981448057064012502 -4.06201633905152181825
1.53834490901722720224 -3.33538691919730911906 3.27276777275921038068
-2.26945869420054791021 1.71839501530766902704 1.15475330596091030344
-1.01832509361675516146 0.07878998061199649072 4.00689540720720405176
-1.17119122050121404754 -3.63552611881073284295 2.49190980652596660860
2.40243807261310227119 2.53856030695105783224 -3.51602257466079715087
-3.78722198195263048959 -3.47649105355981458132 -1.08600110623266488119
-3.48143200522632412230 4.10923762741373277407 -4.21223829964833029749
-2.46806682712512737154 2.52932282748496284341 2.23900327376751473452
0.29716920573365346314 -0.19003695533771214343 0.00346395837478308266
2.16470641805888153186 1.67696394764980016845 1.69478717082345564648
-1.95583900128198839852 1.67440846524657693806 -3.78212176160948354564
1.03329431962717332993 1.28040708246611689702 3.65359098803397674970
-2.71980330520135016314 1.66692154884348209265 -3.08182959426829183869
1.57527208542726082641 -3.46718509010784270430 -2.80168322364150368387
2.47178730906298138592 -0.50163136798081087164 0.93058643838542742799
-0.17296345652395128667 -0.90565480636500517164 -2.26489250915574524825
-2.31151940623734475366 1.79656993260350628105 4.02356421667059205305
1.48933067611353298076 0.13971984699239925476 0.19372454262097704714
0.12293056719093264917 -2.05590916395041656273 -4.31652829540125715369
-4.24797209709164391711 3.80818673477167113361 -0.71183801076022579224
0.52373227994196991375 2.96113934481148799449 3.47720327940691920077
-4.46935754035067578371 -2.75592056520522010743 -0.53696995166696037671
-4.48571274676413178639 4.42671722441402604176 -1.65759104356395248203
0.32275976969353337154 3.72337147516984590112 -1.83232631639072263141
2.65311783258695577103 3.73504009709055839750 3.80420429039809615546
2.99193607105483661002 -3.08145834218157022022 1.58393963253061453855
-0.39290087633048198512 -3.06558835297145870769 -3.21522267390469407289
0.31143612424729383292 -3.25606269445168106103 3.09551876860005847902
-0.97832266864084882485 0.02902818831876707861 -4.06559369634311540409
0.31327876887615246915 -3.27547333605428114822 4.51561671150515930862
-3.46040792548211362245 2.91265912144613192680 1.27040092555278327779
-0.02987902927376229201 1.96697391526166409648 -4.20177494912384208448
-4.22369256927465208662 2.03053284147150758798 1.99290219632399079330
2.42998391647975164886 4.32379141879913841962 -4.48206074598570047840
-3.72208289031367023370 3.73411842700051455068 3.76513293022377038000
0.39536471918017301874 3.09429921751321757029 -2.77653172202141229619
-2.51062831990740686905 -3.12237373930066830496 1.25408350943374902187
1.12256447855867325103 -2.29612279087862569682 -3.99989149372941676930
-2.33447813491765687743 -1.08800513024248424188 -2.99184985899403921294
-3.48382986677977868339 -1.10102378793957766945 -2.90939852170906698703
2.88116776193986012800 1.74405775234918536398 2.66610895973081518662
2.43188624432589062252 -2.96546356271415767480 4.22970363340516275485
0.42361926301904695435 -0.02725773823647870131 -2.02838976999520514966
-0.52928204770645326249 2.64096650065320392997 3.12181028509570790419
0.59707017027778075402 4.05126785723065108158 2.29123843111615421719
3.21303881465681318019 3.63995070395908992822 2.10678371158132282659
-3.26421907852720583065 4.20125720892811838070 -1.27206807956912459900
-0.00087702579880932774 1.20744926102356853193 -2.82866968231232851494
-1.97049262737097752307 0.62852762645904292071 4.34294011155531745061
-2.25059617056308391980 0.61717985658361484980 -3.67349313282597123020
1.63683791806747969133 3.12716237504307059680 3.84511576884886974170
-1.43840200871483991918 -1.83848248190305252336 1.01034200180534039504


