183
-1.43584438641582901042 1.14598945936284746239 -3.16142728398043182381
0.70098027641181204217 1.27736266198869419242 4.27157897338416159272
0.46792714985468197852 -3.28020521765751960075 -2.29795349558430661574
-0.60429437959869058972 1.73604001839716914901 -1.97235419769501785225
-0.73568514715334210052 -0.90361872702728041062 1.93126131482938578898
-0.93879700686621081474 -1.92062280964039766573 -1.38781443780041513492
1.14683259175030993759 4.37151666361331603383 2.09978639377163744939
-2.36920425981487703382 1.49490199470011297933 -0.30982954931327366666
-0.91785514724772188089 2.64400178027285459592 0.39329914487550965418
2.36116017413429357674 2.62257971993668004274 -3.82406909861695698538
1.15099416952220234833 -0.67533431973383484248 1.10734549330202280970
-0.04665863154443083971 -4.21875119459641112485 -1.32135010992886581249
-3.16591509551469441064 -0.20744300192756792711 0.92107778312529475784
-3.81590351128810256753 1.42058927896470965635 1.72951602688096084393
1.70679553341065837202 2.33217423784454780389 4.18653467278481183911
0.53212334036341069066 0.76005771847868786040 -3.65770160753366813111
-4.38214701345466828286 -2.72743859189237358720 -3.10987952981708692946
3.55042400941350333454 1.61867237363136595718 4.17517483975847536470
1.94707574425491802828 2.62955549008076605588 -1.40762165442233966317
2.45074016527118399011 -4.44393512672064971980 3.86649454901083888814
3.17076740658174838217 -4.51553506381373370715 -4.51433479658889336150
-1.88407245746418450238 3.16325954973535861114 -0.09021544141075477086
3.07157353621602347005 1.57842593102172568109 0.84118570680843163245
3.25297828608816619322 -1.54298092087029470321 2.00115615889096787328
-2.22098909154253787435 3.80359193654699101472 2.72393401355232267491
-3.36343193027304021570 1.65520282697413012585 0.43806443243281201205
0.06199433977098678383 -2.10211962394773177465 -0.43324420147878672793
-2.59757966775852233710 4.26806679266998134636 0.02311628273290455837
-2.75231219479869748668 3.50050176154889403080 1.16261843077315329964
3.27490330853835409641 -2.57743277393466607705 -4.27830596289852671532
2.08033058401359394196 1.18376679654188965429 1.47764311302426776251
-1.93822062251461879612 -2.92507270353623383130 -3.20809586687239045588
3.63514367299784613152 3.61828829825546893773 -3.00343315667090937637
-3.95880738337937865268 -2.85763007060177276486 3.02243795233441669978
4.19203360312163919588 -0.69408427222425972403 0.32929327565182830995
0.58040638646976194792 -4.32140615976413933197 -3.18704345776476172247
1.65480001799535791918 1.43428903789393036305 -1.74499012676558562518
2.12398960326915453578 -2.22642710159022305660 4.40284471436165514291
3.87871497070073711910 1.39958416551253517213 -1.94586650759726387250
2.40093795355708294892 4.24561380429032819706 -1.44585476780735344704
-3.48418495353784374302 3.66786992399721878400 -3.72700107177029904548
-3.37022548730389237548 1.80936913947740496411 -4.17573975251411599885
4.44445924186641061482 2.13279174315514818971 2.50493088618416592794
-0.17742387676921200779 0.84123739879480208259 -2.56970729645818218856
1.53594470194169563371 -2.60899402342880204486 2.95909944327126606112
3.05887846939100693788 -3.73063010554608753822 3.62513378216383852504
-0.20701510122836097594 3.03037977398757174541 4.49631224874508728107
-3.15304486714991272223 1.11864619204213511239 4.04003654323918492963
1.48674429341492952972 -1.99923402286375928583 0.17958756772065509466
2.07522774317154645729 -3.65667640151233275247 0.79569393964615109383
-0.38185709050438454426 1.20915392478659722286 0.39430450630764912745
-0.22844189824275762390 -3.08138802421886559557 -0.89809917357196145105
0.68520990062119135899 -0.22901757641248821074 0.13687218209970808402
2.16849472073174709408 1.96375910541331677450 0.67413303356077580730
4.10954654254509232914 1.35444074140682513274 1.77307911852265842612
-2.94436884138026400137 -3.99050624244852736311 -4.21531818740956154556
2.63484797605288889599 2.55176349000680158241 -0.17351041137654643620
-3.52649132228855011206 -1.48626310498904956603 1.08804009692252545705
2.35953854799484918914 -3.48458086021054569414 2.80727564376571958604
-2.93727054727152303570 4.04560777838386353977 -1.10455116701296196524
2.30777697433210082778 -1.64371547519196914422 2.74045727236754377287
0.59900541940477758374 2.35427761976766802832 -4.44163663336329950226
-3.38244271047080147241 2.46067486975195404142 2.74845219120021688752
-2.57996406914435416624 -3.16859742137922317795 3.19488509879311965989
-2.47262208229237989698 2.48670671743476479065 2.08355637237695656694
0.75510944932538137664 1.56997290364037755950 -0.18445511606029896257
-2.95667437012420686315 4.00775279429908959372 3.66008121303397881974
-3.39941340042388562281 0.68860016808151769396 3.07598510466751928760
3.32592535777186260049 0.34039168617131387862 -2.12518861600335773332
-4.22824928445697434398 0.19683530345791044880 2.66633967193439058718
-2.66278105017194510751 -3.30500036475853242735 -2.56803600306251356145
-4.07906878562084873607 3.95030851600748444952 -1.52988700648559294848
4.46526192331841631500 4.47577342088407004184 -2.44609806036982924127
2.66589340354184844983 0.33448573040050000316 0.55265595043049220436
3.81688629134139301158 2.45964012787073560418 1.83202373209735469572
-1.64141937895754752574 -1.92444253618243354964 3.34073733232626235434
-2.59852115670107108869 2.48344866460328805857 0.25934066872775307644
-1.58811877586035166132 2.64858186746347357143 1.40395115994979935437
2.13681033837665168562 -0.33271392084893580687 2.70082364468604563257
-1.79974275833916586009 1.87042000877952485638 0.58456343737179494724
-3.86377520402723284576 -4.01766896003166706919 -2.67778848338351638247
-3.63713107080482966893 2.44090074141123825058 1.16843484525266294582
3.02472696062106916060 -0.63858790883885419021 -1.90623842202123849887
-0.15436984727079394730 -4.23959923195525600903 -2.38209065172840261937
2.14064621078823957845 -2.31298015884853569446 -2.37873765728447406076
0.61967186900853654663 3.18748073719758373556 -2.35342304207054775489
1.54046282463649308880 0.12709095378535195664 -1.95451385349789408252
3.70819582922030033245 3.63871967343625701830 1.81645636876742155863
3.75067875156236052447 -0.95916867062189670179 -2.64026411212548017815
-0.35954178951625159755 1.59698983780176195779 -3.43545492882959324632
2.95009996815723507524 -0.73613135176300836804 0.60244661936567567295
-3.09900943681687657261 4.46624351697602417488 -2.30821444272291032007
1.35296212833644258211 -3.03485665634030699067 -1.71973481976825448569
3.87823294483270775146 -0.56557178897280824259 4.13174629056428610596
3.66743970442889999362 -4.29194394174172266787 -0.81423275882738543885
0.29375954235166545914 3.56422555216429426395 0.54301105905488178394
3.46975137380017617517 -1.96741533901342702251 3.13224733009472178225
-1.03665582534929612279 -4.03234285175322515471 -1.79132044125790335087
1.80116580383774227414 0.91043152485397271789 0.28528184122326116778
1.57987510594631697103 2.16972111465545847153 -0.41538001854407280433
-0.79063403714537550115 1.10258244549439066162 2.13517754406886073326
-3.60114578667848572735 4.40312943407402013207 0.47297935396972423661
2.27883333052545111741 -3.94114498064008422773 -4.26359872342516332822
4.50818453164048538184 1.41257935080595320443 -4.23364604827546209265
0.07837570419546224798 -3.17014946226332927637 0.62498183968151099776
2.54212273280280864896 1.45784237601206978496 -0.37575800570381368004
2.40312007413141515144 -0.35605238536878403011 -3.98256720582017509358
1.39097926020290518778 -3.12062501413840420739 -2.95207380517609374593
4.47291747855311339066 3.63105872589822720187 3.27425740696375910943
1.87799362426764648859 3.55797380091114856526 -2.33577485434077880555
-2.21370940030780394281 -2.25271272312180270703 2.41228618962864072017
0.85117140768928223338 -0.09226439444065626105 3.76778381642285875586
4.14532218603082913688 -4.39469027659012212439 3.05397137956325170904
-4.14727684118538597602 -4.08524410105921020886 4.38996859518986948245
-2.45980402618693272387 -0.92421460299210611566 3.24825406507918224008
-0.92277567769731128067 -3.45623893723327846317 0.21360423093028568786
-1.23822644899326927970 3.52907364509183718582 3.93130120337161148569
-4.16854722417076128949 -4.15927527830134913245 -1.04960827706360415590
3.68308313254862529362 -4.52770366288381787001 -3.30136527541740942837
-3.66090299675316188655 3.13776075425472367186 3.90201917646763707381
2.70624410503821888341 1.16602172946936466502 -2.60012945869887124317
-3.18574616615642769446 -2.99340128575252961696 2.10321277584593513410
2.91433299871916151602 0.67787568156430833000 -1.20887197169768612071
-4.41410859107234454513 4.13822718928838195751 2.33727411964684872459
-0.52353152660945312391 4.47775273757220038107 0.24707731373849206591
-0.72578213872559915742 -3.05168518932497612184 -2.31868400143390251955
-4.15545431755076943858 0.53638139654864769312 0.93356186308952704422
4.17120769454352835481 -3.62548965915007892491 -2.48318318385629765999
0.82814026699274734256 -2.17233129564870175443 -1.32059729958628313540
2.87653042501389677454 -2.52437272343989160817 2.31607169070567220359
2.84872814861448908630 -1.43551339276217460039 -2.77384675843204320245
4.06799958773759495756 0.15059303456238293251 -2.93744604481503746030
0.63846977419155681588 2.74656549612408262817 -0.07686218663034072307
2.92499658811040408324 -3.75159673163818574437 -3.13786458459515538166
2.71785173862768747455 -1.14589346783531542684 -0.94281319738514746120
1.63690375564838230815 3.53358192088330280711 4.31990137706137833362
0.82375330580235406330 1.03041726450759263400 0.79531109942746702757
1.73887325551397609047 0.40403557187270244810 -0.58154920380977692673
-3.77550486700233900450 -4.11884763551276478211 3.42992208660114528129
3.44963117792828288799 0.48207605586034407708 2.12289731120622171545
1.59523150702570148951 2.45583170818460683194 -2.34649798889216754105
0.47492613225587287928 1.56170958155439176807 -1.49179325651251959428
0.31689040689867553624 2.83620465248996733720 -1.05459367980901363993
3.96087063171216424706 -2.78453678253819614241 3.71731870526806407184
-0.16281440326579410538 0.84277259288122419179 -0.62396037358008538121
-1.22369057352394694504 -0.03297287877037380355 1.61927536342592315322
-2.91943554990861331433 3.06769766470470095499 -2.97175266734886900366
2.82068762461850930379 1.68370794486778763144 -1.80670084349415782654
3.83290134355718858927 -3.32631282436343056474 2.54162950850687163751
-3.96251773870855750204 3.63432806563753718621 -0.51191991315525164907
2.48335931240164864420 -2.46650441384522478572 3.39508446430861710041
-2.34504308753705270618 -4.19617529919455733989 1.07213957102156864920
1.55388162735779378210 -4.46119001348049426525 -2.58582895099401222083
2.43088428777938059255 0.44729636861621546728 1.97390665016525268527
1.44441728106954414557 -4.41401721095302956854 -3.85206453001007753656
0.95168792100945776014 -4.23534858336771957710 -1.65152029610352713007
0.32584305720042205934 -1.29325741232970470307 -1.06385446107772985158
3.64132589495452396733 -2.46852218931087863396 -2.97540301302546872364
-0.64137818230312682033 3.99754051418294320541 -1.93469047003056404677
1.35861010617851363236 -0.84223316967692074542 -0.22903698577817799276
-3.52663100300225096362 -1.57949051804261353382 2.42541706112270905038
1.16156788620686501901 3.81725348788326979133 -1.43720762747880748122
1.31169556132021636330 3.80067395379536865363 -3.16228388991924269646
2.43975193913587684591 -2.76430710273413104971 -3.45333466239280983956
-1.74539474258611893021 2.42379818495635657172 3.51940485769193234233
-2.05964954863701521504 0.10235300432004734716 -2.94309557012620226502
3.99159881159534979389 -3.47881835509340797685 -3.60121644029137311094
-4.23550753458256945549 2.31786344651084252888 3.42848939495786364517
-4.38102112592374215438 4.45678995160743607329 -3.58615544255626028658
-2.14417761796573635991 3.66054076666107608418 -1.56840054309491616635
1.71681964398598996269 -1.31602164362603790693 1.90150089412267231381
0.69056639479672821125 -3.66412937793534343456 -0.58315629925866208083
2.42857792475143874356 4.31367934870705038719 -3.33010175928459739580
3.16748900990379400611 2.46263175681320056754 -2.95743550230041174487
3.25147588157863509650 -3.05642692414064942596 -2.26296783311116334048
-2.53207223988893392885 1.23996875626618852095 1.05200779256354515212
-0.96685952308158906732 -3.85319631775681381569 1.57966852488736986260
-2.20474090532619504401 2.09439358465416258781 -3.03939821071714355583
-3.52158670033683085521 0.70355534545499143206 0.05014104664429730462
3.06776652115684900224 -1.90241837704452398938 -1.88138967607008078531
-0.70277230682754332491 3.70614137533127330215 -3.06812073148016262181
-0.86990288323280973160 0.19735572863742589789 0.18977157133974387193
0.87594052448901749131 -3.08474567352216721972 4.32316681509253708526


