257
4.10919320791936026893 3.01106866129142058952 4.16157970435372615015
1.95361634565987163370 0.43164041559268628845 -1.35559275935669099056
4.05618114664543671921 -2.83182265598001770002 -2.26037856463693431763
0.94638814425024708754 4.35306425943220798302 2.25186520091613306960
4.29915355567668822090 0.88986225557718512391 0.69269866042757932689
-2.26301131790326648385 -4.29847025187078379815 -3.74958832337673086954
1.08748929406907102191 -1.46777377711910705926 -3.74935275399565837162
2.86609192399624657099 -3.38993259680530600875 -4.21656703877337069031
-3.32588249135248670285 -0.66272760898696336795 -1.39574974708145305158
1.58084459161203572108 3.36010451101704976651 1.91813373729296809955
-3.77463742070016605723 -0.71958561345628746508 -3.31358418183482061892
-3.70852182217519299456 -4.15793023754622392829 -1.08483649588881636561
-4.14017663105352262676 -0.24714415869599548614 2.64001632031538679968
-0.85646423956982076220 -1.05495133388477579928 -3.70413992922026968913
-0.37040812798098343706 -3.66059989460986345833 0.38416341662148756342
4.21139811082531512199 0.08916623194077555326 1.35704753269284950079
-1.75788199594205973852 -1.00674515435898204174 1.14390273808725684290
-4.32879660204621519171 -3.17340456729676656522 4.18517732458007696295
-1.29902682482843401246 0.66532184820567952244 -3.84375040490728636655
1.41840297914038782068 3.83084945336447990627 3.20307782089534942571
-1.58852800434204244340 -2.96999558053447021422 -4.19971148084116219223
1.97741947073784096744 0.50634327311115701065 2.16354811062172291969
-2.95601389773977674125 -0.90483421562544030792 -4.05287640071144217302
-3.58608856262705533169 -2.75002429417197458150 -4.20421141257517394507
-2.81365103992199916405 3.12581707438157163637 3.37079602685840828968
1.34111179983383088654 -1.51668474557078791776 0.98120278854477760433
-4.38515179111416042446 -4.22206748469916615107 3.54361440370086722140
1.65783223403859114597 -1.07368654313346922891 4.17362656182075664191
-4.48168703919048816431 -0.53321512895033063018 -4.40232830055963830773
-0.53207704070339367775 1.37544809387648481191 -3.06646758481652970119
-4.41796484910319176009 -4.23923577082771974034 -3.30534127809715982949
-2.18931199611180637987 -4.43556742088336264374 3.77242303542755674783
-2.05731149261178014598 -2.78618648574880012347 -0.33091532429477510391
0.29460433250849415998 4.11379753630585920376 3.01602127812428921771
-2.42661343658265948875 2.83194185319325431038 -3.76967006272801885558
0.61122926568141622283 3.36516431368313906347 1.11780913041225460347
2.65872261614081661918 -3.09883527258878421762 1.22981235621619422460
1.78651095385277169925 4.01895130802188038643 -3.89055995304349799824
-0.70342645482102117427 -2.33001658831146318818 -4.38552571349316089311
1.88167545633372235159 2.92499179849575252632 4.44974806935331468338
3.29133032360167909758 -4.38750729262303362788 2.08359668233807671101
-1.71688633876357110708 -1.85621847709404086402 -3.99276065525642209764
4.51230949312122309180 2.91426448897530310234 -3.92464857220585017217
-2.98692981019796377495 -2.51566718841790315508 3.90626818012206999953
2.89519304668832866412 -2.16517979991200482104 2.04200527556531952200
-1.08091548509735790873 0.05094391062252245916 0.17793194885595742250
-2.84404608406932402076 -1.29911765766813935841 1.65661636662386246854
-2.55837835029987203939 0.44875888219603687901 -3.30515454072181924516
-0.24280763940657301703 3.40302444414468663325 -3.38323316981945865223
-0.90968975608178848091 0.84735865730721915412 2.45991233165870859523
1.19226809729271376881 -3.38420305611659655298 0.75727502651246947352
3.10879804988719410375 2.83945824640283195350 -1.44666025696277067425
-3.15717980646196627603 1.19334380553600016839 -1.53281889258740289250
4.06571900903059013643 -2.47083022468386381831 -0.97652340581293728405
-0.25755379801722089184 4.03877006007147354438 -1.48332189796676683358
3.96864647859399166663 -3.99680846339845796678 -1.46651346361582923805
-4.20266175666522023846 -1.53943290740920968318 0.00891418457124437680
0.55487557940660892086 -2.07173997535670295633 0.74829848619949679289
-2.05127896281722632565 -3.39420832181814269290 -3.23574431859937572398
-2.34989468283135938265 -2.70441706457814090570 1.10298750473945705863
-3.75766362661783004384 -2.08775417229196103008 3.32739422663466388741
-1.69312889300082058952 -4.21778624246860456282 0.22279512967958226000
0.82253113905807673234 2.26600732754107614397 -1.81485675566337922859
-0.22533134593155601522 3.30124371977814323742 3.60925060755041204885
-2.35256667667425256596 -0.87932199059694315935 -1.06119540413290192049
1.68590228080511561615 -1.07491837185349359274 -2.39435803258749579925
-3.08789673354276228423 1.95219267983765920604 4.23294594515027622350
-1.09629029507854491854 3.09745974733438700355 2.67146647139809445548
-2.85984786549184599735 0.75368850925070596247 -0.49424883174764122629
-0.11795284531691674346 0.32267341901503243662 -1.02597429887849944663
-3.08200657976897440804 -3.63982115065376143903 1.02995836498813897464
1.62598448628019820461 -3.38794110443311646819 -3.80011737652856673719
-0.42934784977679285589 -1.14586921632038629681 -2.64095949856464606853
-3.24965274727859521064 2.66753125922800826686 -0.80639994419900107303
1.43742809882901756424 0.55569245010952528219 1.15664751108397290125
-4.45520294548745621199 -3.68099924652793975000 0.79226244434941062167
-1.63647241021963818497 -2.26400839181078783469 2.82027714327071521438
1.31562207086106308651 -3.84517462041617097412 1.65923438699757230808
0.82962191512732275100 -1.83291764773494758600 2.04332937109686962884
-0.10838958022611677734 -1.75255751496395717481 2.65557423777540968501
-1.53009059001511493747 0.51502939077774989585 -1.31441240462932729116
2.42085413629246648526 2.21170585859801782647 -1.97884844574411378204
-0.11651779483408031268 0.19799298885346949817 2.30878823742451455558
-3.55930846815302004416 4.02871518584943277830 -1.73346525292617226199
0.44551307178824650634 -0.93645872727710166572 3.29672447825160563895
0.45586788877383899177 -2.81995084436808696182 2.75923104083228398764
-0.13893387233862686259 1.43771852253263165977 -0.67832452002458065721
4.12145597087304071948 -2.52603507818460526479 -3.52495627535762112714
3.40118294160604950349 -3.35705134597174659206 3.38041953177778431439
3.95509169903075541441 3.61481971262291867930 -0.10429576859065914363
-0.25324169739965185499 2.54328493447873249522 0.84197593025742278883
-3.85845883331792460780 2.73868879988511082502 4.33366133221582661150
2.55752731871002225716 -3.82009238294930186797 3.98029569382109382758
0.94632162561601340656 -3.27775802090677270684 3.71206477609180129917
1.08371935764845073180 -1.76333889238867502769 3.51388383543404092535
0.00355038685872077764 -1.74578542752527043902 4.09087767865981266624
-2.78695162893267056603 -1.68539320099178535628 4.44959645939436665429
-0.71143295912137372028 2.37901763049602710254 -2.20551043533202895119
4.36011605063864760012 -4.30041777358133980869 2.41144521405655520851
2.80717624655018394009 4.28860187606441822794 3.26149268018913662814
2.15257715286246753550 -1.55466413581137530286 -3.31174368937560181791
0.32697202617650855672 -4.33636768843200481882 4.12626130540979207950
-1.42716692115830801058 -0.11084862237840908961 -3.25859524285217183603
-1.75386899612244340219 -1.77005665246616405994 -0.65247442785411546851
-0.31076784502021670420 -3.68822295330300820027 -4.47734066482975823220
0.26527232120574151253 -2.80184793513510532748 -3.47808245725405074111
-3.37222538460750742573 2.34566113532266040664 -2.30808302641817109091
0.13348628881244906097 -0.86140755037321392606 -4.25043241420204420677
-0.61646920300791396841 -0.05365519062613088863 -3.89014667457196594569
-4.38275878966722842733 -2.56362058960103711414 0.91142459805805042805
-2.84141725963023761281 0.20806924200350440657 4.29412511794633022788
3.43635270744268606080 -3.86031253522594086647 0.23229227808883567974
-4.47061083825033112049 1.99914035261009903621 2.13804411947337147382
4.34499297154444885649 -3.02729747565945039867 2.86897296227358555853
2.42611708662585723317 -2.58784772889200231916 3.17739493315324406097
-3.30819805092067431573 -2.22421978869919589883 1.43457027138618897766
3.51611597119171204184 2.37302452586085355080 0.34188231624950660148
0.03803278481058569582 0.15235885834399098826 0.64957906611111759787
-2.55727400138680094344 -3.64957834406604675337 -1.19794962028680540556
3.42367602145296334726 0.02718270640655173764 -2.56923692609239395779
3.54201634454053415624 4.34790863345290024000 -0.71659041953034208206
-3.66335054868139220474 -3.00719198692464395606 -0.48686928783249516783
-1.86964624218171637793 -0.33541444834371425543 3.06129360709762021742
4.01911129147003531870 1.00933296982837106270 4.06006779698201025752
4.42309401067966856402 4.06925971399117170080 -4.03672683597979631287
-3.85140590173889751924 1.99149900915111199851 3.45317713622878841306
-0.73194575410624374001 -0.79336186093197280655 4.18692416854301985296
1.28819751819198646814 2.77790567019401990478 2.88370246800159168998
-0.59771880530504795104 3.18607446598538235349 -4.30713100424506745156
0.52766428008351518031 4.51501728275122271583 0.35484636546306180804
-3.26363213729582568590 -4.12700657706480011910 -0.07130146626143130106
0.06264353179746251499 4.45102573081571950553 1.50096586575220580784
2.32480844019825472202 -0.56493577558297491947 -0.53877909573818971722
-0.46366020940604713019 1.29120558806648766392 0.41489036252319611009
-2.77859974132647602474 0.07593612907457636396 0.84632111945956634003
2.92050304129062876513 -4.46247998770939613422 1.13006790608343976601
-0.92983981257234216145 4.46652661319986687971 -2.67380846157817941844
-3.44119925855908714851 -3.72954081549574301135 3.46744362414127937910
-2.70634647901406033554 -0.78647700059306524523 -2.82666699280993993781
-4.27743613515803033920 1.89512168417691118094 -1.60705926873179372194
-0.83619123246908610980 -4.28057918609146526023 1.03682746841346062894
2.34454598318562457138 -3.69271097199247444465 2.84945314854903219981
-1.21415818499028382860 2.98147619167762822912 -0.54659245362018893388
-1.00018484315117150985 -3.39112212169257221106 2.71034265956094078120
3.98271088242699899951 -3.02333604188897631104 1.55050565559186903641
-0.74305595201561480678 -3.12473005871860731730 -3.65148107330755733457
-1.49712832155325026307 -3.81574286950439356403 1.84235341310591049790
-1.27887008446804628647 -4.02986061679004148317 -3.89351690831683860949
1.42036193029381330177 -2.74550224783121610272 1.89816761597204664014
-1.93357718931648747684 2.98906449701719356682 -1.31629108068738176485
2.54276666575877463572 2.24306029846892762691 -3.34952056142270659933
-4.36710695959905059738 -2.07961455502638603576 4.44407438525215336966
-3.70304673017152552461 0.17374213601732346746 0.50536159984706063852
-3.70979897776712519430 2.91228564559655467292 -3.16055346057318953257
-0.38243394822975584901 -3.51563941623221021260 1.51979835701288923389
-3.90869270966676296553 -0.45481834301479828753 -0.27852212491308936393
-1.19793974383400403383 -1.54129806527778789871 3.38408708639788802230
0.19074229960942812312 -0.47188704558611593853 -3.13102552533694833414
-1.62501242822261771082 1.66078257215759705900 -2.17700426147235281960
0.45546116711320738801 -3.81656141830108541768 2.41837121461613246964
4.46217123612919852604 1.59099120343770561448 -0.60404271335564363454
-1.10058328375661096388 -3.04367312452840454995 -2.67843383872667439860
-1.87233388390111343824 -2.85657624285908262607 2.08787564621524879271
-2.18428275547450301275 -4.53713661000286627711 -0.74097267889974061106
3.88090133537216797066 1.86482079288053537169 -4.11617762874180215249
-1.51804638509617983999 0.18741394859690796437 1.12037174630827163213
-0.48851249191577839071 -2.97325087745655736171 -0.85456101655816318896
-1.02475004349743148424 0.92324089171380663288 -0.54090368786623521657
-2.67382926484181382421 -2.08617696148923270627 0.19284215335202503638
0.56202033114121707769 -1.59253895944342627189 -0.23170040751099030274
0.24603533694224477557 0.49745215616077409493 -3.60169901173454221066
-0.74091367540301833472 -2.42852292080830123311 2.08453360964212119910
1.42177466382019623836 1.41356141072906371647 -2.17961237136832064465
-0.84518320759224963012 -2.63957285842063660297 3.49686029363438155571
2.68525135864333197588 0.29727410928870678930 4.36405068340559321172
-3.92426180812846814305 4.04063175019904274876 2.59363880422215498101
-3.15380221139724348234 3.34802154298626764017 -2.52068928143374337836
-4.41766919003791436182 -1.06906458647872826262 3.60524605661566877046
-0.83781155461296075160 -2.00015317448593599181 0.32954859333564723300
-1.22311846156472192604 -0.32354640766648934402 1.93646926680519282371
0.40173614730997186939 1.18630969393884111440 -1.69543995004735581489
0.70050216716350366397 -3.79215078325457133346 -2.96263538428681849624
-4.29599854559142180221 -2.05448951768091658820 -2.71589973867577416655
-0.17285873855431876933 -4.15723637180261640367 -0.68559347693402816759
3.25779330615293272189 2.08787283382803945386 1.94568642359562637978
-2.14036938704147061685 -0.68041030351523801301 4.00554619761386820898
-1.86941044655110255590 3.75665967716461057790 0.10231073389316058808
-3.18747177677645909810 -3.77165625515316937921 -3.69312510929706272478
-2.44975355465512389941 -3.41584643764831286106 3.69202219193189673518
3.92404376640222540829 -1.37241555699934680845 -4.47959218237863421308
-1.97753397717509438181 3.91515802870846041372 -4.50961683312311389926
-3.79563371107231217749 -0.17312738519278081384 3.77462988411219502183
-2.06716387121017408646 4.01193533250655409717 -1.76031773535659663565
3.67275436719166403776 1.55447615878790923460 -1.79965075733288859539
-2.63343761540944409916 -3.65464217065273500040 2.26577378765378689707
4.30861802549919215011 -0.27387111890095106048 -3.35108616753868338023
1.21613909987588630912 -0.25490379806244867211 0.53349470115148189819
3.35459782125846395218 -0.14183912492011607753 0.06789882983620909584
2.01364915578002356966 4.43969321653190629462 2.07286746597969440131
-4.08274972819042947236 3.70567754515592806541 4.09756832365084822101
4.07109681424806435501 3.79599556230613810470 2.89920090473744185289
-0.89832315394800366093 -1.91306625233568228239 -3.07164313504875341465
-1.77585387853525533686 0.59018545633974994757 3.95824084198917969246
0.11612564302767580671 2.99313595887047778632 -0.93075243297738463610
-2.55857337244944904597 0.30403744219723449760 -2.11742833560869270215
-0.17523772275844429203 -1.53854793132080214235 1.62787054364500161086
-1.98390756144105484537 0.60541469439212480808 1.99711817574958505617
3.90371120803380744491 -3.88016996155708104865 4.51920606401698687904
-1.37243861849993820101 -2.04779160079362476665 1.28908218881835345826
-1.91761915584636710719 -2.34689517183876672490 3.80664872421866373742
-0.87949535273857915030 0.21872679418225615677 3.34686627451105245257
-3.01862995442205361840 3.62664949395464031312 4.25568589067312696983
1.34087803339266020686 -4.14567792730295447967 3.39673948639760237000
3.80412683671393825335 -2.63781328724911601213 4.38946994021790803941
-3.44765157974493785531 3.93113255281018769693 -3.96898405534075182644
-1.44859501385743172364 -3.67994433492359895865 3.76798154158752307552
2.14034069159512174707 -3.63667496504630616272 -0.04693452496889349845
0.07134120589426018455 -1.83829173529529654729 -3.70453211455372466432
-2.94749260554056569106 -3.89100228744299858619 -2.55558303131844821721
2.79819772132559840827 -2.12606660952138071252 -4.49303498153231117840
-3.49965372521809214845 0.97129576158161690103 4.02155368452219530440
3.37682172349090414798 -3.29584731414917486703 2.37035900427229684340
-0.24886279647928688519 1.90797050566891179813 3.05767237733820262946
3.36746655860422183792 -2.50876163751986513972 0.62602428025461520633
3.74192477800591571935 4.27906631292914862996 4.00353808638130725939
3.18166355040031323398 0.14625507965055017934 2.18356772079277217102
-2.27182937967482923014 1.88754901622269599670 -1.12924610606810604807
-4.23333972528527002765 0.07666245186317777183 -2.00392918220661009343
-4.24887631318240188705 -1.35607623300085577966 1.66839786584284421878
-4.14676346923039584880 3.86430263344881463894 -0.66860580743531183856
-1.56932367245122694754 -0.62981872597150223569 -2.24878224898874723436
-4.34269303975180331889 4.00456233580351206314 1.52387992014368833793
2.68643484294367862475 -1.71273046092471004087 1.10283798322658910251
-2.90917821861302172692 -1.71597108793443364760 -3.35544245509955052498
-1.20398105707184877033 -2.94832931109049889429 0.65649739634799875176
2.63585683689225724891 -0.55921552042257971493 3.86750917866496646269
1.91949904191209785864 -1.53859034540628369925 2.41677905056029818098
-2.26253350327314306512 -1.01250158034055681711 0.29924546332260693049
3.99192888782314536655 2.03390936336808270113 3.67699764104575432810
0.93996413443361781503 0.00041471491672417926 2.58351743623466578725
1.43697642520943968947 2.77677809678842546504 -3.15830310925985280335
-2.59009469256563695794 -1.85634553389042533666 3.16443125206599074062
-3.48143825328153244669 -1.02640885860350028480 2.83444577996780111562
4.31343189999716880578 -3.03472082366953843646 -0.04855385321339422688
3.14819453942266935798 -3.32555299255807756964 -1.84525221953259155327
2.60091917097828151384 2.45548159253214048903 -0.64897834214108041095
-3.37164529976700722003 -0.01373802840997218055 1.81604736573475467054
3.83035054405323105442 -4.08191260031875646774 -2.59117733066469657643
-0.10902961028824442735 -0.81779554793559761094 0.38213008823417027315
-2.53270655607136552234 -2.76059904595067573396 -2.31867567869333157660
0.26236288559404119525 -2.66328929938071823358 1.47804945634284035094
-3.69666008820482572261 -4.03309066502372459695 2.09941790860284793752
4.51985517470550224317 -1.76920082548991253191 2.54460197047746383703
-1.15633879258186356154 -3.69959354491365388640 -1.05401487707727525844
-1.72758601949038492762 -2.88501278208350697696 -1.52147199687047018912
-3.94445361885267065105 0.58057841705319201964 -0.93682619110949261199
2.47220825707744218391 3.53076018566815097444 -1.06595376465979585490


