43
-4.08141846758460413724 -3.31727258579923889315 2.63447911134973278280
-0.64870836077342985959 -2.73897402978011772490 1.44603878178184164227
3.37486609126638459344 -3.27068258451408278020 0.24434462212803165215
4.37797625624904807040 -3.40167286490546727507 0.38727533433087391046
3.36266740371436423374 -0.90922375160927160209 -0.89156169383920058635
0.09287380855875326802 4.45130551091350223913 1.26233460742093495099
-2.81691225922131094350 3.81771663920741044507 3.37692188578939855859
-4.14284754097507601500 -0.95238914678430219851 -4.30476925876745220023
-0.96521810488957271446 -1.05587732931135525050 -0.28647354979319761270
1.84174220583406000884 2.96147940806516007939 4.18355984858173979291
-2.36366818987909166339 -0.44516882906109866980 -0.34778841973568397350
-1.44038770236590130125 0.31583994149270289142 -0.48887578401472442380
0.85190288181064843798 -4.39607706177584134366 -4.18379178369794413328
-2.26679959020102739231 3.43015981022998861505 1.25510397130037532065
-0.43824270708354085002 3.50424677833780950920 -0.83994980170134869724
2.76456596929367659499 0.16062399998861742745 -1.19502942931231537216
-1.42117217445422072686 4.03088413584986771099 -0.54560302300669416553
2.82991501816484269938 4.21028908391860934302 1.77844027669357362953
0.95496055032507776161 4.06881618525541544074 -0.44906496780629723276
-2.19166341310509826812 0.79267074129791570414 0.42027009309476337506
-1.90632854851528499296 -4.41228362030140264238 0.63127630223358188744
-1.25534816679621208380 -0.53958063738756800731 1.74436801855512957360
-4.09423035913968202948 0.73049961592941059507 4.00847759593885921703
-0.93798543987647953202 -2.74341174803998910647 0.29415735143082510916
2.41369364914637074548 3.81040631637455984304 0.78883186514625780461
4.17057403319245967310 -0.16287085810457746504 0.98715606626056295880
2.44965729810286436674 1.12784965089243094383 -0.91490093959792151423
-1.19561115765087411233 2.26560332984570234061 -0.83111535400698599574
0.17769869840415708495 1.46919908852868807969 2.23526992190435080943
2.66009562089172657551 3.78062358427847922115 3.69709580944481341902
-0.34111401369433025366 -1.68824472790050039706 0.99338370834910616480
3.32026208584985926819 1.63204633832494572232 -0.01999182422039336160
1.46906848925706778886 3.72817883012185280478 3.57618095527056123473
2.85261534117584680814 -0.40582765602409587302 0.52269289364165238965
1.70903474391992649117 -3.22983306922414348250 -2.02950910260076300418
2.74830628469418147830 2.10914711430203016818 2.58626703926569945224
-4.35299279387961224330 -3.49906740449662079229 -1.47593296055645417653
0.61935406737568854396 -0.69802552086007185750 0.10525895054399114770
-0.73034390555922179544 -1.57634863678664594033 -2.45223638129293330934
1.73946228534827351808 4.50343061786858900319 -1.39814806214185649580
1.46487828681444742784 2.33238001154029372941 2.34088989991131946056
-1.98264173234897445042 1.41010703334371445550 -0.49434192355810413488
3.59320643747819001845 -1.50203977212500561222 4.52491305374277086315


