54
-0.64025787390805932731 -0.54508188043748173612 3.40812485962055244926
-1.49458033579165849858 -1.67225831876654273955 3.24767743849604251238
2.81181988282003914037 -1.70381135083140300424 0.22228901834682091021
4.45393713354046649755 -2.08005635439484137805 -3.73326190536096058636
-1.81509396567075365070 0.91745521242398631045 0.20458940827842031496
0.18679782995253280120 4.39670509922917762680 1.54442781434187725864
3.23157781308406200083 3.43619026912352065750 0.86858779715904788077
3.57663125901749179292 0.10580680238168316265 -3.13570950037604934124
1.81043287553928333722 -0.09322073459260504791 0.84527458313656023137
1.23564863023993343205 3.81504967241910986075 -3.37810061128871463865
-4.36542349624162451249 -4.27900534299900137114 -2.78475139005817906579
-3.44104089272312752001 2.83742045079651727946 0.38323363321010361915
0.86990783460580800579 -0.26457471476967953095 1.64944618707216239528
3.46498654839675435113 1.26369205158960706825 -3.16665123261754821726
-1.07631636311883127632 -3.92558422309738164202 3.30321906688508182270
-2.92471562511565963405 3.96230745864544697810 -4.28153709800168158495
3.82841766593296117804 -2.52601767003464194872 -2.42571754816979412439
4.12272949333596461230 2.27347905158954421978 -3.73825976294599726657
-1.19090309894912493860 -2.90371636703777502575 2.40974505579936071342
0.32316393042463253948 3.68929227505819223865 3.46745275647747330794
0.29230781127299998445 -2.51079290939649046877 2.46161134484309229720
-0.94727954412186843314 2.29399629557736783880 -4.15542916274893237016
3.91320729028793845572 -4.21907584664457413481 3.63359455159344957309
-0.66134971878636239495 -3.82209427933204182182 2.05873644361933383351
-2.03412137356365541052 4.47022129674685952949 4.43698971324524560345
3.40807595419435660489 -1.62669444872904067623 -3.07575017234841441294
-2.09276872922181400583 2.71762727314417240621 -0.51630387419251011494
0.08577308656888327221 1.01541016289673713402 3.05777397306104692376
-1.85512942485842868834 4.11375158027174858688 0.40341227718803374103
-3.99459146921068253278 -2.29195671580719162463 -0.31621742200623170760
2.55140392622389367006 -4.14847975353549358601 0.56793578229859509321
0.72895739437023809870 -0.23847202761295704931 3.28799427651246656268
-1.45814979429596647265 3.55495617074717973338 -1.11540864742978795832
-0.90238973514411791044 -4.48702106854131965719 -0.26911834455086225404
1.42764110730113102932 1.72875772541166572438 0.92530433206756868003
-4.17691831395802726234 0.32482305121655841162 -3.74161643729440918094
4.50532686185482855734 1.81714585269465978001 -1.46472780030030591547
0.16929300344460163075 3.95025664442962476386 -3.30197272175467393396
0.04485404020590522123 0.52274275119394175704 3.97789691719054605556
-4.42422800895930734555 -0.56966376776982041719 -0.72373080609601014856
4.01413786573242514777 -1.91148769079381253277 -1.06968990531998597859
-2.14682236360926159691 3.46699842962863069573 -2.03653639746700054758
-3.25521911194985635873 -0.87163216923890463050 0.73723318506280399731
-0.49258445525048966118 3.25453035615529362445 4.48886858112464803838
-2.60698148138411678332 3.16217888753105125232 3.96752465997840797485
0.96226886446451231905 4.39880225030793514662 4.22501442956455530719
-1.33143207758572401644 4.24270398783909907792 1.54778350498500838484
0.11730193893625529000 -1.73896617915691598100 3.40285804376545630845
-3.48556878783741908023 -2.99971217150502900139 -1.29901803357168477149
1.35559212326472966481 -3.72061354027849899850 0.60042019153467141024
4.32053423522083246411 -0.52717863168078960001 2.54391159066012928491
1.88886451783984732344 -1.36722330257313817725 1.03440181627392835395
-0.38899673628389486169 4.01355121971409456449 0.40752879653963880457
3.67705367762774226748 -3.98595295250117631625 0.52536942939395370189


