193
-2.88043661334242706573 0.98539051958547752008 3.20673993048230077108
-1.89232543640180805866 -4.15617334093405510487 -4.35187874787635120555
-1.94063849395095644468 -2.33231522419474890384 -2.17180061312819994157
3.16150083160349648637 2.39550106777550197990 -1.21621330476070976800
0.64954540956692063958 -2.67868022178260201116 -0.68712476179356496431
2.59557123344065843185 -0.53420103256214979126 1.68067077587667323968
-3.84139169994784790418 1.78329267098276655901 3.40776605103732865842
4.29022291153478985137 0.28792905468263807478 -1.59784845999977154207
2.52928695099094280607 1.34153305333229599938 0.03330471446517613288
-1.81805633085398898885 1.82258986116396659583 -2.91568450950423940782
-2.56001159474422745888 2.19119482740285320688 -1.66365222768078258042
-1.14650251318380291821 -1.39008942403793334108 -0.53593595068825461425
-3.57938907597801270200 -0.12308993450862626418 -2.51223926095826888272
-2.44245192441796366012 -1.26318286301872140243 -2.57786714147205353598
4.26681535102821118954 1.24795357644721072177 1.97491295370263930664
0.25148206140076467818 -4.04164369322948413554 -1.40239720030429593223
-4.03552688625677902223 -3.52959667181585290407 -0.06655039310140775655
2.80313494525555917392 -2.97652342414493320533 -0.89468147254809693436
-1.81806224074709232852 -0.75400222143515183149 4.16644978213901051589
2.00678826251758746224 -2.13529519828296976414 0.43744049310830845911
3.03693135672922576163 0.08904289904189344185 -4.10555126070316500630
4.44370979660777631892 -1.21832594752814848960 -1.76627867883611511246
-1.11430235047570214135 -2.87563209467800362518 1.76619749495372158066
-3.49270737102291839449 1.09842400037614407182 4.24514340305734538816
1.67514715932706703683 -0.50436728601218661083 0.87539632779729714684
-3.71439249507437052600 4.04505933598091171888 -2.06560589289074370001
-4.17698505790611029909 -4.29349243180261908037 0.86625817385823200567
2.89525088596952517861 -1.99918761290778057571 -0.97968370552951267172
-2.02392525522933741655 -0.77155180760916675098 -1.22631166742002228887
2.91710623239862432143 2.82583323558137511355 3.18229087365449370139
3.48650733395172007789 0.26011770436941805684 -0.82669702665849387202
3.55773143886243037315 0.30724399641323607568 2.14874231818700511809
-2.28183755150568945425 3.07051225817384665362 2.35618857948588544815
-2.93923423451581378174 -4.02103770871508281459 -0.66233284862757857425
4.25691767476853311081 -4.31535471532167491659 -3.10032800797209029398
-3.37569665814385633240 3.56384080422505089558 3.91342997272446613266
-1.75951245681197621096 1.05132538059265723263 -1.86555139277216408544
3.19565792377115354128 -4.05271582247312700531 -3.14710406211057103221
4.10834692245146282374 0.64129021337144109793 -0.18897513530934251236
2.60634789765842445064 -2.08958718473261439996 3.63569177814993427234
-1.92654438372166136872 -0.04029108442562190362 2.21106129555201214032
3.92217324347795770478 1.15683926128941294564 3.73863770539280526606
-3.06802864635809635629 -0.17164605863879778269 3.13503615364869592241
3.02308913266978951384 -4.44838097366740914396 1.33029875816626486085
-0.44431623943859754888 2.87256231242891857391 3.84606313660136489574
-1.28007122843203902107 -1.80603824704395421463 3.07515529969739187521
3.72045839818383239361 -4.02077639166998945797 0.66816585429341746050
-2.90187961786774728523 -4.26347885490253730723 -3.93182249846752762679
4.02746437378078159242 4.25561454392971949545 -2.16231632800830508856
-3.43478775456868445914 -4.04210483312054691396 -1.98721577040760255528
-1.30628811483840312491 1.67306161324721625050 0.44890317368092613748
-2.06517376756700965501 2.34390407449954718544 0.01685330736462997692
-2.43285023565496993925 4.02523202015308267931 4.00651250996275809513
-2.71563420134074240408 0.71114994308755807850 2.17479101249446138411
-3.85634949368618906718 0.22666826031275899567 0.10975872730625990670
2.93571592273850878740 1.51843743736378034015 -3.49964510500381287272
-0.91156620938239196761 4.46555776630647383030 0.71263098862502438635
-2.42190505900030306208 1.38411507268480438171 -3.81063097280253515464
-0.40796570430580292310 -1.69657624209467927656 -2.75282055344900600247
2.62056772352866840237 1.39008133577556147742 -1.17594346475534550223
-0.69001316227118625335 -4.28726668884305794904 -3.49642895391316521625
3.84994309185248528848 -1.99114145360056848943 -2.22430113714120647472
3.14843891641255257952 -4.23003171856319681865 -0.41658200164753100836
4.23956583936373743171 3.35322018487813000576 1.34204164942080161893
-4.37578026070974690498 -3.06480773719543275746 -1.19962991571534871582
-2.75871517092663198767 -1.27027054915639814325 0.39805330884147593906
-2.60989151577003219984 0.85069847133135123585 0.40834813895134747241
3.66297857432212747852 1.60374651614583019210 -0.67102988581805877999
-3.44029986412894839276 0.99947229359841749385 1.06893040851235543442
-1.04290158697654611331 -0.59385294892018691826 2.42086317352667990122
-3.58860233684798624054 0.96360949764628411884 -3.18206288141483639720
-1.37720997244193243958 -1.45094108329723070483 -1.57606917852483396913
0.89260066523542302974 -0.45498061288955771175 2.12652989365674649491
0.22060216710842706078 -2.89815129292101447689 -1.92574069051530427643
-2.51690957683154792335 1.64287723222586823368 4.15413058830854264869
-3.22008204883748838654 0.23693979466627368424 -1.22840314184211640836
1.17358219944742714347 -4.40551632795247183338 -2.11951699539873716915
-2.85859187586464491559 -4.01001897421511621644 4.10197613880188871605
1.92567190001208654593 -2.49472215598119984037 3.02045934589123454828
0.59983205935222727589 -3.55998754784231241644 0.20312671275650728830
-2.57193466283654226245 3.02279854961791460966 0.95021371847812208244
-1.71459321041480228232 0.50421792285576838566 -3.71993263665662121653
-4.14476316741004602306 -0.74589451001383988427 0.13781516895183631988
2.63832316103251507400 2.68982671919541882488 -0.04182125129198244196
3.20286110998481188261 -2.30105960760491834449 4.52816555018265898269
-3.16904321522710841208 -2.88370488682431069805 1.01232815999959147035
3.53813960798291571308 -2.00776260403151507461 2.41261716137609294464
3.23987211471615754732 -4.36404828764232366467 -1.71199114922017558982
-1.80231736284469068465 3.56667617999271246987 -4.29775190994367584096
2.76117498495991320340 4.03649374246184944326 0.21710726203570729353
2.54119157312900334489 -1.37752829033894119704 2.72630733474258679649
-3.11944483448111276047 -0.34919039170247945236 0.97441432823647389228
1.33850935590362762895 -1.25285531757927781626 2.76444010039997767336
2.43037065415179931449 -3.35146106871547244666 0.13723817213539746263
-1.28575762975161689283 2.66469858183400098994 -3.39085742032610504282
1.93613195072960042609 2.62816076431752154718 -3.50098793876758929144
-3.02895770800804786660 -0.93281648903424141395 -0.90157074443091378413
2.49410518669681380288 0.02639041795485308484 -1.19411179867762307083
2.35398896475722274602 1.95332601702582753234 1.67565725336840198878
-3.89624463538057641543 -2.67262492808106788544 -2.54188345282165828465
-0.52593695682983288009 -0.21861760405006247510 -0.87267614639131263488
0.60568372907694723040 3.28850048978797104837 2.05466910286865367397
-1.58135254942985259419 0.11672344920294186466 -0.65285744151843960736
0.23068891091108589819 -1.86905982169490103573 -1.73509361896793157243
-1.02969559951740352588 -1.35176045768677965953 -3.46791793015082649987
4.53647062423229119332 -3.55342046810612810503 -2.12337751701779886560
-2.71426980516769544849 -0.14525013410681975046 -0.07233868647712426991
-3.03304130675767780190 2.28800289147149360502 1.81796309355636065419
2.34550535101784252134 0.40424142764090298385 1.29727608991267207017
2.98181064360995762286 -3.24599492028074365635 -2.16152049568330406615
4.35624215715243945368 -0.48944621837815649457 -0.70513155477272615457
0.69728834807766748582 4.52855168635431137858 -0.60220920738204775091
2.66970859748946498513 3.42305224295222121356 2.27260996539415671691
-0.92595322386078393606 -2.42755443215731503415 -0.45881701297297805553
4.44899883687127140064 2.43672000861992721354 3.45739554188859887773
-3.58331989531849570696 1.32197421145754301364 2.37291132558122530583
-4.50989712443925139240 0.87310144631704922347 0.89507943357620511904
-2.79434019381435527762 -4.04512982299157197730 0.76053633598244108072
2.96830912153989157076 3.38365207547779434094 1.15270990325797395570
-4.14122828480491822489 -1.65526641210374592106 4.51323084263401863581
-1.50827328757658118974 -0.82420183597848950541 0.43538125929496374056
-4.33780029049159931986 2.12413530498391889267 2.39500557140730396810
-0.64197255703277367189 -3.59678938581648655060 -0.50166427061314422531
4.09483076778640064930 2.42898700532191913481 -4.47238106547014346859
3.51995632184055917691 -3.72044881038897212733 1.93946511017284084488
4.45411531436708241216 2.08145830265445130891 1.35347920855414116659
-2.33294998228834415954 1.76533384441995888636 1.08385688845960270754
-3.26036049797267946104 -2.29291613493215784558 -1.71883236354564150616
0.60640695882423578666 0.77638286401274303472 -1.04298207152546673626
-3.27727967833338063031 -3.53834025090842674288 -3.25275337813136555809
-0.88791910469197610212 -2.41777124313275093570 -2.22306810363401696762
-0.55697477731093503195 2.98926570345719877508 2.06779314052045304351
-2.27751998653307774489 0.38134104347972908045 3.98136749692175495596
3.30347212228243947152 2.38303159973622413759 1.51126015028509819160
1.78440209852433895321 -4.48276072009104620264 0.04168770793350873305
-0.16102639941047414140 3.87812401004910345392 3.01287515853624032758
-2.03434664897051353805 -0.46142815704298545398 -3.25940498880706597262
-2.52187898833212287286 2.62884365667492847507 -3.07420320331115570767
-1.68448241829949729720 0.94554157946605865703 1.60965701286750917376
-4.51644767286441872756 1.58843066042897351764 -2.19961838952437149786
4.46662274402890258074 -3.71576653020200931010 1.72651117147113541961
-1.38789268341958926811 1.93576513377935821580 1.97549528392202500271
-1.65532618484665938752 -3.79574826894613659434 -1.99311273771546648703
-3.08853607195462309676 3.34201698688992099306 -3.77944839205048754849
1.19129386155543137704 -0.17311054844184248225 -0.75058892219088502173
-1.83860413258245625201 4.13509252374457059176 2.70975047682064662524
1.48641863785546579635 -3.94062027553344051967 -1.06213855169975079917
2.30493047929751515568 1.91706728099471135351 -4.47651592014251065166
3.36635144177458212056 0.96997123521733197293 1.19255626573797535173
4.41645813896792649444 4.53155785666016708291 -1.01499566932459162061
-1.79138582597263251728 2.85578915232150620795 3.85820610780656902961
3.94873308312430548739 1.19690557124456553595 -1.47846039522557726187
-2.99442186481994809810 -2.09483716366001004872 -4.33044054752862539459
-2.26508968523599252265 1.89624857099934818194 2.75999838385794848961
2.45172690545400140394 0.06890254862607925190 0.03232286070762313557
1.31775521214375768153 -2.17626879019546048966 -1.83170723210589381225
-3.89253083605992289407 -0.79265554553528083659 1.91224202031768086840
-2.37820466514155448579 -3.29017570921632529490 -3.75369127185592743601
-4.37936514772924923022 1.63684532172742169820 4.40601057843663301838
0.20911380533765289158 -3.35973498010147109127 4.06900816777970408822
-0.99820212631023785832 3.82026788230266678426 4.22501707602909970518
0.12990827484733014074 0.10522824648710926709 -1.84959778141501818283
-0.53294649908534452720 -3.15548642591375250177 0.63372039530158463805
-2.63609763253110607195 3.63700112545809428610 -2.19515796788594386157
-3.43466744679518676264 1.92971442977472751323 0.50114342206863593532
-4.26148986919870242929 0.44432234566585293578 2.07323979638903477252
-2.90592489819735888545 -2.26045370935120315536 -3.14630630580152459430
3.53618042468271820411 -2.56457680542422616909 1.33710330265498544833
-4.36311186451987786938 1.59727452763122368395 -0.32708370803615238742
2.75166144178473626170 1.01318689908776971009 2.40533759392147938883
3.73242461196334485152 -3.66774255677730254277 -0.94809307838362677501
0.55325323465331965878 -1.45110634747705580239 -0.80926586322526627981
-3.66852343257721624781 -1.70446312443046199547 0.51588670972315409102
1.52655679670854116381 2.63112317989224653303 2.35704305521263979273
2.02363618