398
-2.95045321947743532931 -0.55945344027766541473 -2.57498816231843896674
0.57708683066829280506 3.09943220597826840645 -3.43482319397652036130
2.95267522323255793282 -3.17861574144368219663 -0.63337591243411450748
-2.37441315123831264700 2.92919406118031222519 -0.82036136095782463684
0.52050833157662257378 2.07443496676560634739 2.23903998451707320072
4.12911165959307613349 -2.67468279753245186114 3.91131180706773395883
1.09303909873082449877 -1.29600216229649234378 3.43186606173648822704
2.55546741346542738427 -0.60193721133615518681 -0.20215684690385593569
-4.42286640447315004820 -0.18170119126666950393 0.94460373233062711051
3.20309703861323491481 0.37819773946134738196 2.59394302429451784064
-0.02695981069424924215 -1.88342935084753104746 -4.35217505840225005187
2.57578890002284399685 -3.91832037894468498962 3.60761835868715774467
-1.19703876746347237514 -4.21742643374915537891 -3.21145953932795080732
-0.52753024895268385563 0.64291346816188976732 3.85133468092100894609
-0.99151972012074418572 -1.14734013149515678975 -2.63306758397479079292
-2.75030391534130069786 3.07503348115972308108 -3.99461195047329065133
3.67811915672153677548 3.43216320576297473366 -3.83123697642859939450
1.37665241344633937359 -1.81915530605389141883 -2.53991668565010542125
1.26497895031676588218 2.46533495107913314115 0.49032697697109384194
0.13200838695829641978 3.20134493653758944731 2.41015112957270272176
-2.36543913892096302476 2.93143187059260856842 3.98968798774131894191
-1.83478868057638866418 4.38352553703614145064 -0.30943895570195589784
-2.38247225483576352545 4.21290747122886255482 2.34150363237504333114
-0.78985599503683046052 3.42887368298701300517 -1.57303594411161373756
3.87272437313002182435 -2.26868748566289868407 2.72931220862877221833
2.37299366092374786064 1.83581970522880677521 1.46311351278863721603
4.20917712393766318968 0.75355455495324985549 0.18095983876155852244
-1.48754645719245814917 -1.09409382578716174450 1.80826932884732638485
1.45069842698732553998 0.59424902207994012571 -3.28021321478173222275
2.90028368943866343699 2.35615691394941606518 -3.44978219975705702183
-0.71073474690773785767 -3.03294525067445652766 -1.15889304239180113143
0.73716248810345952336 -1.39697451835334396364 0.69786592158800964114
-3.77914010650413434433 2.26486190219443894733 -3.60013292155787478777
2.87405981612941463510 0.00495950210506901357 1.71531661469759910688
1.85051582176441709038 3.68903792859959711592 3.38743275655830977655
-0.04470439502712775237 1.83160696969336012074 3.24190582306110908206
-1.62036483642675976924 3.14731181975997120759 -2.30635674381183086723
0.04879821217383373266 -0.88404292768053105434 3.15264723635196819629
3.95157552663006494953 1.25890785160489304673 -2.81319703245707408712
-1.60167412688232424500 4.21529792436426919977 -4.15892101460059393503
-4.30054942770115289363 4.21589698150475111760 3.04303216550129818074
-1.08135179223495025980 -4.22139355418639272699 0.57812889758617647118
-0.17238660502049629741 -1.14784672401279985721 -3.33170555864412598623
2.99811343369637395284 1.49912203241485553207 3.11085175942084202205
2.91299068723298670847 -3.65280314988576382262 -4.53342061946078889179
0.59658669452005064215 -0.74779280726110108901 -4.19662972364769704114
-0.65001127108786338482 -2.12452628494591166941 -0.29269374261803449144
1.76273875014447334308 2.84495175972706793033 4.04711671642736714460
1.67858586944945731290 3.62539823964066432183 1.19905919471586219771
-0.64461234028792935291 -2.76323861415776317330 4.26131085473651705087
0.18677697921043723284 -4.52827820445696183072 -3.32369071640557312008
2.37315888798950247462 1.90790348178509194810 3.88777374525011776285
-3.34747989568798143267 2.20835790427814426806 3.48889517257377779202
-4.26426664398779120546 1.61649279946688029241 2.98811338719940966513
1.66710653431282462833 -2.13715099597665236786 2.70119997610283846257
2.93554193353674097722 4.35595017393808436879 -4.51306545364505762308
4.52820030139232709843 -0.03996661753356889335 4.03753341629132567192
-0.57105657418011901427 3.44195937055301914853 0.19221693776029447065
3.70477106974993564137 2.78924554212881581350 1.28832121757306605758
3.05705481719410787633 -2.81197477642015591925 3.29537372963296792960
2.10436443972645914613 3.26290615458446087160 0.34559831653375105986
0.57184366724359581013 -2.34460694446431805460 -2.00075171251415317997
-2.95857636232417320343 -4.30788969275509359136 -0.39809771801643822897
-3.64175512541201529260 3.71587383312509711430 0.43393566406896155740
-3.75543135089673629778 -2.71131992896289686357 1.42728891785033518147
0.53856249471277894969 1.36479564688551935348 4.03041806817188952294
4.30817151300480372100 -0.07803168773336288666 -2.71336256244977347407
-4.03015133927217306109 -3.73417768961533802496 1.81479958152069542621
1.09333895516520041014 -3.48818756557177689359 0.82203681362453551174
3.40953731965988193764 2.70579409345428434364 -1.59306536276782084727
0.18664661073824717619 0.20067863599007917941 -3.72953093652059841645
1.29178414355379178602 -3.89815954667357100760 -2.96501710383882954858
3.52796601682081512052 3.78920060819251514062 -2.53337178251437578069
0.05612260917522515768 0.81405865626904017063 2.52313105703295992299
-0.66591597339338814976 0.61576967040779262419 -4.24437179738025172071
-4.04113226960341975769 3.36617433833612800242 2.11578463125741311757
1.13924082623313172036 -2.69599060193694706200 -3.75764960048508900314
-0.50436109341851143029 -0.38032149853177088517 -1.23818919985791264793
-2.27294291624635924620 3.60164506678080886815 0.80601694741165097469
-3.22234479753106217714 1.39696083220420863569 2.67927345253709425776
-4.49555397055053784783 -3.85239605473283353021 3.54824555525788820631
-3.37467069629151561472 -0.50536068296326597249 3.17752611296643205918
0.66643718543652230579 -3.47864789912693428420 -1.82028504487087516850
2.78426863671920887811 -1.87651735648526551969 -0.08164624119257091195
0.40876017212311843707 0.05801170783550890775 -1.42165052103213973567
-2.56293201518142144124 3.99263839677272347473 -2.35058416263697589343
3.03327530480679197211 -1.92597324154009630348 1.66510442166331440461
-3.21722918061619989061 2.86376624056829953702 -0.13689961424460062034
3.61425752142011535994 -4.42547787793584390670 -3.38629788548415300298
2.12034096474318634051 -1.24567049013627073606 2.49616752165102173677
4.24783902437973193145 -2.13630013509979344022 1.47920946128503949524
3.47755189415942655984 2.57609898485126187495 2.21383291564077300251
-3.74434292846304828117 0.26548803619663274844 -2.68890379121450129318
-0.69579445124888339436 -3.16240222509193058542 3.37823240801429136582
0.62900659031094896534 3.15744287794831191007 -2.05376294510635926116
1.70419206208527729274 -2.83638782881893325438 -2.96352990887118794561
3.77370061679797874632 0.58160476136070382580 3.56099278690329068553
-3.71221015524349384762 3.03765166812495390758 -1.06976717168059476393
0.54871393942919510778 -3.68423181314017966770 -4.05086917741356877798
-1.52829386419930690622 -2.93553630195846881890 2.07055169790131099461
3.82331890249350347943 -2.58810657320975145979 -0.13915012471238874525
0.41341998604416030361 -2.41633432447901830287 2.47756680609467228038
1.03213378303740999087 -2.26242049426399827183 1.20201842835310213076
-3.19275902378322040676 -0.68762061526658513344 0.59924687025624034931
1.84987482733527031087 3.95478009998709989503 -1.29057187718676757981
-2.37966105541523775813 -2.57545126891082620801 -2.01745600424966609054
-0.83409779363376745920 -0.90997459695644478117 -4.43592670614107742466
1.81395116701500480616 -3.43206298770710782620 -3.81633672910776899911
3.57009880989688266339 -1.51227461803054819001 -2.17174705561520653418
2.16612800591802301398 -0.50949624226615419786 -3.06209535355032302917
-1.21632678683570860656 -1.96362588452644493131 2.34600796661589683367
0.10981408909026946219 -2.22759801331141549241 0.40044325833812255411
-3.25375002763836507214 2.72153615070817256338 2.13858683648456437965
3.84932479293703533330 1.97087459809143616951 -0.44034158046393034880
-2.70083843853994576278 0.78193117456693350675 -3.15619526336226785546
-0.49127290991338590231 -1.92033226678596591341 -1.96691658937885049951
1.36995229967502130108 -1.61815218167167396146 -0.24320099513942849967
-4.46836342644572503957 -3.35363273581506504684 4.49989613764565188347
1.98424811747788343297 3.89165867905677398397 4.53585071990379073981
-4.24319235809572781193 2.82020319181163525712 3.20100738031748388579
-1.52913088729427437684 -2.26159445982378937146 -1.24954701991444538933
-1.12976600901872448190 -3.18812388437354954362 -4.02041059656301857927
-4.30038714119179310558 -1.46867858700278874906 3.60752222770569463961
-3.72602082489988806202 -1.22826494514566997296 -3.35172564457382593517
-0.31621257151080062187 -4.32572466666504329424 3.44082910296522737070
-4.33397568877171046609 -2.04668013938863824208 -0.52117076555450747577
4.09217960578980655129 0.80612923310488149298 -4.43279800520376365824
3.11790941377169339432 -1.28364408660966322628 -4.24605957637724351628
1.78219865141938971220 -0.93664117809461622244 1.36313910837837592993
-3.64154384614491588579 0.39371062646630150539 0.66538975331512872913
3.41484968871484451114 -3.33646579175725666033 -3.60282526377404987983
3.85958153258669600660 -1.20372000159441983058 2.62774397101767664964
-0.53243484084092784769 -3.38105967098128079584 1.55409603034605403593
2.63431510656697742689 -1.84874164144166153179 3.35212146411844447158
-3.18471546275511130375 1.56245931813469862703 -0.54748207005353766164
-1.75109589100823992425 -0.17981645149427727404 -4.02538041157956438809
-0.08765614094855855853 -4.26173551892237423289 -1.41195726651014119568
0.87291716947232256274 -2.36715781534014535481 4.32571025438078660130
-3.19160290309874650205 3.90135448010153762510 -0.78343226228241746867
-0.95861985484608513985 3.37340914417944137682 2.89834529757576131459
0.34086489344558046355 -0.02026431236847425765 4.16414721483989946904
2.85669428730893493196 -2.56704550671497999659 -1.36642482508429985444
-2.12302598454793089999 0.09013119632998467523 3.94877971621372569899
3.95554371635452728384 4.36559650654862085872 1.08567768261505470662
0.35190069145556979180 2.63976457286036847449 -1.08415963676056348319
-4.25683399058349554167 -0.67817298572230821918 -1.79195175054546673721
-2.15155590392805029509 4.03370905861231232592 -1.28857534889177216542
-0.29105802294539007136 2.69254196400203671402 -4.05182433418424370331
-0.25103104799721087659 1.42316286993540241923 -2.26561642892312553599
1.93538351349175474780 -0.70463800338548576718 -4.47785639449433769954
-2.49422500631689292305 -3.09929919440187662261 3.18867229064975976627
1.19136355248690417596 4.47098937882409597222 -0.32308634640706390684
-4.06220987733331462266 -4.29727796726254585025 -3.45380939745368964466
0.99654969588111619316 -3.62189847422352606543 2.16998846974960635237
-2.89068345064387077770 0.40678015045755877566 -1.84274985220321951829
3.33524945039677600533 -2.25465326142947164456 0.70507485043764805965
-2.06972686010166828652 -0.81863887915482580482 -3.20438137668957256921
4.05339990248843573539 -0.75527349873833582450 1.68260593215133180678
0.13991821952313099331 3.20882857181176728290 3.51951905712331747367
-4.12096074625916664047 1.17132456622484948383 -0.97690935763994124486
0.67895861180661665202 -1.58596206673519191099 -3.57879865426576015963
2.94918787980404495386 -0.90422218725759861968 -1.13166217759570963963
4.34898155241533412863 -4.52602862434916364265 -2.36630804318829079946
4.44092272113599673133 3.53781023863632082538 -2.09654302451733265400
0.94519959473702463981 4.36211171681068687889 -2.36082674007231130275
2.09104997629333499987 0.49055737731314685846 1.19103797819053536244
0.43827283014952911344 1.19656985628249135090 -3.10299862080822563826
-1.73099292043577257516 1.23242018494070038059 -3.06418676811597334719
3.91235102356169317517 -2.30876799027728152325 -1.23290704104477066849
4.38211860787235618631 2.70993411103703873977 -1.26664817946034746754
-1.46785459604726353788 1.67168887902481255736 -1.64934814453976041904
-1.69308811871266984284 2.11818285030169750627 4.37742859761545499708
4.28937966082399402268 0.68945988013124548388 1.76068716425512761248
-1.23149785421459245782 -2.90097227272620905580 -2.32338482235933119213
1.99733903053343997414 1.99331743400734051619 -0.25152493082176619055
-0.27114963516357004636 -1.39141933670867423700 2.18405603712288964857
-1.63127612511464503697 0.59656690396375644525 -1.46860123461960156988
1.95597604114548229148 -1.94115998001081280222 1.65322554466157267683
-4.25808175270772881760 2.90517685082260701535 1.13372824502584457207
-2.11700936267430117610 3.82317724532599445553 3.42698087448842692027
-2.99674385018073952125 -1.47399145779930940137 -2.31023959553542734824
1.39725126690065781787 0.16804109033929304218 1.86254040379304441899
0.98463511375502754674 0.78723936594406840328 -2.21110659585546098782
4.09217944076719408741 -2.08735604944141472927 -3.17101467865404007540
4.14505278540490973427 2.64402542912313531787 -2.79880167676029323331
1.91975174536580528439 2.65791738297468693730 -2.99630533582179525709
-1.85380137189925919827 -0.33951858116738709015 -1.93114166087383187786
-3.85394933174337506188 4.12079718960019558693 -4.29620918226389747474
-3.01198234101270001517 2.02331511973805522331 4.52321021036043457997
-3.45081193932209329134 -2.85055081083499173289 -2.10969718559020558146
0.06935994831966407759 -4.34065948232313836286 1.90363145179262627238
-4.05186504553551340990 2.15159900300461437439 -0.56717609995572004777
0.22104985384437458862 -3.24316423372168838313 3.01573354551911609889
0.70749675350222496206 -1.24722358597110982714 2.24156054366339585471
-4.53142185096468441685 -1.29376998934548215203 0.80541729652194238298
3.90377191179592575310 1.60038983585398586484 -1.67983658142816594250
-4.24287860799139604495 0.03123360046531153955 -3.76524594819556535086
-2.93058952833631947144 -4.26474986223384711082 -3.70811500215962164262
2.37997521631186526037 -3.54218204517307766466 -2.13544380432399538705
-2.26075396506437753530 -0.93205754169384480434 3.05799911739366603314
-0.92222294697867024382 1.09891684253256816106 1.20498491038189303737
-2.15872195692708190862 -3.35988304134585114014 -4.21276100535320097151
2.91810226654277204972 -3.86437304973944550923 1.42208641185030959520
2.02958970880673650328 -2.27112201646714861880 0.64903979969913194736
-1.32189854924780414436 -1.82243446045853874082 -4.03546649763390519183
-0.00802889602334211361 -3.58710040795495732624 0.35674456868354464945
3.74522193134164727013 3.27503968355514896160 -0.51728339566722159049
-1.81488632725172660543 2.91878101474133000437 -3.37784994842955299532
-4.47884444311635387947 -3.75471850494914338725 0.67842379072180403199
3.03970610570328769739 -4.46328960479724745625 -2.18867599321183936567
-3.57049682505033771918 -2.57841157443751711753 -3.92323617082175646331
0.99860558028725598945 1.51441684060575187942 1.45908094985943481703
-2.91100466382305533841 -1.02835891738156881559 3.93559728108509521149
-3.64221284979877069077 -4.36323550339805876774 0.86720789151653931981
-0.27333660505481383041 4.16939775935424083997 0.92162024625059224547
-3.25283606751938059176 -0.15780288689772703492 -3.49425767158916311672
0.76675535067270672585 -4.06541718751211167415 3.91287277575319603073
4.07539123936871039433 -3.14479672036583179917 1.97735201039123342781
0.44342507330823011102 3.35212810254384852016 0.36719166452882845419
1.85073942880914987796 -3.65911277421153613432 0.12694172455020691359
-4.33242733195167417648 -3.14452251729624032706 -0.88716223056362863986
1.13977186416836673288 0.13714242275356269829 2.85949463384282509537
0.80702334667885189390 3.93120498829588793654 3.71770333702520172636
-1.90000476082370983733 -3.58907361756662979246 -0.42936383320637627747
-0.35068634003098342333 3.15775445610338412195 -2.69451476877257212195
1.85961138403871029112 -0.06974105649851480848 -1.85482538789707307458
2.70875738284937650491 0.75653314462656862105 3.62863066213556617612
2.18164278412347822922 3.01426557753910717707 -4.04518758242122178359
-2.77915234365326702104 -4.05188152818690650037 -1.49689395616523368560
1.61810829407054068696 0.78567086129792862437 -1.29748232588498657591
-4.35427288250864563679 3.20781431349191681335 -3.93087981382657192242
1.62489582823376199627 -3.44936114656951309243 3.91917830151614321466
-2.82718564874722355640 -2.59430301165934373842 3.98569760374146841997
-2.93486459209999628328 1.25306961751058931753 0.51043948760052959557
-0.13965057276130288244 -0.73379669962137583639 1.03733683967880363497
-3.27012895423961413854 -3.35002630241495502617 -3.34675815959542211075
-1.93740513572694617039 -0.82633593224215351469 0.60539478296552129422
-4.17545207701088116892 1.02999404368429647860 -1.93458141759594504094
-1.52236983878239939827 -4.41234892080236740242 2.92180099888991584578
-1.51604830570227466779 2.66097537818246365759 3.40434874748274207690
-4.48846754641904066574 3.85599403822684383414 -3.14474254639803296740
3.01915253369291303187 4.01223201659727113366 -1.32715764699237670499
1.12659675512510748518 3.15893816780610059425 2.87846831183462636972
1.91549162512664761238 -2.97715638763113066290 1.48094876767143990293
-0.61829243762045926758 3.95715088007009097026 -3.71891329338033171936
-2.42120433622581643363 3.10426931352442725398 2.71383345013195320661
-1.74782040723290199580 -4.08353747599868555085 1.71873302362875879368
-1.56742510158423975497 -2.29032924280389860172 4.04530629977986588841
-3.16987002915046556240 -3.70102818839708902487 4.53721379468863172946
2.61936912181706116343 2.81161942631392225422 1.27607356937821325715
-1.27983273100433292413 -2.65324919345131293724 0.82423921519970377858
1.04808163406989773847 -0.80343299102603449313 -2.69736444646594275554
-2.57812970270815444707 -2.13089324069107188819 1.83885905967135609984
0.48074932638360756698 4.13380952311441962621 -4.25856680253813379977
3.54733711978107901786 -4.33147170218469312886 2.35831974457671034173
-2.05066143259132660503 -4.03118558287707795529 -2.38248754167249643388
-1.88691488462281631300 -1.63707447067537703589 -2.08699301374652934626
-0.07127653357596663852 1.34635281657325922566 -4.03250690174042691893
-0.86664786602699717122 -0.48875528303371318373 3.81932744228960086019
-3.91821232367865368573 -2.47153781277945849837 -2.96035566488042167776
0.93057424514840114682 4.30423729309304281543 0.83678488334084821787
-4.41265549632778153466 2.30931996972698616588 2.14561413303954662268
1.58030741956809084314 1.53432331625555296029 -2.68037884110102408997
2.31825105635172956653 0.86868586894307142643 -4.50872300288906657784
2.75833284782578136429 2.78216036946748879188 3.38846207778102748165
4.27743642941784418809 1.88798748924830661622 1.25154690522511291562
2.12593548828983891497 -1.76611043354251950888 -1.00101933460597614101
-3.85179130612575626458 0.45458751040948186528 3.31242177197074294526
3.21445163256211596803 -2.57660334771414856192 -2.47656461219678281083
4.31331337311018625513 -4.48294422993407248867 4.37865672745751677297
-2.89858674381369363360 3.02288152483766570100 -2.95117116022982006740
-0.00712168983190508698 -0.80097045239617470358 -2.21890623311681745022
2.83474536057623627272 1.23408781620642749033 0.38014990532530124057
-1.85743219176837737194 -2.74779221015713792653 -3.12128937385394289450
2.35572724006664380170 -4.39056708459796052324 0.68211299593379415285
2.78296284562345253022 2.03941314508732585153 -2.19130932330658012575
-2.43130502812978965821 -0.18275953943412215352 2.10134328728592389979
-2.37909869256507677804 3.89420245264228892523 -3.49320481271079552599
1.17370864134368346754 3.22030901656747037265 -4.24080942723371467906
-3.79304928596746382397 0.53806014939895963067 4.33454212433058483356
1.75859995847499117616 -2.65166550732498418341 -0.36550474876265681701
4.11161240781002046418 3.50382636509898315325 4.00612373152617973204
-0.91458300349802668094 -1.39812636591540373487 3.21941160462653108709
1.71567911139424644773 -3.12936000334309927240 2.69540634480012641916
1.86732136298918938166 3.52345735807522597582 2.25108804153592334529
0.22405102188696357501 0.28920257298235707566 -2.61206333842780535903
4.34759861800958358202 4.33796071754652512453 -1.43355939263082987623
-3.16188779455094426396 3.85872389371575597039 3.16241971265758969878
2.90047875854517389627 -3.52595132240578656990 0.27754642912978866320
-3.34852938764485763556 3.78561357797816011583 -1.84558652054252902985
0.46173020962226551944 4.38965366979840165840 2.77841284355250373039
-1.19382100286452175197 3.93447887509746418999 -2.61326331147805079880
-2.97489589229283701854 -0.51695381386732197626 -1.33662960890729953789
3.91112987933326916590 -3.07763645318139378304 0.79280892476666497970
-0.72651555000541945262 -3.76500586505884893285 -2.09547109046465651616
-0.11800210819981327148 -2.09607024693969057338 1.42933663165859936584
-1.66270000690532349097 -3.61575858584873266466 -1.46728550200693863559
1.52884465120961277051 -4.16091859525156948507 3.08135646074251479121
0.99492931513407256716 4.25125805379868904055 1.99259218261320114607
-1.14303778124362453994 -4.00599263201249300437 4.43757182684535944617
-2.64742748120677395818 -1.07022880645967255475 1.50804740042677476453
3.29013415721286506255 1.29922768591822546114 -3.71210893027291488622
2.56352409328252495158 -4.30227467615540071222 -0.60239495933243070169
2.62973288813712624545 0.68943949892401512614 -2.48654024215642177609
1.86445171108432372620 -2.51556681757977829150 -1.93252701177401631227
3.54667895901927732183 -3.65990421923680919747 3.35509231518108652637
-4.29355769922210583900 -2.71797053240780117633 0.37668352669613103245
2.59175227342520297924 -0.37511014097640593690 3.07572255318634013577
0.57189852637743854302 -3.54429250213409696713 -0.70781753504133160249
3.85015503164580419337 3.14375337320876990788 2.97778949535518933089
-0.66377276019105257987 0.69685101917193215115 -3.13393483231469760497
-4.15706718600021130072 -1.10991412231821895418 -4.39051523291591649922
-2.77996333996965550028 -1.04509140405205380731 -4.02882905009939662477
-4.49392273192091629141 4.41435146358399688182 -0.12634094668638162773
1.08854304021926839852 3.18314439683049954510 -0.49290751909059249414
-0.95314216955313924018 -1.00375463826740407569 0.39280950357071464651
2.96095661815432986685 -1.03372463126296310065 1.96693536415417735697
1.31624863671813496779 3.92655514004618577673 -3.53060073263554352607
-2.50314596504978581493 -2.41544749950585080356 0.41137481407430076530
-3.39665136521605282027 1.57387512364754922345 1.58938943165054258344
-3.84448738865975103707 2.86375681453465613657 -2.07517373886009304229
2.73296872690946113238 -2.86600501543264574167 2.24327682531564764901
-1.71694975629828316954 -3.40823907329551989420 3.82380729385509976481
3.27089085424076841946 4.40076744535903241484 3.47344769605390180089
0.96468932791795225512 1.74315210128278774704 -1.78490651267683464454
2.03762749537946863398 3.21604414125922577483 -2.19624358965820887235
-0.69478922629580042170 -0.39589290643061314512 2.69877769002489120709
-0.94066672563328967982 -0.26668458440262021725 -3.38984117872845569508
4.00065355105228004362 -0.86750671517068678185 -3.46494240370965478348
0.55201428431006949182 2.43499292638310738113 4.11300140094262811630
0.89132675962900798083 1.03489071684203626234 -4.19514480804236544742
-4.05111041555670503556 -1.28334732634095649573 1.79087033645471205290
3.33723568738907072628 1.44520947516200504168 1.95829823337214659063
3.62228781274589106687 -3.82096915923253277469 -1.28497929458996695828
3.78353501296394423292 2.27069054272053882926 3.78243246929898813136
-3.33223219690471061938 -3.19254856199998249267 0.45217931262961919003
-3.53105404203622841308 1.85885316121734867068 -2.35943357482388593738
-2.96484595972081121928 1.08951219936770993257 -4.16631875462001666222
-3.99220056963167291286 1.62027449142963497764 0.49296101423938321062
-1.13085608477567856056 0.23398851714777180177 -2.44996332814786477172
-2.78695185343945528444 -2.33916872472532588745 -2.97649906051517953998
0.66876548799715784810 3.82537280863078432702 -1.30360984911319599533
2.26837252755935114834 2.22605537729285618553 2.50920457349659464796
-2.51393515560603431069 -4.27372101450650365706 0.79972615361420995583
-2.38630331755092850443 1.76322195998295594421 -2.27124850391446075903
-4.49198461323900755104 2.93671959894331546792 -0.02224683362046508961
3.95262714301089435054 3.73942065954258762162 2.03741363958005816670
-4.19882738776464847774 2.03208638316804623969 4.10281864901784043553
1.45812958090926603205 2.68846578622226761723 1.66677730737750184886
3.68121317933470404427 -1.61937118967531556990 -0.61637958101213019546
-4.41691551655487035788 -0.31286153596315546821 2.83971093373000815774
3.38772896849040439093 -0.25686309477638058496 0.68408207107841967343
-3.40908864630495633818 -3.94129854857821149139 -2.40173921845481697090
-2.80893355626567009509 2.46332365894252358629 -1.55492976500831936448
-3.79083173651633265067 -0.28196065830556626963 -0.37389804474679078083
-2.71043101920507822911 -3.09142272590375322139 1.26833014850844438826
-0.04709531496825825059 2.13630910501256554568 -3.14775143188261896654
3.01827280805919873075 2.49033528478638377379 -4.45758431583507253038
-1.88100731476091853622 -1.21068556467336341242 4.18828534786339812257
1.99965503558038459886 1.07769071654831893881 2.25719277891287273263
2.91920717142643582065 3.75739905729009304736 2.26487553538114649854
-0.76995861496478834596 2.53025698691357892045 -1.99006033777874336010
-1.92754886764149802048 0.82215402637562284838 -4.15050968692284438788
1.76648482039861942638 -0.35590192739336412586 -0.85881186935649900249
3.51549470948493958389 -0.24126024274142832127 4.50083321857742202354
-0.19067556699341103865 -1.95268646673357304522 3.67928630313850657529
-3.49222329752942828307 0.13201224170247360945 2.28943237261918586256
3.30559344873276117482 -0.42308213527165250412 -2.24821755093667086101
4.29638191474463848607 2.21682348252450633908 -4.02917405453882526700
-1.00684547749929187432 4.13485006633596352543 3.88544172918010932705
4.11759572951293417731 0.33747889457585067419 -1.60751963673511166775
3.28638745259471232174 0.27821649688231886444 -3.57654380627978474294
0.99837473485066574597 2.02285775999890216070 -3.64708646354384535826
-4.23507326944446127470 -1.94466854011397227708 -1.72750474406898524293
-3.83438110202563731121 0.22442339190054028109 -1.42625563527540766273
-2.86570648821834872422 -1.73689137376367463972 -0.55097535176417977709
2.47244997814308842266 -1.42411297891864618848 -2.06541124984116297725
3.03593893362080269327 2.69164498281571695770 -0.08032714448445954503
-3.03113154056477984710 0.48126040673639014500 -0.38453663283879535584
-2.50275851332706711361 2.04625320237539298773 -3.39585056851150568491
3.30529749188935095816 -2.42303082755954601879 -4.36288723102670417120
-3.67135894794776485028 -2.54613377690554765209 2.63163400017110227225
-0.61083576375216042109 1.06574249252617914152 -1.23854232777231754170
-3.12761738483197815341 3.79566417519348053844 1.30220079209405437126
1.89597691289649983304 -1.81051083649466182379 4.36754855663639052210
-1.24426620924783915001 3.30745948170781645103 -4.36972381083517991129
-1.28816894010181659525 2.04778543895683018405 -3.55249297323532253756
1.28155449255319542345 -1.12404944042765819745 -1.34287677396629323567
-2.64191761706072369975 0.33926189981838206222 2.89586530909597339445
-0.00204228447149823467 -3.50709887433671152479 4.09437956107212297496
-0.83258156270984295944 -3.75631406068854900582 2.45998048794572365949
-3.81958799230980217132 -4.07160470404399443822 -1.27041703048440757229
3.29692536577812500553 1.45115365918284222602 4.28206858758139130572
3.56635599244789514017 -1.40715492184323043290 3.83230704013602530011
-3.09547077220360300487 4.18860351863880264744 4.27249715133746033047
2.32951185906543312143 -1.80923552944345100713 -3.00606376581059953068
0.33308050681144774074 0.20131980394262249945 0.19201910947248101991
-0.77112994423608682837 1.58049522336686809609 0.17604657242553756191


