22
2.43707296042954268955 1.78639725072065935763 1.61871392083195253520
3.13074068304064567769 -2.47766388975668494510 3.06023193684723615604
0.03160422070461343935 2.53832315624929716336 1.52220472909192050537
-0.59907656957421728805 -1.67868301518084006574 -4.30726661746533778796
-2.77869953529825952643 3.81832562279346721112 -3.59755924719222486274
1.95660130081333338836 -1.67876091123131798710 -0.19561424210068167895
-0.30045050672481909970 3.40070088504006395880 -2.95898979859190225383
4.34360788670401642975 -0.80212219021175679146 -0.17002656824389994483
2.66524252593848220982 2.93328451143271085044 -0.21091868979421324326
2.56923728472736900841 -1.14609001311387803668 -4.12449917267637644613
1.33004925914120786246 2.08257737703243517302 0.86527216382802674133
2.99896421837705329239 -3.89098012934879822211 4.53627384069466987881
-1.41758992170549102951 0.40332631382409633858 2.42994815879653902613
-3.70478868275035200242 1.71737931950042277407 -0.88599419118605649004
-1.81778927678458446238 -3.06021310377915289891 -1.67875604466405858872
3.44407724863523245773 2.99819565269356136383 -1.01474424878146063378
-2.09398991891706476309 3.55640891758974664327 -1.68579308959455964612
3.72205033478239055711 3.57292979165182433832 2.74576708309720896040
-0.20840703720563436008 4.50574481447816577173 -1.66242690142965532374
2.15633506765030613650 1.63816284376148235680 2.97199730038817211408
-2.92312991368191754660 -2.88852767377497032797 -2.59350683326988074029
-0.46964322001613290070 -0.50244124301184545089 4.22905104273506271539


