495
2.40250443682474479346 4.20836174264387974375 3.11886217330437442996
4.44302499900355751805 -2.46050442733917229532 4.45927641817721731599
1.30615984539460416869 3.75829900547665740618 -2.79391453556972946259
-1.75549585281876163734 -0.29497820296388610473 4.36257135741357071623
2.07020287164343397279 -2.29758828123054437143 2.72227487305313253785
1.39691903733578737246 -2.92420364608282135066 -1.11541006326627023526
0.10301651638215947315 0.21532245839209451788 -1.11149215835766401739
4.13034661089365950914 -2.95572507248890037346 1.97522114536897586135
-1.20536399847913600070 3.45914099787818685172 -0.70040837443055892209
-3.08872875804871904748 2.87535526087848847254 4.12308146769781824759
2.03712480167290799216 0.46159167563338687756 -3.78959011338429796467
4.22342968634670778982 -0.29899831811548249760 -3.78954565787699237944
2.98868571416161277199 -1.89567246082850404676 -1.25966656809441879261
3.64382112804058966304 0.98230348803054834406 -4.29973120178205192587
3.04843955799120180927 1.65802736637004688447 -0.29248696535020979326
0.80488816808073870845 -0.83434536069109821455 0.68991225537041067639
-3.56442508668350388490 0.15815606028819395590 1.53198428602652025887
-0.38562578617562337513 -4.53265540934270472206 0.77962805695617198865
3.73169886831030606089 -1.93418926613226371813 0.16385292220564906529
2.36810007420997425953 1.73579880258486429767 -3.68925286646432892823
2.61187600442258638367 -0.39255209889154052405 3.59544010724703522186
-0.04041353994450780363 -0.56916584788936708250 -0.15932452735980451308
1.00475331476310358880 -3.25192974209175256206 3.67907082254521622389
-1.06259149874112868162 3.26868660537513289199 3.16984258698842147339
-1.12370768280919719473 -3.22802947292202047080 -2.60779535418713948047
1.81236730386053235264 3.45613191233991212670 1.57761809542286446373
-2.83225388699975200169 2.97997536641760962794 -3.69398151541645836105
2.86156342734492685764 -2.12094032723109959804 -2.22837917642652305616
0.43282793261524865613 -2.55355525010242034867 -0.36292082654262092234
-1.92751143167883665086 3.08458950934033371283 -1.64629529847319222569
-0.29501405565621308114 3.86613641490731563266 1.73308022574066189492
-3.08956119785489358165 0.39602329496859489666 -3.91294462512091811845
1.22018942641172323249 3.56541812774996902391 2.70676357239633613716
2.74637719310033112663 -2.94484847889039347280 -2.92322718765329270241
-2.40793214023784329925 -3.22001184855867972345 -2.75721737444486025836
4.50024195220886991109 1.11043193823179997537 -3.70942941272905857275
-0.10096543119759981977 -3.13486962429537685537 2.16040467215568288140
-1.99466834294118600113 -3.12590357734123625022 -1.48116278422230784884
-0.74822147169349140228 -3.51306071982471701531 -1.65503543873081637727
-1.94694773163570644670 -3.26056785065597543039 -3.90355490032328633632
2.81308914184323999308 1.59906306030094658155 2.01604864394288174623
-4.26441877252203749293 -1.00693408982616450231 2.54539800210856359541
0.72461392374370880987 -1.26038135192253575312 -3.11041578618200809103
-2.18229771074180467494 -0.34794285392045232186 -3.82984655332723589183
1.61805446670348018756 2.94845817773494278669 -2.10518783592492031431
3.28766414587720934293 -0.47312754298143477882 -2.90040583181653177647
1.33293249009520398118 1.99360581638829348350 -2.87454923447955135174
-1.75072739500154161973 4.31038844157251421763 3.80510109065667290196
-3.61624612887909657744 -2.79121595075316131229 3.76376996223419890697
1.43018283400620749291 -2.27911665792234829908 -0.23761908758320604562
-1.98943483967246370625 1.30849354380176752244 -1.21783891707054836573
1.37251150345835615241 1.50383626537187087280 -4.07849634723545584336
1.79429469829183840801 -1.87938932842645289867 -1.16498958346815761900
-0.61781029960997058126 -0.83952636296767924051 -2.99513071054389268255
-4.30786420781857604112 -4.13023605139281269061 4.38950570552308239058
1.41394411328064695255 1.33477902755300448234 2.82770700803820940195
-3.78687726251477352335 -0.73438991122593977323 -3.35912414631125422204
-2.40200496428072085564 -2.38140082571944589063 -4.29085740309960961270
2.56485510665001736896 -0.25734432770619708464 1.07761803364725050614
0.93565129538955460475 3.72863743587972162885 0.78448769043702082371
-2.93404441804843152397 1.93735864001455038164 -2.69130053570780169991
1.22734005846627258762 2.09570799517527728284 0.07045018304883221560
-2.13763089265355654689 -4.28373548267290882308 0.17906846039622337230
0.85360931904547321381 -4.17703362077928641583 0.41245463361939105340
1.10943381759168335776 0.20691800383130853902 1.66307430415782864230
-1.76197156589503745039 2.28043905260985635408 -0.56972973599665976963
3.37629085910423842876 -3.03161258736653671519 3.28849007554188421665
3.17057359631218904639 4.45137060320994937257 1.31343028097155212208
-4.05916620432759867043 1.89973617142999540164 -1.04681696501510357322
-3.20821287989295322873 1.13490994307729664570 1.79001821164869223679
3.28722555714929409731 -3.84838161081592078361 -3.62794612757506174106
3.15242752944101400914 3.17743619241008357079 -1.85829895552820323346
-0.48422181891824589428 -2.06324873628831229055 2.23237851219882532661
-0.83338912668533327022 1.73630876001902745287 0.43881587623661211239
3.53311034638263432583 -1.58673867054504302843 -3.15461175092082957150
0.87757605077297817786 -0.44949459029097127427 -0.71749311453859387910
-1.44156403523444076598 2.29332144271976012817 2.80853289799755234668
3.74972958147535262441 0.30771593758165050048 1.66173074900581685398
1.76867516641929700683 4.33078403704659198326 -0.50188729521710140347
-1.25892437048479521877 -2.84974224419704302846 1.69410998321319450355
2.51821570893079371700 3.35524483230627001973 -2.62250824684505934314
3.50946862372844936573 3.69849369747445688716 0.48373251313291376619
4.21637646588821102256 3.46759054745310901779 -3.14215512904792904081
-3.30980489950391598697 1.39209537847452669013 -1.57459866819714067177
-2.80472226510757849383 2.26579724846761632051 -1.48097897645456333393
-3.20105301790797103223 3.27681806405388176273 1.57441582313481998057
-1.82008089119239180320 3.06900820756902792397 -4.19748713983966315055
-1.07528388197357127609 0.07104975098650356813 0.78535889458836649624
-0.52550202679407220785 3.53736081836254978583 0.65346904827017837647
4.28491462695182345755 -1.82687561373261164732 2.29044808385592713051
0.32051726927430035374 -0.30409189671968928081 2.01245804231950753405
3.39665437240829515275 -4.11275110863404957939 0.05127125173957480797
-3.88301576225867073333 3.02743579976870691439 0.91421205530460269983
0.56259185336874040217 -2.15295650351574652248 -1.50193681889565544552
-1.27411419164974271112 3.55586545529628050843 -3.31887596095420978060
-0.06567004660543673822 3.00041199000880443037 3.42197615357223661192
1.12111706033456037801 1.68506559572534708735 -1.85300109333884099883
-1.08937945321462459347 -3.55114504463889790742 -4.34351482637802899234
-1.28079953060205076198 -0.83843804579423597545 1.33252521772829890523
3.32741707291296417992 -2.83478097755672520108 0.02980171443052093139
3.14312481523091236113 0.91409301106820883831 3.83808999893969993167
1.33647497450707319899 0.91665249336081355835 -2.92356728447880875876
-1.53434799015048506377 -2.69036427022786606145 2.62593704083212209355
-1.64281405247780787349 -4.08781745275035390819 -1.96904603373569431213
-0.17530564747511068191 4.11265301494828872109 3.39289938672710977841
1.64471624094766344371 -2.38156074492890379446 1.42418262877591050852
1.89350932050546738594 0.74781639575501479555 0.16784974189015677837
1.87404312686489049611 -1.41846371835652806936 -3.46260037787993146807
-4.46881725737808821464 -0.27752359143287019805 1.98008591217644713822
2.25075459400118216280 -1.07658766169256336909 -1.53260461970762973394
-4.04890690673895292662 4.07500820323230339426 0.45142679798331553087
-1.84880412595161836009 1.38437692047795923855 4.01530333213968315675
-0.91768731449270557476 -1.81895467465370241911 -3.12433734304177468388
-0.49796283145062769648 -4.23546815163945922222 -3.56453683215672434415
-1.84630486747815147908 -0.81011056876126197324 2.38366670033447292099
0.64533382472535993912 -3.99796874168578852959 -3.20136010549232130629
0.93863904289888466792 -4.40209992438596398046 -1.49175732752897793887
4.16397785077828164191 -0.95776451263323814089 -0.53426978928030344207
-0.59193214099856827914 2.24898926971460699775 4.27917492435043467225
-1.06684552037515878453 0.15582566471945114017 1.94852960512612760624
-1.54464312860500774249 0.46834919506360783714 -1.73308438819989474311
0.03250783169509396942 0.76973754088923662664 4.33436110678224562065
2.25810620369839920585 3.90906723773819297918 0.81892194299587917072
-3.95255916359602466059 -0.48802875800958211983 -0.62362577441204303241
1.24566913809785884126 0.61544003522075296786 -0.85816394316547972565
0.70646311841506914675 0.51243893182688449173 -3.77911891594037729902
-0.31909588158150636872 -1.40953172809636928520 -2.09069048434657922542
-1.23385100502878231055 3.36803859010277673036 1.82970228729282791136
-3.50144373903578642881 -0.87754410595766518810 1.52982059954987992256
-3.55472086315645219301 -3.58846480442678084088 3.17111598644570680250
4.39451793598136841723 1.05748491545945899617 -1.34309696500227548910
-3.57435057934606836838 -2.83936805486582422020 -3.72011685902631761280
-2.74184522463176705287 2.91346646703639855502 -0.64967562556723246203
-2.67563188786378347572 -3.15065509614060967891 3.52332309938808219130
-3.72213418409529905873 -1.34079938566971534897 -4.34205986748030525746
3.80970623979450362384 -0.98128717140007015729 0.49865821386645237112
0.07515433130780202475 -4.15705016546174910275 1.67807812196494321455
-0.83858612523733722099 2.26929198331930681576 -1.60478158627731914976
1.82424344185982967304 4.41357446604859848804 2.20419373133041318624
-4.10602197343121577688 4.01270352537874419596 -2.29020949085374159182
4.26086284894627009834 -0.75938171923103325867 -2.62152543512138391790
-2.18129363073237714232 0.10827003860447614869 2.48967841555759950012
4.47320231029228754238 1.50080960946531138944 4.43276685015932425671
0.50262281784256135353 -2.34827499306710363314 1.25751153590480679867
0.57643661787862399137 0.96745480529823790761 3.45603761704945089406
0.03220322840357603411 -1.71010842628075554472 4.09536853179016180349
-0.20232918416120959648 3.06507101693452543856 2.38526921475836051201
-1.75403967973126695412 -1.38228596484364629760 -4.13536751652045353467
3.24791632335627067363 3.81624319034277004192 -3.81838763945866377369
4.38085117203667717689 -3.92516382760042947808 2.67993169916078244341
0.85903390002917223711 1.77345461521430625140 4.02039235871235245412
0.06576801468085502478 3.91346950842561280837 -1.42743461024482654054
0.32675153343312945964 -3.37632943633574811315 -1.23027444422123544143
1.71660485739885881884 -2.23604136172339673649 -2.34306176433067525622
1.63375564614455814905 -1.03590522924621586398 -4.41017329543606262376
-3.76210895089852082052 -2.72952599810206564257 0.19025868924997446641
-0.49582960734209180487 0.23281000003888507877 -4.06901732605232346884
3.70827266554493828465 -0.98308167812008084852 1.61540324668092161176
1.75358431067038100792 3.88713493749746330508 -1.90378882181019992714
3.84490236562511089602 -3.13619481652297205088 -4.16192606787383745370
-3.91484725399034694249 -1.03908905063704715133 -1.73693961434067212224
-2.05852837745347194698 0.49494746967254421577 1.19471321665494301101
-3.13277298968893624931 -3.64328027824770162013 4.50875363809477303079
-0.65153437695905358495 -0.86521847423960274170 4.02271554527159036496
2.77276260630271753627 2.47440644973386003613 4.43798798468114608085
3.38581913703890169387 3.06396570658434086454 -0.58794479280589362347
1.74688034770835098897 2.82858061264433047199 -3.49952669076808575710
3.04303217146386373315 -3.50623999094311233904 0.88713219363677175977
0.51496801005924197625 1.20040733450971170981 0.58103834580519464481
0.16205233513841754700 2.20803161348116017137 -1.02587425241957186373
2.29038538626284360333 1.61023911469882108349 3.53707098934825747705
-3.02952553383331046888 -0.06802736784431040462 -0.47660261162949257852
2.82272216363874761669 0.45527707112657456179 -2.34876521797610049447
0.75117434130250426705 -1.51272930287417084472 -0.79022732082923763386
-4.21915602731176075935 0.90421451490795679007 2.28832155342348464444
-1.63869802398694286438 -2.68028340650312912885 -0.57440231225265137027
-3.71959504787034322959 -0.78398091693345106634 3.65310615402255667306
3.75709541041775541004 2.01011542283175703716 1.47479746017036195127
-4.30948640162142382337 2.67823186918545630419 -3.18832668770912563971
0.17249677203601976316 -0.54175653034622062165 -3.53224892816489965952
4.52537980004179640758 3.11864160713342730702 -0.67612990873032918770
3.63276177916147791080 2.50575690960810604224 -2.70721734891519760779
1.80560573268658064450 -0.48166072138026105875 -2.58508365956468200153
3.00600432012967200279 -2.10408221075870827121 3.28786079139837195129
-0.84399770239083427015 -0.86152663714192501132 2.27938573865220561743
-1.99322258109949279614 -0.74533824444915364182 -1.06200159465162169425
-3.18543011962614519561 -2.95987132781217354704 1.54440710756771260037
4.32817364286404338003 3.11337084262924967959 3.63439953581452090958
-3.71995006367029246164 0.71109167255000382823 -0.19698247181193906385
4.04220540622068558179 -4.14756622532203422793 0.94701848029687418773
3.91511386313111753310 2.05096966029911165208 -3.86982830735282323786
4.02419675989842229313 1.50499708791415010012 2.36441786849653290403
-0.05015391927599299748 -3.27140024559167130747 0.82779844662083057472
-4.42359581222331676997 0.02576712787664270365 2.96950756709892971230
3.30281518892090009132 -1.29344295712129886411 -2.14486432775090651859
2.26922881506295315290 1.06669400419353888054 4.43918700859837667139
2.35175984549463112927 -2.84819189316928333966 -1.51292094249015507401
0.90563934712970883822 -1.08170799605286083178 2.09992859372822326947
4.05927204812236563924 -2.02202292460083477010 3.49676592179740364230
-2.59461184141735223818 3.90250116610671060613 4.27321591906596065513
4.01138335620380548363 0.67647612487664599001 -2.51539800778185673735
-0.47471309695920371752 -2.45400858834748225590 -1.89781589768194969281
-3.77406616274333384098 2.52232230900074316793 -2.08150447052557874272
-1.83721388006036168150 -2.39380430980729519419 3.67763818811836085132
3.75418237579773350632 -3.33396306926533547710 -2.64444004397056087186
-0.73180399135411278166 -3.92925904018265237383 3.55897426966998775555
4.00085770937846074702 2.67694787130691391752 2.46521953385531400471
-2.95624279921283816819 2.17865380701182242973 1.22909734059929132144
2.89610841134498731009 -3.93792033189264367721 2.64493053458974891612
-2.58869399123617149883 -3.72034918806112235856 2.52222382635069930501
-0.50830625471955936945 -1.33559283507671189284 -4.16320507903679448702
4.17455004253578021434 1.08788042655868455455 1.24010612369634198870
-4.18707730141906608878 1.93120554398972910093 1.54707325808676010581
3.07466838385150520452 -1.64715936203615687106 1.09326354606546427561
3.05745330529240089135 4.13401532184553222038 2.28018888247734174968
-0.90041333517466703995 -3.81809882344236672935 1.43765673336026278406
-3.13153401179594181869 -0.79207271025786685215 2.56209645932416574254
-2.21512125657091241138 3.66504445536679757112 -2.60568397967348230893
-2.40515688808957195377 0.33410772787934384098 -3.02178264893695214255
2.73504709632235254446 -2.93062602720471199191 4.17681905205893411193
-3.06603279448983601085 -2.75283738085902518478 2.64923944484578743896
-0.81883023782041419736 1.61333311438004489702 -0.63122147200499156838
-1.87960081169177595228 1.34203198545051449742 -2.76273803239282456090
-0.59635079402276680582 0.81292856271163493886 2.64683430439954126001
-1.97754040925739893453 3.83470281555381919958 -0.03925737331210221726
1.88508187945967442545 -0.66567506934419107267 0.19550991641714166036
4.22800123024070817479 -1.56579790333404211822 -1.46489403030183584775
3.66952219698928328029 0.47167414371352034408 -0.52532554410812082324
1.98103868224775059304 -1.53715778165383731846 1.88818487990007088939
0.47091963608689813015 2.47802636803135456489 1.83655041255095330399
4.04198655258097883092 3.99423620259403033828 -1.25688895359081609371
2.67773445852634051079 -4.40486773251717877997 -4.38576775567765331232
0.57998309704544848131 4.16215836410841344417 -3.97079579131831783556
0.59899156204212111732 3.32233208720280170922 -2.02826748208794427342
-3.53748591330611805716 -2.09727313182608376962 -2.34720711446093055486
-2.58939148942437347145 -1.82015345456105759325 2.91773539781288437922
-3.45792637390010870746 -4.38213226022552237993 2.24843416446239796613
-3.31944484167020403831 -1.85461774945559598748 2.10921909910205407357
-3.61962098164351964158 3.58851256126518247669 -3.23494356918536674073
3.43858558950482784411 3.43155758214058348443 4.16151391176041496323
-1.75388792830467821204 -3.70309811621792039915 3.53992614585806908423
-3.43636118213727037585 3.32885627542640261112 2.95011130798317200430
0.38141810053931646252 3.27470245783141944429 4.30020597777424828934
-2.50307762454947502206 -1.57463392175654703919 4.03870792371227249618
2.62232708307619599708 -1.20701058832788987729 -4.31814809211371475328
3.17308544746837117856 2.38621346844017434563 3.05833647471955938357
-4.42813950825984292692 3.78505397664806064739 4.32920541017877180678
-0.74422172329683000669 3.51705708005734241084 4.33895655763345811096
4.06442350907461413811 2.03242037714438605889 3.39038567312199035086
-0.95553763096180377445 1.66044678436202008953 -2.62062977163664090341
2.06369057406596123627 -3.23003059906601031059 3.16348917616801639241
-1.80233664158591100346 3.10563261601798412670 0.64754795994848191043
-0.10882968389441227686 -4.36095105532092119915 4.52326076845514801761
1.98765324683886124291 1.41300704348853578551 -0.63056205618246652378
1.03661729599238316979 0.24596919150939466903 0.30137643793862256558
2.84193071458197277224 2.83395546599900516327 2.11870406117208354146
0.29799840028884450049 -0.36849053027076550393 4.52548752445010560308
-3.30793587650293119395 -3.80616327265189680062 -0.22911359607310366471
3.12347905698578198752 4.33207703270082244984 -0.94745464389701972152
2.92358818033389322721 4.31184135732461282231 -1.95343329394525122567
-4.03844142225444713290 -0.10766877277597153295 4.35863683934800416608
-1.12417186720486750318 -0.01165743109466710337 -2.74519112065160486580
2.87694654967688911995 1.05115919635411181332 -1.13238909306620705308
-3.60923297393766651098 3.09296699771500538390 -1.11737490990681775926
-0.45560403181425623842 -2.84680186043679261942 3.83983854134031776795
-4.41875770299054337897 0.16890423994255776563 0.56707175509726415186
-1.04995189654814513602 2.11833610913912462337 -3.72238439158267153672
2.77823781558956373061 2.64786465994015429715 -3.53162949007790860634
3.77922958571153611018 2.15658194197744901288 -1.44859535885918155884
-3.73768697711752118096 4.46339506100152139112 3.51146586858961651245
3.05498828375117437162 -1.22690677757563104677 -0.16781019560343324315
3.51440115876998770972 -2.88012832874442104014 -1.76945199503471517488
-4.23068083683265783179 0.02015179725688387435 -2.00895289823045519739
-3.53006964972578618500 -4.51324135494476497144 -1.75624242241594075153
-0.67254089273497719148 -1.81916089703888506079 0.91769972016691347960
-3.22779860483290415019 -3.10290783316873763908 -1.24763420900015642445
-4.16986797221812466319 -2.37516078514943762556 1.64047792308293605146
-0.72330075110490188450 -2.67143845542654068126 0.23725442654488659855
-2.06913273103868755598 1.67249482678300420702 1.67555215318479788777
2.65106457017107288721 3.62094220046099746213 -0.15453469602518676851
2.59016026801501109134 -3.51722776805282189017 -0.62755141457655261306
-1.16338120411986212233 4.49642834176660866063 0.13008699841163284816
-3.36378134428074249129 0.54262944803281243367 -2.57292592307888456915
0.13551424753593011019 2.41328274062150516244 -2.25478208506003152678
1.12299393046412543384 -4.46004268503592182782 3.29969288132652938117
-1.88699949036051828344 2.74157320066682164139 3.80395259018813991503
-0.10494511479936541321 -1.32883175651223472968 1.56039700424056881900
2.64909295917253384545 -2.21975058581662310075 -0.23718335494504749761
4.47318851395441807739 -2.94899368991607779833 0.74140954559851657280
-0.52864791594195814639 -2.93380299399176447395 -0.88527321187021401627
-0.33838347246307431959 3.82072753943990317538 -0.47325920343272098734
0.46472558388187490408 1.06896407877597976466 1.97562731335702856938
-2.75269884989461166569 -1.27376528110317366327 -3.47608203342477040110
2.64201386760696355083 0.88281019900186041838 1.26361601096624109886
0.96274682547061107840 -2.29287748909861566204 2.60925223834844999260
0.12906390133502299022 -2.61923251309947424659 3.09823121967378334318
2.78368985639962840395 -3.81299694682375411858 -2.27445688119040800856
0.06848063581578855974 -3.25145491270504294334 -2.23846818852364659591
-1.59489616825602453787 1.14952909492906396594 2.38060125157144941710
-2.72780695683354590386 2.09939732760595365590 2.51586560625622457366
2.21849459915402213994 -4.05719810140336711868 0.54219220215550301134
4.11361154099828763009 0.98920513096825946064 3.22709142449339392300
3.80161357534981814155 -1.05294057920253880667 3.99702350929840743987
-3.96424862021209634122 -1.77771148648293486616 -3.22957841925122268734
4.03458937532500261369 0.18837025543781571457 3.95818217689002072035
1.57712912689124795662 -2.29533094817758787087 3.80255090368414538915
-1.72373454650015744960 0.66658226258200414804 -3.89865747487578095942
0.06659285482936905254 1.92958546610053272019 -3.52844760200360507696
-3.02260384851089769498 -2.06387709520381967820 0.53737292856360152626
3.53092314840524235109 3.36634878802935855191 3.03881048173449119787
0.43772743785146595030 4.28218738417002153795 2.49880203874186879176
-0.57522281282612031106 -2.96992978458890366511 -3.66243533395666931440
-1.36866592991386415434 -3.76221775051552498326 2.31184742114578778427
2.68788809235989578639 -0.07848920598522290959 -1.45567684492319004974
-4.25555152380646806165 -1.68836450717219843654 -0.40226302281316783649
-1.63076975162975834621 4.31054312481415546898 2.58632271793932666526
-0.93799794311378237310 0.36280508176904913142 -0.80805373553655046592
-0.60991416141280607732 1.39270501602825991228 3.67339941051583362963
4.23720027852888403430 -2.13020294035550961098 -2.37715528771114836815
1.62617895108213073030 3.43031733002214522799 0.07956785957010570343
1.61289787094148540092 -3.26836173467078561217 -4.29747215821578265604
-2.68092826615303891913 -1.63843028743748853060 -1.45462910784775445450
-2.67036335277689484968 3.67198089674430061535 0.79842445661333982798
3.55786789869870556657 0.17054468419471024987 2.79283129489661696709
1.21194579559031279103 0.55957028427758004341 4.20429269188669696433
1.96245049421528339195 0.83117711707382291308 -1.80446741477547778487
-3.62491269710984465036 4.00982847926562246954 -0.48218046592044316867
-0.34569319620983840480 3.05902708504962372871 -1.13077148850575071037
1.71234833975952494001 -4.27415577108290456465 -2.62133214108879242232
1.58803128271519788939 3.20405326321256378463 3.97227602345542241125
3.51900632880442021388 -3.73265009553955318111 4.09108866226739120719
-0.54828733879220958869 4.46187428560504439901 2.52208710753070519672
0.34244059895253808889 -3.70900233734752404757 2.95250067385003589493
-0.48019596671707276414 -1.79756107541922238724 -0.28207800764357937595
3.97475976185461643553 3.02205614605806527351 1.48974206739595782523
0.41134410335120197288 1.25195008551396913532 -0.57896068768404340688
-2.57797315939505544691 -0.57072219860873563135 3.68652780342116681567
1.29709306270237689773 -3.67669571595468358538 2.20228077498854890592
-3.11143262677045751019 -4.07562499238887454567 0.91333869554312752115
-2.98557591862916371639 0.21902732615521802728 -1.51017552167044177835
1.72179547579521585732 -4.45266376852222833804 -3.95223285602712914866
-2.66592679943146437793 4.13527407591056128666 3.06142923172329872727
-2.60915031853087597824 -4.46715572521451331767 -2.37719570355425569019
1.22423893611528633585 -3.21982471537350489754 -2.21490227717457788259
3.60273846093620431219 -1.09235532050851569252 2.86955976244880428538
-3.12431707606141229050 -2.07959276149884164653 -0.55524303001361419163
-4.46724469243593613754 -2.78823668809335734053 -0.65400854642695094299
0.78527293229964545418 -1.55863025532350540914 -4.30584416165621597372
-1.47519138246262304648 -3.95316206471919384668 -3.09114086783858788010
1.30915440747545641642 -1.30854368014590072278 -1.95462165409633747970
3.31721317365845891345 1.37966688897639055966 -3.19477681215581954532
-1.98380625519393216649 -2.61166038712275927480 0.90908243775763430961
2.01854445424313233559 -2.89302891629275915619 0.44359728207691073720
-3.67406873754610785454 3.01832582931458848208 -0.09859621140650443039
-3.06658847321756633519 -3.95445115967181237693 -3.17543362080419777627
-2.78221080783111629486 -3.08037376281894825780 0.35195335258992965777
-0.76699849661366270581 -0.90140926512068508814 0.34325431570075526366
-0.07398316600158061362 -1.09715679131096699450 -0.95359323262993100911
-1.24456742417794608002 -3.83598105172409553631 -0.72134683539396604601
4.46369906960722584444 -2.75534294957522130076 -3.26823169365262078401
-2.00855898189929371611 0.48176526492470461704 3.47736361230022428259
-0.08821627334036463708 1.34952196316333239423 -1.70543792225938917184
1.78249588305841655256 1.20305132348620080762 1.78665194607669519655
0.09682364931102771521 -3.49363228328284769475 -4.24606582826426937061
-1.53984791037436208327 0.74599038517567617390 0.20751909380336108768
-1.68945910717779135268 -0.81461721880427173659 -2.96889290034862618484
-3.99419848932075494119 4.00377418514218685885 1.71076245389180048306
4.34172721910366643527 3.03206745693120360841 -1.90888811976588179675
1.71274869222470105257 2.24489802222500944850 4.37796386650047875122
-1.38516171143380084629 4.17154445287521635777 1.14671741272471638950
2.44575204313834237979 2.02838369775273896778 -1.55089372714979667478
-1.69877510660623265437 2.14533301620012117894 -2.08972454731731493993
-1.87159265715361522453 2.69048661979665837407 -3.07077533147605663544
2.40827775453260439775 0.08885244387990454129 2.24589249040529281842
-3.98832307081862147413 0.24701687449378972872 -3.45708905412205647067
-1.89523621217491289315 -1.68232426080146080238 -0.46177147907837223784
-3.28044453140606773189 -0.39490859316522364253 0.58053892279940289001
1.09616520479096912766 4.12354599621925199671 4.24331622039323175244
-2.04037001504007742270 -0.15972879230715619769 0.30307637385508723327
-2.16160102656217079087 -4.18357720183470327413 -4.52257925273994043636
-4.07232800767249791818 -4.33655024481505968481 -3.43356141807757309081
2.55005173517550076667 -2.90135973558077253642 1.98109014570783958931
-2.15267535883866711899 -1.94026576685572482717 -2.88021147170059288456
-3.41573637197473489735 1.10630479110726209768 -3.29068257247457562897
2.41018096046991114889 3.12275253353432180603 3.07336963728820489195
1.78556800572470653066 2.43620905553444710989 1.99603891507964537055
1.42426139612718127836 -2.91265591074900420665 -3.13115274539550236810
-0.85417590892028893990 4.34878671300535213362 -1.31496588839468042664
-3.49357307974557773633 4.13318703216763605468 -4.41659420379235534426
-0.55870292448259917251 2.85134475934885767145 -2.99473984959490513447
-3.63680840842734731666 -3.26121777180537986141 -2.39626718395829962915
1.41917732402931751068 -1.33260154859096324742 3.06790902663209941181
-2.78836491587323953567 -4.24010398353505202351 -1.10578179711370960803
-2.36062342382554080089 -0.62238605580024231045 1.23041348758466018154
-1.44049385863471535174 -3.35768464391802190505 0.46530783721553348187
-3.83467961940426649292 0.99594935770163584010 0.84875042542121015288
4.38004955008576057907 -1.62978531681013683041 -3.97888090408945060972
-2.25410602345908595012 -3.43022308334376502259 1.49224027539582504431
-0.94363787188256331717 -0.12962639212881743589 3.19492483704828877933
-0.20579342970569936000 0.06390448748938659662 -2.38639672051357676352
-2.62719565283036216030 4.30633364114610994733 -3.59061144883045058052
1.10231668803690485703 -3.52678990680685666703 1.12834472562716481292
-3.16491793319998437894 3.58558542948625724733 -2.17591318866912875052
-0.64297734579067888916 1.07713653957900401537 -3.45008907786048757416
1.76066246641915657989 2.07298143092179998348 1.03486201522368936878
-2.17324645317266362810 3.00194970835295382727 2.49972655781130459474
-1.11882433236483747052 3.47582674997229634783 -1.85180304828143249551
-0.58041493107472685864 -3.76941645553361981413 0.15415073410665414144
-0.97374770166485458134 0.47059247641243207028 4.06113751050312554725
3.45730151806644148138 2.42902888162540442352 0.62204250193866439389
-4.05630565177539015309 1.40205015069189453669 -2.19683336667957052057
-2.99437187558661754849 -0.63703115114919039996 -4.30455544020716196485
2.25015919741762271400 -1.45408864596295162031 3.90269755430921083672
1.10395475303634338360 0.03764062855212468861 -1.66052503735415069031
-0.61783765130562429135 2.78471248386509184769 -0.11064944253912845085
3.43488099255171075441 4.43295804915995628193 3.37394129349132843032
3.28377111698881929414 0.34888226542749745107 -3.60679074555259404633
1.61738153152428942860 2.40758309386755886550 -1.12642337982830209597
-1.45828210512942302302 -0.93272403409914517169 -1.99892590497109701175
-1.08033265023149827044 -0.81028766753397807321 -0.60651307252419739413
-2.99095378548243484573 -0.99049890915268701264 -2.40853182890487316214
3.36638101044153525976 0.26038750591694448389 0.58338130603572047050
-3.07501951908141624159 1.98565943819043777552 -0.51683844135549605880
-3.96264744113851996588 -4.12843307312446849977 1.29852194072526661017
0.45732281158848842040 -2.20026707439093671681 -2.59011918379983008265
1.42365222276897984699 2.33911347884933373820 3.15286627020917897823
3.23909149343552993372 -2.13757159767906479431 2.18182821135659921197
0.50066155593770389487 -2.53258298307828955132 -4.50529955067734633190
-2.25908395217106194863 2.02318275923122481430 -4.10377724073664928994
0.19594384635722761345 -2.05382370213183085284 -3.57786155738900690793
-0.55997530521835292561 -0.41728875425532319099 -1.54902358468933787350
-1.15167825727325157104 -2.28749353716432635153 -4.51422073887201857900
0.75279001454127403292 4.09469007341197599459 -0.58070815487467619675
1.49669441523067270339 -1.74061192158483057923 0.56726395130353335361
0.14012933287490980661 -0.07926378815245183063 3.43614878805218459945
2.37475322492951601561 4.39166525982248412419 -3.22247060509078542268
-2.29292276880023448982 1.43913049640410140029 0.39687303314148358879
-2.33123488022228242400 4.15162420237445584092 1.71660354539500925597
2.40863339126137177004 3.80139154864804407197 4.22215023826657098738
1.22660646966412922865 -0.26840336948458354271 -3.35168642778914449565
-0.30458460652815144698 1.05522250181884036380 1.16261508008575287221
1.49136402904045528572 -0.03281029123954226634 2.87977845783116759293
3.49729329121450316364 -1.97295741467595719953 -4.53773560178729784553
-1.54588653229122385824 -1.74871624042117046471 1.78572694433572198847
0.54006333375946979913 2.97778636335318047657 -2.97238175911496993464
4.40677998153817807037 3.79150131534460310689 2.66782320181416299221
1.39450183795389381913 -3.78190861382618814801 -0.43106449787063638723
-1.30177297755844545435 1.23760380135582881422 1.30063460739069203242
-2.29770647107559211619 -3.50743336573463793115 -0.51865444077396105627
2.16095302794742760710 -3.70047204401939477947 -3.41907494705835501847
1.27362260716124264803 -0.42230951417680895332 3.83030357771051743754
4.42769707147158708693 2.31810052960332502181 0.74128064180478681067
-4.13896693588720410162 2.70466177262515117263 4.46742933879101666861
2.27857627822217079228 1.32437418459402689308 -2.70522155703838684815
2.11958380342146401887 -4.08051089138438527470 3.91354514657609708905
-4.51436566448190834677 -3.06676593142662712310 -1.71429113631455898314
-3.93207592036635666943 2.62922235984200280967 2.34452897444322072573
-1.78631168737247270073 -1.38749708439246433045 0.58854335599155582770
-2.36819178235001714938 -2.32598648561617071806 1.95820276978880425389
4.03014597756474568513 4.49756802526424603883 -2.47475200045898047208
1.84647016415875686590 -3.74532711735698242705 -1.53617599143473615442
-0.99803647117431815161 1.32313065990407441319 -4.37667745635464999765
-0.38422902196124830709 3.86094529023340005125 -3.79441135143566610211
-2.99114540855250110596 1.34574939711677199483 -4.50507314592752461380
-4.18108925866859593157 -0.85996183767931455577 0.36076428497431489717
-3.81964746809196453725 1.83767361157121467130 0.20722915871193237081
-0.60403223983856602075 -1.63916024046773278755 3.30214344496650458183
0.30784030968871167744 -1.73084320292776938643 0.47757156644437692705
0.08354196878025454964 -1.07093915241887760459 2.71940336322108144884
4.45820159999972265297 -2.97615891999392179201 3.09954103066209185613
1.67259863743023995397 -0.73574038178332568094 1.25772697757971574362
-2.31740617078237409743 4.01902573852451805436 -1.46002081417906115490
-4.06761936631038789614 -1.93144409081753209989 0.69551266163657476937
-3.92822241329283716738 -2.14764785808147617985 -1.37594833673143313035
2.26021173486350601678 2.92141448927907898536 0.69469118126234175037
4.04498775093599771679 4.46674680139517743527 1.87105868897658655925
0.65000757728452818185 3.03349878163363051442 -0.54601609800207073775
2.42944005651017747027 2.47495317344373422230 -0.33546997032932246441
4.03430096875057753181 4.48507244632868395939 -4.16795831129812732740
3.82189738281808200071 -3.64272650323472024780 -0.96288179830733877651
1.45441986804633760499 -2.29238494374284984545 -4.16093505294924348448
2.74347150686975194134 1.79591817314269430739 0.80627819631669961353
-1.39833944373322527355 4.38261586989009632731 -4.05963410539938251986
-1.50946478016775298414 -2.26600902610746768318 -2.19872261067584018335
-1.16271704296715139293 -1.74019117581613924628 -1.22346561578939150294
-1.61640309782312519005 -1.19891522363704350340 3.53979446652027451847
3.62923608681538834020 1.40167369072291503329 0.46802223308959156611
2.70555694782126554543 -2.22981055470899747206 -3.76038865713493519749
-0.13933845419577650659 0.46701658759816400135 -0.05295243706308738751
4.15492678230825251973 1.91262555593729910441 -0.41415580241326477307
2.23714797497740658372 0.61097007419480586776 3.27867314292874301174
-0.04181877149843415964 0.03756192560603910380 0.91326267880855382941
2.23497982146782980806 3.12537511467141548849 -1.31966229574354709797
-3.92583219413634854078 -3.22809391111279220254 2.21104741475460375710
-4.38774774772225484298 -4.07386951701367561185 -0.28198800326000128535


