356
-3.96461915915770468644 -1.29718142313178885772 -3.98299704761716366619
3.14196874688217864247 2.13052142916842779385 1.02428698622409264374
3.74670475118825319072 -2.57419362692156505901 3.54003912604094228556
-2.60256213593231500170 1.27863014168691346839 -4.40458238542290025919
-4.08362213877057289579 3.95800132751947320031 1.57896670790893445258
3.69624601710544364863 1.20867896340746039385 2.12411992457061149508
-1.97904057120451071228 1.03144903954420996683 -1.88164133619657736318
-3.20391936988186287749 2.83045161676939383000 -3.04410237503620439981
4.09127664683557679126 -1.63836974392147460833 -0.71790597669387334889
4.20432458892711924392 1.71130894742870776071 1.30827760500951573164
1.14430103475349920217 1.08863516901630763556 -1.71306880370799419211
2.76527018604898788823 3.53756371973624350602 -1.60980220990948730275
2.50558326399945929808 4.19012603061375354940 0.83810716147239272544
-2.73376276657835104444 3.68870825531816404208 -3.63128695059804362799
-2.27527750989757793221 3.99899008611043438322 3.48707582192300602486
-1.25058423766931614551 2.02596768920006464754 -4.04706927533775040473
-3.60074170328892284587 -1.91172491840733949076 -0.02233894745689468664
-1.96623747704725682084 -3.72293932344072908691 -0.59719090240397498803
-1.38139205067262516025 2.04968165243081656968 0.28883475872291786146
-3.83640029785286218456 -3.10347404711914176545 3.84748443565867592753
0.31081056234954385076 -0.61423229924423816684 3.80231277298012937393
-1.99898939110396112184 2.79633887637042288787 -3.81009924393405885468
0.94905619081004299886 4.40196474180352392835 -1.45340183015041368719
-0.86425341353869500338 2.96195879901620617858 0.43441428195437215010
-2.35696071847180466108 -0.62292701847384757130 2.60992717149461217474
-4.49929554987288238266 3.90788038635974199764 -1.71517626699851710725
-0.05804796876861395560 0.64178080855882058131 -1.08501594146117330553
-4.17389704954076101728 3.77812926714307995013 3.76114125123018983032
1.03280380435205199063 -3.46741699404598158196 -2.27476407699967753118
1.29752513929896284850 -2.61014140539397088148 -1.02477073886207037390
1.60866665701390676446 1.18407546935695240364 3.48032978478996302130
3.01386372967698523695 0.16355841039044438645 -0.25441604616634982960
4.08284014636316161528 2.53424959686459327912 -4.02605534373234785761
-4.30295518935346787970 -1.08401356367642964784 -2.97505976910215697018
-1.18566845031172185543 -0.68940141779550190293 2.51724115582722074436
0.83360963234723772786 4.16984631108258607668 3.52471950560740676650
-4.17867854741263577978 0.86224969372448168059 -1.43268895431563603182
-3.22399097131171741282 3.92760316368493089811 -2.66143159703521003934
-1.31102468247910275423 -1.07808021186327396279 -1.52859867839050789229
1.37007226305612750394 3.32874413855813333640 -1.29951742802229830431
-1.36847509694881086517 -1.18203626887847734750 3.85211818757929957968
0.94284114065185065101 3.71939020279459864327 4.52180947997701476737
2.73520481480305388544 0.89376879742367609794 3.93867160574049801625
1.73456340829872512899 -0.67898199590208685450 -0.93778964363271599680
-2.52919093612789147585 -1.50868892341987326233 -2.02146862972389351754
-2.43479019589817280433 4.33997848089246129888 -1.99944621565091784632
-2.13227817919195450358 0.27299334962755050782 2.06586025605844980646
1.93456165200654073288 3.73972863077362394080 3.66376630116019530448
-4.22277821902680905453 3.38680142283692386940 2.72072977201710131112
-3.99853042180574336228 -2.27955864907057614843 0.88647568933381748479
0.52324368972809143230 2.59994386455299153482 -0.84305914347298660516
4.04774574947191378982 -3.49176680595629429504 4.22084060605392341614
-4.20274633722302137784 -2.27197764157602000168 4.51393357837281339329
2.83518507620099313726 1.91204516884410669064 -4.20187879392982299720
1.77558074794235754013 -0.06674637077277800756 4.15748191319901660989
-3.98037388721007800996 -4.02900547097188255208 -4.25464888091156279160
2.84519296054059278589 0.49268483369159099539 0.65705566136241788655
1.34545386418425749753 -0.29654494788633911639 2.67924118474591210770
0.69124225209350154131 1.80650451979180814988 -3.93925830467518123257
2.89914962350767435595 -3.48870353552216805326 4.45161981760893521454
-0.59436278393696406752 3.73731696220887865678 -2.76853884012834372541
1.99695629625777915095 0.80832601918262536600 -0.02786631207059375726
1.44542759673147802602 2.16119004146110338382 -1.47619227939453612208
-0.47685241804448619263 -2.28464843526671446128 -3.11644636142776221277
-3.74420252570567324568 1.34985687403872134382 0.14392757126497812692
-3.67940315414527852056 3.54559279525593940008 -0.13225569016378546650
4.17993470020578339330 2.89804102077595349130 -1.69393102743238976871
-0.83554591572515146680 2.56812859662439496589 3.38351010351321601632
0.63016636356308719513 -1.17321076073607244439 -4.03260800678075526093
-4.53507070657845545725 -2.75478561001432353805 -0.89455754723170688436
-3.59994134537792076500 -3.81591395580551573374 1.58583375548140015354
-0.03586706776934178720 1.98459747731643698643 -0.31058418566782197701
-2.60494621619389432610 -1.48597466234949004971 -3.25770613254219609800
-3.30930345255369351420 -2.89373130122700672473 1.75475589454288094515
-0.04613983167473190150 -3.63301770749805408300 -2.02007968639338386652
-0.74332327141980769625 -0.31237389772889656570 -1.14314047785814487668
-3.01259650660280442480 -1.54913092773506511080 2.90803306823751039900
-3.37450753442232276313 -0.42798609527911235517 -0.27538105227807818665
4.08820252222000757314 4.25115330367513433174 1.74007307705027702838
-2.39810301553353300008 -3.09611178384904484062 1.46285120653401179425
-0.16210686002405338968 -0.35087959885642217017 -4.29356729704536110859
3.07593485907411778868 -1.88117497081515550050 -0.31049906194885590338
1.32850437734487147878 -4.39594227468635079248 2.84155349730793460594
-0.01790324999568237985 -0.52158339943541687234 0.81693544911823678945
-3.47132508279849671951 4.10585482649841448932 -1.64535847166939763753
2.25495856412603856711 0.80385352026716905272 -3.09561429860158954241
-0.95420329508326684476 3.32064846434117288965 -4.19487761664545732998
3.48219026025079880782 3.18720745721468023959 4.03454266735975419778
-0.32755534381564554991 1.01479303292069733544 1.45932787148608955619
-3.83236885710244967740 3.20328960551538255430 -1.89212963887760299286
-1.61710448922052041354 -3.27596859007993002066 -4.16725064170813652709
-3.63093613728192465828 -3.95392082178189818720 -2.27904406537510784148
-2.95148032276871452595 -2.31325869952630425175 -2.64162052017205928323
1.30366737953590838828 -3.73661391884216520509 -3.31457354646700963485
-3.36973738546194390153 -0.72269384892411636656 3.52420967571204624136
-2.00618966933029652111 -2.35493160746723351195 2.27932603949537959664
2.89702420030093232839 -3.62612095341688434047 3.31095486581903930556
1.24776167713134800152 3.53680925650194222243 2.55179985217325988600
-3.57855585061092762444 -3.96992088731062997553 3.35012457212926229033
-1.69665375898936288124 -3.96701858172288579496 -3.17716084158619072042
-1.93126452738845966195 -2.44929152093791513423 -2.29426909758895636315
0.30578933127463336916 -2.27925599547950596957 0.78963607571739125035
2.57050983331781246477 -4.42007456795694420038 -2.09614293331711731838
3.30114425874460604149 -0.34723582619436133001 3.06926984001254954393
-0.87162852001398638535 3.99832970763004791337 0.69570203061855995230
3.49017176591244560058 2.98494919358313293145 2.63968461076330473958
3.07036774772348852736 3.24611157014899820439 1.16489628750899232301
0.69738623997287518819 1.33226479393033425680 -2.59580845762196776860
-2.86057866402952765128 0.25975552868137885554 3.38817293222838689104
2.37236712818170758510 3.14977547824636427976 0.16306560572045469826
-3.02307564819877327977 -2.44310008048835003436 -3.82568635165032588930
-3.31053047608718564732 -3.26514182057044566321 -2.86772867272341880351
-2.51680976660515343113 -2.82991490866663975012 4.43202320591032528085
-2.05932697615915083489 0.81886253546814380400 3.08242132933853163479
-1.67467036758185860990 3.28946541797464764301 -1.67256232817461025775
-3.15886036930641811438 -2.21257425703155075070 3.66090299775668359672
-2.47586418328178847759 -4.32784793510935905658 1.81919485530380153904
2.94053052020864402749 3.76155192994551246244 2.02090594013324675871
0.96435285338824616730 0.32068621311558054288 0.02630728800254100719
3.66659901771598395470 -0.10298734483621707625 -1.90283109499412184107
-0.90702840167405662797 -1.08511493394675451185 -2.68639545941328306000
3.36811335458280858290 1.30131168365900418138 0.22914824527072585880
3.41044370244534267300 -4.47389218024434143217 2.63737241228379115654
2.08906793346920149901 -3.43546023819902579532 1.79195990149149242399
0.59741087046589846921 -0.92207545949283442610 1.54106335401808980379
0.56855252768441655320 2.71715979161669629605 -1.82147203320095307788
1.11093170627866566491 -0.98051419310760001835 0.42053079047873165308
-0.31590125217292897020 -3.96946696722119352074 2.28067908511521633130
0.91676851792578428757 3.64527301833582040302 -0.23331235984048515064
0.24765092218379969324 1.59440927385358577340 -1.30532878747238711981
0.32487819139000162494 -4.30836294665037478069 4.22602234239297569474
4.44995651648326262517 -3.13160609555919711156 2.96183792669945855636
0.29966528415092419380 -1.72950368053051839468 -1.50656344351976478890
-2.75703736398087784210 -3.41924572726482178808 0.39614186283096586294
0.76893046897121841710 -1.27590942390304729059 2.66677548136197639650
4.19651960627780251656 4.48653772884678669897 3.42707682766195897983
0.92443441086956923414 -2.36538618722452032017 -2.19437219142136719086
4.23055304735463533206 -1.11678176698806463918 3.47689520905339488621
-3.63490287618394969371 2.90925763058163067143 0.79892781190060802032
0.83271691724182694827 -2.08733121384840547563 2.09343120329443532768
4.21119704609746303703 0.37000381132948412244 2.20819325144619593715
-3.05178619499718539743 -4.22822554856214605223 -0.77810329118591248232
3.19809951379162793472 2.66189652084819528000 -3.29477298946528218693
2.79514854227797204800 -3.64949588878328290420 -1.27752638538258533885
-0.93371474085211936256 -3.92021088448377108548 -0.12116413067104403467
-3.45024084099051009389 -4.42314586430683842622 0.65569214161301925259
3.70328149048688803902 -2.49582139294516780481 4.53426255354883078752
0.71623595442579635062 1.59427526977145017639 1.73666815931258167183
-0.53580400761083080141 -3.27263556525123666674 -2.81171755529417799480
0.24579929370248887466 -4.25642214168687615938 -3.48778844267094179088
4.13717978870935265689 3.90871242194720469598 4.48067535177736342433
-3.96105964248064879030 -1.04990278498811662189 -1.49256353079764148006
3.50874501146221451364 4.27345694139193188477 -1.71455893016633575954
2.02117978304255441202 -3.03912256114684486974 -2.28820827418883387949
0.42102467659236086917 -2.92086796867383702292 -3.15932628494958578358
0.55806472966024678328 2.71121510203024040919 0.16262875354938177708
-0.63986799053572163132 -0.01125098698604354297 -2.31330101914450914080
4.34796632215337108818 -0.42614665204649426755 1.36991880716267289131
-2.18580754508739882880 -3.11787584043131316136 -3.11315389313833090768
-3.59452321494406934477 2.13648274610197219658 -4.05823123856523526598
-0.31868553805016031077 2.16047787524414136584 1.22421670121018610899
2.13501952737121936110 1.97597024685964051116 -0.55737771479434439215
2.09331140535258430901 -3.98272454665869091173 -4.07066172527335368159
-0.32389498527646232162 4.14960861370732647657 -0.51663152005138357481
-0.14251752808725548505 -0.02638687017090912690 -0.12982292726608157807
3.66730765924085044816 0.69911487860356569257 -2.98971115514797336488
-4.53207131722139688890 3.44215993837587230786 -2.82171986939111540948
-4.23378546102733555045 -3.86280290714476803871 -1.35555756341870381476
3.45231091691328284554 -4.07983510509065450123 -2.93612774791797148666
-0.77731474871770878110 -3.98661912599262091561 0.89067567254400792365
-1.77281750903449752954 2.31376806722775540948 -0.94808849667797812089
-3.23020285768058945663 3.15107406804811329692 1.90555541667741223932
0.83839478057260397037 0.84673229413631112550 2.45257483118001129441
1.14441127107527584883 2.25493013008534060049 3.18123409370582077571
4.13773607517358055219 -0.49058119576965530939 -0.79627913032171893093
-1.46299388772339611364 1.26380656450152084602 -0.96270546690698077796
-0.74856028922524897595 -2.24354602529666324884 -4.35640691873101282283
1.85767801183806025023 -1.58548859688935284140 2.19435926126104874356
1.11936698672679391109 0.84226240045874867235 1.04655103691934048271
1.90823349069591241545 -0.17829595362002681469 0.27914794767319683899
-1.25435133751222060994 0.35296689564967298480 -0.20762939276556835466
0.54927007203041355865 -3.46350434695207543001 -0.58567857564921776969
-1.39783866381344523688 1.14847877041856438751 0.96068580401382064338
-0.96295258298824215615 -3.98758984336730959441 -1.24295258925655804916
-4.36857807028502431734 -0.38121207195300410575 0.14497026406551150046
1.65668099367700971669 2.02988274662204570831 -2.47406074794510333348
1.07422878663469223426 -2.18008803488591862418 -4.26051682336549042418
2.40833112173597019279 1.27797488376734857951 -1.80095862664535033559
0.17802899617309808633 -0.83075504511821973708 -2.71287541580895918969
-0.24561959224034257687 -1.25147901834852026681 2.24030110665638826362
-1.07243838295836813046 -2.94558618423769358330 2.43102831597858859425
3.69964519286286819266 -0.69326441362204516139 0.20890449229563934352
1.13974336190946434755 1.45225134194543592514 -0.45233428625884375407
3.69686243316816476323 -1.70058199697855538801 -2.62216373064607477517
-1.27450517201056356953 -1.40657304559597351457 0.54817991376410724058
4.42839427357755166526 2.67324027579846390523 3.96610739043733939724
-1.10487120050650355907 2.10103066630487411715 2.52772031203519187414
-3.67364346625862259188 0.75265346018752143920 -4.32643239452894246000
1.82573954094748547305 1.37577700706912953166 2.37757908690268404683
1.37625014872112227948 2.84508643100565539186 -3.89021369646339776338
2.46481744852624817810 -1.11323971188974191193 -3.13682746169244808243
2.52289070482800870110 2.73370895286945625458 -2.33132384878439236076
4.40446572489161081165 -3.04784000071231231388 -2.03964550175408509958
3.74987793724867923828 1.64610945011457854292 -1.45867840799131309737
1.37315799515697278821 2.67525405342095812244 -0.39217350793718885882
-4.25706035721403441840 2.66396912666006002723 -0.61326956044479086216
-0.10934701905204136096 0.78493136944740182770 4.50226670436503884076
-2.34884016010686069720 -4.24643461880408512599 -4.01540239359664585805
-0.58472224104005388057 -2.16940262412867967967 2.83287589079659074542
-1.23970091243809266146 2.94651707147417507571 -3.18923247233500273268
0.54275221070148926827 0.67555276265948283054 3.42105923752795515469
-2.34184193111165983581 -3.60976706510650258153 -2.10391401001976419138
-0.95182335474312607104 2.16373775244047994448 -1.46366699768919605873
-4.23428020428117601881 -0.06563474292383730813 2.97028941143018787585
3.23707811043160553766 0.26348931640800365983 1.86932980957797756361
2.64568863317661850942 3.19237027031712106151 3.23141100731567920690
-0.21898030199094442594 3.18335517559178260427 -0.48121444895915654882
-3.44150433986513082374 -3.13720139988521529162 -0.75464825182920769464
1.51628750964218816932 -2.35918195530036811647 -3.06290584879832472609
-1.22329461378847792474 -2.48385352898001610100 3.71994872360561412705
1.37401032355669094898 3.78544996532960897895 -3.34049935560049204852
-2.22494984750844615462 -0.65570874861948702517 3.96685697741717380183
-3.38733460258911112106 1.05647931705995024032 2.96373576482369660567
-2.69049473878881029165 0.37959652514142216972 -1.62633919861096343240
4.03506240857529885346 0.49049802212512272348 1.01639102050666529919
-3.07790946228876860502 -3.62169825154290991875 2.51647482351920093180
-2.83987959253532373793 -1.83339952822483276407 1.81788862152226560198
-3.92666468058503337346 2.39626572706276963487 2.85791400930902828037
0.43079855438649961030 -0.26390618814945021597 -0.96792351444589241893
2.64371609016473385623 -2.01018418631931439222 -2.59607495504960361643
2.47886507438809022830 -2.85369294848237275986 -3.20341885570481732515
1.58362538239262651274 -1.93588460630946013197 0.21233876370191140381
3.08585013401577423764 4.25934060670257697012 3.82599459724834023433
-2.95487833424692025730 2.57890568483245985476 2.89457229068423327334
-0.04892423369304754743 1.82269895331608999811 2.97555165721731018635
-0.44581991155787292769 4.04959362093312957853 1.79541604900782036935
-2.44556194357271827755 1.10006861145366396926 0.22349319843617188042
2.18265905346138744392 1.09657951308455903217 -4.08700746429630967782
-1.51908161926513862738 -3.54291751353600981034 3.18748846645093575347
2.33162683105162127362 -2.33624595882283747628 2.61610614496141735685
-1.76397447166824861142 -0.05135885774529747039 0.89082456607116267122
2.63438781694528323385 -2.16612323087205949079 1.48723216267845526062
1.05332482247630565553 2.11263632457044803203 4.21046417129704320104
-0.84112187163621587871 1.33363573436365978608 3.42625902246712410459
2.07172453383014509853 -1.59647976689129356132 -4.11420664812811143207
2.77978979004329662672 3.98522061820219075656 -0.62664798999021442683
-4.15973380396448089158 2.31062624078052891718 -3.14590899699449044746
-2.94258298001646956266 1.92410782896950838250 0.89094364384693935932
1.85954728002219660254 3.28218737166706375774 1.61853284865602375930
-0.24521493426787976944 -2.86389666809083243137 3.64796613773689148985
-1.33522328896491604411 2.61749452805543736389 4.20793194887637422852
-2.27902930486636856600 -2.54665173903467545458 0.55581474570082001208
-4.52424825060619806294 1.39383682466057212679 -3.84723143938458944646
3.28380909473863180636 -4.47419087939783555186 -4.15887692220792537512
0.62512720169369107026 4.01007489176744780224 -2.55695283818783858365
-2.14820993009514715766 -0.68040576534835128797 0.03389294445424351210
2.27202049958713825362 -4.31824578423811100691 -3.10565698492944441966
-0.12278747997434180661 3.44313130047958271263 4.02116649313388041520
-1.64566982329802247165 1.01128982356385588304 4.05442484632332256211
2.42127922804541650947 2.25452833070750902067 2.86603929383615696480
2.12269889499125241628 2.10697692516794443662 3.87284815719023622904
-2.74061984389561663633 3.15282042347488822287 -2.06051887962804336496
2.29832092477609162273 1.95870750451620967425 -3.34491108578548379526
4.38547138364665922694 -2.00910187985073385164 -1.67782901174415099987
-1.54815353408848732641 3.97060480772407320416 2.73348288553215024166
-2.71440888688661896566 -4.14161174448911051371 -2.98133240116086994931
-3.40551828577658666219 -3.08017351769056357824 -1.84053269986676637515
-2.07306119476307815219 3.06790078415947231605 2.00651121930322773323
-4.44318169586036848528 0.09714707032079061833 -3.96328337547931397467
-0.67340478371430112503 -2.13537235454682461366 1.67155347592404357471
-1.00024908175783266984 -0.51031879880846808817 1.44600925780455469294
0.22132500517530395712 -2.92429782503236612712 2.06803298746785646500
-0.93046945964685523478 1.02071605032822887438 2.27571532193149383971
2.96873867063717966630 -3.25924039349912808561 -2.26174180391356882680
-2.47706506033930340394 1.89795533128718929561 2.17362688889119759494
1.44164707135354763778 2.37623232923741856126 2.04459552267269284442
2.76670316810974004085 -1.21373382451868927490 -1.95500210498037318985
-1.36105989999747567509 3.73534489419805115773 -0.41093719983433807386
-1.99705877511471108221 -4.07657596984124559469 0.48520460972336554306
0.05571647564421589038 2.83282424966689649892 -2.94105242374706676856
-0.21093698027622664881 2.20379114510653995040 4.13080456121901651301
0.05369659086929523539 -2.73280735618641168472 -1.41183942140415652489
1.97719997103505384928 0.24982263514287250672 -1.32416739669346839037
-4.53622601047592066692 -1.45057017630563134247 0.39350497839554865465
-1.83255855762177155555 2.92460884231013285017 3.03109302454365092672
-3.77897241501472080927 1.47091677275243881695 2.05490904925807615911
2.89057821260335856550 -0.39581750686567040987 -1.24687939360916111298
-0.18473920326171633377 -2.86488542967984605170 -0.19403083159582124040
0.57046978531794945155 -3.08234672253400665554 -4.51509955386218120310
0.99345328779275199338 -4.27689539610288971261 1.78155006146146011048
-1.53038579313719491637 -2.44682256882873483406 -3.44569937807842263666
-2.03871132751743955325 -0.65962958499178414584 -2.30901088855108360676
-4.52330488677978692635 4.52783127783627836749 0.41611743498003406216
2.32212932559536522348 2.84975127562267349646 -1.14209725901370529044
-0.75039283062235062616 0.90741604012098164844 -1.79939540126629093919
-0.71879827366908788377 -0.90579719323569829470 -0.38103128918082518339
-0.44146052648851163980 3.23154566052954539401 -1.65792514315297667693
3.94735302277168198515 -3.54632622013041487463 -0.76234891779387714550
3.66280024594364927992 -1.03500247059933636606 -3.33413358397940662314
3.94599961758481132534 -1.29461771712304241078 1.18572939060463511396
-0.90348890910588464109 0.24355279483805869489 3.73183627149393171152
3.33344910070665800816 1.48156187816744910890 3.36070215355371804122
-0.22327892045051722647 -0.25935082405287079865 2.87892043776713180137
-1.38114533607308898056 -3.00017584586222119114 -0.09391308025698297257
-1.44866962063657922499 -3.75736617447314014129 1.90303368050612053963
2.38938625207109911486 1.20602183994566924952 1.34369789837292952228
-1.17857815412477684447 2.75750892781484235883 1.40251651315628933503
1.43895330122455700206 -2.03982833156724074897 1.34062006155877710967
-4.44878261580720568702 1.51859645572410428827 3.23171286991335815486
0.47109044567974045492 1.72708633886752860320 0.63646563957600221784
3.10117696216706129064 -1.78510684085618365202 -3.70249699764208273223
1.16437757640968708728 0.82974012717906742154 -4.39342067137217728856
1.24571555288531232719 -2.89153997977760246485 2.75757281627863193307
1.74480579054527584759 2.52812345749309397291 0.72019906734100391787
0.19974870263722088737 2.96804089084988209635 2.74774323805751752303
3.26167076557372404011 1.63906989246434076080 -3.15402167915819164890
3.19217622126551781037 -0.25175842018691430013 -4.34233434327017420173
4.14043991863857296920 -1.93651360267692762562 -3.46731838054301011454
-1.00592720768502896789 -2.28018126886647420903 -1.04271135907235601437
-3.43850322445727263343 2.19120905381982478133 3.92595076404009635240
-1.73210363760591690152 -1.21380867597409913827 -3.79877136877832288775
-2.86418961795298798734 0.18390750680599499134 0.91690069373801819097
1.22947785698792078080 -0.90591771933809805972 -3.02272832277981073901
-1.46457964664053896797 -3.16466472857165337373 1.04891638056356750752
0.34182529542825701441 0.32071787603949974965 -1.94015306259560471602
3.20402662968348739270 2.05192424925298677607 -0.56694800028147662729
-2.42972556273411033345 3.92061320046359451652 -0.89536397317549010211
2.60197528863033777924 2.09952154121257006381 1.91321865527660417428
-3.89316443421796609670 1.77332630207671382294 -2.29575655987580340422
-0.30510834986233081878 1.06158219202799486425 0.20275772065094699315
4.00908541590565459245 2.42195958899429530931 0.19348838478556906750
-2.01020852988010645390 -2.01119155062625587504 -4.48625354964268474589
-3.48446750231410939946 4.28804250670163167314 -3.71490672187212078725
-4.42744941963014149167 -3.22173941664288054909 0.03682558274767622208
1.83807766839008213111 -0.68626937174263602515 1.44434752079782047218
3.57878108808516781636 -1.11696117592204480218 2.10133617192040311750
-3.74770605896633890453 -1.03543593572080228071 2.28058492612590502091
-3.69440454517636718279 -1.30603276152875125149 1.17157950142871758459
-1.90835102061864114731 3.64659038346772401695 -2.64112067946702833154
-1.38120193313671357771 4.30305639741156920053 1.70199888778644936593
-2.15271297346798595740 -1.33760515314614902849 1.26410676528577248234
-3.49665177449091224560 4.32539507231255182518 2.43189814522906555538
2.90167538999940166633 0.99115117032494026716 -0.92945088705756973013
-4.45888609845539996002 -4.30599061966094076581 2.48901974874730402831
-2.63842281691364188845 3.87334406755019333701 0.16162046048434586254
-4.47942358180499322629 0.65358764588786844030 0.07638697348792877762
2.37573988959668813692 3.67822202891856431251 -4.41712300053468265304
3.15687016954102439570 4.02234945931428367061 -2.65557068975704746450
-4.03315677202476763341 2.30474651723460688402 1.50221906556743345362
0.15378086266841251017 4.48162770624236994621 0.78601919499498329458
-2.70393226178001588877 2.87302371474098894311 -0.90129687456675666724
-4.21060434662180149701 -3.16496973141854009981 -3.79385540870929593993
3.20987964875461173619 -2.08184231626964422190 -1.49390359291163576927
2.51556615879094191968 -0.55922562006623044439 2.42810270177952958193
-3.31717626284809563586 0.42478890103264888012 2.02791619399654887701
0.28068138547528054261 2.88015890896262760634 -4.35780757234691673574


