300
-0.35283909940781388315 3.96759858571036883035 2.47611324204650617986
-3.99308879335513866593 1.06583952409065840783 -1.25619301912044223357
3.90564014196021513925 -0.08051446540484352710 -3.60643180266027441050
4.50178400852072524430 -4.09240152772724741226 1.40237497307826242121
3.53542110915258245285 0.70252179433842965040 4.25487873337635047477
-3.74382777299399238657 -4.24206159560238660333 -3.20081461476309181435
-2.19107447542255595607 0.56880700089961599986 1.71407154906444958442
1.93855793358334249632 2.77355903742336007411 -4.01797443705561629912
-4.27581206068990216096 -1.52426595053562774496 -4.31406267353845596091
-4.22212412306061324330 -3.31417532131218317559 -0.02719986234926707880
0.72410042122254392183 1.07836737006504801428 1.75096190704247600678
1.05727651701344260715 -3.18899238782388572133 1.86140860703547250665
-3.65019188757697143899 -2.77816969123274448705 2.95591432095191741780
4.13401995742877925721 -2.41801066460062985541 0.31797159457609236455
3.58448633704042318726 -2.96223041497062489213 -2.01889331694511975357
-0.71212865825866344949 1.41762985804898189457 3.21035440808841077143
-1.61513349641246151123 4.15661365961955109327 2.45783856919176013633
4.43840275226779201745 -0.22831915851522044392 0.93089697965467443908
3.33035996025706726442 -1.44539508821255902049 -2.36838850127066935514
2.64677087567377267163 -0.01153821911279706569 -2.73367622912246810429
2.40012852997997772064 -4.38160442637635050289 -3.69412047170938784291
1.31074777889461469016 -3.61669914128784952823 -0.68344265826856531731
-0.46023295096150551586 -1.93935308817129303804 1.62605934346171654425
2.73256389545635602900 1.45356130075877931773 0.98314361097697933189
1.75373144056050467299 1.25666992701366009300 3.88530709947634900203
0.24965371787400592041 2.96737211922115928786 1.66061655823059517445
-1.76232411761715734855 -4.15203604649952939809 -2.13524948926010349481
2.43528189568825048639 2.82837978801856593236 1.14333973833122026775
-2.86796981066558354101 3.14998631070980383839 -3.51387079345745512171
-1.17203450075365145366 -0.13479823881895214299 1.59423976243564613497
-0.89616752770039909137 1.04409796510379493384 -1.77287130669444836784
-1.53769236191492275623 -0.58114218057749500446 0.06608309359611297396
2.53806297763282007196 1.82163180923681888856 -1.67183631453857195481
2.43657631540002039827 -2.05771281225753099875 -0.40104918690072199894
2.81980498796124745553 4.47476031833822052164 2.54357279058280294493
-0.11880356308254835795 2.88927089646221713082 3.47579327466738785546
-2.51383507317148824356 4.03528899179984623657 1.56343638157001674216
2.57619359389795921089 -1.23226611463720558959 -3.32042021389466013304
3.91827781926439566718 -0.07028812571863163328 3.10143967833324207817
2.93440595777323043336 -2.83509571012558936332 4.13340962850400739370
-3.25765115707073382723 -0.12852501567693241924 0.05174802790019139564
1.98893616018530838829 0.62798594710282262810 2.52824773345245557010
0.57352744855018578107 2.15069212532115194847 -2.07446243866846424808
-0.98389998873031192517 2.51595852665777197643 -2.52174955780021337048
4.19662569388613260202 -4.11288244386924439766 -0.61164946908027761907
1.78353167899820608255 2.39945968160420353144 2.38328505653788091934
4.09558034624690403547 2.16651734072779955653 -1.73436697291172059465
3.43449760439286055913 -3.41793234231341713780 -3.90407424404077874058
0.47078345083150718864 -3.97693091062590342588 2.73070367707263006452
1.65709128254680138070 -2.36646523218582638393 1.35638917021866145518
-4.14246527929506314081 0.48062787160474940151 0.23075869179990071700
-2.32341931061732243080 -4.27019928581218977115 -1.27693852496011750475
1.93378568630800540262 4.40538299095444951803 2.04060561089639680432
-0.25729656369427189588 -3.21883431281422405235 -3.33538412783410276319
-0.98405406453600852146 2.57192206751426510891 -1.27479563262470918517
-2.07395114823382797908 3.03805392622605108244 1.58691808802771117115
-3.47451676009147547575 -4.07205159341518907468 1.48204165609164117967
0.72012754108246479490 -0.51745866763292269752 1.27758600562537605327
0.22321592885740937362 -4.23866053071419379705 1.70780350311228179550
-1.61316246105209870620 1.65957146491559459633 0.88789769880750935016
4.46203128821739181120 3.26081580280899085977 1.84741051239706433051
3.27737306709112363734 0.72264412606198114020 -2.87423316480184221078
1.14285362492789754896 0.18676237385705896088 3.51157672172433432678
4.37320082890812766863 -0.22194666724646339162 4.27478314423074490236
-1.29703237778557545212 0.93003017847352698055 2.40202670643119819971
-1.53306818266513866789 -3.39371634235377550581 2.46167824891574937851
0.56416499295449806795 0.80732595729968625875 2.75549086162157319535
3.46508240653410926058 3.27708842887190598958 1.13390715097533867350
-2.89229974323926297686 -2.49543384378776966770 -2.39559857014003707576
1.98338880371070569453 -1.77388498061683108631 3.65913361087199628940
3.83517642225888177876 -0.67164161894736196246 -2.81234052293086467245
-1.98565725848429464051 3.06320653046388624574 -1.64268996788729815250
-3.50180374977230446376 -3.01600225979336045157 -1.35469197325878942806
-3.04429484078879486475 -0.13527939436781810656 -2.05333800354470952243
1.44233193076315213688 1.34374868850915074603 -1.78276403380221326600
-2.67466472739123206637 1.34653248057261354376 0.43250991030492347278
1.15023666217728770533 2.10030533836541000170 1.49423991552171120389
-4.40273137668939895661 -0.71477198642754702362 -0.17079282403919826550
-3.26697038444301401938 1.92868914092013366002 -3.07465716772145025715
1.17792697721555672530 4.38494213803199617274 3.00986161788091521885
0.01029700161785829238 2.38454485907329694072 2.50387232641585377735
-1.11652962392683807735 0.18645936148100972218 -3.69979521207071648803
-4.35785695590818278333 1.21912440959866330559 4.28467868583730204790
-3.22789682434155800195 0.80108230393395274405 -2.85249762710251264508
2.64400174443479407671 2.60350205761220543366 -2.95151970358457349519
-3.79935556467968371663 -2.01014488746137054420 -1.50371164151782732432
-0.44285689412737649917 0.10212310670412616531 -1.63314190972163464366
2.92059352089005397346 0.85351653927600690253 -1.14514493090172742029
0.93195444049835884925 -1.84136607243684835566 -1.68938995184355666979
-1.50435831330546587736 3.72284357018144884677 -2.73257594146003857105
0.22037876094069908106 1.77907539247035284546 -4.16321535845347767690
4.22439570225310401241 0.92475092154130678068 2.78642358343824181333
2.93510905087801088342 -3.75578547000788587340 0.99098828102366631754
3.21332742819264716161 3.21692353927404184333 -0.06547273897939653864
-0.40382325408464758709 2.68071017713686909900 -0.14440372470449425180
4.28733675568619343466 -3.01496175892109397054 1.50694231038512871379
3.21345269881226425213 2.00717258557151456699 -0.95650516421207587570
-2.28497129632177697900 -0.32918469842637687606 0.77996271577908160566
2.80402968479108327671 -2.22799949890800919050 3.16442763919168168485
-2.33942452236134634802 0.15691608048744498660 -3.34153254504348407039
-1.33823424047197958586 0.74262584208271054109 0.47674081040436178114
-0.02258300170718641198 3.03196634886529725605 -2.40858693586961125632
-2.82798601362751567123 -0.88032586860328887468 -3.93254514541726463150
-1.71400309203548273373 2.73324105644486259337 -3.21135410003573307236
-3.91210126092023990907 3.67745055296080547436 -0.28948016539121912416
-4.00049692862853945030 -4.37050737829480873131 0.47856737953561090393
1.70866238232362110949 2.23480010629214209672 3.55827061504031672001
4.32899561730755078059 0.46140236326823558244 1.86724784777692054405
3.74870693976577040729 -4.53137117757916829675 -2.78717466137339808796
-0.62982282392493615930 -0.35879694580001242343 -0.77427199527746681795
0.80037994318670691030 -0.27744056474072209539 -1.07212065352144314545
3.92284691343805125285 -2.54706264538773385908 3.10379770812954536297
-1.39964119773798145729 3.88674092275437832456 0.57620568512132308570
4.03254277672376471031 1.37083100883544783954 0.88742779346431976961
0.16762597974705517601 -2.55669910150750734346 -0.46006012700702747509
-4.21092080957308123601 2.32878800111084949265 3.17572911436991578427
-1.12081735353934330846 2.60152624378118701998 1.43637744005491274635
0.56071348286486699664 -2.81742402920970391733 0.67083519774509969835
1.18714713897646184648 -3.66157459431500598157 3.36961371997269054646
3.75223972605783817613 4.21321890693223988222 0.98479405485419668764
-1.63940238669190607723 3.37477070107942811461 -4.50419006046174530411
4.48083427489327856819 3.60742076163035729763 0.42624439875840991476
1.88250631969073101146 -0.16381969713092914276 1.81744394562788436076
-2.14491578265203797216 -2.55546657522018261233 -1.29788929365698546547
-2.11974480555690369954 2.31036504547279530897 -4.33149809054866885560
0.17608828602652071282 0.39891996088380299312 0.92328479131340301933
2.63627933665263913809 -1.63484488100503444485 1.38958093270122162721
1.46168153387986876623 -0.39216376763750471213 -2.50783273975377474230
3.90942287935742438520 3.65950226587812910140 3.13319964781902449147
1.45620898486002392502 3.35096664827532997322 1.28761797858672810690
2.49802160319983723724 -0.08458730033749350952 -1.60549954335257449856
-2.32249644580983094500 2.64557175224548224435 -0.58680965057147016495
-1.35123906307792074344 1.72460695489007775905 -0.07881905085730966931
1.94673513811990783751 -0.95527418732214242070 -0.54571754474180078631
-2.21629856139421210770 1.17262443069432364950 2.95267680124364861882
1.62544417700397136883 -0.48706460013895380712 2.88127353761826299205
-1.73794719597101376962 2.77226623515149750432 0.39438597535740527178
0.58598282326506900830 -3.01167325901859417314 -4.41086445825318396174
-1.67240521423597510164 -1.68492686180313810951 -1.71514459003926722502
2.74517779210091550368 4.03876355293877420394 -2.54934931208263115821
2.94860120324613639298 -2.55856573047522983799 1.01785917482565313463
-3.12606422185562049521 -4.29337753159011992210 4.00325618712668340748
-1.10922185991929556081 2.30115198288825606454 2.72106131369021309041
-1.44904279842014815927 4.49409368441558054741 1.51516567014771741384
-3.24843421819723365829 -3.04125351258861220671 1.91751943645743683220
-0.28513098678370152328 -3.32394465620383483540 0.83919452030395902398
1.66616881613854861399 1.26627744169775002803 -0.16395375254198540915
-4.13789262693332826615 -1.37313931061015459534 0.93078651563145964332
-2.70359616511375433490 3.54790885620878793105 0.02852245960943466940
2.01851213205588209121 0.26863365799186311733 0.84431612517687071318
-2.19328528581659254471 -2.25125991270854752813 0.25567500557682443230
-3.30527142699198206444 0.64574700837854415170 -4.17226736940317444180
3.50470049278331519105 0.04075253256268229762 0.05283777413504786580
-0.41681428708991141718 0.99919504509829781824 -4.08504731009417287879
-3.58057635187186251713 -0.25435274951958142253 1.13806387429176592008
3.90275895319615262480 -0.66258698208996191781 -0.85501632046696229850
2.15179184708066273402 -1.01037018945037893047 4.48505613915984024942
3.71830587821562286166 -0.97962052046334058275 1.21878973611251240072
-3.06115324419883139129 1.91292014354850348212 3.46988199267628782962
1.84417984365842357874 2.99609067770178416623 -2.42126005596003146536
-1.39219897017484450785 -3.23800010109786340351 0.43626436618243591425
-3.29420033191310368537 3.57322273646795185442 -1.17391484706907878177
-3.39797961514522350868 2.94174472292600608370 1.24772534215976182992
0.44595647170594876485 -0.89686115987893888502 3.86868044644375697061
3.23151213807082893226 0.19280581273344576942 1.80810287640824629563
-2.17168717860833115907 -0.58985838979215099442 -1.24991281804379550380
-0.13220572756794535252 0.02414979263000205378 -2.85489009569368645813
0.63679630620020244436 -2.13197008720708458540 1.59775313383861661265
2.00680096931324225551 0.05003593159943875435 -3.70611717169544219175
-2.38467522328472369963 1.22613109528564390160 -3.71442279846231260265
1.79262470852874145066 -1.91967924007438695000 -4.41270054970424130403
1.34280729084710159782 2.31062472046233313705 0.42776972232565757537
0.27433888628199287751 0.32178089164371748154 -3.85690928801842414231
-4.15439608706640228775 -0.49948264146216914128 2.81248899270966123964
-4.30222513535390405082 -3.27037552266333220174 3.62641502435606621901
4.48880067860703757532 1.27711332217078776807 -2.92563681316289958545
2.35175930771379793072 0.52673839301667957358 4.53266627583936720924
0.25639692406183556272 1.53618571372583279100 0.69188323007728502745
2.63901068827753082502 -0.91461858577567589634 2.82024081073771437644
-3.60329527601069266041 3.86118906678856088632 -2.27262570488788817613
1.55812399353687958126 -1.64682886506466985566 2.60327029553159583486
1.91618595198574048766 -1.36995712598083319023 -1.98167650008664697481
0.43809903310969833257 -4.31231961975220645655 -3.02533754779191443873
4.06282610438058977564 -1.87554256819776998810 -1.72365015040567604032
-1.16438823218598130893 3.34802635677314963658 2.03373144802560545941
-2.13575600791298603198 -2.58046710058273998101 3.26032971988802966479
-2.71838153685888350708 3.75945461868224040103 2.70399181265881072278
2.79385533317176548707 -1.72716412727703172436 4.24706501606801634097
-2.72398949605269313778 -1.59491106188433739987 1.67514588841481870674
3.86458024836862445994 2.79818286284935169306 -2.86902454476512858150
-0.78035712634644971430 -0.76992243021480621934 -1.88660298201982712385
-3.12323522712390344580 4.47345983626692511592 -0.21650393223354935657
3.91854846216198726694 1.03611799367669465965 -1.96981281274442476814
0.14125771049002189272 -1.21112533816640732809 1.86301837449287699400
1.56850631534496098851 4.02889708122107403909 -3.13049879611951054059
1.70988480840696066565 -2.67009501671251436861 -1.41804817655042736391
1.06178447630497352350 4.18414578774309919851 -0.69764279696333719727
1.17405577608648847843 -2.02328373549700657463 -0.39384667189100763807
-2.23657452623907548883 -4.08641303497632968345 0.23903727607192148952
2.85191818107769723412 2.95755961844465176114 4.15611643660878993245
4.35626249269150545018 -4.27121130268619442205 -1.78746427637601845717
-0.27741006387454270055 -1.58624804085789516961 -0.04833164386137056567
-0.16228756244471842507 -1.71890522430456060832 -1.74284747350959934309
0.41137989188139734154 -0.19521968906380404718 -1.99155566695613739370
-1.18700513589884959487 -1.32197006851756082568 0.65579093094554696819
-3.72195368731260067818 3.05500574788224366074 2.53788148547100522734
0.39993558124207062576 -1.93542867356700121206 2.59850855624415988387
0.48509076042474141843 -1.31741059055397080613 -0.80399919821156284883
2.35380555835500882012 -3.99498661520028397476 3.24055114668710420034
3.31810284197385119143 -3.23372424734988861417 0.11145787583214428196
-3.72042006178117556914 0.65567966771686592153 2.10554620064405195734
-2.17626032152045345569 -3.16239730954312125988 -3.06467777312728095751
-1.72176466752829870899 -2.61260739718810075516 -4.02038605938758752956
2.26165692165301823735 2.77937299000232052038 -0.22092582511625380448
4.48320949696609627466 -4.48755498969050314884 -3.82595359672976531584
-3.30303074515722450144 -0.74884077652550651294 4.17030072358207615224
0.23541666453866305631 1.36881176337266463605 -1.39177007954451603666
3.17915440004786020722 -4.13543627419373294174 -1.78395360886362741581
-1.13869004705703691371 0.67958078797422505346 4.32870006818111630054
-2.34490622068545606638 -1.21569786461372730813 0.16386551100450752472
-2.83058494039090691174 -0.26567968396458496727 2.00021894910640352094
-2.34712220195948084722 -1.28837163230686524429 4.21681801999240324363
-3.05521521425658093563 -2.66732245022451852634 3.82511147450669763970
0.22254093346372361140 -2.96727552502423863601 -1.42257798381741329408
0.59813154839978555088 -0.65418386868996414307 0.09489499500647990970
2.83832108670896943181 -3.42330488376883801394 -2.85017413284305920484
3.70625675485015104726 -0.86645688199249315531 3.72676815003981953822
0.19392211425280159176 -3.70214382018213683523 -0.36893162903664755703
2.10368111379410382966 -2.96976329947844330803 3.53511304494466482851
0.27063807723195942856 -0.58053511080384412324 2.72410415075357636994
0.49395315336041001331 -1.45719765191067285315 0.87345101433061955731
-1.42706089259198254382 1.04332679461066391013 -2.91599538901278698688
2.17690479296545458254 3.83469710852450607064 -4.27657372480173236795
0.59408733824294390757 -0.96483583934467587184 -4.15653355751517672445
-4.09566995563138203096 1.81128690272358472413 -3.86804155170869501390
-3.50425587391023940498 -3.53848308710181314041 -4.16322091605492072830
2.78678743257560324054 4.18030777221606353322 1.32734135751414772386
-4.41899709954854991167 0.19386043802898722532 -1.31163917576399136067
-0.42957151621114153528 -0.62661884404086798384 0.69875733004595996789
-1.58907388714327879597 0.12464277996576988983 -2.02971484742809549218
-0.33910926535123309122 1.08705786822345462639 -2.95441073107820173504
-3.41747730473197997014 -1.23850760922597791236 3.03389227150239104702
-2.83847892694447745399 2.20979441314140423458 1.90892876626013308083
-2.53546938326256343643 -0.05379869389403157953 3.29047573438297380477
4.08336913300307013941 2.57693946120743344608 -0.23948598228304440738
-0.59433568952655990714 2.62433644938045329553 -3.74548663347571064719
0.23567588153987983901 0.18833863519488946991 1.89244411341869067655
2.54480002134955807236 1.56589670748146847501 2.16285161550544469122
2.78178355377970287776 2.77146443031547118352 -1.79094040892005956778
3.13228676238319980740 -3.26407892716574954406 1.95320722524493550765
3.47874236714908757762 -1.50731238658862976010 2.55859736983389929321
-0.90309999810646202079 -2.91437061275467312882 -1.94553673816760763771
2.22728066328207763291 0.09002291855995103731 3.52080285505544932079
0.71164941921658009250 3.34791453324222221255 -0.07284021846195098959
-4.03682718040925703207 3.18650836165463946514 3.88676956244819304942
-2.61470110675576616899 2.98941632489927133776 -2.58884520248806682119
-2.02966658642526187606 2.04565908916433070175 3.63818419554871308463
-0.82682878526544945075 4.33287204487981636447 -3.53425969264812556148
1.30385045394624565773 3.44995635217729113009 2.30865884674721577596
-3.73058454853199572554 4.48643698786931199862 -1.48767393924726620824
-2.65060807478679549831 -3.79292898396322497589 2.98799850967572222515
2.68438720356992721605 1.92745952217022598063 4.41485575275049857424
3.87857360620037727728 2.41916719867301655000 3.47370301320232410802
1.71244744501221202171 -0.99074373860633535571 0.92890852589624461899
-0.58640800019902217244 1.07206327638622056497 1.46052918105639495394
-1.74516972701609063279 1.69777812859962029535 -1.60425939379623017089
-1.27629923376183196382 1.91109516827795911098 -3.70710159854133802781
-2.07108333825668688988 1.59146923200052370362 1.75548146075314548398
0.16330887684182915365 0.26822715837881005996 3.81209876684122317414
0.42116458857815786132 -1.01483805131908688679 -3.15142053979980030221
-0.35057699553293542039 -3.09163203946651599097 2.63007713484488814260
-2.47573000003837151439 3.15099543925985514647 3.58814657821994931197
-4.12208681628646722572 4.41653268175970747933 4.19784474665572826524
2.67240535313306182275 3.40102591561752998217 2.25293418041874193847
0.94069273070547243520 3.07717654806987095384 3.61215004778532655649
3.15034838288257379446 -2.23231023794561256324 -3.04463754289419830101
4.37654432486491007381 -3.42457526643383625142 -4.25542766884994527743
3.08910734350987414842 1.79374808578063849041 3.03408800426994140764
1.07079355830709754827 -2.09848237678102700343 3.69203200545488474660
-1.39022346703181076677 -1.55828169970638352737 -0.34704732187992348713
3.73241663597685313647 -4.25443994314035300874 2.51403839466627143651
1.66693195646091663065 -4.00271067468166297232 -1.72546146625390850460
3.31482185499639836479 2.24601365533845598321 0.83654303291360587735
-2.71838330945318418230 -4.49404272109499203225 -2.55687832262277581208
-0.95541766353570478643 3.37802805922222226798 -1.85696955733093638230
-0.23305369084151994485 -4.00608445702496585028 3.52847191063739185068
3.63663945478525274524 -1.58626886133524225286 -0.20206666658357619326
0.58027327111450954789 -4.20154584809600972761 -1.78298113625348175759
4.46749972560746666517 3.41352318916529196002 -1.99264455426893949408
-4.02391426014195552341 2.05473069525617457742 1.55506682555635133980
-0.72188133402416587714 0.98968933209606912982 -0.62873641724314621726
1.33383833802539708557 -4.17620719573248155854 -3.82402024313584742998
-1.66818697899972034904 -0.83144658017340855594 -2.48823411545631412167
4.36271315559063221912 -0.56441500925751242335 1.90359539914830389051
1.98935472169535909615 -2.59142017913506483850 2.60638577382882097311
-3.32628694425822502012 -0.27919610163788544099 -2.99861585973589939158
3.49701699628888018623 1.72057219183098109028 1.89635686328876484907
3.52648976380931866714 1.00703521907175552741 -3.88972269910727064257
-1.77793403793108195643 0.39547262495352875078 -0.87736431920505131288
1.39125283720054593317 1.48411759980475554954 2.50904594159565164091


