233
-2.29975294990216916347 -3.42137653046250633793 2.91743619117431052246
4.35118097633699552063 2.51705266521695492088 -0.95378089846539104713
-3.20685317945448211674 -3.07624103877507870664 -0.32832828802833713411
0.83530028361838759565 1.94149858953367537850 4.16579592831602507630
-1.32534910040566078493 2.34934269318525768000 3.41334552027104720651
3.24573491320139062566 -3.91332674087325260714 2.65449828262839471194
-2.78434753243158361613 0.96759001576718084436 4.15252979503115948745
2.46524663240122965391 -3.77571340091024287844 -0.05156430869220862689
3.70458439051325161273 3.70030603788043332969 -3.70390848226721969283
4.47390948099635377133 1.38305749500026209375 -0.72895108697160315714
-2.90041612790644309783 -1.90414655505348306974 3.64739769766010457630
-2.26284533050811198507 -2.48910658213667712602 1.47095559876569748070
-2.38689892938570613623 0.69092908533595220888 -1.70232854023188684423
0.19777599714357219085 -0.03872264634589317467 -1.41022590903708744392
-2.68675270237950236663 -3.78832227432626522656 1.29966670069945777755
1.41133585591406873760 0.71677727340892882779 0.28392759262244560148
2.56701894356097159999 3.76855602014065826921 -3.83185468294986364413
-4.13104533545435526065 -0.12105987076801660862 2.58950473299902128588
-1.48114662320577705756 0.87301158578819570977 -0.84899238153909806215
-3.21747684340173245587 4.05451871527802953921 3.08832858913057339834
-2.98334032762977141573 4.00523726927033951739 -0.64379410042652596147
2.30323517000430744162 2.72842808489232258040 -0.46107177905112450844
-3.88666747736501294597 1.13851715685640808573 -2.13366215991685681530
-1.99621808939025191520 4.49549929543698478795 -1.39278619544482795689
0.20504294786275600870 2.50292947264074516767 -0.74056328636356338890
0.94065929507553391886 -0.13295188591784778964 -0.40644978020288657916
4.41863554142560399640 2.00014805890408808864 3.05230454272451279252
2.71918873875877942226 0.72575864138764956124 3.20211302096442640419
-0.85667210128430193450 -3.42051539564506468238 2.49157751030562479855
-3.01311708024258484429 2.83179522340726297358 -1.53599468882366974043
-2.93902335289156591003 0.90994929930106138727 -2.63618639161066603549
0.54477932411937501911 2.94639954243946977641 2.20692020646164444031
3.75530870012371575939 -3.49727464461962211928 0.63663613163269516804
-1.93902225112447945676 3.11716027646193882816 -3.72013286986178570714
3.13368690067049371351 -3.53652019544063866974 -1.62426356374553915174
0.90028986089100282442 -1.04001465082241528748 -3.30201093792553246331
-1.59099134277341924815 0.71089815487549579132 -4.11467820479693013880
-0.71025109838811317786 4.33253311464036894307 1.06211621179531423564
-2.68366617502158266717 1.22110394016536361050 2.03721887491604558562
0.03642480425029503976 -0.39593940603437793868 -2.70287946918823962505
-4.22365602169494724905 3.70688132907096612456 -4.51829965799941302151
-3.90138321817461308783 -0.22999279745583312007 -2.43454469352838165364
-2.34615426070924737445 1.54292559653945726694 -0.52972882397327847315
-1.68036371710412479885 -1.85649415888365432181 3.55485137446120358362
0.68818717104665960704 3.04264998438338807318 0.88968008440525903069
-1.13726235119389729178 3.08290036701000413899 2.17923087812741034242
-0.95500902744657656385 3.53285258080063169217 -2.65656087888486203141
-0.69514283899463169547 1.22765821492335547305 -4.46325786755684017493
-2.10617771417451749016 0.33561857403022887780 -3.28332387177279594326
-2.54807192130089754656 0.02735384526222883750 0.06258253708057814890
3.79313275055624199439 1.52796502463975958364 1.35854184458668481028
-0.35995130317417967092 0.42963986127701492279 -3.45638251010965058541
0.44749696890615098255 1.35475930754638618225 1.75497122729384358308
-4.28250710051158023361 -3.65140154153846463458 -2.05108691723423586240
3.00751887923239191736 2.37292216244646603229 0.42296903631447868577
1.09795751343543912526 -1.63715857298276823428 2.88663158083448312397
-1.28129671720038906813 2.07762648815305261962 -4.02654767287757842098
3.58390484729872493830 4.36698357970127215566 -2.25659036631281617602
2.78589850609425848660 1.56832252925269344246 3.99785530952653456183
-2.73191287960860895723 2.83326028932964391061 3.54039952815795277985
3.05607626710527036096 0.46650287296588910380 -3.96452589664734578179
-3.26749803215180012472 2.73329084179030612489 1.10078463229853795724
0.53915406398044751768 4.50436248347113288304 1.59229607701322972702
-0.18454998005972811370 -2.87436526627397492817 1.61656772682567950739
1.21868089918070054978 -3.39100498565387775685 -2.03395477689323955772
4.28491839173025379495 3.83055807381301693937 -0.38768808108854990735
-0.57184386444282075956 1.91060226298403623701 2.67584709976084589300
-4.20273948314244538693 2.42666640046599724201 -2.17358060380537176925
-0.46464958225581654006 0.27185729258659296903 -0.40996115911550923272
1.00212568872079721416 1.92604786116540349639 1.06843676891177885580
1.35056999051067805340 0.38433038038270339598 3.58998282130137180701
2.63191595984687598531 1.67130092518987982686 -0.38326973015960419389
4.09231409033391013708 -3.22231498094900015161 2.65255156566994987344
-1.30892282083606437126 0.22953355273215780841 0.13311651473212204877
-1.21836559701441471404 2.48257052426579516435 1.09282614172096526062
-0.18465499255818507152 0.27384407932691789966 2.35091270426073517541
-1.82814343285794933536 0.71774556853921733790 2.66885211538137401277
-1.88689984289250922700 -4.50068066099196339991 3.03070193962424117018
-0.91425019981959554372 -2.63021561298631922909 -0.28750350600377139187
4.09137552501649093273 -3.30502196252707891588 -0.35058894818016916872
-3.44313627052034165743 2.48824018959149118047 -0.60229152750668069061
3.18422240249653665245 0.44157185535855347780 0.84517338071542447153
2.86982920221192117083 0.71094156544824116395 -1.23999837657115152822
-2.32413598167110446724 2.16106129398101121097 1.40411515112697937724
4.03485913991568789783 1.05992903599391485869 -3.33968839136183648364
0.45053107664742597649 2.70599721112189772754 -1.73879997149102960563
-3.90647669740603697974 1.92527086014867787611 -3.12572431432566943954
-3.19963056974315707137 -2.90473141948356428088 0.79273419966229408118
-1.55607019666862322893 -3.10383746992197240289 -3.09599726564734556433
3.00935789686305454893 3.27167783339169737644 -2.00089462229841785756
1.18016542762383114251 -0.73259861099032264065 1.81724219867932834660
2.43418598430247712372 -1.67393631833355271965 2.81968707633947346380
-1.33313201367643774375 -3.44117768819992297935 -1.46059180095097929097
3.06455613484849642703 -2.90853065454304671178 2.61446846137698418744
-2.14358732880602476101 3.29234678102143174527 1.21382376867130670206
4.48988311414102181374 2.70824428939208061706 -3.99271672670988309051
-1.68978591145559153830 -3.52778258136072331297 0.31610356833868102910
3.62920402378457662707 0.48580773496040485782 1.83707895514311747576
-2.56233899086327321371 -3.35813855287696316765 -1.59799931279708040677
-3.91248864672599072634 1.47686989411558489138 3.73533102246493964316
-2.03373928810679993617 -4.31349394354529724893 -0.31820194095086051789
2.28170687085529255711 -1.15341240569293246310 0.92531453235214033981
4.22204791342996177406 -2.24129426395835107400 -0.06708077108698784485
-3.71421054715318499362 2.13194729799284399263 2.58839854911865874243
-4.05492639680185273932 0.52563119751782938494 1.16442193383488223901
1.90713529440752527222 -0.47527417268483773682 3.66804506122621010178
-1.32957518906082761134 3.61662293857029393251 0.55258032534515955092
1.08721637502758827765 2.33173733647367154020 0.10306912248378274910
-3.57582717493593182922 4.03443322220670541611 -2.15614597418849029964
1.49680034503920822431 2.69213837971538794136 -3.65447416168446181928
0.68250605502926120494 -0.54402809990099942894 3.86427539833373945299
-4.43690324316685913431 3.83820983782296121234 -3.19250755773570027429
-0.12956440637826904805 2.10779624791098640912 1.82116598655364914094
-2.89176933392128399092 -3.91149754071724586879 3.77723692099259533705
2.65840376627453434111 -4.24825183329238686980 -3.44166755037416338681
0.26281728130919201902 -4.18938316635727581172 2.75379777060472807904
2.24281627186390153383 0.37982595678740427303 4.34951845013735027834
-2.36700448287702647221 3.28357748646186298203 -0.26568674993071716983
-0.40741600641117337034 -0.85320280292635830577 4.15197867140020715482
0.57663976805407912707 1.79326076795309941048 -3.74604031508215440383
1.92496594776001384020 3.91619740304075758530 1.59688705570956024360
1.85396640165003656620 -3.36465456319910138916 2.85911435110298928208
1.63408288192453188259 -0.09235236190991624738 0.91504979519795526244
3.35867775238417110018 1.66691610479071883333 3.16882896853343520860
-2.04567589121943882446 -3.56249553399053953129 4.41193396604419074691
-1.53126465743494311056 -2.65074294338013149996 2.23126287361945241372
2.26279791641503091881 4.34436576491469050865 0.26475288711962896571
-0.16456481589902161033 0.88173628465083986327 -2.49194058801814666282
-0.90199213848568504659 -0.33089513200774867130 1.08359540454501246387
-2.85887675999009127636 -4.31365328685209004078 2.21664782012019490054
-0.17368643835115715746 -1.44788457551275229207 3.29676990638785394339
4.40158617053825107490 1.44605424598260601243 -4.40862977515165344045
2.33779801528536612665 -2.34240638610998974656 0.92929921678010440900
4.29475205436682028193 0.50212497644960585319 0.28211387533599197042
0.23663489969854278883 3.83873701431702496478 -0.19396476867867296079
3.23254742635429881403 -1.61089496496093165234 1.09198547518673283463
-3.89345900535218181204 -3.57963665399485764240 1.34941194141033538045
-2.45061570697752761916 0.70399134078693137440 0.89161568514425848520
-4.03323019242850300259 -0.15712123578839687355 -0.00402730708442344820
3.24581415112872395667 3.88011198376219734740 -0.46193266462240956116
4.06741186909881680123 0.22723926465177424205 -4.14284834436888171894
3.99776594414043540127 -0.71767399221931738040 0.98162538430480505980
-3.16112591046011592866 -0.44304884579087655538 1.20584503496573525183
-2.77450727571850119801 1.42415428626204398910 3.13975721366337001683
-2.41752672152541592254 -1.22223039594604188096 1.55459789461822150969
3.95695645366368875528 3.27549497607641093566 -1.46286710357893845469
4.26529825046956378998 3.03277429874804838050 3.26843882264380347635
1.93111569676598993084 3.01802037632056840977 -2.42960565034748743329
-1.23445154893098818505 -2.64843691799955083255 1.16552736691639236000
1.49618293907653576724 -3.77811137842437139156 -0.21704223519217613614
-3.23792577469676956525 2.78572651897903433849 -3.01970834611867511299
-3.70438256632918472278 3.66189059156342811008 1.22809177324762952566
4.24712413203851379961 1.81360550199916836789 0.26283716361321562971
-3.40612262025423628842 1.65673664851624824479 -4.24779946395529695025
-2.49526806178363536048 -0.34478361787827882523 2.39812056382925220532
0.84860324731512548624 2.06438704260028238480 -2.55183955361450420796
3.72086851741577628871 2.35653896098294080019 4.21125432624775708490
0.91584182428327753911 3.25471933494835052869 -0.91453974447890473698
3.43071225193389572894 -0.93995271928056389754 2.69658460624310425402
-4.31121229389692572909 -3.19513615981024923229 0.40262462860659553598
-2.28811410745533239108 -0.05185506710867837654 -0.92150381347381804531
4.42032318592993878070 -4.37170849594922028558 1.09628911905167214513
0.10460134568852019754 1.04605531228040682379 3.24500745625640973913
0.46988755030070450402 -1.32360175982934435979 -4.33407148253994645160
2.80756110343145071084 2.78229629409009060481 -3.16968297601313420131
-1.72963489399667036395 -3.50056060887081610389 1.64355370889954333080
-3.78808852382225902389 2.97592181247515696896 3.84715953135433696986
-3.57428021081089708488 0.90119175509983406869 -1.11202646367355484358
-2.58726618876319314211 -2.06675590875418624393 2.28317898780706673989
-2.55430365520169200266 1.38386718717467172013 -3.68587249428317953459
-1.61413843909639576069 3.40551473935770498969 3.33383010126774514958
-3.28253491619449011552 -2.96291392714937096287 3.96656891328332417146
-3.29927795272773094482 -4.22944982346694242636 -1.37525636622726254998
-0.47267074870217218319 2.05297455537305406637 3.80506614452588021180
1.48737583602956835449 3.33586303192033639675 -0.02645639829323087611
3.53185775456331629840 2.29080464022077201491 2.33278298962642338665
-3.74362380357652435592 -2.17425483488915238794 0.17291581953721735232
0.32820169110470764906 -0.23302507376703918140 1.25518621992092871409
-1.42223937799729149845 -2.92145231649126468909 3.49910620904206037807
2.81911898205653344007 -0.70062489104455627498 1.68152837793062204241
-4.06682973349661569529 -3.65166580122049877488 3.29507156600858319706
2.11502407252870927579 0.22704927417393605538 1.95889148192780560009
2.09659548148518926070 3.51575266404441233448 -1.27222248417240413332
-0.17182451641712415125 0.18515237751908397712 4.06309034722371098525
-2.39508732557058534596 -2.05918191295476615821 0.27184972049777300640
-0.59803029081073200146 2.61280358877569351961 0.19015661281648821301
3.73217823952850924485 3.01269628702471425896 -0.17983050628981178676
2.44364457735233653324 1.27074495760448424875 1.61328270755742675391
-0.72369679346546522680 -0.32366081070927332775 -1.50465601426455197753
3.55960941300949595956 1.64371248919694412649 -1.10734958843267117246
0.24575176027247813693 -2.94664268829492792534 3.23177951001803798192
0.66280857752957000883 0.97298742378575209244 -1.76205933360528854692
-3.94402971366372501194 1.54196575999351814801 0.88696289021936713937
-3.94395091598633973362 0.65022133694024475403 4.51606669701415608387
3.97308928931360849646 2.35614934841221312922 -2.99755108684241777794
-3.60686440195005308951 3.30263883612629616238 0.11522952785999507341
-0.35859707979074961770 1.61095911790818480114 0.33264890030938509824
3.50636602266965891062 1.18249269941630519298 -0.15901732945078617121
-2.13496400485795234658 -3.38308706246011858809 -0.70484597918492308821
-0.83171899678236016484 -3.76814896718264735753 3.55120635906191228770
-2.42723103756263691722 1.84961088830796871463 3.96743045400994187588
-4.37825921322622679810 2.42621937417527178127 1.62621099243691968894
-3.09107213569104599671 1.90706828954397966669 0.39016717580943538479
3.20472930809168410349 2.21928941306511706699 -1.88463407208748723320
-3.49112265599258675408 0.79801636738210568467 0.24406186853143641002
-2.72181561370340574513 2.53637422811969770464 -4.34560771737447826268
-1.42744025797203555328 1.56308925802827314300 0.20867831812318815565
3.97097409250431798711 -4.31140346714449584908 -0.10571890573054432139
4.26037452315922937629 0.81610505677208511344 3.12295227189609381213
-1.09312110787125194022 -1.66290312700463527307 -4.39144616878827420692
-3.75397800421634952883 0.97669491647535533474 -3.53517410264209930304
-0.88216218041536942351 -3.68316564102211696508 1.15521956609034770480
-3.18833079162005050833 0.45648090256287154887 2.66038655689091019241
-0.49593782601765479257 2.64943251274999536093 -4.29606840820531488134
-1.45337695748595319145 1.85628473727437270924 -1.74877441215453188761
-2.92852923118876073971 -4.21449199921397088531 0.33891293787296827844
-4.35931771653446809012 -4.15270383353067629173 -1.02758334805957751712
3.40096710449727890335 4.29348495391159712398 0.67001412336002452719
1.37367887553082734797 1.63645547520191492197 -1.21264990747895229362
2.23860495946774218368 4.23712111692405368757 -2.02041588047235487480
-4.06682875915010288992 -4.43568230926126183533 0.13040891170543922328
-4.29751042896059320952 -2.76691712596014660619 -1.10486042701378384123
-0.60484047847275013154 -4.03323900419348913005 0.29608556368986693741
-4.35595708780683210648 0.76685112921918285878 2.18830669781232156623
-3.66996014437339335146 3.35039887680204806486 2.36788843338999921428
-2.33871565547153448250 2.98705183441326038718 2.47433487362317361402
0.85640662859366489812 1.56995275228132680212 2.84719899446060242809
-2.41673794482874493283 3.96097042401360877051 3.83507793221548265450
3.58985798486823615150 0.88107344494813588653 4.16637231716960609873
-2.90009156445916271849 3.85562279896453308226 0.52093735385115458314
2.57992314091515417829 -0.09815961226378444593 -0.43077045938143498915
3.62954488427866461819 -0.76160576023930426359 -1.80530265200975259532
-1.00283848866803193545 -4.26736655980252432840 -0.64356399758332738514


