131
0.63997690963011422127 -4.40994164764212381868 2.28303457683399724232
0.12362448503626222163 -4.18256375269712776799 -1.76053881305258208556
-2.27095665914352240478 1.81431218601051025274 3.72576029560555443965
-3.90330100474109142894 -1.59895022989224511178 3.03448012415051682211
-2.56159740650953793306 2.08201329888407826729 1.47173374033361881175
4.02621953328211024115 0.43187885576166262780 3.01024257006890838539
0.53292270223152726771 2.30604256989869060845 -1.55960696835423284767
-3.66702331757040411730 -0.62025960719687445177 -2.14179492624899747710
-1.39470785177476486183 -1.61575440512161350171 -0.97046782905078599057
0.31255139929275266297 3.29531642594738460872 -0.70121070443330513200
2.27006964166508584668 2.25418525472770436835 4.16370299351513306618
3.66390728396483122964 2.58876740370169766692 -2.91120451729737794722
1.32507138552718206626 2.80698039298238199990 -0.95085005676337841507
0.73265820531373826441 -1.71298313836005577926 2.19754965603385787887
-3.10068545707930409705 0.27010608250710532729 -1.63706497120118310562
-3.86755100454308164970 -3.06907126379673789174 4.50625193052827466289
0.95930930073743780895 4.10961826346669756305 1.18334658801054803945
-4.40206052645487311281 -3.25699082443762533146 2.46416815755858298331
2.22589584223987468903 3.26228450188052487846 1.70913713019611623878
-4.26181690807409907507 2.76103389108359298376 -1.55779119830559276139
1.18115420192032782865 2.34327765120961473144 -3.63359745717888538152
-2.07120683689839246711 -2.43992804212214187132 -4.02823861657650539314
-0.85176896447598782203 -0.75029803519095583653 -1.76351246145334927817
3.55263629076198217405 2.21933712997289589453 1.61230115504886928335
-1.19156829943604947175 -0.75060698112107271385 -2.78752436820430116171
-0.32310237924954865463 -4.43594216855863177074 0.46997265136234656069
-0.62144110272332087064 -2.32356386326626873640 1.71970072379328353662
2.23006306789679964453 1.58066913825718735609 -4.15216961358455893816
-2.54394899472276403429 1.77805009441214512123 2.54669546936115676061
-2.36318017116884915296 2.86431699553162477656 -2.27987047438397638643
3.89272302205245868123 3.03826115578486621871 -3.82262538941654428370
-3.76496784374631676684 3.06333981238800312497 -0.42764753673383548715
0.57870007817554203200 -1.73889008651978160813 3.47889592266205038840
-3.17994310675955071943 -0.56505155509667304159 4.25535315812712955363
0.57576412680079691597 -0.32918037393875287933 2.28711277917985977837
-0.68771438222787040218 3.60039571542116210168 -0.28601271570774411401
-1.72567794298332755076 0.23169254954217777254 4.25976497471518644744
-2.96457153950391116837 -3.78385246629113858319 -1.77476691647101425531
3.83495315020628613212 4.06896324890943272834 -4.19964639476772827464
4.33296599701564932872 2.86371534614681788611 0.90463939755689715128
2.02878111446104192339 0.45343348410796746606 3.01793119555315048075
-1.91961514928355025944 -1.82135778608250253896 0.19987141055189283634
1.62495085400079286586 1.15209136483014074059 0.71888996324517773218
2.88462622853651051713 1.65969518395886961315 2.96939874973927064872
0.67099104490974337267 1.51558984825024811727 1.32703134293219093820
-3.57514233065231579189 -2.79614162910020658259 -0.91807792680395161611
3.07404311698386134566 4.48062634519214508799 3.08844390644183341976
3.99270286398476148548 4.32708595626514114230 3.50461783212769351081
-4.42770546179210544580 1.50788201001515886901 2.54043910770713932123
3.60560314362184453074 4.06306415392008712928 -2.94072565603546332014
3.78206217545739864505 -0.21426151153787120762 -4.27102994825883630625
-2.76019250235680546623 1.67484453266557320461 -4.22232767197348390908
1.22675524216941145283 0.21573884210411442552 -3.02767255451469408101
-2.21001051971156581288 -3.72739214574480381970 2.32779986273699535104
2.21842812338369999026 1.90460717534908230419 2.29978771147517324636
-1.84750573895397618429 2.74539755944627206219 0.62123420628201841964
-0.63257381729231276779 3.42994419650724680082 -1.67894638170832966040
-2.84171972468441591531 1.41024118413824606222 -0.07132114103832165597
-1.67712581446084918468 1.93176906670228643037 -2.28899035982780185705
3.32198955411498708656 -0.31991256274769064305 -1.00673157862985229727
1.73268416057559715426 -3.97489140358998094271 3.17147727037053162036
0.02697351349531285081 -2.37356201280582901347 0.80593067931477069266
-2.37086381187630701461 0.48059692739875181644 -0.57296399626992533527
4.45489455590576977073 4.26980011502074230378 2.03591264701902741052
2.77403934965066056861 2.89739920395000893905 2.78973360331094166753
-0.12184163272130721367 -4.27712109483466651483 -4.12348997251828119914
1.71364289575567774193 -3.54730725895840492967 -3.11381538255654000125
0.49019327460270289976 -3.21523852295021361769 -0.48221654704868921471
-1.91154279047881692222 -0.55491436582467068561 -0.40586890625609495231
0.49297502826659833630 -1.58785591697943972989 -3.24348100506463454806
-3.08610123945997738559 -4.10911253249785701769 1.76993464225245578092
3.96538570711798410429 -3.86237452678136783391 0.91659015753796335702
-0.72680064264533594809 1.92645249414260799625 2.48294537995278741249
3.78700701827295826973 -2.89471683735074369892 3.53989871950644374721
-0.88864508264188923903 -0.21806366366992957495 1.76038435248349145468
-2.92584808410741681328 -3.54452121190187607880 -2.80148407139068122973
-2.08060620054803546708 -0.03365004649022829142 -1.70419992851855406357
-1.77742823317442599773 -3.55639735478635810040 -3.60336154047231405073
0.97144106427263920978 4.27424087241641981194 -3.68523974600998327489
1.30125121419253009236 3.37070394889965374574 -4.14273071038922235942
-2.70741076919518564026 -0.02165240717573180262 1.81673153922795815873
2.90610012566338671292 0.67766233385782026488 3.81619851974218793345
-1.79625665194874173380 2.51249151822304828130 -0.87701021943533064018
1.52405506736187490446 3.15583882505611779123 0.67881343089259882362
-4.41184811230578777241 1.60984998785554189737 3.59751632652859587580
-1.79025980930786765555 -0.48215037913744840381 -3.94925084051339903013
0.23274164577120881603 3.56902911001876521624 -3.01286491793322985799
-0.45144882722996371172 -1.97282588233276756640 -1.63544756334333385439
-4.25956873400289648401 -0.15484271129615834184 -4.53541024238268075663
2.47900635001194746820 3.84278523607729116662 3.68352175495525724358
-2.15523298626586345961 -3.92627594578292615779 -0.32714479525507300650
2.99068855854912740710 0.80256222546222133474 2.23397484246888389237
2.97452100263857843743 -1.07248398999922578412 3.00078920617161060136
-2.97265063093824455365 -0.09538590282602577020 0.69028075200808913792
-3.40788521374914799011 3.39513852290085171859 4.19970477420236765198
-0.76115969057098809003 2.91400323666094873687 3.02517305982442241685
-3.32445804612360795716 1.23067101014604229903 0.70501387226439149458
0.95912176763058720752 -0.23894794543390318609 3.24384148228473101483
4.15646301277817453723 2.87570226700276521115 2.28170336764983527900
2.72708183744771570645 2.50915266268447201270 0.68214961780148541948
-0.63400906515281096887 -1.93226035353818259566 0.23622321609561947042
3.12147243863404888486 2.11280717546526464190 -3.69436333905585723159
3.86787307856713535870 1.92010294664540914766 0.10790165341943858124
-0.61638272832195273310 0.00877215911283268923 3.02479423239578704141
4.37003875303737654434 1.08357033985454442870 0.66223283809081223694
1.10294523318037906989 -0.95460807346246490113 -2.47755623522271939407
-1.27333286875882700784 0.27315533829044102987 -0.67100494928702225650
2.96980200439904518106 -0.04569540093278412485 3.12057963176702646280
-0.93541157554542264663 -0.32378403915169595706 0.13885116071387670900
-1.18087486093859750369 -4.16844534913507214213 3.85408317725287741240
-4.21571188224826887136 -4.39138185044069828677 3.08615085354949858498
-0.56656466112809678037 2.27387848184849428179 -1.53301238280369300782
-3.70755214707718394607 0.54359451431518834852 -3.61891875007661534269
2.77566504210511322270 1.37317902302664762715 1.32236187078127720440
3.60414682766035721073 -1.08433924936984871223 4.13129903809403042914
1.54309102734168579474 -4.18117407335791213541 -0.65777663218594639716
-2.74843119231958255000 -3.54853624087067442971 -4.24183024221472226856
0.13706689526608162311 -3.44270721796036172080 2.29606899207528325491
3.41080243114124925796 3.92729941352626976681 1.47852430990582650594
3.35572625609417318771 2.48383298585265510638 4.27381603225186434969
4.17382586034485303372 0.42566826046554151475 -3.31769714863727482879
3.91080980731970928588 3.70876736637447290690 -0.00248390684332377987
-4.27586249697725850893 -1.34898160205725581307 -2.46731374516134227548
3.26913978748682421127 0.76968327778381162574 -4.23438954659076216558
-2.07399042021100532551 2.54441224067137827802 -3.30493777862121529409
0.15107890266013956904 0.90707850669550271760 2.52950629587287689759
-0.97546531093578936478 -1.04498707937275625568 1.13603000779419982536
-1.81946224559962566047 -3.22401603228060018580 4.01435034475454965985
-3.81999419508122262101 -0.99736203751306984344 -3.78279241189570303305
-2.50347442012248677656 -1.00469864950142273585 0.47299308299897369068
1.11442053729558132602 -0.60841348130642192160 -4.15790595592153255922


