117
-3.49129401750883605615 -2.56614465179956718899 -1.16602093616238633444
-4.03050338221514170556 -1.33832853538886631384 -2.09861015971255238100
-2.27698918268679451060 -4.01110014196655928487 -4.12645920300014346083
0.26351845259890360751 0.15425408055864053836 0.65367886461762925165
-0.46063643556296440806 -3.57911125356095771721 -0.59760162559166118967
-0.03042340356169503934 -3.30229308536739196711 -2.84375845098131962985
4.38211701527445551818 4.49310803099581601572 3.40225238676146357619
-3.92233726333691734567 -3.33713744411434465320 1.54233474891156507880
-0.40625781721670239932 -3.93582682312632048394 -4.38513702733998567140
2.81928785064526987725 3.16894584449266769610 -1.41107084077192235227
3.56547164176339581587 2.56114833641679773280 -0.71646222246555613111
3.41649527520401097291 1.88455962697592305233 3.90919371645940838533
3.44769659839999409456 1.59779297531894481921 -1.32991452835931589505
4.39283550288203183953 -2.51379118026399517305 -1.46872845137019591988
2.46158708803337500370 -3.47261539816658970636 0.04545243877389992804
2.94343267662918162131 1.92343182099190634915 -4.16274905877396150800
2.07284060780066337060 -1.86892910509107945671 -3.83828493450800500852
2.15153100713269740396 2.50581322211527002253 -2.74491950861925415595
-0.76649492221954540483 -3.29787831918626661576 3.98181608612722204299
1.47585440936707623649 -3.84327898272046475370 0.15116720651550163979
2.29468569593205717894 2.05009392819861790969 3.16737934866015091728
3.95938045053385767602 4.10499992987451545190 -3.54558752354782047433
0.88861169512774740298 -4.21084650484761269240 1.28017642998428282652
-1.15875026478476517156 -2.37433940926772191204 -3.12316803314737700958
4.13115854928827186399 -3.15292778205176205120 1.21894284619166626271
3.26637205742694813893 -2.77183927756914938456 -0.04077664616909526529
-2.46653002062432635810 -1.53593395537953991692 2.20705219263167506938
-2.53306552234907433885 -0.42584292193050554687 4.37134842025069669802
-3.01498568175221715038 -3.82934799115755941656 2.20537530591907415811
-1.00329656640744868668 3.45763144952010570421 -2.04311937800723031344
-1.28856861176088477450 3.32448749999996540083 0.51276237063646501468
-3.72098120852407587833 -3.63753689669163415843 -4.35249840657453113124
4.08750917959347415120 1.17386676819905844127 -4.42590402795526660640
3.30460231312099761425 -4.07661405072785854031 0.99227670259651468143
1.12080281981731211260 -3.50795312597704489477 -4.24845048969322292010
-2.29948787276925381562 1.51300208978830941220 0.56268346779702582694
0.77403554976204258509 -2.68848032278836424069 -3.44921782935118681479
-1.82065888361660377370 0.90430321565359150782 4.44329976203742216256
-0.35396698902713730206 -0.42355110532810780199 1.99057273089221631324
3.37690945625913663264 -1.33068081657507564231 -0.36364180316650518421
-0.41070993590863302813 -2.69964437433437920433 -3.98401768214896323528
-0.88113876303789195887 0.12177162794385676392 -0.64849398428608484579
-3.57955971372911241346 -0.60645565858127969960 -2.72605208254650621669
2.08922597556352851456 -2.98028877664491931299 -3.80449007779332992740
-0.74929412299671538378 1.71805698902281722695 2.23824649947201592681
-1.56593608836828002140 4.09811740659208734172 2.12816684107763709477
3.03024945287990998821 4.34371104114922257367 2.21510713189338925844
0.18758293573382189834 -1.84238925777931106254 -3.49524429749895348962
1.73383595057622752478 3.08129287900153858715 -0.76795420052894103335
1.11711275184708025421 -2.43978281901243310159 3.24819042548004155435
-2.74740766569781857953 -1.51089310599966752946 -2.96086163191962770114
3.03389316894163219018 1.03937742881088990288 4.35823598725415006783
1.20451596639229396857 -1.56603782437229410718 -3.36905090707655441307
4.34970088051788561501 -1.95066389587861932498 -2.87228623306235952839
-4.13377121158677773849 4.49484548030361796833 -0.19017173949126142674
-3.16154587900576711235 -4.00524094821493115148 3.95105151903940576830
-0.78009324796914825129 -1.37267383741771320516 -2.85893418320751546702
-2.91693507842334964764 0.53878382934814439409 -2.77770777657102385660
2.32607074918685174936 3.66074229968791353684 1.42933943556364972949
3.44192332085135355157 4.04624518072400096713 3.51237286061720777042
-0.16159856177253928422 1.21063459325669953159 -3.77093466851406455831
-0.42288934506317943374 -4.49105573759991827387 -3.25767904215556569625
1.79690478667700048732 -1.63777504145582630812 2.58809772009890881606
0.16890706828977108955 1.99453747091174182771 1.61530605279189209966
-3.28015594892621864531 -3.85760559707950578812 -0.19757336524695112701
2.12054154335330391490 -0.81112131644927298879 3.65741213888836735890
-1.92865263427747812841 4.16982142790287735323 4.36786751697051212062
-0.47299188388759461077 -4.47366030124524893807 2.29044255610358771236
3.82318665411170410806 -2.29473059224679110102 0.71712552445164234882
0.36141885456131994658 -2.77551559683183102223 4.19806280903139406036
1.18850132906645189479 3.63309435135161518104 0.12082602094898398093
-0.36673764613378345700 4.37236203824384173089 -1.87138906997899745477
3.86135480475773906761 -3.75080612426505943802 -0.04109574785945113717
-1.76822379336280111062 -0.64024923757475438180 0.80099886892951666084
0.79248249064158393651 -3.67861105829291501479 -2.15005009885183762108
1.89321805949066401809 -0.53476040676337799340 -4.03734730522404472453
-1.08137568524045324381 -0.43915737578089864002 -2.91482009869372449273
-2.61085739390996796061 -0.61143845798613938314 0.05219051435743260470
-0.59285975096408183305 -1.19085124822424148761 -3.84482591008691709789
2.40801665605741099796 -2.53987666514331023038 4.25369037237585967404
1.94929133323109304854 4.17925039135791021039 -0.41949043512747685725
0.91286200590384947162 1.79774781775395009475 2.72409299788366165984
-3.51220298760247429115 -4.07467823152291686029 -1.79402759353928420438
3.12801781679161372551 -4.31133479910904249266 -2.60577759799683184028
-2.57112044567289199648 3.81144615045000900722 -1.13176925862855926042
1.38840333715714780993 4.01693223369335594697 -2.38546427395535909355
2.13781641195383631526 4.44353407783475429227 -3.20757570334085606589
-1.98083968036489022069 -2.82512724251207902881 3.00329206147866134557
-3.83911857379988719075 -2.35733641851042241555 -2.75170357635785167716
-2.06910214010293769249 -0.27116996544611993158 -3.14469036075530894436
2.29069998159456389430 1.36457890419574834340 -1.09155359890180836402
1.57712241745319659003 2.11235105974088899217 -1.54145245910023609426
3.05034055718231389420 0.03272849228857133141 -2.76582498447255042962
2.07173984523163579041 -3.59578852702350104664 1.13460746829865488650
-2.34462512706862735712 4.51517237874897414684 2.76313035921808936024
-3.24119946712275863732 3.86365974884518070809 2.52610839050320290511
0.22257517243276758734 -0.35414181183846427103 -3.31065480366408904089
2.46599346286201637213 3.23274736481839131130 -0.03993952303424030958
1.93966730438745127429 -0.63149804746243365372 2.46360337275119611888
3.11669180203638518378 -3.50571509487342769518 -0.77002488100035737517
1.20749343430505273744 -2.27863090922526057014 -2.63420917265319287637
-1.74691485050371930754 -3.88479939271807195311 3.58151758045445500755
1.70251453313753842167 4.24949133610699814056 1.92200836715208911443
-4.47708421064440020842 -4.01702095334833142459 2.45739965178300412418
-0.06631710928722345244 0.82783496282597646143 1.78311505438890360864
1.55337108460377315566 -3.37182544558952645986 -2.88073608619514232032
2.71351653527478742234 -1.66929880018800602670 -2.83522676871601442272
-2.04453869957773726185 -1.62628105458174410103 -1.94122528651123893439
-3.57303254837980022174 -1.01521816488818394930 -3.72447723866870061826
-1.58973172771961523964 -4.49624954996984893540 0.18863931220287710744
4.19002576560367412384 1.05079888344542471401 3.48294810633370044428
-1.58140488187008676491 -2.22146328918157864862 3.74120464305292887985
1.58309552401454656234 -1.91783495700552375496 4.00248788459473292534
0.19949958157442360118 -1.07417691423703454134 -2.48785610779329546816
-2.58761838693031043235 -1.03876375465482517768 1.18254710300089538322
-2.20661057439988095297 -2.52316840092975303023 -1.226841718650335