257
2.49120100690970058821 -3.86439500930830748260 -2.46411804323846617137
-0.23989270784603800024 -3.13026777675247513955 2.18290301779289386275
-3.95696813694284132978 0.58043086448291525414 -2.96857712378184013247
1.61795694417137703169 -2.53082483962412840839 -1.05700411895405821383
1.71881133953089548783 0.13945768188006368860 -2.60768020324209448546
1.04129183819517745491 4.52075254722574282340 -1.80683497699160433569
0.75437946181719794936 -3.69717708369808040203 -1.24932943780512406562
-3.54342327881356045083 -3.81043249311681098135 -0.83673906376380458028
-0.90746546731654209594 -2.50551006889089933338 0.83495883349153210418
-0.22259820588648615569 3.26184778918766049571 -0.57882215071886200519
-4.48868890356551819565 -1.27612149567798338623 -0.46877636440951420127
-1.05468536981715832468 2.83571066196698762241 3.44147316984201179224
0.82874263283889337828 -1.51115806650999440208 -2.70752618175992765259
-3.87692188514186852899 -3.33886555980161547907 2.41843993464586670683
-0.75464155581667702322 1.17657059399455299342 -0.38333193362187945041
-3.24451226685476656897 -2.12377810555335821974 -2.66872018236062125141
-3.70917799213595289487 0.78000722944836020645 -1.97352054930976184011
-2.39221516036008718942 -0.14302808007111966759 -1.82480153894521057722
-2.34091956235271725362 3.91690602914172725235 1.81601641947568648305
-2.83569535254724369722 3.78153516620244456448 0.84891407926622619584
2.85243122639940605012 -1.23624799018654529803 -4.29203306724931366034
-0.11483457153366138925 4.04386303674842562117 4.25687399861971993431
-2.49748643145687099221 -2.52041340478812747605 3.06837226658190775908
0.91462672550680412797 -3.91891763254399005945 0.40836756928440198777
-0.88325635123745938060 1.21296671472883144105 -3.27186466781119955627
-0.65352236849964162602 -3.99830643160619603194 2.83618729880532693954
2.41785761419888078905 3.77945916202792897565 2.55601512484931525648
-3.43151355590089712777 0.43363033687099949987 -0.90657942634893062817
1.32934786183437481100 -2.16555810991666097820 0.65365510247182267989
-0.76455629328895335917 3.46476620217998299012 0.86275794399305727467
-2.21459387665760409902 1.04592300021457251802 -2.55634016304740141479
-1.76533653441304405618 -1.22018258861007389271 -2.67981698059761752617
0.37874047377206565557 -2.29182353900006186009 -1.18394960750781708114
0.24501600996493966278 -1.40644858877054623747 2.89656005661622284464
-3.05717563768211908481 -1.33189867576388021320 -3.98228900976120270272
3.28480057430828065179 -3.13679040558766919489 0.32456658902399304623
2.08424316248398877605 0.47035006434746851056 0.60371235687210322851
-2.28418612055406944350 1.92020801523684436773 1.99730716499323435187
-2.00044027486483777523 2.40604179743233714817 4.15866401869114543643
-2.42597940294426095420 -3.36728929713493707609 -2.60934079742099500621
-0.20538514583179789952 -3.06173287325482723631 -1.90422885401273367378
2.37508112610192956282 0.89301744220879797354 4.34289188503033241062
0.59060376252119439755 2.58516408706663280981 -1.05555733765776382782
-0.56869992077425868260 -2.07433102595232998766 2.70215361176697399515
-1.87975872530356902246 -3.44004923716668864486 1.86563881244946028204
-3.24741003230618963116 4.43943742569154320421 1.49979390997881711911
-2.43655779435687547263 -0.00707104836024541328 1.75947340430062482142
-0.41304336122589102587 -2.40390757323922032995 4.25583641988273786438
-0.19314538117218038593 2.94426837708698929674 1.83203090751963681981
3.32045730188285403983 0.66407515754617563175 3.80360811333487003338
-0.24823467546228084046 -0.87517270848655126514 -4.13757830611285459810
2.74069713173738538359 -2.93699523989861965845 1.26251587401852116699
-2.72203460589416801341 -0.10216802312611772408 -4.47443543131874577057
-3.98284187258559629896 0.13527916996060884713 1.33429700459885314245
-0.21953762457897596505 -3.27952644747993016239 -4.13999849654058404980
4.42521936687425476720 -4.25169057510459769134 -3.00960743657732843204
0.63401543630485068803 4.12565714653976467474 1.80399003341169450465
0.73524172207213389640 -0.48566500270970536235 -2.28798814372484704549
0.80480959641659133297 -2.18007130815240124377 3.40868928844875540562
0.22471841232845513048 -0.03935131086586185489 -3.78301286328202701625
-1.62841868679324353053 -0.32351324799742275928 1.02209361775920548610
-2.56130567340847603575 -4.08972475304789639949 0.84628099832490999432
-4.23117315729554199777 -2.22264421852952587244 0.21393595862211256531
2.93221894438586883069 -0.01816049149848808497 -4.35036676970189972735
2.25519953057725608403 -3.43113895785353362200 2.72133751278824398412
-1.87712936076533276619 0.82445499830195334567 2.22261436439074788751
-0.41486875065862793832 4.47637650440330592261 0.59542942603824577930
-1.14565001722258763550 -0.27046482661308335338 4.32356509113183573589
-2.32159984052028312007 -2.22974116503714148152 -2.19930431359955447235
3.44918361732733114167 -1.15331309227305034426 -3.29307561936490644783
-1.36944511914008826281 -2.57825844634509770970 -1.13753596638883802683
-0.38233059544151437592 3.73465593013105756626 -1.57840947991704760867
-3.57331879826420895085 -2.14143494143472601365 2.35336000519945898191
-3.41067408798042226437 2.56465315067875376798 1.59114810296896180830
-3.38481380358528527452 -1.35048735192005553429 -0.15567045762467390801
-3.30333646535161440383 1.03853519632573654263 1.97551030217421619284
1.10393857288322561061 -1.83925675629149409929 2.21081310635110117602
4.47986884829792142426 -1.18050301110982580610 0.66909101383972213739
-0.10503170072256473588 -2.04568251991285388058 -2.45398750834853141001
-1.49909598996150972283 2.37891854856732898327 -0.80079005356099353108
-3.38224147050725409969 -2.20122394959639366974 -1.57179818649474256631
-1.93736359412225134236 -1.57558923947351114947 1.50353293700370205244
2.70022596859236507782 0.30994754139568847506 -0.33094041563638398884
-0.61400063587104547480 3.69886427157820651956 3.01688924860534068983
-1.00660659712821187739 -0.04795689891262977511 2.11678074853557607327
0.25074526666274810083 2.83315316053487276093 0.26491591970636285680
2.45301124032656492346 0.39762994219055158851 -1.41400187189952486477
3.33587732834337113985 -0.12157655957636848143 -1.19914639251919741270
-1.63910230546184543243 1.06504588099491481756 -0.66611049590381021801
-0.59332235442111924684 -2.24964073585527879473 -3.58814763415996296203
0.90866418672567395021 -2.64278148025301362622 -2.11536495785703149153
-3.87110151475914943120 2.78495226823095531898 -4.51605178018986830324
-0.85667554169003912179 -3.67431813504604631859 4.00774084713925571322
-0.04776018111460444970 -3.26046754259108384488 3.30536585829559648175
0.12316057163917992767 -1.27664040716387727770 -0.00494879952729920802
-2.63248637144033637014 2.68358101871778931269 0.78113235627316601750
-1.39247505439260299553 1.48448961458314876438 3.46774409141329709172
-0.89949211252470462341 -4.50439067291147576810 -3.68963314808726927652
0.92274811932177147611 -3.98358174032664758002 2.13306674407482788070
-0.62715397785887772031 -3.60827201628073623851 -3.18481995607557744066
0.18471566093302538292 -1.77982827305285340458 0.96523578934585341216
-1.65330575237462795712 -0.69663763168983416918 -0.36617068980335432116
-1.13911133914845574822 -3.42346481208026887089 -2.19992609312007525446
1.39280734362003943971 1.22830768518931687794 0.28423906906576235087
-2.37425917983978251868 -2.51316368024985958840 -0.38980314337261923185
0.39753596291728054979 3.40190168079509636101 2.73556946251191135389
-2.22123412646409379434 -0.84488485891728082322 2.38789187241920419780
-3.36152582614471873157 0.63190531447402253917 0.64795462518617785719
-3.93564102748862287839 -0.24128742430161231880 -0.14587674181522114480
0.13552061457811959144 2.83011624276525353139 -3.48294669828299907621
-2.55188528597028607692 1.57263633862655449747 4.32186188333447685039
-1.38475960456830504697 -1.85576839291070427862 -0.39529818003209626909
-0.62640652405481844767 1.92280803548836143335 -2.37648919767455257812
0.51387424542118331772 -0.46685416587301364899 -0.84616171298274167611
-3.45444151036257940390 1.83648411280287593428 0.21659828892310795112
-0.10810320955090801931 -3.31764651662216358829 0.36468346358641579030
4.20640356060248787884 -1.74080487490742452650 2.40250616220893320474
-1.35465568011675063786 0.88452381482952890934 4.26072400134309514641
3.64586541261876728726 -3.69002516599443675105 1.12561075752483841228
-2.79204447930560295532 0.60591182091233264373 3.73816961243217971145
-2.39071515051725169698 0.94632858909100470157 -1.33469238077378182794
-1.42238723802927147233 4.42841510936944704468 0.11365655376066552407
-0.39957663624299311067 0.00423093950268960128 -2.36870936805799736646
3.96220554239652766881 -2.51869208293625224115 1.68871568332824573133
-2.11053894752460724504 3.54827828488916896532 -0.14067189608103713994
1.78930228889350839694 -3.41749004220001495469 -4.06114597153920531269
-1.15278027210675659830 -3.59000671096032419882 0.51674003679147517687
4.31730546479337906618 -1.07261784835371631885 -4.23866180851377372107
-4.14735722048384847227 -1.84230397356366770723 -2.47296948537328553641
1.79159373798273069411 -3.46261796524606157988 -1.66791485605298062112
0.07122695215085084186 2.47372800375756973779 3.16119503306134586040
-1.75523253509831711483 4.32851946034372137007 1.13416869156915023353
-1.80600333362647624824 -2.27878776474149180586 -3.01491967699339635800
0.96396105241543939002 -0.52808490823350862087 1.99582822689885031053
3.93053025731478289373 0.91728554296095321519 -2.53936503153965587032
-2.64519050067388361569 -0.76250711898642764552 -0.82935074570267586225
-2.36883661859696870167 2.99124078938981963205 -3.83610466679151951297
4.14148195993981627083 0.37916628011870034953 -0.32207518356310416152
0.34819320602834302747 -4.40316974976073005621 2.91469039337290247715
3.98943159155421067652 -3.56216334013474922315 -0.71146309742669000542
-3.71368509787161826807 -2.10657370416089184673 -4.50465037572424265022
-3.66035050312968568420 -0.45814145479655810078 -3.39781411530255272879
-1.35075478477758981199 -0.18170514304031648578 -1.57537259711357924274
-1.39496038739789529615 -0.03859405449729713666 -3.67215621140361481167
-4.25940793247486393369 -3.98447863543385194518 1.07177732048492124761
-3.90171977556629556716 -0.22497059422696796815 -4.35992544191862130276
-1.15871110548510314331 -1.31323352488304490038 3.76574503923416070705
-2.68046973418841005810 1.05058710142269173815 -0.29722143729894678899
-0.57465098449634233191 -0.92137388270233344656 -1.91528810620041012314
-4.30929692379670736813 -2.52219290431030218613 -1.20470232467337812210
-4.25703566405814992635 -1.38103764784867300008 3.60220623153059005261
0.81799672057602457187 1.85046586200479357132 -3.43020452945427711811
0.89365433327217402848 -2.85216673722939706437 -0.45685046312790777989
0.28291546303214953895 3.14262545020858574674 3.82792641399685340531
-1.68288769795519588257 -1.96307465216700371968 2.63241604816709795500
-2.86384918536373778153 -0.53784711817144437163 0.30274236528822928705
-2.35678851978248626864 -3.16293311600109650072 -1.58307163951120877243
-0.51305904333555130137 4.14759533002727120987 -0.63049880065360230930
-0.32023349829360991947 -4.34010579471872848245 -1.90640135267613430869
1.89882627909885126627 0.13146518467775258898 -3.90241468703707505838
3.12062355247849243511 -1.36172912434515058777 -1.39496668856490035893
-2.17606140474038234345 1.96969215763857885548 -1.99037069846431524667
2.51211449522022700620 -2.20060131004687598022 0.03419897599873777949
-1.99958096061878354277 -2.28820679802314241869 4.22904343968807605592
-2.37563254764691089704 -1.75832933786499978623 -1.18227661360724489725
-1.11961814582599039625 1.92844501587855443603 2.11684664299493352502
-4.08656976421627859963 0.79913368933911588243 -4.28084405367560005828
-2.33315835490248169037 1.38077631721905635942 -3.69455809114390731906
-4.15549068788810327391 -1.34016021882381552999 -1.55474472651737372075
-1.03375893617182512685 4.11180589663981965742 1.93799457955395659781
-2.92518135137716006611 -1.14482407575812050737 -1.66212494939218480283
1.40717914660070153587 2.91261981343674847267 2.95959885414060597242
1.04522089332573386855 -4.24197258882179273343 -4.37169055441981324606
3.02569245806141928767 -3.14623876359968424055 -3.74397734635440571083
-0.40863660707718807430 3.13127768237280346142 -4.35215973734577499243
1.13590769529356183654 3.31443663774597219174 -3.73847531879272931832
-4.18517861316663886129 0.26384445251107990771 3.57668898801190859871
-0.40186984735928632517 -0.29325404116440090263 0.72599742854922233448
-0.30412010845856674024 2.34850116785647067275 -1.38404890635634503226
1.87917693186061818267 -3.46984492209513861738 0.54430525883831926137
4.37282847869507218519 -1.30635756819630355352 -2.98006972364923194974
-3.49291097281744500336 -0.17685371343486178120 -1.69918217622558387347
-4.01221084626088142500 1.38602048013726797393 0.97675289453747993207
3.10394073691743610510 2.94909489975170924225 1.89808866782777574400
-0.96099787152029403359 2.24529390523943472857 0.50889288258276987875
3.41620862396355828849 -2.27123164311293779249 -3.29080515699401132679
-1.09604989282851361665 2.41141306218180950793 -3.76563694223801004313
4.06245170016820100756 0.08668028361639201762 -4.28067576351172984772
-1.42455131724978656393 3.72492557491993370178 -1.02860845719748761340
-1.53833581376248851313 2.45382308406560412095 1.28833977280036027224
0.53539507991327273118 -3.60059439922354718178 -2.52052202079611609165
4.02106285867476653806 -2.91202932113466017583 2.67532376119026960026
-2.70658793789613749681 2.96173813407114039364 2.47966803816315373155
4.39296543156814411901 -2.38639608659678836844 4.04496749261073329507
0.36547934122099512422 3.96771299833553126035 -3.54713287665791199288
-0.12283648069162644845 -3.86273370626741074929 1.42821490738756562422
-1.40012618023343460294 -1.34499215379753911392 -3.69265872942715978056
0.83907025992024930616 -0.17865851537813259853 4.36960735015673673587
-4.13896064899379556579 -2.25902159325062834583 1.38863842182894714483
3.27276850167496480282 -0.72025417113414080816 -0.28000712533803095994
-0.97663127675049787868 -2.39879578443487551098 -2.33362582611870417182
-3.71567311951408285609 -2.91412740994150443186 4.00455837930682800874
-4.40340431949319555116 -2.40587323924774620920 -3.75981094098510082446
3.20006165123939201322 -3.89301557397465591848 2.47603950683658791121
-3.24866755687761621374 -0.65071089004975313230 1.23456334547523827183
1.13807262899008865276 3.48551946240706822522 -1.18039676236704593748
-0.22519331895278327238 -1.22066516563082405611 -3.21122927418654491305
-1.95349273782315524528 3.12417409047602578909 -1.66469013170559110293
-2.02626833368524028600 -2.99895527900912073349 0.82965402661379794580
-4.03046726343634897916 2.10052894542552870405 -2.35544034153184256297
-2.25694463929638677868 2.07345628660486624995 0.02055008775779665342
0.17968248021839983153 -2.87668116977852506011 1.27436366224980357487
4.02022077341970440756 1.66591976559089971488 0.81321713571076337246
3.55891904529335878493 0.62014753990993920496 2.55206313287601993522
-3.37039900669530689825 2.57158450354097123380 -3.21927432384068268334
-3.38335953602285632869 -0.39599214118962411391 3.55098151665165939761
-1.79108564752929266817 -3.91489095200111902884 -4.35815127820797076907
-2.82025444031430039260 -2.43457546045223383047 1.63111817291471972169
-2.87477477606742404248 -1.03234572164151794382 -2.74408683343459403048
-2.46850452816241539011 -3.55486688571535225378 2.81754483648526221629
-1.62245399541814094846 -3.25515202042481721634 3.28558402140733729624
3.48528390589812619993 -1.03509656270452587989 2.83204658905604844676
0.47479366147842316792 1.45648654640882302402 -0.14839686416208408559
4.30818019856978207116 1.32726265347455374410 2.66387912885364830373
3.74479526163334330846 -2.12656799764291415400 0.51184801516291056345
1.61689646870707104398 -4.11415773764188941186 -3.31016838126649748375
0.50141721531687810653 2.09509561154746215550 -2.52437208919526634432
2.01248505399235533275 4.44121589677383266093 -4.12405728387051340178
-2.32494225657052444589 -0.33632135247660599475 3.48748225522120147701
-4.46692467541746474069 0.68985623829490716474 0.55729253866426731179
-1.37993975485642739187 3.15102954822845671146 2.40474728177978835930
3.71837005309800527897 1.81172449313342287525 -1.50504685097808099670
-2.03757959842016811436 0.85686801313402405356 1.18431995040419746346
-1.62895817280934096516 -3.77331169156281909238 -3.34802348643020009078
3.40881649367408190443 -4.31043492220214208288 -1.45965276091880236109
-2.83085182586945194316 -2.51201277601355110747 -3.45546366154291861861
-4.14277649283923654622 -0.51623056438412362468 -2.39535239775228481207
0.58642780094018487347 -0.22820253104481036388 0.39954069693998128798
-1.68860931083170129341 -3.85829894899861036706 -0.94210867350257210262
-3.29301860281187463997 0.61562065396695686559 -3.76503122135015777516
-3.08358458454223693934 1.91349298165114500847 -0.81461280288376647363
-0.57240941106168330421 1.78275641112732952109 4.11773184261375302384
-2.81603278805052958944 -3.14973578855192259951 4.43726054645245593377
-2.72695803361249389241 0.04229492404190882127 -2.86140844491569268371
-2.84041333843187837616 4.40707704227552010678 2.73316900306550536470
-0.74680824435545600792 0.84532496106065924124 2.96084633126102403367
4.10503175000525555305 -0.80252485044176946616 -1.20554138574227520664
-0.53542811302527315576 -0.93940703314957829662 -0.67466214939554713936
4.40551441538670029985 1.57072997354621346489 -0.68831724468283006502
4.30329013539937133004 0.63960994407950444440 -1.41365311479883848378
0.92623181489436223757 -2.33802208854725046550 -3.53518111030843318332
2.63702702385216891656 -1.08420907194359950054 -2.41115931750656109500
-1.94162398805504876620 2.54800177425779050822 3.18624251415318049396
-3.52449008376577399559 -3.63879213682054114543 -2.46047336209071998425
-1.76412227499189677715 -4.33522486231980774818 3.18809405392239231247
-2.13691949830886107620 -1.39477365206794789998 0.29610549861395352167
2.74252097746776701825 1.32802744858221632995 -2.02235689016993580580


