341
4.23624259322134388839 -2.93223136107266890704 1.65447461873750345518
2.46814709260890641218 1.42415605709847969962 3.31735035547776124787
0.03540144712154358331 0.91367063382354718470 1.29869828480543070270
2.64387293842010073774 -2.06804113682956591802 3.67375844333019418997
-1.48230219101656501834 -1.96644034008950363557 -1.26328704144081660488
3.04184844359274908498 2.36907793580790926313 2.32724090756868307039
0.97121016462649301104 -2.66056443647736307057 2.56398227104515008534
1.74293763208152530098 0.45888744372367007429 -2.71842772574819768749
-2.75872134938705793061 -0.33421480519164514789 1.36974492809587644615
-0.30008782568642633493 -2.91626240584067497608 -0.47819284779243620420
1.59666095892702042391 2.42136658616965494417 0.97129627196001599998
1.86259582847393900806 -2.15205999106667933418 -4.26224814114178229829
1.08528099507595943152 3.36893999438067481833 3.34659580854494809188
-1.69753819898286550938 1.60708336145874941536 -3.85050147912931306493
1.39408041014774131128 0.27013978359417478714 1.76895343885753408841
0.52557606721245697656 1.66201043253348679229 0.31689542960323091592
2.52822768260906283189 0.53318582391333180226 -3.43036129871541550784
0.51570912900913423726 -4.06055698484624016942 1.25555454085705697764
-0.32513677535449314604 2.92020394984341535860 -2.58844228461922032380
-4.41569706574808229504 0.93879707688417735056 3.69004012479548304526
1.16885811862941135786 3.93650210601453576231 4.35966476775783373654
-0.39424178555787925404 0.40249558609326818726 -4.00402372712589293968
2.46599974080455641712 -2.30663932978502117521 1.26712755870009896597
-2.29007743857928902642 3.36098848328175492384 -3.35916881294014624260
-2.15649693093528016519 1.61704606739566614237 -0.15074585604421741891
-2.19335510862419846845 2.96918819591075244801 0.72833202804080965365
-0.64544734809140091869 2.91752268442411999416 0.89104581816578942721
0.68275959050372225789 3.92440454485281531305 -3.53782140491047769615
-0.67522833167964924073 -0.67417534332375694817 -3.74455331548593228774
3.05906352217635024715 -1.05512282467255014140 3.62951787104179413035
-2.36821180630933403322 2.15614441039219340013 2.15619054587239400433
-2.20883487463595917788 3.89941962122744723018 0.30676538365278283038
2.12638813000200688208 -3.57119088645305637897 3.47355341975499509743
-4.19101553974037699390 4.33974294994131337688 0.96509206964808758045
-4.01270017329108341642 -4.29167686296824246739 -0.10244940506949617998
2.32553862801713062680 -1.86354620892603595195 -1.99208784985952824798
2.05559618586081960245 0.06719891734383764970 -1.44625911074666602119
-4.22041915387863664222 3.49979589071994023897 -0.52530506436154134065
-2.01852463215365274252 -2.64448687602151499831 1.71272725529096803143
-1.97808710934245546298 -2.22993894030469030909 -3.82416522403498193583
-3.16004712016543143349 1.46987593357773427272 1.73394305560643235964
0.06565361434379735073 -2.88224237968704999346 -2.39723023894636666498
-4.37784475332456413099 -0.02189282473136788809 -3.67055432672858428234
3.83517147910782529863 -1.92370886266223184435 2.65286472128164607653
0.16996950417984191262 -2.75217823254493465512 -4.09634803723912277462
-3.81418547117082740172 -1.94893929828713385888 -0.42303631578125511226
1.22792816173545649150 1.82754835564885365073 -3.95582036678259774121
-2.50613957488653182892 -4.50271349587067692966 1.13334717136979801211
-0.01593187442117027786 4.43864453606914377559 0.23869166657461615699
4.29606465499867606894 0.40088002092637520235 -1.72383206440126057757
2.54300356578838115951 4.23263249731005242182 1.89570348143517275474
-2.06355972330546011406 3.42399129823851922083 4.43841078712448844357
-1.01357703027812551255 -1.79390704923310195795 2.04192106669297146482
0.93634740399702209857 -0.05651432647988574587 -3.54917446043587059279
3.49214896264076468668 2.53921631794663404946 -1.40290692840660824459
-0.21875567526485273362 2.52986671679274532920 -0.19616796962336024990
1.10700948405210741754 2.20052234877328611873 -2.06660968437717551538
1.39812009410456017378 -1.79217419233323527195 0.36460683513947422796
-0.77970895718904564831 -2.85801789334839773105 -3.57760501423903587437
-2.41992991695275749819 -1.51509576852878957709 -4.41295452272087640466
3.91489189813356741610 -0.93595534949974279471 1.64302450786030274088
-0.31743974486846759930 -1.94120347981675500648 3.15373585990007931912
-0.42341272535866636417 -1.75383157026949865198 -3.61726991403076914011
2.24350165466292494898 2.60754963209090195875 -3.16404824865345002394
3.01032762315944690812 -1.82627154768782240524 -4.36617406653552908580
-1.43076782841172933658 -1.28452611099039071263 -3.66880150389665748989
-1.27646401565801470568 -2.56183754790410933566 0.33598278468619380277
4.10467532704162163526 2.83600148272857577325 4.45416453057823158446
-1.28845010692289863030 -2.17739842884554413160 4.20973491368854890737
-1.42267300557545128825 -0.38230226316082305260 -2.26342404450679168804
3.63193652336641736866 1.71217384969686747809 -2.42533727366736862052
2.47855257599268075097 0.59023044582644690337 4.00819605341605278426
-4.12274229022818694546 3.11020748542250036195 -1.56343719626244048726
3.32839588430089250437 0.97493811093854532146 1.22031564421045057856
-1.36575904748492105156 4.41163731286106663987 2.06088362628956556222
0.81517722296706018881 -0.22175201628203300430 3.02124857973395943844
-3.15297842459357191558 2.45799309570316726337 1.38160552616783594004
-1.79384855965327139060 2.17743324990242470562 -2.71935388391152033094
-3.83236583087319626628 -0.06547588773949719609 3.55946389803645057981
-3.18310292907597203182 3.47567429020574802934 -0.25951886034321702823
-0.70892667209077142587 -3.35649837854904165013 3.98121036647707082778
4.38998918882948796494 3.28460627841742169863 -3.74232657879454677641
-2.63086355680553163339 -2.95049335238195675757 -2.17677280262321026783
-3.24376057342659462890 3.72610328168211335509 -1.37310156132966820763
1.30093079187513094297 3.20461744056568420547 -1.31065701164166803494
-0.72311392362641058185 -2.15506528569718458499 -2.65068740696345583885
3.72316911550432738665 -2.27082272123251671658 0.00096073706454902208
-0.75246525247314499651 1.70945149749043778797 1.25567538190351690730
-4.52124245402950197814 -3.79468150386015068420 2.16635203485191940587
3.27414020470296840415 3.17001141661237983982 -4.02796848413026253866
-2.27535670334948569860 4.47436588082097852492 -4.02004102668188867398
-1.09932497086555702737 1.81954509008103482159 4.22790666548851579165
-4.42236813531970707203 -0.98925820358788429942 4.19548943170595567409
2.38336919610761555077 -1.00274735516326929385 0.83427348432100956188
1.54158777608862873620 0.67100717477586879767 3.54995752909536488318
-0.86027520598038309529 -1.17829880989747515230 3.96975169620459578113
1.69879624853409882945 4.53024156872272509844 1.44367106657331589759
4.52391317396765924030 -1.63344881019478282980 0.70051966317848179955
0.97250171255273443194 -1.64414009208255418315 2.84822310764784880632
-2.33222365824356048236 4.12295830044195721342 2.51107013021082892124
2.05205573513889394377 -1.07152309178827653824 -4.35554036939601729728
-4.33065369743421069160 2.37474596295507378585 -3.11859856686757863642
-3.67865078711471849005 0.21381236108589174449 1.72455899608790730326
-2.91943426012158635530 -2.15906140313664707264 -1.07987951694883399512
4.06802932148184925865 1.12647202177813277046 2.49920086088259107981
4.21176617126448160633 1.62805754912681788227 -0.67425445434460273830
1.90296145470443622827 1.54678471661453098562 -3.30932149821479271168
1.97642577092007698525 1.47929613605496701467 4.30372868021550925022
-3.96553914863822587478 -2.44115252211078415101 -1.40893386924280061834
-2.05794250253681720864 3.30439788227084907390 3.11815968246963226562
2.65089007507068963321 0.75206686917341336596 2.13460761702596801825
-1.05155721538753699207 -4.51632123465229895487 0.77009609669945522370
-2.38414726034634538721 0.20712435477998436539 -2.84479411747184096626
-0.15245176534565096915 -4.30130993090012925251 -1.01771491932596092056
-2.72728987318435223131 0.75501263737634616291 -0.19978691543009130527
2.67550353433394771940 -0.62473270778555267668 1.87711940895374151950
-0.43446920050844450856 0.07181299143841712862 -1.51523511810965016977
3.48224797333604296767 -3.99023037370479594088 -4.52280518185084456917
-2.45041177088393835604 3.21391457177135020373 -1.06405514570744719194
-1.36249313829335028103 1.03893300778616382019 -2.49190631014636698737
-1.56885307488893044336 2.61219834677601170370 3.68117404526442637547
4.41622511211746182624 -3.61883037924051720324 3.31077977957956104405
-1.40186896401305727267 2.72121841088435090228 -0.02094171679964329513
-1.23117562129829583029 -3.20681160537885956430 1.72515851922702978527
1.28234583224984444172 1.77542295786882409203 1.66188134726023317711
-3.40730294443720582720 0.52987406215017429645 -3.39880163861368611578
1.74095973103314172192 1.85390498508911871767 -0.38346176394192355019
-0.27679978433301410945 -4.28713971728410303541 -4.08521732564013806410
-2.98380572003648669721 0.89695193071996826006 -2.29885073106254766984
-3.30846350297276980967 -0.91719956473535724228 -0.19421986325872353518
1.85225600436103032820 -1.15530014846137918383 3.24914333583634462599
0.32383252479144974956 -1.52906908522657136729 -1.39060247703541861597
-2.90592383652110575198 -3.48547218490748011988 0.95550140431832986110
0.23531277426343955028 -1.52421159361505109686 1.67843898059387175437
-4.26514554804972512159 -4.03796667217864335697 4.26053702165402636837
-3.21054082453016675913 2.55577374683379243692 -1.57454569827818380290
1.44296409655322932508 3.06571384845787608953 1.81007560366121555973
3.91357854988036191202 -3.31602621421157728321 -0.18667850726283408136
-2.09132214525904247537 -1.21767615704880860505 1.19958105782097934622
-3.85234548415573385682 2.12657401831256986924 -0.43171788062724392177
3.52778052155336308005 1.16025534195126400761 0.26965468374674017582
1.98612335959827479570 -4.08451876417408410447 4.50335788432481098909
3.69185055946265361371 -0.39880644011388177717 -0.67071839854083803445
-1.36802764389900266551 -3.23316655714874690020 -2.66942838775047652788
1.08165336387562227571 -2.49519445557400265656 -3.61075252014583325533
3.23776401763353671726 0.78652410286340845857 -1.42866161712499639691
-4.49799143000468237830 0.80973705075788604546 1.02913273840235408585
-1.86066317471241937653 -3.64385301889836688005 4.08727292446172807416
-3.37180243920119959711 -1.52932736523116519223 4.02054870891369287023
0.87173377302350196771 3.09014985741900183314 -2.62889489871369708140
0.93333715460477773007 1.57147992247560441825 3.82879596075414152523
0.54191375906703775911 0.58526653316837684571 3.93553889448997917810
-3.17173742033155248166 -4.49783753575953859638 -0.64167968223487603652
-2.11949814987109652620 3.97422887613953523811 -1.70411781057336941814
-4.36733583012538950641 -0.76820472916033200050 2.81820954576785975831
4.08757167067075410927 2.47042481189348261950 2.59486325072899592925
-3.83560419219150139369 2.76679623054784773473 0.39210180228481128495
-0.79258282061283402697 3.70152391855419526934 0.16701279849404837563
3.72221742447010672805 -0.08429872388801395999 -3.38228158648282306586
-3.47481381817581747029 -0.80435149639332648164 -3.58680982573328233087
0.32343203599414316329 1.11770206821816575626 -2.03950290010039569921
0.06455733437399313601 2.99107722831783195971 3.06199839033928444820
0.17454499539907786243 2.21380290415552583028 1.94617021674258250385
-3.56068338924703953197 3.73379346036618908755 2.86566710037155925050
1.79204360926255201747 3.38107437005067623659 -2.28191221904454000224
0.07911068067100313073 -0.99557270973987765927 -2.86033646295662213888
3.05184669144652698236 3.22428428350279805414 1.17822568492741552859
-0.52439782738747187096 -1.79549499064653783620 -0.52456355603398030496
-4.36042046374226099914 1.85478443816979510217 4.27968919888478094293
-3.11109769146346915036 1.72246685200994686937 0.19201982558108454668
-0.56644086949306204914 1.20796420337476462237 -3.08384355494668982445
-3.12015255790449064222 3.47945671738248218929 -3.97877022012679404384
3.85077269002936173337 -2.90817926169957896576 3.84548173707205354077
1.57792492280479823563 -1.61662900806853393476 1.88094557667179707039
1.02340748717450846783 -1.52096635416231240612 4.38271648888870846150
4.31616927637171254872 -4.45017282884450882108 -3.61540302050786221955
0.00089594039237717027 -1.03610930725520455908 2.52205442233165388899
3.50855255427422374481 0.60636862798694579624 -2.67295548048171793809
2.24156559512679365298 -3.49261462340414219341 2.38231475756475497008
2.85943144118478542737 1.79539375019867808447 -0.50049692059005312927
-2.91827622958654142593 2.80684519587376435368 -2.63018775746409083638
-0.92868849976522449552 -1.56792393734407609074 0.60334135285967338547
-0.22038386854254188307 1.21336386188637312955 -0.44383677132115817443
-0.30570274398711205777 -0.92834590994720356250 -2.03370175382918816354
-2.46821694018871129472 -1.18280985726489662468 -3.13877160102443975020
2.48382382150986735780 4.06005639492358039178 3.00348855497622224675
-4.25263495073703801097 0.96136871098607468156 -0.38915769716731674066
-0.88891601366835581999 -2.55268154753249110200 2.63897601631685407853
-0.04809737104134459429 2.00184397248321932494 3.67183799700518154197
-1.50615744347052160634 0.47811765949356477279 -3.81280706465675978123
0.08683142242746555439 0.09914123565116206294 -0.45223358935811308612
-4.51813452867567821869 1.80503273745021264318 1.81017546844280108331
1.02972633009353753408 -3.67043548856391099733 3.18998239495498925322
4.20315548785314252456 -1.32416557931006639848 -2.24547348002413427182
1.31772504803875190049 1.33562825913764893215 -2.50951758211136244370
-2.89358873431401120158 3.18905894141125045849 3.95830980940152432623
-2.50470193409470143209 -2.47495967431712138307 4.11960603003750858164
1.87635163329035226099 0.01467705363831584009 -4.12406650687888376439
0.42791422902168729792 -2.93017622243731068465 1.44876292870771017363
1.60281382676366401796 -2.39088711761027861158 3.28936180694271751435
-1.34323268042834298441 4.31445552492452133464 4.31895838133273191062
-4.53700225897701514555 -0.40895067165520337937 -2.60199792908683003034
2.60741407335114327992 4.38233435787828451424 -3.69237258270565460450
1.10268828258333950743 2.15091838824083492199 -3.09486964504526662623
-4.36585821244696958843 1.90865256469534738670 -1.56795989433173765804
-2.44673513243227258585 -3.68492540172548510569 -3.20428853530191171117
-3.60621044657647438214 4.51381779059691812250 -3.97754800985434409100
-2.16248415031689100729 -4.24728163876163211654 -1.12860397393649281028
2.35142466463649757458 3.72061842487058402895 4.30964990929372770978
-3.65021478098337137652 1.08500148917771532808 -1.47036953522869628941
-1.26064003997451612449 -3.64804728137360045892 -0.85202893139630164754
-4.14337019001136575014 2.71983777225636114139 3.26361641558514836703
3.31029676122415583706 3.40128259630454810036 2.28071526811193159290
-4.10625025131572929382 1.81314654834641597603 0.69819813699847177446
-4.24847525003827097834 4.47014835783052344453 -1.22370413737667105281
-3.95353202730344355231 -1.77978371644926802730 -4.20930321290767839315
-1.04111119225147286116 -0.52625787479662378132 0.38333816012860211231
-0.27041555789212612382 -3.42491914784432172070 2.60591139273139926757
2.58824255173835560129 0.09056213316431183102 1.14556020688005499863
2.56464714827297424193 1.18785644032948578541 -2.53569374059157670587
3.20429488800079909083 -4.21703273657214960934 -1.69532693561305247698
0.70562270491526657423 4.38776556167850895207 2.84016635936525840833
3.76280435212223007824 -2.95698368545251000228 2.76334109637210012522
-3.84022824125696660147 4.29969103445605949076 -2.17254447978861087165
-2.61758103526075425194 -3.73026284718468215118 2.10746318128661602742
0.29419524849244993447 3.98262945770502430065 -2.63885942358397906915
-4.42285867638677743230 3.15748678267157334432 1.69877104189669836387
-0.68710211836105683503 1.41596377667537520750 2.34292513272485347642
1.25360041485505746550 3.09393744864247022264 0.04414755742945786210
-0.54524958302163284429 -3.42182405671272604764 0.45485167022017236604
1.46349568524587514418 -3.50353120679377916247 1.36198111230904927993
-0.36306406054546869200 3.83981870915206169315 1.48354956257174119827
4.31619548739937552995 3.70308729365413835666 3.19591134950253863423
-3.16546321228060634212 -0.18833441279078400044 -1.93532133274068574025
-2.83050500268841087603 -0.21108162185438672509 3.32910446413360983087
3.25223847887160300019 -4.43765871107532827722 2.91252155945021851124
1.23003778908754402011 0.91042884792169864738 -4.39270463729255400409
3.59625794799293618809 3.86157145839572724100 -2.99371120226765086159
2.45216066407314858822 1.25190240381481832088 0.39103568652143483320
3.83634700525035388097 1.94195220363375931072 0.84585675935172677242
-3.62914461448242420261 0.02835978207991818323 0.16367538390491542799
-3.83860768059857138113 2.35914219865138896637 2.30709747159307898556
1.76747980553155770167 -0.47323461543556444298 3.94078882111838257885
3.20043078903644140354 -3.23791598556320980862 -2.45535606087722380053
0.42931256869144540644 1.42698480673917860173 2.85704678323503102888
-2.24662022272215278207 0.90179080514953469105 -1.41342720584650205495
1.20967625599276917825 -1.09810130094273983303 -3.41142555568399874488
-2.50567071817651410015 1.05833207762557002241 -3.47684485593458481034
3.64708714262491806579 -3.93919024314728893899 0.86222949660024372776
2.76664745056829364245 -2.61488208893696505442 2.72871354532775800550
0.47399820955779592424 3.33901648964355235449 1.74217959144699907625
4.02581279963747373785 -1.18805538645321773217 -3.91011355249839454018
-4.07925356290375518142 -0.99176411239157102884 1.57125499681312152944
-1.97267414798305074086 -2.29893900427867103886 -2.76133115997969591504
3.60063704210765234137 -0.07968748788848678544 0.63116839342752140141
1.76291575998483818211 3.80433079709545562963 -3.65028376936978027345
-1.31054556551660272845 -0.85557173060417834876 -1.26631294550176631830
2.42650017636507620011 -2.79820131927744508715 -0.00650557228932502341
2.27711319649984478275 -3.28910940517269745342 -3.77743011765189473650
0.04159851268919378953 -1.64826496423004797975 4.34226451473440899775
-1.54668570511263103739 2.61458979620465026272 1.44638246886450172468
0.01662561069096568644 2.65699081717696206084 -1.57370463866881982185
-3.22685934775062666091 2.13732394617976151352 3.57679785319453191761
-1.45738746904064919718 3.68754292554136764437 1.08497950861349767848
-3.34066742524856641339 3.83506156344005244563 1.57383787631767813053
-4.20140309023515623466 1.65569245580880330948 2.97701509100493399984
3.53356981988925422655 -0.41638572957717556733 -1.99253056724220733997
-2.88075340217385988950 4.38686298938228613764 -2.99468072609898650072
2.49822973182673280235 -3.02488135856906659171 -1.55043876319985596268
-0.42646270292152976822 -3.91390064093438061477 1.54866540281706832616
-0.62202403182007781623 -0.89364562658736357292 1.47226527417805552744
-1.18493494528620324502 2.26221165641175314676 -1.03968150279436954975
2.30540523387172147096 1.36282179271578929303 -1.19940308152989416612
1.78017649681095146974 0.64923645652373807025 -0.41388857717891891497
-2.77043025780749907483 0.91894730806468327700 3.71487450013271836013
2.75033376562905562679 -1.64264696044691671517 2.55529934814314074742
1.37049970538332832604 1.99995867219431655570 2.87194777053014238533
0.04286337953236962761 4.11774254995206501206 4.11001773674690884519
0.76221200601972682875 -0.43324104122310735931 4.24891774943378219831
-1.71980723997817985804 -3.88544711875656378908 2.93274224253722515243
-1.69325921766793552337 -3.53491448428374566149 0.86237893726380132620
0.48226044246124910586 3.08868078366683107561 4.21186291443435312232
-1.90242825410161975341 -1.04234590433248541785 3.81440898883132728514
-3.67697686682357671728 -3.23951705373429810209 -0.87931938482582161498
0.77604601436697517869 0.71240069310356179955 0.03087847055888826020
-3.42413914389106865954 1.44243549126054837473 -4.28456285641368239681
0.63443527486511275271 1.14871419582784994873 -3.37216810940770361782
3.38731790507084884467 -1.14065115794090710111 -2.87247991962190685200
-1.55821930221763782498 0.61186000146815899825 2.28314260938949953328
2.61715285913020601072 1.74903266506162502480 1.52636321249693551749
-1.56050328506615310076 -2.76854790156342556173 3.38411206595415148257
-3.56381278944565282885 -3.49004919824405135387 3.50639757478866176399
3.65402578202511119088 0.09600189376840440048 2.64098225949148268654
0.61525855881334479136 -2.59268571984242646167 -1.01236479320093497591
-3.96177818239762880026 -1.17413028153994636327 -1.26542032180517693973
-3.39858138610990501149 0.34748118304585684513 -4.51932251571225229725
-2.21306029456665109834 0.32205339324914383781 4.22888779089160760094
3.54501135950374202110 1.81238351378839812611 3.37956132571226408601
1.29551648014439102496 -4.18811200929114502145 -0.75638863445377690908
-3.49051570647764508593 -2.31804050867849253947 -2.67320588706270489965
1.76266909607809640903 -4.24340796018995636274 -2.89138127295344693479
-2.53147476708707008797 -2.03551165694428837227 2.82734506400937934956
-3.54368883691244773715 -3.16650850498002389699 2.48640243986194686698
0.24242147361575039355 -3.98921541069923879519 -3.35466098690918679281
4.11699426185803130096 0.05092519359491642916 4.14430738819068889001
0.93601894322635637025 -3.76252280629334823203 -4.52976206881206255872
2.23102874730134459469 2.44026862413784240147 -1.53161784148315494036
-2.33123446369614395479 -3.95880964270458646226 -2.25338306323759107741
-1.21795248542529321867 3.97698303025755972584 3.07582504059134009822
-3.23610293267003434892 -2.82287892413879015763 -0.00533402111101111132
3.71618902896365899124 2.61168711472048453714 1.61319755738124026578
-1.77018018669565790901 -3.13562460960671085530 -1.71398979359945924372
-2.61350664873600901927 -3.91097114692325531493 0.07788238126131830086
2.95841014191152318347 3.73339854965189399394 -1.92243885331498720603
1.26421047496143845734 1.02167673664699787395 -1.41621300110145131868
3.58815973559553480499 3.44339388095311793592 3.69498836646497874625
-4.03207166809166128729 -2.51785866872990204968 3.45546701283604473787
-1.86932412150000581974 -0.52256310173156972354 -4.19647355894982343472
0.13887431268137451212 0.31963392847429350496 -2.90706979103617291216
-0.91669944621978594057 1.84207379132963033896 0.23918927219715335752
-0.39052316491002780907 -2.42351845832745382836 -1.43874251520012252925
2.76292022182259167096 -1.90301140759853115725 -0.76290300977144198669
3.87447475978917577066 4.19882968671301615160 -2.01550914418428073205
-2.53100048159192114738 -1.76280402730377971920 -2.00226843013023536599
1.07743411820846990423 -2.54104960987175010345 -2.55610416441407561905
3.43734062762343395292 2.76295334412403459368 -2.44247970798644331580
3.94719527493864941192 1.95021487072890042924 -3.93394340543809706290
0.42731234733619682942 2.70685762666108420404 -3.88920652904609998046
-0.58776983250534975411 3.17091463356767011561 2.21758082814491341850
2.67728542386579526635 -0.15670526285270192091 2.92404268688204282967
-3.94829426564532104393 -4.48564507189715389046 3.35080091085029341258
-1.35924290443657502792 -1.66629122774159910136 3.09566065100934739718
-4.26903571222245137307 -3.49521240445030700883 -3.88929909503847248686
1.74333049907684145552 -4.35405531998917183500 2.70190737769749933506
-2.45492503063785072470 3.20481288764313188011 2.15260834402621714645
-3.22341855446876035529 -3.96048740674372101722 -1.70170265522378505452
-0.98318652345541934778 2.85399479591924176702 -4.45835808384505760671
3.49612429537454705297 -3.73677960835390665650 2.04885258548142967783
-1.21322486414329056004 -3.52149773838334390064 -4.16040419945162387449
-2.18978583026312323412 -2.84772263913694390070 -0.47872643242421286658
0.96060347441515681055 -0.83544581822216468225 -2.15383098422773855418


