476
-2.46862544209215784008 1.11307733140561015972 3.99963898722745359038
-1.49916758247663128856 -1.29141610078472712786 -1.97794566334467791791
4.03221520268298316836 -3.30055386594166755287 0.19397525147862282324
1.61596909698611401751 4.49090589336206758020 2.70925336380663228653
-2.17207848925937696549 -3.82372736765268150805 -3.84044722507217217711
-3.62345110055369490354 3.89527752729134402188 4.24011720763024246850
2.33436386338087142889 3.87461795269698594524 2.35867749435792095625
3.89061667705932467953 0.25422345163390591694 -2.46840517755953170465
3.80035278111156227254 -0.87286624421195302403 1.89398241109636611412
2.46974469524614104188 3.80705755212491769868 -1.08322296247365912336
4.44367305728080719263 -1.20835960119118901446 0.73602157385214272978
4.13767158725812844722 4.45550221541292312821 4.02875598786883681868
0.81079765613538512525 -2.63975047201828072474 0.27563134801683997210
1.47810212539106533569 -0.70896979056564291000 -2.05091501989259095140
-0.98418344787220402026 -0.80137765174930430945 -2.63925011967220868314
0.91909452952299375283 -2.36034031434650115600 3.85596836982297741514
-3.59059260633800469975 -1.54969857490460416471 -3.98372123804830780003
-0.47319414958885275269 -1.02083518986477672641 0.43869119943569678810
4.38956867194891398043 -4.09691247297606242483 -2.99901441346442387825
-2.12344955706919646943 1.75599905466907113549 -3.30411812853267905510
-3.33621520422750261758 -3.88946721590884125774 0.82400662623327303180
-0.03855640921356240369 -3.42308305442323046464 -0.63663600101060158210
-4.24520179807513020620 -3.58744390296914250627 3.65045364091508428572
-2.07786770460546854622 -1.16199178177148798596 -0.93993425702239541408
0.66414055729495391489 -2.74599551745315162421 -1.56388899856813701206
1.40238234715120135832 2.00497133772558822074 2.61415000824356180686
-0.53454613222486813129 0.28241731708741113493 -1.49124440942327041171
0.30611399623130530756 -0.71662843769409256822 -1.91392592714950993127
-0.53880063116217513652 4.25285866876559293104 -3.05609263686301035889
-3.88363203176864058008 0.66434083237142349532 -2.29717496831559486736
-3.16180749072982614223 -1.56383082636010106725 4.07361854036204729113
-0.17271632954375260027 -1.42422002393666335962 -0.58345919922336131336
2.22711537764426648067 -1.00066696544277755621 -2.76430604516434996754
3.51929085891631832084 3.20689992617193819768 -0.89819059128431355532
-2.42184018141927026591 3.16304537984223355096 0.55248040998680636449
3.04873270791643147248 -1.70968506627489658101 -1.66565330856252646896
4.27178851179782892444 1.56483304281505830602 1.78073146959614359019
0.06008501261345244870 3.30041424832272234369 0.09506070291092072466
-4.40562710928685330458 -4.31852041159430655171 -1.33291881643131526758
-0.56787432641690438473 3.70696567942006982577 3.48793478052443273185
-0.19437799086347595789 3.32123530799572730388 1.10040669799290125042
0.62703301166986147308 4.36928917159141061433 2.55030294807121737932
-0.44257817791420706044 -0.23969541748139011617 1.17630811257390188729
-2.63055438941032271316 0.72867697085008131808 1.02839474938986530361
-3.08408629887994178986 3.32820372166727818097 -2.16423997235820753104
-2.99904237739409129659 -0.22931662036067468335 0.84231958246679461411
-2.63546115345589981871 0.95635848595271788497 -0.14176998279098018685
4.04474744331190461111 -0.70181414637522276934 -0.13347621129227515979
0.10910413109632877138 4.44503333925194166198 -3.96139960520996137205
3.19235430214715787400 -3.83648995766179945477 -2.69181966954807538883
-3.32952490194474526319 1.25236134441147850538 1.76333748739618645374
-3.56783693951379143883 -2.33767554188433068774 1.84895868585536771178
0.94478938503287324124 1.68666543354933384791 -2.75594192387272629574
-2.90124598613200435082 -2.82731800724526971536 -3.17409987307472807316
2.28852401476657263402 -4.45754548762864732936 -0.37882173113223149841
-2.89267920106773512856 -0.62898594000408802884 -3.79152500174904494301
-2.10084917661318559823 2.70375240354948243038 1.34611082423767580707
4.52430494481302947207 -2.10090195027433956909 -3.71625193758682659251
-3.44638645907817364744 0.90999147536959679172 -1.02148056079455917811
-1.29908944995919917176 -1.29743668029917635920 2.83810897912967607937
3.98936085132372131312 0.36164280142801175089 0.18034905122258582111
2.84378616063864075869 4.32696430814594190650 -3.16586233417055673556
-0.23264096039387283099 1.73522805212355635263 0.10269792164457758332
3.73755230608691757510 -3.24436501886343098278 4.31700257792176866900
-0.00445192560623741684 2.77326884181609756297 -1.07223913759449063221
-3.78367918032584915622 -0.09078767339354687493 -1.41167147944996118625
3.44161750135449917565 -1.33725813283073380333 2.77741110471255048253
-1.30350612318944492074 -1.50118803967540515032 -0.33355453476544560942
-0.68740805156368711692 -3.88186570457586244132 -1.42468282559911152418
-2.19817035432261631556 1.73159669590543430218 2.60891913049141965786
-1.65418440784695208734 1.84929849893941611327 -1.40730642766144775635
-2.57491729715610118134 2.54932389371169509928 -1.64556792242479410504
2.77098209011759077924 0.78519937450859167427 -0.23659896034445182522
-4.51165997667334917054 1.06154268478977886758 -4.14956122882491129644
-3.65613363603323549000 4.40867941762046466891 -2.64780338139591986391
-2.40306793492178183413 1.71320612630238411356 1.47692128238574849064
-4.48896218651630807273 -2.16505065667561513720 2.56266073991924692166
-4.50877069286883891408 2.94446522897737761326 0.67152408907382188374
2.31357256876552508373 2.20934318208192781441 3.18884595224632327870
-1.55390799290701497881 3.69899311051330936806 3.92241986037703060930
4.09786763778240459288 3.10616448652324095292 1.91052715249790683316
-1.33209328110735381046 -2.11845967505216847826 -1.13141639470607735518
3.39628919357372804910 -3.67264643623307263098 2.07505902929684982183
-0.70246059664375248843 1.87151295286361563086 4.02111228561622713329
-3.29175017272166448024 -4.03002628101063375965 4.06687222386684066322
2.99314738580961847703 2.33365295228474156630 -0.36385071906765009686
-2.15211058160828683228 -3.22040025669168716860 0.52876602588933785398
4.23742573830727220496 -0.01897354430570885597 -0.97946482417824975997
2.19994963769713169910 1.05849504248419723496 2.27399867331748684052
3.24236918908814519824 1.30706569218096557705 2.03170298168527185823
-2.43701178157488795861 0.57637038697763109951 2.41036958315708194078
-2.78686596142205633697 3.29899162003284551758 -4.00974156865406961003
-0.13965724875207019551 0.68130619652104051909 -3.53307491582207910952
3.58923323871438437749 2.81839882268745522964 0.33951398113795860922
-1.62607439277414700385 -0.33790133347238970885 -1.94377644198732157932
0.95775183024589072289 -3.87610087588200213915 0.40097378220951007677
2.96168330545475022575 1.97675561900081486755 -3.89729566549064898595
0.13934197610509180265 -1.79314968998542667578 3.44709640675385742270
-4.09828406709712478317 0.92585140165246304633 2.47864802722357868703
-1.30674461836490030109 0.89831401455151915769 -2.22941972983232306049
0.82110868305153150715 4.11194163757554331795 0.44944224169380309064
3.29815686374521011004 -2.44878960537784573503 3.26214368471435012253
1.74029707407063582991 -1.87258443160085175094 0.27246868244959632221
2.06661000176872455825 2.65769625749349369670 -3.30144482894325230760
-2.23281229321777363594 -4.23934995278383830453 -0.97393731454390319868
1.90114240274318913038 4.35765257792112858937 0.55592598408724747117
-2.08868544403835887380 0.61776394092720554596 -2.97684232762009592932
-3.73539494675662187007 2.79519918758089769284 3.56079427307014650950
3.72119708125705894730 -3.31283259055747070221 -0.88399959275184292196
-0.99349259098879283414 -2.43397475962363030177 2.77216289911767610477
-2.06828415145550525978 -0.64701509058518258399 -2.92554361577627863866
2.63323386253724578410 -2.55465040561912015704 -1.02190616385968091606
4.13764769509370200495 2.62245560953785972202 -2.62403999842909252393
2.53362743233543330490 0.92532221955427562676 -1.33906178657049679259
-3.15704094091568121527 2.89098182145091886497 -0.72962697886492300370
4.13512196343415450173 3.84462648269802453882 -1.67562736586067417832
0.23433412072310844110 3.84966593109018528907 -2.27694661928463482070
1.24856045463560949571 -0.72085661583979643297 1.34289865260993490637
-1.23883279884547192751 2.82149404850822183022 0.61710136205399379605
0.98833244812580467453 4.20392573317032169911 -3.34958848471449677220
-1.42828235118072477405 -1.75157822629969750494 -2.99317339382799785241
-1.45487865840732855105 -0.91829520362202554651 4.06692929041347550623
1.66580632401765971196 -3.42300284281353395244 -2.73275629291005284216
-0.09817519968771826200 1.10669365765656468881 4.47773072150529483082
-4.26366938252455351943 0.03083709938634626724 0.73180166050893902252
1.40818921390917051184 3.84109775348192439282 -1.72728058180109433906
-0.16154098831641761080 1.00390875509612076399 -0.93996325694104498893
3.09655946214260513472 -3.83410941866996823890 -3.76009954865657958223
-0.96111773917767440167 3.14082351053867370183 -3.03104207347908127801
-2.59453743400523739737 4.32098225070411157134 -3.66195127953028443102
4.29006645575701828221 3.11653720195253747249 2.94741778085704453360
0.06419317518591416416 -2.77826801335939777005 -4.16792423765534536528
3.25929571553862817979 -0.79699134702767082672 -2.35160251511683293657
4.26326509888512372726 -2.23507228261477308706 0.55757938293293651810
1.77757044462983682109 0.27719290849165201251 -4.45290560049271544329
-3.52523691931562233037 1.54731498777262732602 -0.26237274539177146693
1.87505507688988348747 -2.33792184447843220951 -4.14061344931191932517
-2.01244575478781095867 -2.30560973585293549348 -4.01088888810899746318
-4.03853296601451106085 1.91165614449822296450 -2.48145254231068967954
1.25445322091334254822 -2.04619276087672608000 -0.73645156336534167707
2.02885701079173053074 0.34193147150293778935 -1.97764079219045774138
4.45682247402124165347 -3.12323197684620312842 -3.41222647005332158088
-2.20472440472473252271 1.38862832595142382530 -2.26539316142141888832
0.85276675582849392754 -0.12808972263260809399 -3.99771757761958568267
-3.89710113649078948583 -1.84589681369046498816 -0.19653842514105246408
-1.06504995313538675106 2.38916911417306554455 -2.08409832347879309111
0.41191888662399112064 -1.17010464585756901457 -4.35019189104355152864
0.50375781261518692844 1.88404313558463609724 4.24559888928537443320
-1.78136119643523427314 -0.10116072702268930072 -1.01502080990668552829
-2.08749150021791063381 -1.18898958343354266276 2.16980763516902719346
-2.24995242925342475715 1.94272081647392713677 0.47826114278880016428
0.43060770530153114066 -1.81867846166483726478 0.81789734674228586897
0.24384832300727854459 -3.65397212225392031826 -3.36205337844116769475
-4.35045015445866756210 3.86742786886999656559 1.64475205693756354464
1.52208578689105955561 -3.13419853383883051379 0.81546332577215885351
-1.41595648837401988374 -3.45148332275773306321 2.68902218754795718780
1.09440995612338021203 3.61148403656691296959 -4.11845696927423166045
-1.85767058316473443469 0.22721478815368811865 4.06259382290473336496
1.81852378592651398037 -1.41881108225658625344 4.33313325962861117802
2.50004478259719409294 -1.01895435031497072487 3.57102975535300171117
3.18803999392631443044 -2.56186989883392657319 0.06150769174948411688
1.92418661490532372227 -4.45718554336057781740 4.25074641380741891084
-2.34476962205430883301 4.37021864112508762190 3.94738916445577725511
-3.59153393660867648052 -1.18088992056565933453 -1.45840827552291418812
3.48069297609592975817 0.97400647893004244082 -0.99019071292363758374
3.96105135217698656191 0.88107641488043064726 1.05451574188186558700
1.94028361518686587317 -0.31050603963261380613 3.12071531728056417165
-3.01571880715286466668 4.52281644621727618727 2.20637629911912913627
-1.63831169520189456890 1.06534111632701211647 0.57050693790196405075
2.22016278578156711632 -1.56944147880754103497 -0.52822378101805256279
2.50063679861924015313 -3.63249083272088668650 0.81963002029167864038
-1.10652215098869932675 2.77095290489142520585 1.93593328888257865117
2.83718469106701398630 3.71163500799362200411 -2.25921171318290658903
-2.91193298411567269568 -2.96983125560812988297 1.28909515287914278048
-3.52295744595914195330 4.13529111296911988660 1.07329217005748223102
0.07993762239981272444 -3.28152797145398489320 2.64731061210779561321
-4.42938084356704830924 2.36429769741989392884 -1.49141874196610224601
-3.42657083129560247059 -1.05931153600931526881 -2.74773969751574353992
-1.54624181890886802648 -0.32653254913129625692 2.98522165623622726116
0.69684870105528062822 -2.93743217305797221783 1.46094347299542715035
-3.05014276022902475205 -3.92105813859556784351 -1.60451189623823475827
-1.94549613359005046931 4.06583035849636242887 -2.79060428311824004766
0.08479804595822315605 4.01441836511539040799 -1.29128883837934083090
-2.21361083286836279882 -0.93593750046798795950 0.68874585183358139062
-0.68164765063212984231 -0.73569010342842844352 2.25476733624369796161
3.98828045690396404410 2.08417345906686080070 2.65170746543953672614
3.86881591561847582028 4.17384476850126429071 -3.97308847005708676292
-4.53311772783902267037 1.90786129055052899872 -3.48049259768315266683
-2.68267697620700795724 -0.36939914892965219906 2.73311252752154043577
-1.65120366853688604891 -2.87813045666165834291 -3.11573608910378041514
2.70474546004615401529 1.76489838500933071685 0.89906868320161947850
-2.37251242707228726658 -0.23189204518850381476 1.70660608003402547439
-3.74759643477354442709 3.93331617038777370254 -1.28224029579464460227
3.75023615161592172029 -1.96662570869821351494 -0.67465414776075327552
3.71265308987886566428 2.90588574757844941843 -4.20336004445970168319
-0.57397844026619759816 0.91119728159735569051 0.99580113119816004996
-1.58144525493655319082 3.21504540342574074430 -2.24044085799112258073
2.27630445789807200896 2.52978083725644165014 0.41644020090224209696
2.42165435905593717791 -0.27370953252523033683 -1.21815812366615894291
-1.25252798481238691863 -0.42329982991190018282 0.07749673220680275421
1.91946400120182403271 -3.48330290300576317364 -4.25151364668052167417
-0.59201741816525466078 3.43366947201404038026 -1.96233570487166453233
4.37319646819102825219 4.14524164110724679944 2.74906292121058992706
1.88963256592270312240 -0.02475720771901901429 -0.30008477360261309741
-2.15598613564430108269 0.81847509692968678507 -1.38030402915890748616
-3.49772317903389717841 4.29430788086917214486 3.15500531656980154338
-3.91256748949375365854 2.05814715738890363639 1.50098651408249850192
2.44889945431808797593 -3.88036094533138919971 2.51395484191751084069
1.93615569530235287488 1.48507197673832802565 -3.35372914720057080373
2.94053936905139057245 3.90485635152444476859 0.32922488235308033921
3.09168820755448248150 -1.45429281470553828370 0.64857988300670488258
3.58268809474693394890 0.87358078331592370347 -3.44335195543563843401
-2.09553719294943929796 0.14527444577754433652 0.12309688719467182239
3.46045981737383723242 -4.41879350099823042797 -1.45394537253294187096
-1.39586263115756281650 -0.89214219686960039013 1.35620124297907640454
-4.47785567434166598133 -0.37960198767479447213 -2.57525111045685095590
4.53316825126049049999 -2.87858347009212467427 1.51060440679776331052
-2.45209335972248476665 -1.91057644505798629453 3.15475559527291427031
-3.41503923195612602015 0.61589221652207104540 0.48912770353534895662
2.45382075847366376564 -2.84156486426558396730 -3.12186988941721832447
-0.40656048954426893260 -4.36815370832028637693 2.61317749505465535265
1.34789293506718532711 0.75262397058433627706 -3.09640667415693782161
-2.20387823465062471229 -3.22572175379766701298 -1.02234952674976664611
3.15571217908124967977 -3.81434761045119419265 -0.04229836949488330333
1.80634793007618288385 -2.35334017555634655849 3.30668682475661501741
0.59311686103234428913 2.53962317809789261958 1.88804117810315030823
0.81898032960603828201 2.45391348144870047321 -0.13118150465021205520
0.20124725639694407420 0.60417097903910477186 2.47534941883268633234
-3.77096325120925968122 -2.13396126522226881050 0.86595508315893532370
1.05006513843906823524 -2.93699259464039252876 2.78615565434681045076
-1.21495463230839995106 -0.16077170611586755200 -4.33666618866389086406
-0.01470975999944190704 -2.41859976284883071429 -0.86055804113093481433
-1.31134237601369640913 1.64673477321432049081 1.45575589265547034046
4.05145515145457846273 3.57811096543635809297 -2.96868317641479384505
1.32797203903796567914 -3.38361565624910864969 -0.56053121679743034278
2.35644224550036796018 0.48311644037771550586 1.06793588050369336884
-3.37918840390936026097 2.43055920989276419419 -3.91255434085142184131
-4.01389154100689093951 -0.54189124396407573059 2.79054612104992383337
-2.87366571463937203745 -1.98045863466392946250 -0.98639010049637354527
3.39791528328052638841 3.55071632474596210471 3.55403932387758825229
-1.16362091061273620340 -1.93685500951135880499 1.67855870372633031451
0.93252277644093162223 -0.88911101162029515521 -1.03880877524586257010
-3.68480113585225810269 3.87874147819804182546 -3.57446321296584379468
0.58454490710735917958 -3.79663545870424767870 -1.35249996568549102349
3.92566182048736411758 1.27456981956286785618 -2.12175169142476338635
-0.60013546176728249648 -2.52410494291992071325 -3.25138674548856343449
2.05762991825046004379 4.47803352856363989787 -2.44763730574280335972
3.68597685257227691835 -1.31735293122063179538 -4.17258938399512047113
-1.87412341175488794676 -2.66608491592216445554 1.42571764545452328576
1.30902270703867440460 -0.16421952432200015437 -3.02253271105241783090
4.41284113834831526191 -1.15144389523301260425 3.51077163057540264646
2.80457550929582044574 1.12797266661363959628 4.45031599689288182020
-1.42189652819181722165 0.96945767070381627661 2.76177811281128615661
0.90092521232507127849 -2.01994172983991582271 -3.98958689293531909570
-3.90747258969232369452 0.39434287976749970994 4.26245872698333716500
4.00753221748031318583 -2.26609918021949185984 -1.79731939822975528287
1.71576103164328674922 0.12554764132123441556 2.22308222552318834886
0.85088086338747892512 3.40283323532355819196 2.64591896690834627037
-1.15658020869944255793 0.97414167902326020965 -3.64422467739212319060
1.09905307385639350315 -2.02981103954606645345 1.71997716276207057717
3.19608781521140183912 -0.64662150181233801760 -0.72916459952062018246
3.62999323070711898964 1.66569663558619751598 0.11657905230592735535
-3.45940241920088764616 2.02604449169979261569 2.73593868686968910708
3.87614647059241068661 -0.20815757388047728682 1.01097197756827039683
-1.09775668159928407874 -3.73886111169508694729 -3.28620522993299957193
-4.04062440687129154071 1.37816722518119672003 0.74640701104544238120
-0.43552970572745497435 0.60664158612686858163 0.06087650002206856925
-0.16429072280247591920 1.56948611068908849830 1.73324882785240053096
2.65628276407609664744 -0.93264194121266097426 -3.72080923366018412324
3.83241969931626780266 -4.21452212599118958281 0.73882407647297299036
2.83122913054575064962 3.12645959650569249533 1.06836027647134823582
-1.43250405301448457962 0.07686570772061784851 1.87522741540941506599
-2.98534819357141500973 0.86159955307910784938 -1.93697038931323772815
-0.32796403133015328279 1.25611374661798791408 3.17992826236486880731
0.09805580251266565739 -3.98706913420887509858 1.76256398291060012440
3.29854013653199551470 -2.67962129193586706677 -2.49922518598118426070
3.41644203396965462360 -0.24528065782193131383 -3.47401091650995441640
0.91994431107874952147 -1.29963637697775968860 2.43707532285528927218
3.92795201735435295376 -4.40750330059399875182 -0.42291926980301131067
-1.02525554504919025334 1.91275791282977802865 2.49534260620437198241
-2.25603959061282832721 -2.37095118623139455849 -0.33326226236636546929
-2.35831279331908971741 -2.74904153523756322741 2.38994264179823368011
1.26805533186566954384 -2.59724478382654888620 -3.06976699196589608576
4.41002138366641727174 -3.45334707205186886014 -1.86867089662124374883
-1.11541299345236666340 4.01961459645337182423 1.85450364122180300086
3.98770799411834442338 0.76871968695109771375 3.13082788425306723923
-3.33007276422390319226 -3.46248395844174394753 2.09873852861916621038
-1.81572586489226139861 -0.88958531669390783492 -4.00063296296803461161
-2.42800396106602311974 2.57089831606744478876 3.57265977081302299467
-2.69265397639541381736 3.66156071464580801234 3.17979810325762901613
-1.45179371418110836345 1.17269212719354687380 -0.50578326775770054979
-3.24449309883685099720 -4.32776936212683960292 -0.50067258557296412391
2.80074667300374091639 0.05731136624438004645 -2.54244448984960902393
-2.64361599615719855549 1.63881646336572028844 -0.84680621504784348019
1.56816278872216141593 1.79770353338150279399 0.11002972164215041317
-3.63778850455423086174 -3.47327948493894700377 -2.57393217756834058463
-1.64869565582766375300 -3.95007403626752306991 1.38258506907409017828
1.80834745222160986344 1.39586915656010557285 1.26901188551959531736
-2.06904919611126780765 -3.60492800365764765047 4.07456140919930742683
-2.45390707172104871603 -4.15008772686615223790 -2.72780462068326690073
-3.30086714683627269196 0.09603855462627830519 3.53456391828710447811
-1.42970100356065721314 -3.68034873273753460055 -2.22822786582840448588
3.92036778611670744255 1.71098631685165170069 4.53470569273015922107
-0.59424748729054410745 -4.25484763294992518468 1.07950904037509065603
-3.40850347672144193822 1.92791824215365448225 -1.57654382661935432708
-1.99957265488013025134 4.35596356112546256867 2.87813059399686910211
-4.17284002499253148244 -0.64331720509292500410 -3.76396180002320335234
0.89822553938663052264 -0.26386259390819066795 3.06358654915719430534
2.22054536639043664792 0.09161450148329564058 -3.40910009173388051096
-3.19774323720488284906 -0.91029706776925012335 2.02278774618492906967
1.30595769946895590152 0.77281148771730645564 3.18430652305253847345
1.01236778069592592288 4.44923271128380992678 -0.45842875642315572549
-1.39553726894454932506 0.13081101528484140317 0.90053208314619137553
2.30892038526057241654 -1.56613850762519568605 2.76677770670407596754
-3.14671308720686360161 -0.02590934837878222652 -0.22292803988364617851
-4.40060016782811036506 4.19164398497329582227 0.48818001033399216482
-2.51135008798915215777 -1.80931865028292948594 -3.29500883852510106919
-0.32378802476549939371 -3.98860620639275831323 4.47727311999881205651
-1.39070063984797798184 -4.24518857778246960777 0.09661803789396206099
-1.35777945862615156969 4.23750658943586966387 -3.75252341005478573521
-3.64111719173008063777 2.24804410370334384339 0.51657991347032616858
-0.70437356563813047217 -3.62264032785639100709 3.51085180796009321824
-2.43890082469594515757 -1.52231202530790632466 -2.27261291226601036541
-2.51101746277113502259 -4.21824905148865081372 0.34033139410521950907
-1.84883120699187797342 2.01004399499202524026 -4.31595361614636807701
1.95238933233940592515 2.78884829306305270791 -0.53493691402012188973
-4.44352893012938299222 -1.41548989410020231716 4.47945459019935565692
-1.99982460343529488966 2.76665780322057575091 2.62437780169693457566
-4.03509933065949866204 -0.63795232119637645951 -0.58167505155610710332
-0.20507857474217061622 -1.49646712433657391728 1.51144314045689043269
-0.94704396697704229524 -2.63170857146135350746 -2.21359776741097880048
-3.76079181781975568910 -0.71387578621069058826 4.35019498525250281062
-3.34907547327204779819 1.39540942635823306261 -3.25849390162798879800
-2.81565126277497412843 -0.41774599550485547184 -1.13852744712487474743
-0.40674742316027145961 -2.57142006618667728901 1.20694387968748717554
4.33830196565814407705 3.40734987437551595235 4.32346399594942010225
3.51373998816861732308 2.58238804839958380200 3.88071125453972154418
0.21011046170735525607 -3.27735990972670876431 3.82410230206339374348
-2.56986232995188945694 -1.75162189687129465909 1.50373143172375112187
-3.63080532362718244599 -0.06885784247047332940 1.78338051319668089434
0.22757525215978713362 -2.97548165455728819140 -2.44243687336350623340
-3.31302143307333629707 -1.20025194318126260384 3.15982423256644739951
2.74492901154612489734 1.19890536149482240802 -2.85518546334203859871
1.72262403459084278978 -4.15188667878522643662 -1.61763214603714589046
0.01774450642886371554 -3.56218647686965850241 0.71472023900694914289
-2.96559456745659710819 2.58811476739672396974 1.82363031910232020749
0.73553007714470641787 0.06815368928356146938 0.15300138396853579792
4.50132371766639227673 1.30100676450097996195 -1.01497689766017940016
-4.49240098412092869751 2.34789156825548861462 -0.22505387405667942602
-2.46685294549321243451 -0.89160140836839651968 3.76638578523376299501
1.91884669818055009216 4.39842077409385634468 -3.81029263869025758282
-1.62141916351753589964 -2.06914236906529414028 0.48439644696351535913
0.16401497966226674663 -0.28782100743738769921 -0.65811111224462681690
-0.04900591639463414140 2.96960941750343021539 3.96405857720954291068
0.84915026362074641497 -4.37792252523828651078 -2.43279963846362434765
-0.28904405128832344474 1.62075071699017758675 -1.95657031017936988704
-0.79729007932146789273 2.85461483457957587717 -0.31804594784540984875
0.89190374124479898654 -0.07864482857455712406 4.06063627982172103970
2.58044745833918920397 3.33943975919548652342 -4.14347061384524195660
2.75448023242047579373 0.33534849699306068516 3.01565791837420338339
-3.59789067490090097579 3.32345660740010639955 0.38621788607638851687
0.99526287911771493810 -1.76546755796534249328 -1.74576644061850805301
2.99709079473098416457 2.36263560599292166131 -2.54195316364823797883
-2.62688670695759807217 0.98602987173596989834 -4.04501253867803800546
2.33489592600165440928 4.21275989162911113084 3.44882246351681498453
-1.03245355619396494973 0.77151443630864591228 3.96657354972571329910
-3.84211153833592655715 -3.49288606920138944290 -1.15123274595423508160
-4.09646546812251433067 -1.36025651017294135769 1.70573398552941846162
-3.24734827191657693390 -2.24809413641228550418 -2.07881064895469735987
-4.29351818193371848054 1.52846149605613579325 3.72781697715350812672
1.96109240497266856806 1.58891094736412430422 -2.01840581506052485494
3.55390493095208359620 4.01131710787780360050 1.57372854722959321094
-4.41242256668302079703 -4.35501169768216644940 -3.86772634109426105553
1.00916209314916205386 3.41944152277175561494 -0.90858300014705140057
-1.22600021712342099889 -3.34299275935669548687 -0.62478749616682360823
-4.47112649866476807858 3.01073156406134767593 -3.59017017847427499788
-2.21047494336138106164 3.90455998191759245941 -1.60518737823844981349
1.71154952659360493072 -3.00959228813182066986 -1.64341211188257574349
-0.99450667272330051105 -2.25376416286875391748 -4.38108792279014291893
1.38765463573505165584 -1.21874919599595088471 3.36473608258609413468
1.01089034773104025078 1.14935991396093850625 -1.69145537479567753536
-1.10565273266431152166 -3.30622753570598559847 -4.42988694159004214868
-2.17650634549527755013 -2.42806455321719338869 -1.89820270741070018516
-3.08082224216107602999 -1.27248796115651829908 0.06864407850019471624
4.12636648933344130086 -1.08353014777970724225 -3.13961443862181299735
-1.62019888902215747351 1.70786275231017814491 3.61495736256788280372
0.27916286834621839574 -0.53294026635004865255 2.10022447597600692148
3.65496873647343445413 2.05552025277125771652 -1.04755335790412340558
3.29099408108693314290 2.35909013269235057209 1.87153093830155103916
-3.13671399765275538130 2.02754853164799175858 4.10990781018795114932
-0.30764756665041126382 4.48555789724789644168 -0.34456054119799350843
-0.17413021389262706151 -1.89639144919478130902 -1.70312855032047849591
0.35812094584559517330 2.87860441390873678102 -3.45976324685118763469
0.72041294723552073975 -3.65618765868147788112 -4.41605986905059655356
4.05348661759502615354 0.21575737009720441506 2.16684482915745757481
3.03961895352704569717 4.45585622794853275508 4.48434827772061961326
-3.62169491536899545991 -2.00747040006974764026 -3.03718063698272411344
-4.48190271363750181166 -2.51282330842487455769 3.48272903957535451269
3.81382026155057030081 -3.53635425516902035525 3.18435541032180413623
2.66184706902161050124 -0.64659639453058748160 1.29743169150285364566
1.57568715421291383194 3.54087863088564436254 0.10920576520888225502
-2.17368652809240714419 -2.37233774159210408783 4.02379806596241440531
3.04769546784214817592 -1.97519062972813852497 1.77191433889541904989
-0.82484652757414611557 2.83890695927376501828 3.15762138136765635466
-3.95536346629527013619 3.33311297052437804922 -2.75945610234382732173
3.64185045282796604482 -2.71767985267955580753 2.29731367553569665318
-1.25566842363696817841 3.20197526756161643391 -4.29647308452103260379
1.16504153538457178030 2.56399754610083352446 0.82881802005847582393
-4.32435206276048411667 2.40342255255539249958 4.37666847744190956604
0.66882934883627509492 1.17866254946456194830 -0.28714530822671768817
-2.96505372353309315514 -0.19132115524433146447 -2.21577605220849038759
-1.87505290870058249908 2.92847425882177603285 -0.51416277558001954873
-3.37067301987663592300 -3.98154946744233084743 -3.45881694071874745688
3.57128362064022919498 0.34891716851255161203 3.99847184139856448581
-0.25903327421632749150 -0.49986670327755877707 4.15072775662651505257
3.89143063936070543463 2.10791507411268419503 0.93023339929060977482
0.25465397493335562018 -4.35480022665699806339 3.51752416410639323630
2.75683473433648007500 -2.42834019003965462247 4.42464986180429864504
4.43150615966415184488 3.31601823327600886415 -0.21502490381872352287
0.30350708146900995388 -2.25171234599179470592 2.43677758243673725502
0.78433000835340749290 1.41579720989989699120 -3.69648856030369765691
-2.74524419484756965204 -3.68954558182822900392 3.05717058883148862236
2.78144741221148805721 -1.96650587528344944488 -3.66532503686673605259
-0.22983599196090231942 -3.99415635592129936171 -2.44901107834097064853
1.87051174753272153595 -3.22161041421254923378 3.80361008805939970756
0.00642702661057459324 2.17229887610184047020 2.95069248984015697346
1.90258546786219628899 -2.62040242677648649305 2.13022710512862722965
3.30460830746774281153 4.49258534294631051154 2.82773030509048250991
1.14557195248605125926 0.04911235736178110045 -1.13762535789469421132
1.09237967184483597549 -0.98406493831582242393 0.00621714693148778252
-0.83567500580868436799 -0.55300229010786905448 -1.04165104216892245859
2.80718108720346393170 -0.04996444820466905412 0.30171612958266802451
1.44974578577844770422 -1.20015206339152635806 -3.60417595694549808272
-4.42656580053863457636 -2.84205432192008311532 -0.54492111632612472150
-3.51308671177109799189 -2.48917535086222718732 3.38864911705968108180
1.87229195657045632828 2.99619861148088695302 2.09675017290654341906
0.49360945299492264837 -1.59360953271020999722 -2.79044673412194743634
-1.32987155134226275877 4.02014266060843805661 -0.77037539388178233324
-3.29173131122222795142 -3.15199681336210701943 -0.08994179127066281865
4.40052468459957690783 -0.24332143301371100819 4.35142655598657324134
-0.57192354871942763239 1.75563146650543355776 -3.04903011883837793405
2.75208548936319630229 2.10753848089100781493 -1.48054329005450302503
-0.88246615854722021410 3.75441837753068430317 0.45890456784005628776
-3.94688458983460277452 3.01888109826648243228 2.38974164337102479294
2.26394404569990648213 2.74842619550903055625 -2.03612278463431284337
-4.13041757442294610314 -3.91802583624209166402 -0.19807711406897521300
-3.32611490875850579485 1.06121278226083948226 3.07188276500506241007
1.11733333186717320729 3.11542780637891691953 3.86679522641395845284
0.65954049336629161360 2.64481350380957547230 -1.92360865454524132545
-1.20382913387108292369 -4.43103761490288228231 4.40695634696297755539
3.12301711855982322419 -0.33289859331442617218 -4.46470500597936759135
3.00829322293471879135 3.05945903873781954729 2.70062861721061242548
-1.08697888089149286017 -3.36709762580822813405 0.53006834034188976545
0.74434369046072745846 0.29141817309221984544 1.58050163199037374540
-0.04149734428968709921 0.35004671417807298184 3.56013366062415936852
-1.80851334922705575536 4.15659396907687739287 0.99965047242597293575
-0.77156260760038852808 -3.29827886416346149900 1.84225781589423398543
1.68346019611892394607 0.90671567211443448997 -0.55899317767361988984
2.24565686426310584523 3.24260673760887829786 3.45963130377858707476
1.66773524066771194896 2.13826171334771597543 -4.51993562055022746193
-1.18545847652061597799 4.36572268521614237358 -1.99405872049978682981
2.00908106446525813737 -0.80315676606201025223 0.53028859580307674548
-2.09004381858082766144 0.14349731787349107037 -3.95184592647682197963
3.12668697558388597457 3.11140371326186571110 -3.20100532120643510581
0.67293231228820094003 1.19378613815525724817 0.94867820630899490908
-2.38514306578963708461 3.97247688916124186420 -0.31818920034398523455
1.59348607974925027264 -4.13170804426940030396 1.39408291528979422225
-4.10323807681595376096 -2.31149514747511419799 -1.30024839670996250618
-4.22803061571471783253 -2.68328910572836498716 -2.58368020245852925143
0.45577508804674859988 0.32388252118294236226 -2.07711139198014116403
3.81052347303625449371 -2.12301084518063953865 4.18177002085935267672
4.45568822748401505152 0.95880362636280835886 -3.04924110354005062362
3.53141642454987714217 -0.43023986641089972949 3.35768354101941834955
0.21681962143273381116 -0.58604669112874718806 -3.10461767704417912483
-3.43103311654305631606 0.05250018640489173549 -3.12195571758455781008
-1.19984811756302978125 0.10288436702475678430 -3.05989344851792166580


