469
-2.82733697198356415115 -0.55163859645166635204 1.37871993311939622373
3.69785990816178777862 -3.76995846168880310856 1.98710023652920764192
2.21623019261905529476 -3.37520321685767443753 2.68023744086509108087
-2.79709707311938338137 2.61757091552927523281 -3.02562764626830293935
-0.99179056963255129986 -1.49431190758709986355 2.01469562998210971472
-4.31783967105719312940 -2.86030282852425354889 -3.75450694351121638803
-3.88665814317467139816 -2.50835985602535282979 -0.66051003436041755279
-1.92374251909496907231 2.53554041461110291067 -2.19763327156647969574
-0.08725224080463434007 2.34560742191320947825 0.70955119806861066678
-1.40588736675962877598 -1.19182832905808044899 4.46118273239338680725
-1.20188504476926549813 -0.55826750194760155210 -1.23565323597796172805
-4.48241836122734849113 -1.41986606541872628640 -3.90717506279251880486
2.49444320658850848815 -3.58021103103571025628 1.69869454933585561918
-1.92206977713902649185 -2.53853046033570306506 2.40063162863667223235
-1.33780316862107184761 1.76359309295123356520 -1.75681288641763710956
0.65988789016115134700 0.13248999380189996344 -1.57182424281668176036
-0.57940546262065728556 3.55673618163776783518 -1.52168993824502818413
-1.34690607309172794004 -3.13263920554633790161 0.44296178221383275542
3.32509110553345177408 -1.86576350393463652466 0.71980401939293159330
4.31366347745826583804 2.25079177839939159611 -3.26324991777215700495
1.37863971073446389681 -1.91140157520279529990 -2.20380566640653041688
4.08015919438331220448 -3.62942728680897985782 -4.41961144016114637623
-2.75428874140592672148 2.45274426827136515783 3.34689531350997793169
-3.52092861401187962045 -3.47340721754691461598 -1.63843111297482169064
3.93681429056881082573 3.13562308315167648232 -2.75686941174454025472
4.23032794531514877434 -1.17169143653725349452 -2.83902380808293042236
1.57185830440007467956 -2.62733102060972045777 3.05047682246961482377
3.86066172541624741399 -0.46839564407204736796 3.94153472083516387414
3.88657274207670067057 1.22444195787588849811 3.68210891547570451365
-2.43256033044647868024 0.68013760898042363578 -1.95264564685179564663
-0.44339912871825593044 4.24249817426980069257 -3.97158718331841642524
-3.59677628379872249553 3.01482114268514056477 3.30921518164748729163
3.80887755898701119150 0.25110533525137945787 -4.44955467808162818955
-0.79834994240424794754 -2.30316960558157601824 0.33157671401095090147
-0.56262994224478468652 0.60045886641749479651 -3.40215425261771908794
-3.76868612002147518325 -4.52719195500606286231 -3.35775326745149449437
0.34183678771837566757 3.07898378009563344904 2.08128327515375310952
-4.18829621842298926992 2.53051923390979371931 -2.55444836517814222177
3.99757867322785198638 0.88394144403926855347 -3.12513778935412167570
-3.75827663994818372828 -3.48397647969266177626 -2.68524314708064260060
-3.51761162940895788509 0.35447322588831298162 3.51269553122623801045
2.12964485659821711749 2.92767132185657263932 3.86315399676811122021
0.59765298093423524506 -0.85719132818053989098 -0.59268649282547514190
-0.54870933498042928633 -2.83976605226235001567 1.25956275278901141945
4.52032958194633049942 1.58146896516360513374 -2.42727918925102548187
-0.83310897427504038149 3.15200900173565745632 0.76430612340188019971
-3.86061067828126303070 0.57663456776532662218 -2.52323323334850524446
2.48880900703405760765 -3.89071771900320007020 0.05759396223700186113
-4.28931648651008678996 1.88260188429921537789 3.26987962320925973358
3.14630147510546986922 -2.79873797977012772620 3.69919129833793913775
0.15960353162904894475 -4.13748967293813763035 4.53145662219675759985
4.23843632789384283654 4.53396782904314843421 1.26754670561244875415
-3.16376038538718429294 3.59115571482117079682 -3.25422135858802841213
-2.50453824756543808050 3.30988330496206373255 -0.64465311632648791829
0.63235237968967528133 2.56805470409313230107 4.24222733032682253196
-1.62228941073899690650 0.28535416521499801235 -3.80345560957870487684
-3.51568180153673415234 3.21920213895783735580 -0.88920072093291491200
1.00355776929113371665 -1.82369051633183598682 -0.30690602296664604154
-2.50228422523226390339 1.45959938991549798004 -0.57409519702753231130
2.83126626051431085074 -0.25874557665798469941 -1.78215301535817438605
-2.27260104721453259913 0.38803973295046478853 1.27282800249018901440
-2.75080365588450570513 -0.24755700574098327138 -1.99349797132821038304
2.26527808528023744117 -4.52326037812241121827 3.77789477141659713055
-3.80804954404568052340 1.98310392172641147823 4.35785499108756990694
-0.90032925978020550417 -0.08353486754022743099 -2.47004594791236176121
1.91157205176824884774 -0.86170903148569832908 0.03166651427933064866
-2.99056649308569344470 -4.37855143116573941597 2.79430240886693415092
2.53105421777115058291 0.60878998890583790882 -4.37647128182552425102
-0.94822275701804326076 -2.20351598453909414133 -3.84928538060617686511
3.33101682170408075478 -0.52993766836859457214 1.49619932189880522344
-4.01388638285029752950 -0.86506492531683454317 3.22804633677296948235
0.49064959075927649934 1.48933173287887665737 4.50673854136550300353
-4.03868841127898736687 1.43028600561874963404 -3.48318267758437460913
0.45260903311154176976 3.27800496425715515159 -3.92502305893517311475
0.81876670071467927414 -1.30052388339051150368 -2.87506837201380260893
0.74996024275943984350 -1.19963036926545374428 -1.59821783048816845607
1.47958469078704712985 0.31562342390770847800 1.95044203663158555173
0.93403404726325156560 1.42290732163499367147 -2.23565722122269727734
-0.11552284363329778927 3.74829987585361212865 4.11504756005039862288
-2.91407300403499514019 3.14193145172857679626 1.00904877197632192320
0.83353964916126788154 4.15066892464257275464 4.06964925245436770496
-1.74250902229307369495 -0.69110021723454062581 -2.08822960759968623279
-4.38436629570464475592 -0.93881577840825691794 4.24439515464428840374
0.16341935016179487405 0.73076535710055345874 -2.71886417982217398759
3.45202060526880316615 -1.61157732011987508969 -3.17981842622720334290
-0.70137657361318073157 4.33344923060770614853 0.42316998671561911749
-3.16703697261929129070 -3.20646673614414012832 2.94367593065173149824
-1.32770142503544263946 -3.84218986971735398939 -1.54004790578992967198
3.61044191111824996909 0.35906063547200339769 -1.00801018513376305918
-0.01961203284419621440 -3.22516714423097550224 3.68194297562398187296
-0.15342345646990818153 0.03136976941459579393 0.05262385288477844369
0.48965289640579712227 -4.35879715778134357862 2.13381366192579946528
-1.23323542501976524122 0.26325235489979270653 1.15484701723407656715
1.67735818679546522247 3.17275816197211923964 -1.20647365309521470422
2.89677852472280505935 -3.85497404712563751517 3.24606309097065892644
2.45156811327435431025 3.51217281824432081550 3.01190105896975079958
0.30132333775144104493 -0.19565936605927536363 2.68690879119890890792
0.41729806549873238453 1.98785881481322501685 -3.15390845696893107331
1.51938533699174804781 -0.76158416522745620014 3.50670877016094717504
-2.37675004823970770218 -3.83853214532790731894 1.06001680385809482488
-1.54625587620606275152 -2.78454103343533354575 -3.12721282890606122606
-3.95195602366306664166 -3.71797493304029869066 2.48663896337198853104
-1.70826651624774772387 -0.76571914596674917064 1.14919956791189825651
1.62452652487766524558 -2.86927512247058036365 -0.37053473237907841309
0.15285097421545135177 1.18099176782358217253 0.31517619047040845714
-1.81962364388256325753 2.70359697037849144863 -3.45663594004554530770
-3.65097661791444094703 -1.97733925626425977029 -3.91208867543160510039
-4.42839623472447829755 -2.49695923458931057226 4.07980717552333782550
1.19554503182632565483 3.84282132541028698114 2.06448861279539297442
-2.47176160878986683755 3.68395251091196396231 4.07120828268440160258
-2.44347156137680876498 -0.38099497987846842051 3.78396594139295228132
4.03626212236413817180 4.34233750031539589287 -0.10589225133447843774
3.63737483131257643976 -2.80086671421660593495 -1.21424635954498683077
2.02854132136278053622 -2.21146904560122736783 0.18014300380540948510
-3.64552736924191078671 -1.68382758519147390786 -0.02524427782249905050
-3.10190476814150839502 -2.03918195173038396817 0.83648080484095910236
-0.38209243754789046221 -0.49064024950705853456 1.62763944653540360008
-1.48009414969438068965 4.19459327520750502316 -1.30399476315905982204
1.97045080033800434904 1.13699405284180699027 -1.89825021584027586741
-1.07701527782327133309 1.17780261267911434686 3.11093147481571108415
-0.78795603862633001313 1.03408745085355047166 -2.28919847699468803626
2.31470098777089727804 3.84316687464841333366 -1.84969373365945477516
-0.03420828780097551203 3.08275026955834086095 -0.78595034516768436106
2.29550939591065628065 -3.13622591292956398590 -3.60237657853568071786
4.34809309739408345052 2.32173079642434299075 0.20615486727705345515
1.34233238234613860840 -3.55144105358130834915 -3.04515193157362817900
-0.26495516264415197583 0.27462866316306744352 3.88710776392065060492
0.72414159461511751203 -3.64765119037227325549 -1.08355693011449805141
-2.88478453266449896830 0.92730136247250083414 -3.20825530282069948385
-3.07106801967023201883 4.06616569036390718139 -0.25081696681226794965
-2.48637379335102925992 3.79942705301662098094 -1.72733905092252726377
2.88555424850521990976 1.14091600762647882306 3.28676246402888683207
3.29692637474023264588 0.10596592249403435915 3.16959141395496768467
-0.65800804519931954673 -4.43694795379145201508 2.33042316890327949608
-1.47914559293234848525 1.27724738357140932266 1.27535211838362183556
-3.43757852647480044439 -4.17835261433476912174 1.60431303747456155406
-4.45903606051025480639 1.87921631580987025245 1.96860726207981873159
-1.55272458410948388519 2.00803806708155985206 -0.63413262958317151430
4.01712567772135553668 -2.27161480567208329262 3.29677883991096010163
0.62670813956620019525 -1.43390631802061641054 3.31202225743402944858
1.68772572006836529823 -3.22831278723596915015 0.87544881547105379838
3.12965330287618126448 3.03650708579276962240 -1.75361700996924385620
1.44965099777340444831 1.58728260446655244920 -3.39153959207853850089
-0.18744835255057168411 -0.46797521353204540873 -1.03422987090834794799
0.70174502949323880330 -2.69475391411655751384 -1.25371481292416975251
-2.34121092280929410379 0.05760642822890726933 -0.55850224482644694746
-2.78329242916585606338 -0.87282415467922458419 0.21007148579636147900
2.59791011732809806745 1.23419033778125974976 1.58997895966263325107
-3.82562586053657271989 -0.04710931150719943616 4.40690600483592032077
1.22705451362509432300 1.28792940404970845947 0.00307605439151537041
-2.89542158966849916268 2.33978515890439986435 0.12968148666942447278
-3.83260753140226340108 -0.51168926648431156678 -0.14751740683484459993
2.19376181106788692432 -4.19336036423463198730 -3.76522596439454648731
-3.32800603574143893937 -2.42606116526055437532 -1.65110144959599391967
2.29644489029483711562 3.67176206862853060642 -3.74180090759103878284
2.23079623205087340665 -0.04595507477503346649 0.82656966137229304081
-3.79741955704717160103 3.77086977140508405881 0.61622024080578885474
-2.36370148643236133168 -0.91352132069092206734 -1.25206386922258428029
4.07204480700954096761 -0.27073348211505177119 2.36179020723495991518
-2.19250378194528749987 -3.96383807082156991441 -0.24007815047029534838
3.29332808753953809600 -3.25031141586612726257 -0.22935996277663939225
3.46375894658285954364 -0.88827599229386677848 -4.28183759632457494604
4.03645042126290842788 3.89090147384519102758 -2.05363163107561819132
-4.38748217166943721423 0.54439342231698883978 -0.21490803510191724968
2.98711184103844740179 2.10685510667342512647 -2.03449835948185064893
3.24027317715019602673 2.96046374104092979707 -0.03054560083332802378
-3.01485710841994603015 2.77997667083696331503 4.41097123000210356025
-2.35814186483887233692 -2.50434941751569573043 3.38993065565770823611
0.61024373336835502357 2.26310924011381509047 -1.00104500033671994785
-1.33180479864478273910 2.05124369475844492428 2.60694888867799967613
-4.28298358082045460549 -2.12468218880076253896 -2.76225692100704112164
0.94042085379103479426 -4.10863109199480991407 0.15113695042756081222
3.90479187989593423680 -2.33151839047065223554 -3.88217363344777499634
-0.22022520388997524066 -4.43700226022388743985 -1.75528833188192434633
-0.98959516205934461297 2.47055418397050896573 3.54254467089054880802
-2.10973321936748536842 -3.15003882339202201379 -0.89255652782318506411
-3.88406170177101461860 -1.42324679543122023517 1.88843266219774985615
-4.44296937895920596162 -2.75023086362058810650 -1.83054157378757409447
-0.17771260017051826452 1.71837307098065394939 2.64142055683973708824
-1.78680254908103597344 -3.36135776450096068757 3.11867244843184376890
-0.27376251380118432621 -2.23624349475660100239 2.62485995577900421694
-2.04344032502656602901 -3.15966816371536252106 -2.20161573669488763727
0.63182300591946205515 -3.93716909439052109576 -2.27133487719947080308
0.60780564820320481800 -3.72594063718353130099 1.07809521438150124339
-3.58819332547077740614 1.21112283139824405964 2.29870755821015304576
-2.44676556651362320238 1.34094555795816727795 0.75073994720530912161
1.99412221392480670801 -0.16128129877163566164 -3.15511767551238042628
-3.98062566754878721653 1.33123497154911252238 0.86102497837091274135
-1.86599381568280442423 -1.61998621548026155992 -0.58342967550168367552
-2.92795725694251274263 4.41467056930640833201 -4.26599722020148064416
-3.71497315161910446335 2.73323097024222150253 -3.87884573436522250844
-2.84791225701298023054 -2.34456238867970423456 -0.66960935649073638487
2.95009499162077215573 4.44758546662624265622 -2.96638995597503019042
-1.78380771017919315113 -0.59376527611009333185 0.18588773687471693563
-3.39087489503844397021 1.82859629720615224358 -2.83852391718529561970
-0.42908249509520857146 -3.16527931807151574617 -4.37010148271904963480
-1.21007061481786637458 -3.85709581421721070527 4.19563328850893579869
4.21407428113497939393 2.18526678487426639919 -4.24017995111159962107
1.00118923762537281874 -1.49499754322782951732 4.40745983143427988438
-0.86846581287965074480 0.86509567536622089534 0.15957400623816120344
-2.63154124413794132664 -2.58849845827083102634 -3.70620498611321691484
1.92731942778206377653 2.26738549920669285598 -2.45349835495144219522
3.44927883339961827147 3.60821138426085408213 4.04506288465509467045
3.19219577729798942300 0.07202589514933510628 -3.56077863047691645093
2.89881564575757000313 3.11309070314872737839 1.48186603350256884681
-1.72542507763693730993 2.95019907538198378205 0.17703544332177578724
0.67927859764754394689 0.69359455211760945303 1.15990316988923414243
-2.05693783629207427310 1.13553722878369800497 2.50452782165295495531
1.59996874226547625142 3.78306581472622394102 -2.67708514691825438803
0.18361989933250466578 3.95442185525042955163 2.98276912899767854270
1.48945489917476781017 2.23382590763335553419 -0.58703026613246844789
-1.32013622496868476830 -3.61928962909466900300 1.85120808992405994076
-4.48095246201330521529 -3.54420924091251299259 -0.40531017242706646186
4.52190920059505518935 0.88081713741155720498 2.73520464505011862144
0.37008963128627936356 -2.26211797163792782683 1.65557047283797498238
2.38282338404076643457 -0.72680307129237586850 -4.07066515006808238297
-3.15513041621687806426 2.01616626317410485569 1.10144387147481470635
2.06163353032764984363 -2.37538334886854940464 -1.37014809009183569088
4.52387417907072642009 4.15694080801912324574 4.11539702153257902495
4.20935434756813986468 2.09104971505940806509 -0.86616399177654912478
3.51542029173660264263 3.51315690834853011637 2.44879465691269526673
-1.20787513575156069123 1.97241428327775913942 0.50610658026758148509
-3.08736079905446159088 -2.66307850596950368427 -2.68615711586526639820
4.19403375831993496803 -1.24908336059669577978 2.99037792658325418671
-0.51900163316131742164 -1.69110438470378898757 4.15226776396888919152
-3.79875718755038382923 -2.93905839673153446157 0.37575806995626948037
1.66180599850085197744 1.14774240452199993712 3.82355171257746473401
4.28435086726393077328 -1.08812972102291594112 0.97243084362477194560
-3.08621548629725639401 3.97801522136514140726 1.79711780085300265597
3.18368494138927715653 1.03691101997982215721 -2.22886844319793331337
-2.94738836202399134834 -1.74539921441782475142 -2.30674160347523926617
3.78270008814772840111 -3.76861474842818244824 0.59594964778843451114
1.45359939679492899955 4.29853806384114545125 -1.49402636007974232157
4.36104354714075537203 -3.95201911206022060696 -3.52306952314640264845
-4.27541645907979983576 3.53415842306256156036 -3.25386824217140402382
1.56498721867285173204 -1.90638842637895278287 3.65142818629395815577
0.49797703609165822058 -0.17976355521864118003 -3.41020330506731061959
-2.64335881401214045638 -3.36560157847877272630 2.01268483808006681812
4.27818648005040724769 -3.51827518700703700816 3.30377530907598693233
2.81978936759619003283 2.36798137896326732488 -1.10129850306025733886
0.23118666019670897072 -1.22193427025672551878 -3.72082669207162997083
2.14971945748253912001 3.91584274292867728917 0.49137543712770970217
3.74368650271665348583 1.23255291850203452242 0.97560569392331242256
1.51892624856736890848 -3.12854455206847248405 -2.05906787438839256055
2.10750946765401359073 2.69738231955806462281 0.91303483886756531263
-0.26651892100328122837 2.16283313248172337495 -1.87047106570527343905
2.35701184243623185210 1.03264492013540198911 -3.10922068168210774530
-1.26599633979845993537 -4.29726929889566466869 3.17055802789760576843
-1.80769348651169625697 1.42988338194518593838 -3.73039781020888128182
2.29217331399110602064 4.10683847301708038202 -0.81636823199860497624
3.53331542292980937958 -2.35943266898468095860 -2.42727203148927728193
3.94715045540556186410 -1.81122908700915719038 1.75901844223388881261
2.01203753003408269961 3.19971448240655576001 2.03137961720252313569
0.91937728380824879082 2.97353971618419699041 -3.00217283946777779846
1.07835557230164180709 -3.88925281976902548209 -4.30096797325583768412
2.43193693497074203691 -2.22302113341192253415 -2.76244146022421510622
-1.80945492229022164565 3.73150635048976386798 -2.94231324782383651950
-1.96873020366317330598 0.56926963690628529235 4.21356402261702545076
-0.26210107101499691140 1.84846147975974783861 3.98204735586472491349
-2.09357837356749998392 -1.76591576745934064618 -3.73817519253771335386
0.46486578591407301531 -3.17255817255637229124 -3.86692537535683600325
-1.89570950176235353268 3.52711521559650531543 1.09460126221269238300
-1.20872818487634514639 -4.23817210532451937866 -0.35131844362272701687
-2.84726209394374984996 0.21145169520138296093 2.74275307638493348605
-3.27920034771202750790 -4.36994244146700072662 -1.19793863083443596906
2.60165612314877403577 -2.34064900304611489545 2.94004696106028973190
-2.28643817227173684614 -1.51926619031192933207 1.60285480345910258393
2.78289372004718682518 -0.57807806356839952500 3.95289682267551700789
-3.53615671400562625593 -1.36763888508999853499 -1.52685990998705589661
-1.84701067437781052405 0.21494351894828422900 3.08873976316601606129
-2.42342142904484525445 3.22279851034132658327 1.95249947398178225200
-0.56950571045810516324 1.64863410118474540411 -3.96479406418211377527
4.44050556970259879819 -1.57918304062864489623 -0.75681916989755348979
4.46297967227169944948 1.14931191322941828048 -1.29824548155662355953
2.95035340410931290478 -1.93834966218951265660 -0.63255113448735489357
1.95226165466362555634 -2.86526809854277608736 4.43497927401061087238
0.87313746735510378016 -4.47349105660284163122 -3.51138069983936862428
-0.57073702976414297794 3.33194245117025023006 2.75057360231915826176
1.82310596397141377878 -4.20170282453445231852 1.24174322564731198781
-3.87444702845787558587 -0.61247285523585093259 -3.73649041393109238030
2.90948725292613374904 -1.50204820137054628759 3.70336843344427268931
1.44789241095154164185 2.31277474055346932147 3.13422721465188391932
-2.29347840619328025014 -4.11083948553918787638 -1.25453036673214279872
-3.00255051701769204442 -0.99840723962948274561 2.51955859612628163546
-3.98929777980482569433 -2.31130234627863684338 3.14323281267400300720
1.65156294778297763060 -0.60311622191819935779 1.45119682114916681570
4.37107498804615968169 0.68932766381889720719 1.60069323095083060338
-2.56324035605040911889 -2.95756498643385068448 0.27296799656402725986
-3.05413841428336807482 1.47233916978589274294 3.59132472006562419864
-3.23544436793077583303 -3.53076161552681844213 -0.54131920038527470140
2.58358907862966802327 1.37811125374736942462 0.36287536857847157989
0.70818695675196252637 -0.37167770392960264303 1.65515361702017482770
2.62880751181343175205 0.87321701787665606531 -1.19725879324506134793
2.68502057831362161977 1.73300349090683081243 4.15539102450309538739
2.98263615863394004890 -0.73756323043705540599 -2.75233618638004395862
-4.50564223230622484806 1.17475732210715388959 -4.46083386982872465154
-1.14174127972217487326 2.75258262739677217468 -1.23246998582480937756
4.22376493272876185614 -0.62434613934764726650 -0.32418581700659565570
3.38961134678982123347 -3.43465385073951434691 -3.37127041205604927043
-1.96687508564472768313 -0.47998449073105931006 2.23952306556576719032
-1.35746307433844437540 -4.46477648010261862765 -3.08868279179331750584
-0.11599029788249648476 -3.40140870460826638677 -1.90351691935366806874
2.62684269603275577509 1.89092787378198945447 2.31627714106368909341
2.51986074734770770789 -1.26525471358424246304 2.19543084985015823918
-1.02796673472275568173 0.57199237556621884693 2.10681222694804670681
2.65781685998071548482 -2.30996903662653352285 1.79705143834375924428
-3.25350795099904699370 0.95006369665678924719 -4.49426854301737588315
3.13623440226347760529 -0.92898271789318176417 2.91890890781084433314
-3.86089544383981664311 1.97324606620117837252 -1.55448126620871063253
-3.37432747852509562492 -3.95574073417155114285 0.50282177851599652030
-2.71548368714370980115 -3.58779368678182830621 -3.17668874413036528281
0.72558966557390558449 1.54931774772180030908 3.25464704334368359895
-4.22120249728164420588 2.60282468521197518641 1.07458696683579812969
3.82921684892325142613 -2.85658590780390131414 1.31821739516512526080
-0.16434031403716176101 -3.90887308428612501032 -3.57163681129151378002
-4.11379286193030591079 -2.02613075894703786872 0.97094171145474383877
-3.22275941587966840984 -1.51690954888323137340 3.79856144946673612850
0.95389956044946089264 0.16883898491745163994 0.07440047148287476375
-2.69085731789452120566 1.22519840806766389107 1.73182464831966687058
-3.12947830684796679535 4.31503061757711048330 -2.56236787568921942082
2.95400554976079554592 -0.84639510540690299223 0.48716802243999879352
1.80182177794309428265 1.96359405143619891732 -4.34954613457026351142
-0.27657396344884155326 2.62196567499139288060 -4.36000308145383552727
-4.43512946171631572412 2.91138073932335661453 2.46802035121451890376
0.82840375467462568082 1.21290803477074238259 2.17868769633452163959
0.56211223522049191814 -2.96659389581932320112 2.73985781491739999183
-1.96002367599092330863 2.66727160116365347164 4.23491620969388460338
-0.97441862979008142531 1.84833903765146079223 -2.95443057855814705803
2.08537812503664010677 -3.42892379989860618394 -1.09517785840871706426
-0.63925119758333481812 -3.31146134988878859673 2.85229977814205604147
2.12160010814696597947 -1.75777101866053930834 -4.53298261126094281792
4.32834009569991717825 2.80429862580547073492 3.65151524774001412510
-3.57139173112667807075 -3.57240016091539303034 -3.88068037853248659630
0.78867980508625468161 3.57780441494566314731 -2.09830404341248444311
-0.38045109380350172756 -3.30690962065925697644 0.15528115626103655700
1.35966352091014908154 3.80453090499879476027 -0.30439303490687397158
3.44670675153343797348 3.78078501256937737907 -3.52911327230644333852
-0.01901040084118221785 4.00596790920750134291 -2.69547961993343143661
-3.64404749266751348813 -1.09322253104727407091 0.91997164919321683385
0.66886733533516462558 -2.86905930570679768010 0.31069472639865924890
3.70607548753716553591 0.12669889707453751981 -2.40960062700445565298
0.76875313896812524916 0.44520237524226669024 3.29715465308180899484
-2.21035393255605328022 -1.30275839421380634775 3.41022792383567363572
1.92718641160985715288 2.61555051774444180523 -3.49038522961642527775
-0.08122445131460853673 -2.52959338675505041039 -0.53767476740520692147
0.42888884602098542587 -0.64977493725197987828 4.18210288174476385592
-0.38926074586324066473 -4.37687324167481595083 3.69409875897774941933
-1.04286014936774407147 -2.71266242033442006587 3.58689277994438082686
-2.97772323437601960094 2.93400032325687121215 -1.80265368459673114288
2.70588074088303720544 -3.26875455751655996650 -2.12389379099340436241
-1.69831319219155485456 -1.57370267489343929057 -2.80458305850826006278
-1.91344938241461726136 -2.94454802480421884425 1.26124083127214792199
-3.83487954304010614237 1.58734338889190151889 -0.43565505011442162697
4.53304980030583148931 -2.59631066181435210538 2.29875672015443743845
2.69652752973587173102 -1.43484855093845364848 -1.63859990867152216509
2.89585497328024210617 -2.28574799889456814483 -4.07443875243375863704
0.85463177310068161319 3.17176834876207802694 0.98326963046360482679
-1.71092179859502468986 -2.30341408768816124919 4.36575777240682416647
3.35578158704880369356 1.47325791307899400806 -0.92023127566863527349
1.68207812895864439184 -1.59357118765447491882 -1.00703402128497021550
-3.58148773637244977053 3.02455805152440770911 1.90104220158530612395
4.42430815052350556726 -4.52260646731533100251 2.97498969456008222068
-0.38212048832753353622 0.54993834773797800608 -1.09914607442264866677
-1.44058510946648743456 3.60757406783074774381 -0.52114388347446816141
-4.30506965587336054568 -3.65335585253072459011 1.24826257534319218223
-2.49850094316530579874 1.89548198891192587467 -4.45073323843133117350
2.86942976191554421916 -2.75849931663604852616 0.85135960131429300191
2.34792811842976156811 -0.24597414975858011843 2.46189980324540691470
-2.04442334053028584862 4.39642777627170300292 2.14178933099549961838
-1.75332914514732607358 -3.68565155625034535092 -3.88071209123545468600
0.48308117704342556920 -2.39420980872624111768 -2.39555285796718120395
0.05788554760593545012 3.36923768002599199889 0.30795634003048899530
-1.32789085274465001874 1.74029234584869385571 -4.53548040710533850728
3.59638393055979133095 2.34255627956566758741 1.21508868145705672958
1.58732095545995388619 0.89632840861279916567 1.01502835690763681953
-0.53073598556420797934 -0.45028890015415878878 -4.20522496046925997604
2.89407972206315111663 2.90814696690865304163 -3.85413347957672414168
-1.04708272790537471053 2.54497986786225816047 1.49118178073010732021
-0.45703976693230607964 -2.26663379317598989715 -2.87523340526074822066
-3.40092461749046481856 0.71801706200194725938 -0.06814371468295199463
3.30421200755296684548 1.23116456063622425887 -4.02733248444002889244
-2.12759661343275663370 -2.00951691399090304202 -1.56706615714320118826
4.13475059045176873695 3.50203993366099997075 1.02253040227374381033
-1.83059136369418773427 4.31241597650190922053 0.31742388452856751258
3.90418331533647577913 -0.89020833520402486982 -1.48337571332943296554
-1.74278215337064112944 0.42849019355189366109 -2.69739594765737189519
0.94187143849107890503 4.24195277243411350554 1.14505018900649968572
3.35055216963655233542 0.76269555131153055072 -0.00889004183861263897
-3.73913357115516609142 -2.88668268193776889063 1.61253324731656277891
-2.61447893987443391595 -0.05368091971011335062 -3.79111985851874022657
-2.72010355435855100126 1.89980938285523048847 2.54365327611012137510
-2.05804285442249268456 1.49691455003677020841 -2.48376837413505224816
-2.89392696029931739687 -2.24707849990454455735 4.45521989492513181830
3.84411195987586307155 -3.54325384176328039842 -2.08715675054055660453
-3.18894954183514167667 1.26101012637969223107 -1.56626198980251274406
3.37750874613102336497 4.49964151194280237434 -4.34651645266941510926
4.25096049623499094849 -0.09544800448139678650 -3.56142708184144263228
1.21719974288832055720 -2.40889680980109277542 -3.68828652888815566868
3.91459924340335607695 2.23527217514118525798 -1.90162250548680589191
2.51706925173612372504 4.11255642674492616351 1.71952728111742292327
-0.87369016692382883704 -3.20994739089039482494 -0.76208459504437664478
2.89756265247712274657 -4.48038861139815036694 0.81570190816090892838
1.66308906302438863634 -0.03400572633391529820 4.38816225845328045096
-0.02029390694810473406 2.69495393111330905356 3.28064094861369248690
-0.43565503309897124495 1.74985751745561746162 -0.84137978838264793069
3.94411808941424180119 -2.32601350517151628239 0.13503513099384356622
0.61042767946193521311 0.33345793522024447242 -4.35723953274140463066
3.84859461758819154653 -1.67847532541416999408 4.15714964749442028591
2.85150750522438212187 2.14278023644779747059 -3.10688034704045445977
-2.25137880877035989613 2.17212501075770436643 1.71586115228642999142
-2.31152435563547298258 -3.21501478575406363092 4.21191420027465834863
-4.30625399112806039881 4.26708228412740897539 -1.47786863936194245994
-1.85107789247546961064 2.90602639113712601926 2.96300416425053825265
1.30085450119997059204 0.30379009251953537074 -2.52065723161359089843
-2.83902953167344973551 4.25789184244414453673 0.77482899106085145746
0.78470840496685401178 2.49302161692871671050 -2.10529439040078791834
3.52246269025837310807 -2.89936842463417354665 2.46902471338930151745
-3.47829623063209991685 -3.18406197637319499094 4.25378298127657128447
-0.76845063927275969462 3.65464538139054351262 1.68038491293355907175
2.78600544303666364243 3.25778813271211564739 -2.72323758024700390834
-2.04565676012774888548 -1.66789161474533464968 0.52295941639955678681
-0.03785284490101581412 -2.21995841770961810369 -4.16095598898371399343
1.56336724559702311410 -1.30313373334204563037 2.50183043425052531461
1.82406105402915574842 -1.64505244706945052968 1.19928816967015539063
-3.92392621231054672393 -4.50287399127403009658 -0.17801524406334223727
1.79168670269125041017 1.19044671302928950496 2.70286282403946742647
3.69488601837261310123 0.18628529438164509457 0.75615378069003114092
1.90652581840145263214 -4.20320537437544317072 -2.29995913803727303204
0.31359513962491991634 -0.47303760722412313555 -2.42570307888712344280
1.44442365965199481792 0.70068498740438833750 -0.95036787993583127232
1.18484257265102765899 2.01789449803250509063 0.74215765833783997607
-0.74161955151824665577 2.74383979371379727041 -0.21693467034925806303
-0.85413026179658446679 -0.99128549890274086920 -3.04451855623752143387
1.48976031075880577248 -0.32251093520128648606 -0.76769245138073305412
1.52452982724554342298 3.14743923443561968156 -4.42381245846332848970
-0.58428379064618019001 1.54639658391300383045 1.50099360016471639057
3.14703576447726085519 4.41612020464525922847 -1.91820921162109225833
2.25367376989229217799 2.81536867778480992541 -0.06977759557295559745
-3.78023836314186967300 3.69280005326674487520 -2.04465578050912277774
-3.96906623925207302506 -0.37471826305417543779 1.83268299273746748668
3.00553072570474544278 -3.30317670604462332307 -4.39894220155414750195
-2.94037946840635022738 -2.23870933660416460143 2.08577826185607317910
-0.83131244657010228138 -3.42018996033034738957 -2.58005684148866842875
-0.75873703139976633736 0.67133294593849068832 -4.41673953400854291118
-4.38772083604829976622 -4.25805947033071330310 -2.46558227248456462988
2.55596713267571917783 -0.96025303891870006368 -0.77260438124315156116
3.68784537301766146555 1.21837494793094602841 2.38147471946001498821
0.34650029858684039397 -2.28972241793875763705 3.82920803339103610341
-1.50980323220294021525 4.21980337083976220214 4.41616317946426395480
-0.93124145979940387008 -0.40523664670916836883 2.57711082097894372822
1.81086842697891992060 -1.36194797003570178262 -3.59063668473488517563
1.33118622275586329096 -4.22965442326881024826 2.85885152624881744288
1.56963761856180550325 -0.73524933324406704926 -1.79376394007418538123
0.40868213468375813591 4.30878898614411820489 -0.67732591806185649119
-3.92143298125896322404 0.47592790807285112464 -3.60066587023605766404
0.44960470288944787143 1.20819652634555119164 -1.01595828283096878408
-2.77787075023977925170 -0.80871404241335564933 -2.97787649442009172418
3.40199507476084672675 1.92584351877974402356 0.04544318315308881751
2.19492359019954097477 0.33546068046967381093 3.50927441615474489112
0.38890477850144655747 -1.54604037460352650157 0.81188803837605227898
-0.61738445264117780553 -0.79639555965825614692 0.60511328237011241526
-4.30345415553304988521 -0.03911381138006664315 0.78010744241555762812
-1.98902200379807814201 1.51143621180747356192 3.52054830661702400363
-4.17019045014643285896 3.32903377507942810354 4.50523963823938000672
1.35449134165320472789 3.44620983642875344799 3.43912709997290821917
-1.18071843439895651784 -2.46897354910809818662 -2.01402381733386093288
1.21466562775430286791 -3.42880886582602162349 1.93224386111108525910
-4.00120732087339892047 3.90916619184768787676 2.27037472130547079985
-2.82954579966680253023 3.51771972989473891147 2.77774312495834951875


