316
-0.79290776881716507063 3.04168368449744708215 -1.17131201297580034293
0.08364872336764417327 -2.34099595034724972109 1.34135503399064059948
3.94167686124756411203 -1.26001166620733062729 -4.02694094881858788426
-0.94873631087938026241 3.52049634610216255481 -3.07198271349530394048
-3.33818890771121745686 -1.07528870385244346153 -2.67070963565358221459
2.83870238045120881765 -1.87694068692184323766 1.57615608119863903624
-1.55730086869694384077 1.43929476631372654793 2.84902455341735549865
-3.37339974251333529764 1.97602122771341459639 -1.12486558935523550673
3.56578708665342869466 -1.43547190257818435555 -2.00460373251912171710
0.30886407104922586342 0.79926977266443977044 -1.28253773195354270342
1.50128997271028641336 -0.59209553830930961027 -4.07466808734692076399
0.92157196226019966190 -4.27139561931006550566 1.13712935529520553501
0.09707707468545478946 -4.46760214543258804554 3.25572092485160613506
3.00895878358555446397 -4.13167661632465410548 0.45753765161803983119
2.81225480094597646286 2.06992898909329170465 3.04744854200896408969
-0.21563651009122342117 2.05648667059667999979 -0.81504534961610364263
-1.01228105266064183354 3.99191160829731028770 -2.04432764967053515193
0.95687806659445229229 -2.24831207968241653106 2.17877838361102327269
3.44470290189335326403 3.02954604453721909607 -0.99920304175162844018
-2.00067352792669606032 -2.42752195076530474793 -3.74254314301309598534
1.70588705006330609848 -2.60285307927417042251 4.31190837340067911754
3.55978018152201070023 4.19580192014933484046 -0.73748289234369446277
2.99918784759126122452 -3.69155822193874083581 1.53945185102712667202
0.91074506127992460591 3.97790232568347601472 -0.97591072792962663129
-0.10012580692279460237 3.79079563979209499536 1.74574462075930814109
4.07997923839141574121 -3.20689492706800605148 4.17348450728347497574
-3.55442171017022001678 -3.98264522932920872478 -0.74856581945593436700
1.71391407103163029291 -3.36463272447368044737 -1.86821297483210013723
-1.14457476319719386737 -0.25576620757314838528 2.67677285141043430627
2.19535844616449704603 1.37906287576527208927 3.69718310103170022529
-1.84668164287459690698 4.31919097951753538922 4.05359884330833875055
2.90553946439609678265 -3.07068976424067674458 -4.31784479560812251009
-1.00239032635694158557 -3.06199390046728403547 -3.97955225701396120286
2.39825258282579589775 -0.17326887220105380294 -0.19912253151866199374
-0.84985638553919740090 3.85624251222347691481 3.85595232193038750523
-4.01210572376287277763 2.85233958070530047024 -1.88681581681363663705
0.32782633253765780523 -3.35075852915941219123 0.84423888795129542473
2.89018379477636244701 3.77690132758973629024 0.40668554926871447464
0.93302540665353728144 -1.18046154774504330476 -0.56196206031051021412
-1.39326673528387257051 1.21583923781766767291 -0.87599578744527217822
-1.49965366370767227977 -3.47401280220000652221 4.05168980839977788122
-4.34481755421851811860 4.26823381778252741725 1.54252763575753082392
2.08918300692857616951 -3.47461557184508107454 3.18893078312842526145
-1.32988808229723698418 2.33395674719511792006 1.29887858532894373553
2.30015146703191764033 -0.69566000971046548784 -3.16965119808425610515
0.89390121015919898895 -1.77730972439371637250 0.32744773379087366294
3.25604321032552590509 2.93497977700965417824 4.51396359429994387114
0.04707356062303347244 2.50684642022836268183 1.95382870920624895916
3.98619218439629907635 -2.88429194641313424441 -0.14395050080875027021
-0.10450138175495027326 -3.32706158408964469686 -1.96950153413415129933
-0.76757747496963579792 0.80249374375203164078 2.46467030427230326950
0.68422027674809005049 -1.47212498540033731587 1.54699165988040832076
-1.34665983567183378256 2.44165414845119244092 -3.03779685751742345445
2.82828816916020286953 -1.90661281615796607269 0.34607951041878415310
2.30115987004265942772 -3.04255145308840768692 -1.07955554637125406003
-4.07039620123241263627 -0.63345973429292179446 3.42274929796006599503
-1.21911200683678266898 4.11159856624650554835 -0.76664168562615442326
2.38952716065651937782 1.39352011468966630048 -2.83421569773844250761
-1.95621337278616902466 1.98208595701308976089 2.10246803820223693293
-4.47702325370191545062 0.86426089038053532931 -1.25468485983799293848
1.47556052149419070219 -2.64361112670127873514 0.67985033096307834199
-1.27720155541963942269 -2.64654094814098961308 -1.27408955050660654962
-1.14921656011281703158 -1.45947362128467972298 2.74676623704071243282
-0.91487818077152915919 -2.97373281604837913505 -2.69284405953854566462
-2.40664841139314100715 -4.02228053225191839459 -3.14192439096340159210
2.28656125864076731347 -3.74181804905542048090 4.25856297293169827611
-0.54500309521595013962 0.52105312463190855965 -0.90857204986905149013
0.93709334596496507430 2.50401328418193980241 1.34950401974414280204
2.98315496917134659327 2.11412663118295451881 -3.62229759066093048858
-2.14790485065007086263 -3.65617871535964056307 2.53261386200121929591
-2.98739138146782190475 -1.40420439626889903550 -4.16111800428294298371
-0.40776639813024129211 1.72998714555029753370 3.82017485484669361284
2.46110700771600132697 1.66974551138376181569 -1.29228750746720599807
0.36436325531375501896 -2.04962514417900809605 -1.08618794801473139700
-0.30705494443485026324 4.07788636050558306323 -0.07228471829668681181
-1.05168501722807006260 4.41367285879324544595 2.00659382412165943066
2.66942675062779422035 -4.38091693199310050488 3.51063955211028133618
1.64462362130396932969 3.38306471006772291332 0.39264576226647740498
1.80998993168661659325 3.85091296696039631087 2.87148784126498846092
1.31611479952755239253 -1.31984097231340413714 2.61485414667682736223
-2.78246872761809393992 2.91471451620294796925 -0.82795078079268424887
-1.78123320491486758499 0.85168996405881092215 4.05705088737055152848
0.46089169643344618521 4.45537542393288088505 4.44615861300190484684
1.47267768117353092805 3.37192997136278105330 1.79798677676564100381
-1.42322031336962595560 0.86678591522020287385 -2.37898085670749415144
1.97123961931211599818 0.23140919038970508836 3.14555892497560840582
1.63124564519619585923 4.26538767619477976467 -0.30042264498449355870
4.45096337422346888246 -2.94385736367478445530 -2.63076397478992962675
-3.87166532791811945913 -0.38549584816256210473 2.19160531841929984154
4.00600477564211576720 -4.50462313865545471714 -2.72649485946015124327
1.94237396505284554138 0.95811562372191350079 1.69710795005353443088
0.70519756129758448537 -3.63494842810497331698 2.16245913828907720955
1.08798091765738558223 -4.05379127889617940639 3.16624645151180583724
1.09907641160683855475 2.31664496885578241603 -2.64963290718698729620
0.55066320243065547402 -1.57691295051721969145 -2.82282015694838106512
3.38204940195450909357 -3.73476122211663907891 3.15680836162874633999
3.26098811646769082273 -1.40302571442947909830 -0.57767812685442221365
-2.74315095214764603782 -4.49669098672469935707 -4.38101023920119114763
-3.40513666113700574911 -2.79774363894951472176 -2.57593971278960509608
-1.41616353811879935876 0.79283054628318438972 1.51052475542736264202
-3.12618296418913699242 3.70801026457274129911 2.68159734305056307591
-0.03762358627804740507 -2.57151947360917398910 2.35968455567368717851
-0.41217937288629613590 4.38535544147776601420 0.99352609011058756749
-4.13492003247984740710 -4.45984930315983252314 2.87313356490861782078
0.13148397799036271039 0.40170732799427799620 2.98857667197729970354
-3.54420538207675539510 3.93000245667348568901 -0.88762777073197041133
0.42113244512280445520 -2.21480132170188337426 4.13601089460132254061
2.71446014980880434564 -2.00958647872823403802 -1.72009293240955152271
3.68037687646735545144 -3.37858436253460725496 -1.77801884052645853274
-1.18607160870959482679 -2.23209122415835592435 4.39057872022016137947
-0.99357416568706868887 3.40617631967277656457 1.35931513065544695706
-3.35147167079948404833 -1.96369823440030000228 3.94086489833077546763
3.00721239175714227798 3.32893934359392762445 2.88909983761369204558
4.06850744883933135299 2.48948822143992032352 -1.85438404582479110516
3.63045709145273232110 0.40159834668895300069 -1.80440891449886997577
1.47299117119148714750 1.93297080517280939205 -1.37921719646153206895
-4.26750315717657002779 3.17963295495862219298 -3.05913053777228105545
-0.18959897023056360155 3.18424749700186193735 4.53061974389992894174
3.84325910687990290882 -2.38953702562953962385 -4.08637559664082949951
3.25418214796679894363 -1.57002503739498422419 -3.09617617605874295705
-2.15415916794565331926 2.91359959241909649563 1.45252346837909840360
0.16072878543632018733 2.52631579903496916728 -1.73738437050252114702
-0.26822410830997345244 -1.01047670504988129636 -3.27298103471274259846
-4.31131938913907752919 3.13246892662021281240 3.72017074021113014481
3.55192340304143261420 -3.68787250594697768591 -0.59546700071137559362
3.93249652740163124776 -2.84682280032979795337 1.66262505017321604583
4.01720796928498113942 1.52470752930652420076 1.45986047736332302804
-0.68775276230487891738 2.19022100807370367903 -3.79063649446271755394
-3.72685911600248598319 2.69184439574979794685 -3.86788899043943557032
1.48386629891952193105 -1.93430383045371900863 -0.87309120109717275326
-0.86478797614655800174 -1.75412947836462418394 -3.16085367989904053587
-1.38221936584726190489 1.98599659635978742500 4.43059692194899223949
-4.44448613416075133387 0.51388673164236564617 1.87509226864603206764
-0.10919843948407770284 1.71237875025570662757 2.56141981453536971003
0.07972982457048871652 -3.53914111792747076990 -4.47304667982808634719
3.53896831982514736836 0.80690305180837373911 1.91633203962158926714
1.15435752222104692777 -1.91511420812923294221 3.40709609295273896379
0.53598946582160067464 0.56410403222468818996 1.74269882889656368974
2.55470889964628522506 4.13589448027875317138 1.31743973595530672327
-2.00403127245609224971 4.01371399794650596249 0.94183796592748869614
3.46073083837622963443 -2.54400549826989941238 3.73680538403412487725
-3.78960831198409886511 1.88543348443321168162 -2.96287227534421138131
-2.82940254395235557539 -3.30274234782448905534 -0.19929998530826154024
-0.80884812513407489121 1.60185937220845442397 1.73602675200493905550
1.13954345557518177401 2.94552903637674479143 -1.60987006065712456859
-3.18230214424124602246 2.43821201510513052568 1.88924777608580907184
-0.79585721000860720764 -4.10860345841585683502 3.48822340147843856784
0.73752199938033147220 1.80795312620494819100 3.52301813638974703480
-1.43909414872576313371 -3.29495794428400223808 0.12413230990526624709
-3.32355342956123012144 2.32069043152627063620 -0.11743143294241686903
-2.62633392119487751870 2.04405473112476343545 1.03859524726399055083
1.59795379321761732427 1.13154062422764223328 2.62730471404171073146
3.97363184075364994641 -0.14464276260602471069 1.60996678400721204838
0.33849907787631750011 -2.87296693450576734463 3.25438435313664076176
4.16942916774632532650 4.02150098724799232031 -3.99201464846970832667
3.83490009263514952664 3.03580434358026618469 0.86653531256090854384
2.83427513791462715176 0.80729087221048256851 1.05557074972161579751
1.82143076019137861721 -0.30217105499530649837 1.82271594653804758224
-1.74410840634949915184 -4.40320910454522884692 0.26093844577106750648
-3.69795024858153631442 -2.65467145902296808302 0.29463697950796507996
2.97476960764320796926 4.44504762812516940329 2.39861439526681152756
-2.33574890665115875166 1.61666964159726855854 -4.50559279715721405779
-2.46182377498789861647 -2.48360166436841822701 1.68327161481417775235
-2.99088324412438000266 -1.71362443971965516809 -1.74125218274456461387
-2.42858186360928440806 -3.88671996882387160710 3.90299417633397727201
-0.09023872668202770342 0.83876010252550337043 -4.37033158156530188165
-1.66894489076607976941 -3.78449607389124986767 -0.71162840548698680365
-1.14199672818949782283 -4.25313193694449509508 -2.57421112448625466484
3.11579992204739486539 1.62004166899044399486 -4.47388625698017872168
4.51004652173222364553 -0.94995524783413998193 1.39185042782679246898
-0.96616925096155892305 2.55462001553313822200 2.71666725773479100781
4.47637288492480944768 4.39011236283202510577 4.18207336413217323212
-2.49666662600962352414 3.35820947804512748291 -3.23969898875175132957
-3.51766006379968798612 2.38572813611594103378 4.13752836100780374551
-2.31678925861614537496 4.42994596794413642016 -0.69271497568977125070
-2.74480089385755565701 -3.50068078566216778214 -1.38277392794698705814
-2.11376768902014200435 1.73265301523789982951 -2.19848217355913533311
-3.24142361361183928281 2.76851787472422650183 -2.65082022907246228627
-1.73239475397040543214 4.15891522858100426419 -3.62080845775237358808
-0.47289673161639100840 -1.55034316659211279799 0.86282342983338011777
-3.81550575037868533457 1.47239318685587683433 2.35890026919179351950
2.76626257310142609214 -0.11080567441479960422 1.57040533175433250079
1.87714183344443252821 -1.28078576600892990456 -0.08305208001256936257
-4.32477811327382610784 3.63055246359574024240 2.78607296900609568979
-3.03618510362228644084 3.86683629427733333017 1.65173631427778300207
2.74094721252533357614 3.19798170140216964086 1.93002089065660609180
1.13523298235519742860 2.64709431260159533394 -0.47103906330156330995
4.09677320278853951407 3.53690857905496169877 -2.19310895822063667282
0.63150882645754435885 3.75093397399394401504 2.62302241310001971186
0.95068105145286718738 4.05344541506317757040 3.45780985139155117025
0.05871992967762640347 2.76535057940205408755 3.49565209601583237742
-1.84241616038422062474 3.31692313469015509497 -1.36373565030907162310
-1.90617383026979014815 -3.80220427679429828771 -4.14070893546220908377
-1.91939169621584415637 4.42664486257765066313 -1.68695029219059788872
-3.04776994971087322739 -3.60022504784014651946 -3.88452335431865369841
0.96770056974910545478 3.86811568610897804632 -2.58828248398427929189
-3.53351877149081472496 -3.29631545037650530716 1.24558794384086279905
4.37928704452857697760 2.67999189235542001342 -4.20217353211334199159
1.50195681008000647694 -1.45249025371366702331 -1.94313365315165054170
4.16264696677903867084 -3.73033551770885907217 2.29216875501589978370
2.23778953907412336832 -1.40361283942542591774 3.39526728854733317320
3.10709908257922418073 -4.32626076291870020896 -3.56820558535919074572
-4.48970086684073965699 -3.52436215061993252107 -1.09798586105432471882
-4.33244409542367137078 -2.37365414928206819312 3.97975680913290741358
1.86103635327312932901 -3.40387052348743512908 2.19257619961798155828
3.40597242177467496305 -4.06221391018931932138 4.34414494905331505237
1.94897381776885403326 0.22743494990206780670 0.62831086067518704397
4.16257812082940770182 -0.58547309126923474665 2.77526926861318479212
-2.29694162799207024506 -2.39964125067168776440 0.59667709822681835874
2.73148589610210290601 1.55069992007064350048 2.01840794290521952092
2.40954982186062505178 -3.25108098416204649439 0.04369682552414300147
3.66810853659819624539 3.97399174792383025334 1.28886879147847199789
1.91344209936999742894 2.43181285777308620055 2.58821983256268151052
-4.22992436799862669972 -3.26264207632786096269 3.55640076308731689636
1.27724629782362786301 -3.96636709326783387652 -4.17496498095037171794
-3.42165076031272885615 -2.55683126801671356532 -1.09989564294214314799
-1.13427017130200491479 2.86776408832029172657 3.83038250422836323850
-3.55691843523483486322 4.00865969957661594236 3.59200673223024491421
0.68321772013980375249 -4.37159611029620442935 -0.25376828758416181131
2.14419901045298111342 -2.04648764784974490638 2.39515215661986147211
1.05032304288361988398 -2.42449248746590484416 -3.82608583667630108849
-4.50325201726525659041 4.16705302021713475114 -0.12504770790922492552
0.17950723686726366424 -0.98063899348134686562 0.05149369514114354729
2.96870700997127290321 -1.64493526099440234844 4.40255283507489192374
4.17949207232848340965 -3.72425458542079423907 -3.82619874326605025061
-0.57423873884069331908 1.41573025080405390241 -2.00033650012315344924
4.35432398562768607775 1.83738797553405319718 -3.52483011072741136971
-2.33147152206902852356 -3.50169033216127134622 0.95063359295305183139
-3.92689246509855793832 1.75765444850170649005 -1.94427766836369997350
3.24377536952729617070 -0.60892758655818424174 -1.39486596864180611988
1.66558143744666420361 0.37771600982551856163 -3.29304600713771078446
-2.46760652885888998043 2.10718662357809449759 -3.19096682263320152728
1.11483590853839231727 -0.59796897292318540451 -2.52160087665933874135
3.50190070731626956757 -1.16251874465916404944 0.92185254782247660899
-0.62679139001340455906 -4.12464494218977328899 -0.36118414654375907702
-1.97035424852427176745 -3.13457402061459644571 -2.57006605482605454682
0.11758038705382567457 2.94638885221939705872 0.93575897120144713170
4.42611206309119165070 -1.89493122549082126937 -3.34266824973677811883
1.26459326970021113112 -0.74074483862581264049 0.97338064347529673626
-3.46903229183540107172 1.30202350543557532347 0.26420646590438856549
-3.82255626465743780784 4.27971445012098694605 -4.27752185082170921504
-3.31055062673139310903 -3.60820856373119980276 4.17325225040309621960
3.21046932135027862643 -2.51968199074143361926 -0.96441889055383089868
-0.00994187567191762156 3.26498991427583185043 -0.65355689587694776321
1.14273530915752807857 -3.05106421241698022584 -0.92564157890647624782
-2.19435206431037910235 -2.55427205235328580457 3.79067486004932785448
-1.15338686355783703874 3.54966359864588820727 -4.20574257465386125432
1.19676090431668402658 0.05596282918412320839 -1.14272702546147142399
2.21315788149408820829 -3.19966155536455953978 -3.69893776963133635860
-2.47188965832607854267 4.40999284169635519248 3.12165755528276367414
-1.47774517772805147331 2.38019725611531907106 -0.38685091454441433712
1.31570929262583824482 4.51455384222469913169 2.18062518327384946559
3.96097039793905114635 2.25052788078524113047 3.05726139262031182398
4.51551221781266409749 3.41557029847619286755 -1.09930441346643625877
-3.25111765732956614627 4.19085326438425820328 0.15776377190393464645
-0.07337817208643571121 1.08089270711347218423 0.98272788637570585024
3.21207882288815316230 -0.28939096347075299320 -2.87481903942459826595
-4.09368395519397143545 -4.16511354357411001104 -2.70825097932307423676
3.07415147660238208260 3.60194829932618976187 -2.49389373149074344838
-2.59968422909681340371 1.41786536653625905302 -1.04418368553481410999
-0.95085790399574454668 2.97380628666544222227 0.39208842042809610717
-1.76404485404085065170 3.47756393601002233851 -2.50396055476668522033
-3.97657680664530976955 4.00077850728796402535 -1.89213739341615161393
-3.04130280712044909208 -4.51950537672902896702 -1.64379021543710512887
-3.36728313193727579744 -3.19307274029588761266 2.97282554079138439107
-4.45985952082838021937 3.17694653342902988413 1.50579406387008152279
4.29299116646158207544 4.39547507544412408009 -1.40586283077133966657
0.62049990502727059294 0.96609282380617500507 -2.31567225056080161494
1.98556586960201464365 2.56426803176420303743 1.04548343687544775804
-0.46054923537828429403 3.49020585778617498107 2.95348231901486801831
3.53849841823869670776 3.04884125577617837166 -3.32843414098656831257
2.78681085102895753636 -0.16270994436667773897 4.47926638272691857168
-0.08424078243655763742 -1.51219216492060271051 2.58308275969515488413
4.23647348838712201058 -1.01479234793324835096 4.01236063290229250100
1.79567638741230872768 -1.83582804865852766696 -3.11277759606385417968
0.89974477888761139610 2.71045817200755312371 4.38127108647925478380
-4.08829018767814833524 2.47369740130324000660 2.90033800730362312237
-2.50078779639994408512 2.68750947504504811292 -4.07901978574121670817
3.71740029443918285068 0.52030333240043891152 0.64446990862502318009
-3.06668322843789153964 3.51906361651251931022 -4.49210122654356158733
0.77756003559434816452 3.82746085540357139365 0.96409655196830978952
-1.56598759704538448290 2.12884707807792583623 -1.33526594143765775513
-2.07698889666441122159 -0.03097056668243247657 -4.47552327157156781823
-1.52470804404663340392 3.72124279828506043799 2.82880420665668630420
-0.58811765564742568557 -0.28432189653640893567 1.10317299122610190665
3.77869003995458729861 0.42001012651529645581 2.96939982307443184339
1.66852849212772369469 3.44580607754381151864 3.85278897176860279927
2.23644364348893365246 2.47597354278018944029 -0.36044895340569294007
2.99656167660539640707 2.04769644643773940373 0.52226954396063263175
2.16542192757905738176 -0.57249053085845602595 -1.86814056017808782784
1.69576611135502286487 1.00824469994736265477 -0.21885966159666914166
-0.91317840653358128833 -4.45747647716504413751 -4.35365803620748881286
-2.32210160034942436624 3.11217533137384538833 2.43472348638799829246
-4.24160005069345391604 0.38507499698120373210 3.07142523026695979382
-3.01099148644704062150 2.78652959818680034942 3.25057596543015847601
-3.33779989688805445169 0.35911293422038870204 3.72820940587987958992
-3.48419445119149218115 -2.11003822250086914281 -3.61391455359321822627
3.07667206510497237559 1.01513873771974427740 -0.02199404634738932884
-3.66198293504470617776 3.18910778597772459619 0.33748481037248012626
4.51403808439183418244 -2.39901961873166724715 -1.40933386568096352676
-0.88798409702229941232 -3.71185984045790062780 0.88964663001970389899
-3.44802436322150551717 -2.25344679565588235093 1.19583820902847026701
3.98562765346204539441 4.34521833479044428117 3.26218942678455992024
-4.40621649131502035601 -1.42060621192473224284 -2.21296085470836301212
2.47661122873128825006 -4.33864167192368466175 -0.75142599782935981523
0.11087648624918333695 -2.53013095910496010887 0.31169259694881645828
-2.09372083750550253001 3.15494952701239750326 0.02480199658765425141
1.45907976517374127212 1.98782690423587826700 -3.58328813988399685897
3.44417237804550158131 3.76424851585615893867 3.95846917667335862490
2.98219251566386400754 -1.13757297336907381435 2.69135612817046787626
0.80948171813339442338 2.57058253047392604174 2.63418970961316212254
-4.11253251774595263157 -0.84339299347166507559 -3.54959353247047681990
2.35420149455923155557 -0.70325268219557646177 0.82205554319195872637
4.41450976972460917835 2.86757648509715679097 -0.17453184187809611672
-2.15559914820433995430 3.38339234465116422967 3.60737878929443933629
-0.62609672619933265381 -0.97541032962591511790 1.87024001376143900188


