10
2.47506621662875847534 4.41998188051268225962 2.00080007088856781650
3.06443778338515127047 -0.06860216254269246861 -3.35017346781437641567
-3.56389980962926111729 -0.74155755682527546568 0.46543544914907730714
3.35069485012758239151 1.26839528675777746258 1.43286803399747331156
-2.83203798227723968495 2.38488034787103675427 4.16270643844328791516
0.29878756646700210808 -1.79642452812832154052 -3.68140514396857421175
-2.43891587846988366906 -3.99568699618381240057 -2.09702100257276713435
0.02123513858962589040 -2.58285151707725102455 2.54055553817909629544
3.72597663829457648177 -0.35105346665943759632 0.97642098615937467088
2.53189477051606548486 0.84328206965614604940 -2.47195563937520690345


