480
-3.59272326817543996569 3.66193544768773460163 1.11291672262586605058
4.04615835081770480741 -0.12041617232318024833 -2.36162863145702184298
0.24895113037411942258 -4.08039171874226269665 -1.08949305415997299562
0.13591593745948493677 3.39148083396049848659 -2.51751648235578695534
2.65700484449738461024 3.50814391703923167398 2.12785309745742434728
-0.91270429886544590659 -0.62257920604605443415 -1.22457775644103561419
-2.73451952802493991612 -3.91640315013518414133 -0.92096277126460179829
-3.26476114597235245185 -3.27901440923753728640 -3.83112494040487927549
3.75490001201132894693 -2.63629887437926679894 -1.41801816030476812713
-0.36304341114099436538 -4.14453527165666191223 3.74178023258205438850
-1.17433982644019430097 -1.30460746143469696889 -4.11702183434730173417
-3.92302444022906993126 -2.74811341292750199727 0.05909320074264190481
2.11085116426788133026 0.25971206358782161772 -1.92987964910181553080
-0.22705976349629342081 2.21301813137962177791 3.41726028619605859404
0.27105946396260982567 1.44828230120460954566 4.39477909236267105797
4.39075366228401176016 -3.29650782021127319865 -0.34529115627849193970
-4.21414258869650115713 -2.89403991310461439213 -1.60931110188501413916
4.05302176026050542390 2.06331561893553772080 3.38451329680827583957
0.41533669741711065626 1.39627324008259545707 -0.19393482079608137525
0.40072301047703895449 4.49312087310797547701 1.22098829941131725718
0.83996290005339879770 3.51462758541577624527 0.82155913393014756707
-0.84974329181135210831 -4.16859457358147267314 0.94612852848824147145
-0.58185267416741925928 3.21958097550292432487 3.35602428374613825923
-3.31971741485789939574 -4.47102420435774128293 1.54692617248109431927
3.33037092086844932481 -3.50976793951962084961 2.95867226490879087208
-3.99073516726399590837 -3.83514330814695991734 -3.13838561559833228998
-2.58633167663123764157 3.19932674575696829322 3.29776941809698875829
4.30421563729664580222 -3.83311671014057209206 4.52393022602809669053
-0.87951092812835041101 -2.15880445371505480523 3.78683315828739797126
1.65608409296885739082 2.16861450533413435693 3.09549599867614144699
-2.15849588860661034673 -4.10131580979592236247 0.92933734861033201469
-2.11865641452983410886 4.36891342076968935970 -3.62369740760630909548
0.15118045377514022221 1.24335748284283553744 -2.06110471763685465518
0.12019099169894698065 4.40624740800520964257 2.76335722743137601753
-3.37611772001449939040 -1.58632002468583443999 2.23610376589085557697
3.81100538858068826897 4.12989252382164817590 2.93945343553698812400
2.76810955273890435535 -1.97171747694734689205 -1.98218818885791181472
-2.94838998206560676252 1.71488232427133002744 3.71466908187830124888
-2.20590237420101598076 -0.83719704164733954599 -4.49307025503805945732
1.75579677694302382918 -0.31579679565211460357 1.35810856456004103165
-0.51599795200495179870 2.67483574445407601416 4.42850992681337896073
-4.01277499158957962067 2.18622950245812486259 3.17486051090016996312
-3.25634151458533649404 3.23740173062841396501 -1.64433490312078811613
0.21199534439344702719 -0.83378798493067840525 1.20625525486974893852
-0.03544358600928987357 -2.78732084481967667955 0.30466600217107409065
-4.30109285278929931451 -1.03380886245259917544 -2.42558605586788678110
1.85533619961062612447 -4.15224372202295910483 1.47588702740182942108
-3.55891345810778148007 -3.24393395644894999563 -0.90205118512199078395
3.81624273902476485176 -1.09381509140867994034 1.15069727254543696660
-4.03941385519394113857 -3.99708246132931410699 0.29697683301425747970
2.28474387619410013173 3.70771358763616110110 -3.56852756312499908020
3.97059131695511435822 4.13759198821286222625 4.29657485607765199376
1.05880471094925265874 -3.67570514718739271842 0.96593129878421013501
4.08200502997349001788 3.18890510052582687450 -0.69608443269319320024
4.31078808507210364809 -0.20646734333251792748 0.47077453713323968998
-3.89735416340918972011 -2.90784256681283492796 -2.62386446241728421569
2.10417969439822183375 -4.05022067791947826265 -0.34331737761706548895
2.52841031019932049873 -1.88507448065237603885 -0.57809618910521454183
-4.24839823449380205034 -2.82805000795693972648 -3.85681583890120194269
1.74197051741137620695 0.03942358509353294238 -3.32300344850739914904
-0.94631989440490027476 -0.94645394621707490401 1.73633620897421181439
-1.70097064594838487395 0.75205127149994144276 -2.98893463207034804086
3.90849206841274554591 0.54598432983151745646 3.04575455151516205632
2.06194155162663772529 4.23580726197711410208 3.96583073443208267150
0.08411107938682160778 3.01411219805789354353 -3.45689651469355929692
-1.08974537595509168852 -1.68200246991420021558 -1.48985485751335389182
2.20858669489558856469 -0.56461903015149950136 -2.72872227370719633299
-3.89628679001036504204 4.51360011501435476333 4.08510855574317321981
2.68544117942953430855 -1.46288013778324721414 -4.43331971915841105414
4.43714353124530713757 -1.53623593801881774823 0.10354939364549320402
4.41024001885942684709 4.49902461769969885808 -3.46011615037795161598
-1.09004048852409107795 -1.56464710325567457616 2.58938854754467673303
-2.38722309539667243428 -3.27816490091286594222 4.49078207335063606109
-2.28102799173511261444 3.39789948108100592350 -0.92332104448420881937
2.20368526405711495642 0.26610244912651648264 0.66604613468699991330
-2.96066239593071012237 4.08401646188937217374 -2.88025378916982610633
0.81028870942952835321 -4.02868559862061292876 2.14250192810513073738
-2.99956437763221739345 2.21670686781372783258 2.57009857614703474127
-1.05404339666523849672 1.78808787799326207590 -4.47282641102283573531
0.81685161064929268093 0.07128572082886641681 1.29916693509923319994
-4.53176237721399655101 -4.50619292577183383486 -1.22730449213824810428
4.46828918704487687563 2.83970855814415035212 1.43035677512666747901
-3.86205550575635481181 0.38203420185794634278 3.91168590647604386135
-1.18360013602900071561 -0.19669117597226470906 4.08928882614529864981
-1.42742069179801545076 2.51090447882130529678 3.80864343084947787332
3.41686665141278833602 1.42745409646152143779 1.06977417671243824060
0.04364682386011331516 2.42978200230056540221 2.24940033283867268921
1.35123130236477617672 3.71529519784440065422 -2.91927803464489876717
0.69226482958353408037 -1.11517910214528193080 -1.74602946287791027657
1.47896632547698114735 1.04986384767619345126 0.23701597136540542010
-3.51944773936220745014 2.35379501195427298654 -2.67051089121359908063
2.03465771912533543997 -0.90708196487292891419 -0.58408800880335487449
-3.03231506791516380872 -0.75546779901291349901 0.11608879693693463508
3.54491307224661422737 2.88028431692905062533 -3.83156733888056377779
-4.38057692272913623555 0.71471286796478850079 -0.15427563207703709480
0.13890116373309879805 2.08166434361791718999 -1.28304311149879657350
3.59933516616798510057 -0.31672959504073894266 -3.52135600115703750745
-3.32198288606812752732 1.27111706094383691834 -4.48369010644810739308
-3.02921679365587159793 0.71341801085840117480 3.23435920099163798369
3.36740230263265427624 2.70256437638995272721 2.79721833783493867287
2.11122287177828127369 -2.22256979055811321189 2.50661036969261008522
-2.69716893675636315564 1.97476378378864048102 -1.67476914319689118571
-2.74673340894313389171 -1.98945081459287642645 4.22890686757173650534
0.07901029973185202948 -0.67477148586208857139 -3.33868066608760916125
-3.20640616247986498522 -4.11254696806259367747 2.95718560839067734491
-1.10146060707018822455 4.27338544400194830786 2.96958194171201395051
-0.28237751298035540515 -2.71895074520329149692 -2.28152899083130389357
4.35107018876669382479 -4.45600959529117801594 -2.36780039010710874336
0.92945460853781103339 2.34328657186837130411 -3.92367058885252228961
-4.33855620102543948491 0.69308888725700690259 -4.33320450442168070282
0.98869904352163118233 -2.58570195705957628363 2.08249703808442188091
2.99260892620056839775 -0.07595283306336231277 2.85274324097523201971
-4.25301366371772093800 -3.91129545706477710354 3.37385989141874986785
2.28320838838897177681 4.18930970447912809362 -1.13625370340177322959
2.19823006881164584314 -0.46191324477444872798 2.33609524834683757177
-1.17669046446937430872 -2.27499499711697117377 1.53404615300451663273
-0.26679818160290746931 -2.01702241912198587670 -4.50730040561694078605
1.78174794953199722158 -3.43535882961609129183 2.56423984391497139512
-3.55501505645589288562 3.82619054896049970438 -3.76970590690506579534
3.38515504106048226163 3.04873961942568616479 -2.57112087044568715655
-3.46657915981358488722 0.91734063531082021825 -3.38670712652911953811
-2.21835372472617731177 3.31474393581463200320 -1.93287823113161882915
0.94028548245907384029 0.59551933314840344025 4.27329991971966105524
2.85660302902807128334 -0.77069376778046017051 -1.83118460686130335446
-1.94776498248697116367 -0.87128406912143585572 -1.28305059159293799453
3.50308679344090645458 -1.12117243095376473150 -2.58107992248377282607
-1.58396440986679998275 1.24316868140659853026 0.07517336925685302873
3.49523052113391496931 -1.85627784895469538640 2.81599537455951942633
1.40550193103803255923 1.23131869555799244864 1.40626861733109453922
4.19470814625036414469 1.83060529665367965890 1.72616690722614141151
-3.83654104228871029036 -2.87476323670481059835 1.16761204679260188755
-3.84062046256662492638 -0.67958554588766917348 2.68668674858620182277
-3.96077707881495921782 0.32571525996866768082 -2.52105419233328342798
-3.08244597352882854224 -4.01355456331022786287 4.01623789355407989632
4.03123946413222977725 -2.53266289348346873567 0.32517693986943907447
3.88248627103250054660 -3.42850921160365329499 0.73568176931047801759
1.49082044668457580627 -1.99537739850959683352 0.12237463595143616146
-1.66737355584037194589 -3.22457818194934331402 1.54898163144083778064
-3.42185372461486414508 -1.94120041972696544263 -3.84952364262619051161
0.72791109108800711169 0.15455617996034565209 0.10635739895713403058
-0.78870308271284672585 -3.81473897259877858801 2.42168382783902380595
-0.36414428226867201488 -4.49757817144623572858 1.81032654837677764448
-1.30104787854839454297 4.06540896519281869104 -1.46914819752199221625
-3.69993021132422716946 0.33255189851356092845 2.32802828105723502716
4.39691138850711649155 0.82649023971382273857 -1.34626061851631151356
3.95859444245544533914 -2.95063709070381019473 2.30809149285953552067
2.05680760090119019168 -2.23098301745544969066 0.89616883674073388732
3.96147176766827957550 -3.61930332437047974636 -1.31019626828295221443
-4.17032334275962224268 4.41024050302445669303 2.10818173291757648968
-0.55288814288661303209 -2.96678763053637339908 -3.33290988440075297561
-4.23783915602129290789 -1.95100062013633746005 -3.14089601846686106157
3.32792261850578707794 0.57270686940076398486 2.15769252011960421811
-2.02740280969099240238 2.38227461608986157415 -3.83151380565040922122
1.89644844051155114784 -4.33907574941139007052 -3.94740346414439224887
-1.24072320580921147126 -3.36499642220452743757 3.93612442995249178779
0.51054008771416015122 0.98978219025515024043 0.75541923695393364824
-0.73068677169320217502 0.56726538299185591541 -1.24232994027767684742
1.23968397353498183122 3.07111245860944226393 3.77377032253021216235
0.30681246642588799745 3.93847950145411385137 3.71703990937210360102
3.78611217472712002774 1.20730886721057384392 3.93773128846088926736
-2.43730975713548447814 1.15702531586726120594 0.79075616387447933420
-3.82400307736883560139 -0.99088829464273286973 -3.36016096752542248183
3.09956533293034208754 2.46163822017829314603 4.37793153824490754999
4.07972773602668414838 -1.82426119187950241951 -2.19059060905718405721
3.11842232490717119475 2.86943289953724445240 -1.44992316917991814762
-1.60189279994509181648 -0.32090875949714980919 -3.31974032840399413402
0.57313110136055112065 -1.37298818484703488707 3.36804612814988235669
2.34126584156021610994 0.43680381492668374221 1.90296570338291992641
-2.48001044346568377819 -1.20003150073928832597 3.42570476373887888855
2.93068166946403696471 2.60081248094599981613 -0.36549140992654294280
3.20572402550405222144 -4.07216010836140451801 1.37036565922969266751
0.52707040437888252882 -0.41856030577603320353 3.82500178517995603755
2.30965299705771709426 -3.31219272117482832485 -3.48233286664119656706
-1.98405554364038128057 -0.68621113067681260844 -0.27561459136853017071
0.98072347516430635750 3.94444627338096420743 -2.02674419603738886764
1.06337042515061064307 0.89487759554151935504 -3.39257661655641529208
1.28200901216499119073 3.54241966433870114628 -4.10251889801720270867
3.11210867951590675062 3.74112159196109406167 -4.33574591314850188439
-0.39231221571570262796 4.12893207873490108994 -2.03802223495849732515
-2.51800718427295056046 1.95036843931387604556 0.13657713023815531983
-0.46746719535582137439 -0.52582550695309393518 -2.32051428064790821182
2.76801478224154706709 -3.18837299276264429793 0.83682044545835232441
-1.83009785954145831610 1.90389937234666906107 0.95379981956645742969
-2.24750468334684860849 1.41602238499892596479 -4.38048636421633208471
2.97759630889708315493 1.10758268273369342438 3.32673501540058769166
-0.44855723657752211153 1.55895353925102053694 0.38844010845902321449
2.58261148907284532328 2.65707846031899652672 3.44174218610741444735
2.21296536693488299363 2.88269154263184645970 -4.40683574705151759332
-3.58212247704012254346 -0.75715605862223611666 -1.70196266588986633295
2.93582218796211780187 0.15041837893174303531 0.00267760634716207591
-0.74961874452128540725 2.61582209436231671873 0.14924946563117291731
2.90980587788561617657 1.38790285474752650430 4.44655592823530110280
-3.64173767194459818697 3.60266549064098651201 -0.22241825456768626879
-2.17898815467618467423 -0.02466910481889339479 3.62351431826886294374
-2.76874789906128926376 3.91162188685191214432 4.42302986705558875968
-3.09014688626586542242 2.69616664194147226397 -0.53686034328563625451
-1.17838688735202712365 -2.89255635337056338230 -1.43420798829525208973
-1.68620679639162140973 4.50795824916912746261 4.48721664101965966864
3.72789751197927810011 3.05698287081589015202 3.72444367962396238880
-4.37212436857244224342 0.02294305018056963519 -3.65133172489685309259
3.02614282025348924066 0.58520902085781223434 -3.77701781426604510372
-2.57254503163232062235 0.21453299027599470605 0.13694970985305587874
3.46199744435147760413 4.00660395854996220777 -3.15894831812982346264
-0.62951674365707299685 0.75786170344658465581 -4.41288540075800383988
2.03486786030633570732 -3.36306810838703595934 -2.20747984123700380366
1.39751626829203612346 2.25433968061520406678 -1.58251463632145306093
-4.24224046865655068927 2.52427991945002272445 0.43264770547823605540
-3.20606047222574197519 0.66881110955011102703 -0.78584650590965310357
3.61413675412787949170 1.52838854949109137493 2.59760324188709823545
-1.90740435567018629115 -3.53769559745442352394 -3.50674628828554890703
2.46306396786892278783 -0.55649686899921357863 -3.85594653822128297094
-3.90317348479499015568 0.12093625426346044094 0.82091770670494845774
4.23988692268523603701 0.68894871277565972179 2.00594106520158366180
-1.86771872109686309926 -1.87310756693043423127 -0.44885526973939970929
-3.11658869076582378810 -1.56232570506593404502 -0.90030239202321693526
2.60413403902026896475 -1.36742992761714665662 2.92642031905237320899
2.99621608369302006025 -0.63408242716408391715 4.15828350261432344581
2.54740091111638022880 1.83968317686626559038 -2.13669421906619483309
-1.96861942025598013473 2.91631312086751393053 -0.08177549355039381851
-3.67526419536617288131 -1.94139198997738926522 3.46779906463637122016
-0.56747207361029383677 1.37484605764697764840 -0.69856051434237365072
-2.94903872407823275381 -3.12148977732521260009 1.81998765589206534798
3.98638357736227089134 -2.04736219628127891212 1.33915791323975508220
2.38763388080730543095 -3.10035248918775607763 1.73158865455152444213
-0.11732305567342571351 -1.40906120360073305875 -0.97351214080763615044
2.93453949686040438394 -2.15902788599483752563 1.72569528968522956092
0.21518534285208978929 -0.65960731945931483367 2.69485747542898668172
-2.67373630484423108200 -0.04311563253985184474 2.41244443233505823088
-2.95973617244969977591 -3.29678887124749930848 -1.86684249507066457596
2.25802069802258920106 -2.92150178712306018980 -0.12288052321658771149
3.00957509747843321435 0.20676588153537700521 -2.56592702947600992402
1.90169894421169693999 1.20730883562184576618 -4.25271768970366803586
0.20585833032412015342 -3.41232848201998040238 1.45540922520270843421
-2.87270323779375091888 4.27438531683753542012 0.52904071962201815182
1.99222501911082172654 2.83602988928349386555 0.52269890957804587828
3.51811156967652305383 -3.92623735855027122810 -2.60904116140516650901
-2.07748139663503339492 0.26882327045726395198 -4.27827828371493978921
1.52853087223970707242 -1.09958433612885375652 2.86330097163857288933
-4.02815769455061989390 3.07888107705394187263 -2.27790339480581138787
4.02618209146902028550 1.04092630217199921816 -2.60915798990223457565
-3.87044221315353498269 -3.50022680017584741918 2.41582474011656511692
2.74277642861220360970 1.21637893267180263734 0.42837611961889621170
0.66016270192114401283 2.02559701802595881759 3.44870001937026504635
3.38924164473481770443 -1.90329675701577327729 3.99423103117867039913
-0.07787325906786168872 -2.08825069047846678671 1.39002974726335271072
1.36725939912671456966 0.77634247383774379614 2.53790961205249754329
4.51483158124912709042 4.43241645605007494879 0.94047085730941581971
2.61372549876962256832 3.99982983764770683166 -0.20740912514282516810
-2.79645651480266854705 2.76413787603271376980 4.28034672223498535715
-1.55870019412247895474 3.50737165945263473787 2.46429941634588800525
3.89530589180820552286 -1.03940044070906933982 -1.53718035895638927002
0.54612510042123396659 3.47293315560795168295 1.99260697257977792418
0.18932956554983437769 2.71383801835487226128 -0.36054421594875218915
-4.33665629963296428429 1.29377459837063923942 2.73238278313018057020
-1.75937785773150956459 0.87478623927280274586 2.42891565548322407864
-2.62371293365744140402 -0.12903399124858871971 -1.46930207622227904096
-2.96041427723916505954 2.72528875062277098351 0.70926372009265925556
-0.52152011346923821122 0.68433862865933381414 -2.71310483687840564571
3.24832490224474668139 -2.64810732047425601010 -3.31868482276656751040
3.19578250852254797110 -2.89269428577983056528 -2.29442015209107808005
1.43545371828094303623 -1.80064302884348581557 1.70193904795656703044
3.07780790962822514700 -4.41679225486249915633 2.46819888528801900662
-0.81596572250801013837 -3.92605540056416790762 -2.93186206437465557428
-0.53902684701579950399 2.21050812831266529912 -2.02120357114914606100
-4.17028631096515400856 1.81579294152058334788 -3.66092181345445988327
-0.43639564526136354061 -0.28073788070867422562 -4.26264368604118804029
3.62245116471220374166 4.19715413169398043891 -0.55706636285071775561
-1.82151954222796019778 0.08342573800182151444 -2.02291856245944812187
0.31863415406478612368 3.21587424528820076119 -4.50118055655045612440
4.45242084480853517192 -3.80869962203285616908 1.59432403446660497792
3.33332315918538224508 0.36462444983694553002 -1.34788067723479976223
1.14380400973134666032 -2.97273996843216137265 -2.75155336311888598644
-3.89588383988673125913 -1.80105834440734113855 1.24390512556392174304
-2.64647559559538203544 0.14547366287233209903 -3.41831652409298225592
1.51044148489554874715 -1.95539415941689931344 3.46615550577468223281
-2.25672979432713471937 2.39415576990077649810 -2.67620479072929962072
3.72809301021766348327 -2.97760518498063486703 -4.33186677206055392730
-0.23581158087882680974 2.94492314252485254400 0.97499589384060847408
-4.16328890559425879303 1.99369136232653598739 4.39179665132011631812
-3.19196047685182859865 -4.26037813959523514740 -3.89955609099663336181
-1.70934050076631116610 3.96556199928055530535 0.50843331061990060249
-0.93106648224793397972 -2.08107317771658317795 -3.24585764108923990889
-3.49099963674933722046 -1.21885351448761225512 4.31157418191148789077
-4.50759445839396910571 3.56216394985854289956 3.38774146624110450432
2.10059677926190513375 3.74893505870984267148 1.21015856950657241242
-3.79550046865190449097 1.94471066617880872229 1.94360267193524638429
2.27135878970540971977 1.66463350486708350218 1.89521991339563200540
-2.02017671733154946523 -2.60075422912881260018 -3.93282942215169262212
1.33657679033785736777 -1.49741518319461830444 -4.05364857714552684342
0.22299497826116265742 -2.31196081471843317701 -1.49282547228022988151
1.05086717466015233668 0.74557023191032367748 -2.06054645360408716925
-1.51267348255871159068 4.26198881359031656046 -2.79429385834602328487
-2.81728676522905496782 1.18355877784623952920 2.22397033168193569708
-4.52461471272553161782 1.56903885949493737684 0.77113772801259283796
0.77035790160312700436 -2.34845096889582372057 4.29983086531006453157
-2.03843155803320241759 -2.11125510961687901101 3.23988652793175191391
2.92630917668295875700 2.03942392256349780411 -3.65912936566593582910
0.75997764137861523182 0.91445468947146490990 -1.04843594621492464114
-1.52185952472180741069 -2.56352855439067894849 -2.56538837891958104720
1.32462276127416611615 -4.26776591705476704419 -2.88328226821308497563
-2.77443821019757930202 -1.08649374283116717521 -3.54753672669618147495
-4.40388063882431080032 -2.04403237386670078024 -0.78976944284853667355
1.95888901858742858764 1.90999923267741511523 -0.04549756383885394939
4.51763004521595679108 -0.31618989418170784234 1.77609418768199223138
-0.60395206696811687408 3.08047793480487630546 -1.43170706446504780729
-2.71657228567483066684 3.03759812066164958111 -3.42208996873042003983
-1.81105674489540868777 1.29289512564518371818 3.78681929716116183471
-1.46693516774728482943 -1.10825095611177548705 3.60860128875755936662
-0.62384487119081200035 -0.53137788418135833979 3.23922189086272904746
-1.61986165172907448095 -4.48752851926079632250 1.70043989941995388193
0.23440696136037963981 4.18487825184284734092 -3.25486392384449851889
0.72384187583000336730 -2.56715015067591023623 3.17466204448935940263
0.30027875673153303637 -3.42862068611653203476 2.85287242098176019311
-0.73940415667747583228 -1.98025686644765164246 -0.26474559805420838643
-0.46071288666299370362 3.55532456811951202980 2.10256553173055937833
-2.82454954425064164170 1.92459589140588782641 1.49232627101327697261
-3.88126691658320011058 -1.69758934202173117356 -1.83903983171074170144
-2.87051092665218776645 4.34218932415144553971 -1.72127608640154106112
0.82816755310618361818 -2.05225237422548500987 -2.17361997431644971002
3.76249360300552826430 1.95192482137857581392 -0.24331929365427562573
2.17476136921895957244 -3.77597934424375480944 4.11813379153654590681
3.82893203329212017394 -1.24892320127213274361 -4.14503669421385101401
-2.00981176735078070905 -4.27304541046738162180 -0.47942133305468903615
3.55538948192780335233 1.93594608124411049488 -2.08087917873607430863
-1.25461265208974648289 2.60268505817811490743 -0.73241697194003174687
-2.50446657019410023892 -2.28827853463228958475 0.57774296505612365848
1.20924744012163198903 -1.91557496535773186253 -1.01890574185294857656
-0.83223580350378512094 -4.16016160881444463371 -0.67824611405261414632
2.82518576159666867653 2.93154577827222606601 1.30522345322923172262
3.08402067336229190886 -0.68885295047394734524 -0.72092658606377302277
-4.33375742666029051264 -0.54598749271509827707 4.22967330335587998746
1.71020205563961003037 4.41361731579331273423 2.59823741771195582118
1.47431690666597159378 -0.74070412328765300458 0.48436071976514316617
-4.06610468450084194814 -0.97375926603054718811 -0.49566519279712917267
1.04044559348580278879 3.90804928568748177753 3.05281897610098607032
0.74262876859696547172 3.82408400713798979353 -0.42379728702748220570
-1.52918566009926504279 2.10310755586547859508 2.01383693962629628516
4.33079149856828404808 3.22918896958046008905 -4.51397599826999673667
1.28318638537408080680 -0.03071942139961691964 -0.77213228104625253323
-1.43765214000506169612 2.99114316237058730508 0.98118602870100080082
1.10055712152794082925 -4.39067461643578216268 3.70592600680484718367
-3.03171442291736914498 -2.14954051263191114884 -3.00371485801404736193
-0.63636870388081412386 1.65345701453798010760 2.60791885460018502130
4.07726241651446219549 -0.24748430149664901734 -0.56938639437373694818
0.61044845224632915404 -3.21775348524548165940 -3.99796665911266835280
-3.87407492819961207786 4.06671135048943011014 -2.03430313471347412602
-3.16769148917908172081 -0.49179511383408325287 3.60708532258545400140
1.25916320788907487582 2.17112030134617395305 0.87525582792600875592
-2.28000141278827728186 2.85621977816490169033 1.91578572035062499879
3.98946799271762220229 1.30011085805317083697 -3.72664238161210059630
3.10882172279168944584 -1.93930990594183816356 0.69617286191589133892
-1.43988983070609588566 -2.32796566468477861278 0.42412990474651213191
-3.10373809291151525613 4.15547578271338391431 3.37347690264967692286
1.77578182605402812300 -1.57837474572557878716 -2.47371026076100264390
-1.59654305938245855145 -1.37310581314897595107 -2.63131690355260872138
-0.49398899755642577958 -1.12917653208793344888 4.03692533672926412436
-3.12758731263534484057 -3.29539343029400377816 0.18183029575118681009
3.70637873156983577161 3.49104056014934993613 0.44020365935028937798
1.98128675344562754645 -2.60490586572288451706 -1.44745291388871066829
2.32316797481020209659 -1.26829667268678214498 0.36827377225577251352
0.27810902605754961314 -0.84653828812428155715 0.00079467797283339081
-0.84153768110198834407 -0.89114144727231492382 -0.27123877216018588143
-3.99192667382427224254 -0.90274396839667536696 0.61457340252528602775
2.85437703198541736782 -3.05883653450704962040 -0.99384971021181778283
1.54375425659262166533 -0.69974537845580764284 -1.75199459050921957370
2.85848586090840939278 3.65950248289672952495 3.43135869240518953660
-1.99321553452180388888 -3.27006520782437215544 0.42594548419103439585
-2.76190862953857019235 0.56552031273233094311 -2.46526136661213080004
3.17473583700986772271 -0.04438040970295364929 1.27627576760139316292
-3.36915826998938428005 1.43596901189003656185 0.26523727910139616171
-2.01992511252898720997 1.82958517634070272351 2.89891999605691452757
0.99311457668149571987 -0.75858136399474274114 1.99672082194253608378
-2.50188191495785661189 1.43016725690424717499 -3.29844715233631369244
0.92467853453728476865 -0.19311725137017887732 -4.00128948497958880637
-0.09784038881011802857 -3.91535692431812654135 0.04982033145784114936
2.75519558306986311891 0.38016461085406394460 4.22749565998613885398
-0.15978759887160620679 0.86811605170090899719 3.32906956676529564021
-1.41548609914021472633 1.95026372162114647324 -1.53240406714940347044
-3.60264927847231275493 -2.71802394565582750019 4.23919796544639115865
-0.13366479821232868375 -2.98463574670821873980 -0.76029875683004410902
1.13836590805729986897 -0.72683105546421433729 -2.82570678676491793269
-2.17051179553472550765 -3.17293368436198042204 2.88848563812848180277
2.48665258545812140056 -4.27375799337320394500 -2.87046040542399749640
-1.41193199701332305906 -2.52859621478225715663 2.51950388955558945980
2.72621218954177191307 -2.31266820635286984853 3.41141052588883830765
1.74538313682112722347 4.51865208451957389713 -2.03151557488408585073
2.73278331869180579616 -1.60664810315777062399 -3.27811532313224684998
0.41502717125124188868 -1.94527354421500708881 0.03821482465497716419
2.12104193159062148766 0.92393951306234800569 -2.75436152272740386593
0.52701861297284313679 2.19914710522319811759 -2.45942571434628654004
-1.28345811472719395496 2.97785134245319138557 -2.48157584931561592256
-3.60674994347968258523 -0.54321936869785059088 1.71090570101870209641
-3.47368303714739257160 -3.21552813004520343654 3.29433688796702206503
-2.42788610555797168544 -2.69558185626330581997 -0.62718328086948549327
2.03502415065331199173 0.86322840398705569243 3.41145486176692447344
-4.32292242821050365364 -2.41057457216377457598 2.84547861641408683653
-3.57189958490348180575 -4.49129483911660987161 -0.77718760124778718534
-1.91102931077036863883 -3.73415538056535289968 -1.83576034261686249494
-0.03954999803670844472 1.45254049437097787489 -3.18586319612887391983
-2.19979567715090951197 -4.10296683731655242866 3.48660371990742401493
-0.40708920284044580740 -1.46409122757676257720 0.59278100069517680737
-3.83012004196387545463 -4.03632075342232088389 -1.95384438438154317552
0.69691509690423991685 -0.08761840683998034507 -1.75347405121805000050
4.30531361908421050799 2.19664848020033520726 -2.85600783489851872687
0.97692896919897798114 -3.10913964203893877780 -1.39135211134249825449
-3.84525942104839124625 2.97060213055146515870 4.15111110371376934580
4.29824127935228350594 3.57380368742023701856 -2.94650541892695905233
-2.68301901487464133922 4.09599345108941559346 2.41042241290696246381
1.52897881372866972782 2.83049878398283549785 2.28486715853611332960
-0.17399224048135142340 -1.43771675230910656040 -2.16170506652968841266
-4.12633805717356949572 2.04490993492857597857 -1.88973712991874398526
0.28322787227101819951 -4.05598041330918501757 -2.07505486055657684119
-0.29884522899083076908 -2.97678433837493505720 3.69744149803439636770
0.96872091134854532157 -2.53704103462511110223 1.03995266116233775477
-1.97757549846538527305 -0.55656590729803223638 1.64342085533927750873
3.85906615283497078650 4.09160533681686988672 1.80019729172014653074
-1.73588385691852620241 3.51958030054628512318 -4.13478889409569827507
-1.15322936018968302818 0.48184672626171476395 3.21480060236083087233
-2.65884701773683485015 -1.37448082550631411891 -1.87302835060523786836
-2.02366364553446853591 -2.28802093019189056733 -1.69338415919008600241
-0.98156005200311913228 -3.41465380614381253110 0.18047241883678832863
-2.69957598820510913384 -0.55080828505495471603 -2.62137808691449425424
3.31188425531883545716 -3.49096067220513051055 -0.09387008465167667737
0.05717099019018689887 -1.89944188599878716062 2.36429817460418156827
-2.16248413160121666365 -1.91549818698820129015 1.92655832495486745159
1.02057418057222815122 -3.42263689574942864269 4.00458438941848893222
-0.43062318441506697297 -2.86065456205218371366 2.24372759151042355796
0.19645499400466981399 -0.22819378478590746084 -0.81652525123979824428
-0.78839125431180656634 4.50271570694467282436 -3.70257935179429509276
0.24324213799549276871 -4.25017379834239150682 -4.51805648918856128660
1.56816613900001122772 -0.13899452066764883540 3.24209161560704917093
-2.69195637308161206391 -1.10854459450279563271 1.23833342185283878933
-0.36419357839733557114 4.10429759741586064337 0.20197829375243081529
-0.79257001755542688670 4.16071191552829144911 4.18097406272232152702
-1.62636977625324741226 -0.98897026750537309070 0.71054184729263258902
-1.19758477084517789280 1.71575024074854720624 -2.79963826337057675175
3.76685199385444402509 -0.80743883924432235943 2.64753651939309353480
-4.48189891620323166421 -1.31207610419133668955 2.00819102207278898931
3.52363387483207635142 -1.11278173417211023732 0.08052935071786482268
2.80392750069139395919 -1.11691833998461387267 1.67082239192313242171
0.63938115458631372690 2.96722769320474810684 -1.38453222614456583628
0.98566827242187127212 -0.97801808062320017001 -0.66526256239578174245
-3.68720588325193254775 0.86493722793189942166 -1.74438089682842933925
0.15161815077280405006 -3.78430468258886820720 -3.24609400050747698430
3.66452912450499201924 0.10051098415856429824 -4.47602469964153382165
-1.11472762129818736554 2.54107261020342356517 2.84850872803480381634
-1.71311257062375599247 0.58711123394811082221 -0.70820546910489756698
3.58778754766157970124 0.92954317874383374232 -0.29441823175982761995
-0.26663706321263980215 1.36841434701552167041 1.40698292131861446563
-0.76139110134909593341 -3.01157567634369716103 1.05185750720803472547
1.85390343581286565211 -2.36998149566847793324 -3.55842090058699289656
1.31471474553421785458 3.00668820651631829577 -0.58056790781787670497
2.22589726915741525914 -4.47451072763323232095 0.57649378457932609621
-3.50443608198773448592 1.73341513801735036537 -1.05884444761072593622
-2.40793943263301413182 3.79763608697201870967 1.31444249979417815410
-0.15941385331968760397 0.49483178590606868852 -0.27983562317276344800
3.98600997867226514160 0.64440466522976169728 0.92001203668450326489
-0.96861936660365000051 0.19781184456193656729 0.19500451813971864112
-4.34284560408119002517 -0.06121776006659285230 -1.58302012696130356417
0.36841150616672013740 3.03585870629525800268 3.09136279742653385938
3.91611060632128893388 -2.64983063042380750929 3.49104540582176969821
1.77432250357243592731 2.77933634467598267292 -3.27611275291896886230
3.09351371227395866015 -3.96279257925385852701 -3.90981518261707394757
2.63185784590525972959 1.23719634830013003324 -1.28285787188378908041
0.89837596519816020901 1.97076076444735015514 2.11476603592504552864
-2.48615723003012156767 -1.09641213369293177848 2.49051384599421776755
0.36135202297658697290 0.43966221601222876814 2.15340738684987353935
-1.58433617960025463489 0.15311788771318735058 0.98532291328914123341
2.82216789390586875186 4.04984656823371036438 -2.17881951665356021763
-0.82048035592074874955 0.27309354718735967538 2.21698451472411317553
-1.89299902760506366661 4.06136111742895078436 3.51367500523639986199
2.35763885689263741341 2.02031258273491598487 1.00282789092928847907
-4.47081464607517720111 -1.88558596920484067283 4.47028009704580231443
-3.30099197117556375503 0.86737803993381668022 1.31770085466448616529
0.52672265159233866427 0.09041681210852026140 -2.95924944130273281928
-0.21911934476736405486 0.29287783518479848510 1.10078097926502405102
3.99746809870620101179 3.83643212486379869830 -1.88271058497483068095
-3.84686755394434687361 2.77653283658104843568 -3.54015913296363748941
2.06331112284070972152 1.91360287129064143841 3.96488504939628416679
1.06269663011914783368 1.96453578196906608611 -0.66862486601655923835


