322
-3.31707213459807848110 0.08342342324510365614 -0.16514436404919496937
-3.10870059688090183414 0.29560191197408158814 -3.49562494318787919667
2.30082944111986709146 2.77423644974676353314 -0.00113519417157181834
-2.38119919596053986055 -0.40788805954801699016 -1.78541409161999720112
4.43668476731935523816 -0.69003300880273377160 -0.58360122272699221924
0.15360121697032180776 4.47911611825329902814 1.79782186766012497259
0.78828487294836424581 1.83006323126042236282 -3.95069757761215267777
-0.45723642759443983152 2.29753640731671371356 -0.20561827498467000197
1.02872314945535681119 -4.41925293803507823753 -3.34260742108441144538
2.32217599519597595048 0.95077757366697301933 -3.02573720978585702923
-2.54279303067208983791 3.17281767793670343991 1.23274572776112822936
0.64134344584029712166 -4.22610846222598190991 -2.19979833663581381131
0.97902327662684474063 -2.85877259606308875561 -3.63890574681358147657
2.19323187616857584459 0.87589847175118062950 0.76161409568469196074
-0.27120598493666570050 -3.74038513775782677229 -3.65311960421600767646
-3.95750038495525213733 0.31480631162132421963 1.86406304060591132554
-3.72301461755884233185 1.41734195869156209824 -0.19942925978588021962
2.50680930328597550982 -0.66694219974132540329 0.26281600159711793196
-1.95862986060192234561 4.26888758642662491383 2.18850374707773287497
-3.44279748218557113404 -0.28069396481428121604 2.68843616425335518727
-1.26331985291217741008 2.64893107378196823731 -3.97149940642648502376
3.49249379520757496920 0.43355281854883465087 2.54045269283574004504
0.20701779808157994012 -0.00905716848421889154 -0.68144627415383940416
-3.24384927443805048952 -2.82092930874638314620 1.03916418400372023711
1.96938576185038716204 -3.01406255354534469149 -1.94550229708441602128
-3.51300141466042781246 -2.59378580933287183896 -2.42087353443578212620
-4.18772651623467773163 1.24194792164559597580 -2.18744152228873822708
1.32476957886636803607 -2.62392409606926779730 2.84611209992991209816
0.62660989951140511067 -3.81794147274576101125 -4.23814255826900421198
0.94325947476597615804 -3.79861268184377154356 2.07550580691597819083
-4.48503707317884714456 3.44415249216545671374 3.82118256020275293139
-0.29731646056823812785 1.61268792486375023287 -2.87235577890680326973
-2.20610436023531608640 3.65557540430634286821 -0.04569920653630266116
3.42556295172476499289 4.10283149239774314054 4.17978957336298595493
-0.18041957400976560422 3.42165950192591861168 2.71129891729494243435
-2.78958434998011650663 0.67171131206136269753 0.51842419920842974790
1.35392286658463323334 0.51122989534746032803 1.20875579523742171517
-4.25761408331000890115 -2.37559436482536012747 1.78575966139877184702
-2.82056250741295500006 -3.90657190932156650476 3.87124642137097207950
3.42465870290469975856 -2.68657233790015093078 3.11531232195016372089
2.41201846643780903889 0.13724075793876711060 4.36990696224559282967
3.68827977965125608506 -1.40308078683749393178 -0.61761412379233115999
2.30404224365809273678 -2.58124150644826100276 0.15006589257212787913
0.04219646931195430994 -3.29059887987986732227 -2.26621007375097383019
2.32269875363286004699 3.08220178756740015302 -3.91408312891306753301
3.56452458300150265558 1.83277468353958106206 3.11633455583050089643
-1.01525010209134292083 4.52580758531094229369 1.34941351859646463396
1.25402447268487993171 -1.75301333403431014446 2.32458421684117944039
0.04967653519676051843 -1.03680316524701510161 2.15781193888784361690
3.73004403802998840689 -0.00536599519481750775 -4.13304032045898583902
-3.32639932193622023249 -1.71959445436108548932 0.10787816802928951176
-0.14241670218573343476 -3.48055968817021810224 2.19306522138088322293
0.23171899076445612309 3.25204968215616307958 1.30910011684646665486
-0.84403391706736030642 3.28045245591017842202 1.12364028933542581257
2.97479921992013363052 -2.67826850731474586098 -1.47972598947013445070
-3.24371390445701690552 -1.60560819780050101357 -3.37829928350781738544
-0.16778659255060190958 -2.63014134225467888228 -3.67164154898903261071
3.16263912983423356451 3.94677006225622850621 0.78277914072075382990
4.02698357239022808329 1.13588534663926665758 1.73391343121307794917
1.72086823854430459591 -0.62934655468644162823 -1.45613492011402545501
3.99911170046358943608 -2.65380168884685474495 0.64910148535896716737
3.63915322776291905171 3.14403428521322325651 1.58810918027716851952
-1.00889918897134389653 -3.56618884374519984348 -2.65820647935414289265
3.08893506573754184075 0.30517766607942675705 -3.18293177871075005925
-0.78337646341257283211 2.78841937058661670790 -1.91893269725443893492
0.09028304315753477027 -3.54835817693305477505 -0.12671952215602022562
-0.53802955105947258829 -3.58844591793328904217 3.40516779826065008052
-4.17278316909136481883 4.44459637400617868508 2.12981392451854656400
3.47278472640131763427 -4.48679433086708812084 2.41170221262412365348
0.73566098425623849266 4.21426520102246637833 -1.27338752191255277779
3.77669799502201808394 1.42874927732385437196 -2.84926541303751390544
0.01126518101492823831 4.46160932200334148234 -3.05269478198906396571
-2.37866867491778943844 -3.51779584177756365904 1.72129725910870767791
1.67792185095050339072 -4.19188778496292435705 -1.84876303345308201642
-0.88166438438407146450 -1.95672421708378951877 3.92572847554894277522
0.32023899381506648609 0.75874722016046813877 -4.14553239166325582232
-3.30358114287479365245 -3.59133651182516455691 -4.33306672628406364112
3.96821458007582617000 -0.28660383816976953142 1.89828406877639288552
2.36765411400900305239 -1.64618333282018092234 2.78432587398000119805
-4.37600121298846733708 -2.14964822654572129679 -4.46829123972993258462
-0.29302847568495593578 -1.37446326728789092186 1.32902422474974812872
-3.52089693058698749439 4.39815600068380074816 3.97552024097737888297
1.48288256965981535274 -3.06412707921720928184 1.13902980137791942639
0.03963050706714810190 -0.90738372965192937158 -0.08507086082485670886
1.41225337979508847042 0.48362228937673457096 -3.81284653104167015059
-1.81756180489174479220 -1.13383260453582668248 -1.05078578365374175618
-1.31585576531933146072 2.73616604471287150346 2.67576734070367461271
-1.16230812369904157322 -2.24527012536924219788 -4.02531439434414650691
4.23710191345871312052 3.03794318345794156500 0.50549945861825573701
-2.58233204248414072168 -1.78054549706819109645 2.77752665471128956654
-3.61820523745184408071 1.87904593707745437570 -2.82188594684238402976
-3.87493179113850594320 1.33352704554091250344 2.35742564222052308764
4.37524119070063033377 2.59946162334707597807 -1.26664373539110508560
-3.65556168067846787295 1.04101953790011059198 1.13511850486804632965
1.29114614426827944982 2.14969098758248566838 -0.96585242374922453124
-0.32430319140157148894 -4.32859663009498074615 -2.12104006100939690427
0.45884548358344012797 2.69278607838718020417 -1.47936378928060996429
1.66461508959714343803 -3.83950164344898237090 -2.86221052166072986722
2.91799610745124571309 0.52671499991034398391 1.47833725443102270702
3.71279947609379679108 -0.20601874759859661879 0.36065739565496901520
-1.95388798924805318080 -3.64649169047995203030 -4.40141582708615519692
-3.05842382305287729949 0.01292753423767400989 -2.47794342662058042492
0.84021436706721885912 -4.11217936547940254854 -0.58417525172267970035
4.49885441344831793486 0.34338954610961813785 -0.22194094379891193825
-3.12985454013589547984 3.88384618664373792996 -1.27316030957849424254
3.44091905618640137021 1.88744291806817887647 -1.32278155873340574900
-0.21163950046841328856 1.12988199732508576290 0.90798187684345066373
0.95114172211805847468 -2.85981268922471487670 -0.22260853782522893596
4.52260903816542114697 0.45187300620868775525 2.62061822068141747621
-2.15782384527803161589 3.52859226500506917290 3.26236753645499799603
-0.39396738334144298932 -3.73848490273070899192 0.84335748688723999322
-1.08618761506424776897 -3.63875096286233512544 2.00396682157885042130
-1.80900422044816178158 1.47513742381373891277 -1.23011956517023834934
1.29666550801937763282 -0.08397642717067643758 3.52593843430910336423
1.87829436997188459202 1.61719083800851404220 -4.08258605986821176970
-4.52745738657109786374 2.26160697671463761793 1.16617520920608885859
3.62636946146644145728 0.13016629151279701659 -1.79917402944387649910
2.94280519840228382833 0.75747505784082846958 3.46039930508862259018
-2.04128391690395671887 -3.22358497616298356192 -0.13373828204212401261
-4.07786517810818427421 -4.15101474171619777565 0.62054462755168238175
-1.20118587690976630356 -3.14977584724738735034 -3.54199481604773902532
1.35782784942600454059 3.25861377285375919399 0.25466093381664212103
3.08017230271982001000 2.40411767815155830164 2.21699030899738325218
3.31904988029519021353 -4.37934014031732843364 -0.25670496165578438053
-1.68802962733655004257 2.55101573687533633716 1.47399124289572380775
-2.49478515005765322243 2.65030107543846771279 -3.87055360823947403048
2.46346465250328439112 -0.77770601350603119073 -3.56291310341787470506
-3.02257461994999276911 -2.31752693988911540046 2.01355970784393356610
4.53345670376791343159 -2.28474250116738231142 -1.01046405502431557721
0.92451856112767050178 -2.73223098942056497052 -2.51478554500290929496
-3.57134953492903894912 -1.17030870983316859224 -1.83804363399997328088
2.96722944224539730840 -3.03475990746163981626 -2.50912705373967837019
2.35462067053251455917 -2.16328792259519531171 -2.22021514871801706192
2.01665985657692470312 -0.32533740307369107825 1.24160443253668528740
4.39491892445127252387 -3.48146793475380089689 1.32947234520062096408
4.50899743880638492755 -1.46777386741743587351 0.16528079265263162512
-4.39379756264084697648 -0.76568007618757549793 3.73051848556812526425
-1.86177439638412245415 4.29198445231094449781 -0.93667335650544414349
3.96345207889561823578 -0.72868152074867253987 -1.48895635833940698234
3.86844681229244624632 3.88676750950065663659 3.26648684423441437730
1.92906041779414660908 -1.37256589601063350159 -0.31564657792151429305
-1.66124578521295651612 0.27217836430295871963 0.78779835412426724162
-3.90358540925543584521 0.48961514772167014087 3.34322812308775496604
-3.40239078774582992537 -1.96486978494989239508 -1.10402093388718114397
2.69083358691723351086 3.73000394993020645273 3.16557700388659224444
-3.97010771337207435394 3.38200584997828102019 -2.28437754314285479396
-0.02412582621723124987 0.63686973451649198097 -1.59504540071210643148
1.70916721558510520396 -3.35794327960790139898 3.58477761828645125064
4.05534750065117588491 0.65176836474305144264 4.00855902402671571139
2.86982079951777269144 -0.85603834651879751050 1.33420511649550288524
2.46142689426832195210 -3.38247995517360067197 -3.57976240172536774864
0.14419827687340180944 3.64841579409530236688 -2.47309660722898749796
-2.78578632465438946753 -2.94739339607180683700 -3.15872581341693958734
-3.12064505244411449780 4.41028573590987615916 1.89487645797735293485
-0.80505486489049182808 -2.18271381349877335865 -3.03811263396789366098
-4.31458318427530151951 -1.50362570007921103610 -3.38518840760436345860
1.33717577803082310339 -0.54638638462274213836 -0.28977538790158519078
3.92243009973331790974 -3.30296042744507678535 2.47017390994345031885
2.76024274632510113747 2.06902355926117831331 -2.29957685829379920861
4.18170649145412109959 0.44248443891886513057 -2.63334137295815029489
-2.40193578101446858497 -2.60784647838062344505 -1.63879265562618847696
-2.46592021637516811694 -1.93971986414922925590 -2.61224265430866120496
-3.52408506592667647439 3.35278047197390005607 2.09395151833504300498
-1.56271435484541765248 -3.24858979703726324928 0.91498348797615225436
-2.34882175782344759796 1.51573615930005356489 1.17122181726098784083
2.13952386897517410347 -2.33935547336442928312 3.80258161339484157537
-2.92368670660478446877 2.81042933059523569739 -1.96418294858302733275
0.56677379725429677393 -1.95506473958466608920 -3.25752806009872308834
2.26986157281735412283 -4.22540211124191866787 0.74651513603842545308
0.72623368758620276964 -2.25180898872720591797 -1.44140629183689839010
0.56020846706084803657 1.96537097741935884443 -0.22590685610789318361
0.38340530614903567397 3.67788194347968211417 -3.70975617176285599186
1.48888637448609539859 0.60780988580878680949 -0.76890551982053523261
1.46005081598823149847 -1.41044384448235238239 -2.21918592010788584545
1.67041254140159001196 -2.10069428584135531324 -1.40614900776006424010
-2.27045906821675425036 3.34122426672744232690 -1.36805315479785605248
-3.34815486577072807250 4.12180222308518562357 -0.38673537839392402304
4.51802872139599553947 3.04990034119655373246 2.46750957094030365369
3.61673535773132481808 -2.66174417770430826735 4.11381527719354078698
-1.21969794984664492432 3.27922631449086754429 -0.44892509553174608783
-0.41736927147635061175 -3.10258161359558171100 -4.52626996035707573895
-4.24803978308641383421 -2.63543139851094743165 3.79500083996333881231
1.17309850341817245578 -0.55232697667197250269 1.85675114192402634927
-2.50948519626140553740 3.15717702688584633819 -3.02044045601337929341
2.68497966817062039269 -3.04792967509220646960 4.48644020322852821181
-1.02271721202256760108 1.42384943726753565585 -1.91543074249089118055
1.93891472041689993944 -4.52940594919376682270 -3.84991434745495064718
-0.58022700149758099641 -0.23591557023941867044 -1.89625281939567402745
3.57642313864275163127 -3.41234722924473343753 0.21650795302428438305
-1.54821524127231580081 -2.36760315372871632533 2.64126762754370059127
3.57978316031810717135 -1.91345023465316810274 -1.63136477868356033483
-1.11704059887445250610 3.47326835363889419028 -3.39446550062746110754
1.63580514012200417540 -3.46521010185673405957 0.11105742753841330028
3.95966997237954654310 -4.45290519116908267705 0.70484970090385790087
-1.38124106587463035822 -1.22514297160678253817 -2.41582266900218067818
-1.85001255136447273486 1.21711985118152465901 -3.61027425239110977273
3.11912903552991505052 -3.50552969839534167562 -0.78484269526172534270
0.34174467314425438502 2.65286424448996793757 -2.65924460174634669229
4.37363419257551466757 2.13456212221138930119 -2.21671298553052231739
1.24929727652254118908 3.79277838025017555168 -2.75692381512359130369
0.33962443940695674627 3.68484306603463718233 4.12534344769438998668
3.26857778885864735940 -1.38647248356989383211 0.40925623944059008608
1.98197054659090898809 -3.89849194592195225084 2.47160380351508113250
-0.26292046633099275255 4.25300810669520767959 3.33519928389234365795
2.61717362922922891499 0.64804151288655198471 -1.74682002588137352816
-3.66295041090132311723 -0.60947224231928709415 -3.30551581150947582088
4.52152951451022655505 -0.78340077633094828968 -4.28910224210437540648
4.16166259057737786264 0.34752570400853777244 1.07761054634800412799
2.78047107765649048616 2.00508614110453731172 4.53294023872776374873
0.91214348768357567110 -4.27731795628658328923 3.98108914184667117553
-2.01093900221083066171 -1.66755862903721441270 -3.79997451580878520261
-3.31214341531738298841 -3.90314928290785267961 2.57811679188906506255
0.77112216727301241548 -0.48248597200650245043 0.84387677581375974967
0.35930188768592774551 -2.54897881715029717142 1.91456381465144698240
1.37464513306833513440 2.10579549544659538896 3.89015217735241147778
-2.23728651487584428992 -3.18029869959412136993 3.20002688597570106310
3.15031429847330013416 4.48659317512846822495 -3.54481305625778952972
0.34214294983707294051 -4.28080171888003402358 0.52735288537360602845
4.02364462186755833528 -2.16575512970467265461 -2.86321439591641757616
1.06094056577615170056 -4.10919430509056748946 1.14429976937613542276
-2.90791748948153250254 2.03493981833264836467 0.38398489995213935799
2.47478009515490438019 1.66550322855616350637 -0.36252554194913244601
-4.25948505773203223157 -1.50326075921454460627 2.76237248197680607120
1.03219660991488026980 3.95753043571664075984 1.09201712727834099326
1.37173453893547314664 -2.04834853686467832645 0.25934162981267849801
3.70179257631903180226 -0.13105891535102998091 3.48089193895382731370
-2.17054355906805174214 4.47686407926354146269 -2.67963330109345365670
-2.11612425781035184968 -0.17088868993285721842 2.52316273589855200044
4.35368455588405378620 3.81315975483412383795 -2.98350520774832661530
1.40716041796477142611 2.72336303580350946874 1.30144315238918739652
-1.97075365868708018979 2.39348821858838434196 -1.70448520580495799237
-2.08994208836598360790 2.55792514711279306283 -0.18576850543129985738
-1.06267648439772122160 -1.22285890764413363030 -3.43897592138545560303
-2.47849503269166104857 -1.18620762033383853051 4.34532002043878673447
2.03232678525719823170 3.16775154700289629517 -2.87725833950936049632
2.59625982360200158183 3.32277965593605895123 -1.20133960096763114933
0.72278513039414526986 3.08272824198864636713 -0.56189279717468165742
-0.49857633680479818139 -1.82233860699119976090 2.71606703465147347742
2.46680541142790410447 1.94571634942234883425 3.32268533243686015055
-3.19278899387755110695 3.82220812238479279443 3.04909860997593629151
-1.28724362676559822560 -4.12955111928378837405 4.18135396771780332159
0.65938834183519023924 1.13282949928857679112 -3.03076928133311973568
2.08734359626341436922 -1.39877953484447425936 1.70167638586000879997
-4.04475521848946417691 -2.55924093973207922303 -3.28080888728956088229
-0.61581223811404139923 -1.70016325179793525990 -1.77472166156624444611
-0.99947494639178779963 -0.57434529700785885709 0.36463441124498618962
3.60795555657675226513 3.34203812053964277595 -0.52621528303125053583
-3.17961593489135818658 -3.89813161404522823261 -2.93238553488200315300
-2.95804020034846582021 1.36999927405470867114 -1.32421986928083468271
-0.84364340410692628680 -2.65348875249028770540 1.82971809793801920563
0.29027176898507178748 -1.28095784676156654314 -1.86837457204942403166
1.84530910443423312728 -3.87109131900236658197 -4.53363753536602498428
2.79269010363870417990 -0.76719461337016481295 -1.58148616388289253720
3.08783661174037415975 4.26570241262536864468 -1.20862966217752676457
0.64425838355259301693 -1.38744042142909718152 -0.76782053168290342882
1.37180758261748891869 0.97743653998431678787 3.77907015021533165822
-3.66717970948852878266 3.40390194647070387646 0.80302166186399137615
-1.51492442310945163442 1.97407645900845718501 3.96342699483160476603
-3.02140712549824108635 -4.08580351885483405994 -1.01015338362429041297
-4.19806312395140679428 -0.43208736746520326477 0.64313768578775398765
3.11784634898363233191 1.63026833370960488878 1.56262467957497097615
1.76120431512824549003 1.85365274978140082140 0.47471459584813402444
-2.96024335135454563783 1.84959263809822616054 1.89564116929817227941
1.29532049777343516439 0.57093199208844946924 -2.39293164590335338815
2.35454658710804398680 -0.94584447571948038203 3.66685001301128021822
-4.13457284467286090290 1.40248492868294238889 3.90805844635661170372
3.02414916045414194912 3.64736573675441544395 -2.11791360676263407115
-2.20998569928131960438 1.29711633155403749385 -0.24453021081534576098
0.45040344111499219792 -2.14907402269216607493 3.20082021661505677912
4.08808099798035673444 1.56129470820888460736 -0.24593559796475261692
-4.42481976576573821092 3.60247260600303942368 1.64551655418190190261
1.53915970865385087762 -0.89988474965748466161 2.91991314580526495348
-2.06979455136539547411 -2.40356226032601716369 3.72014570742096761791
1.44001962259351934392 2.10498352109985642500 -2.33262646477536916834
3.16939581654910096375 1.07473813170873988554 -0.69622186316514556026
-1.32882958924277883028 -1.21969576489134112762 3.38583661064082530601
-1.07305348725633109552 -2.56707541552415596797 -2.00574355982597563042
2.59947106783987269552 -2.36476388178730489997 2.14416765935375597252
-0.47790630163161740285 4.03037420746537211613 -0.79052647970117329024
3.33841859220812864351 -0.38905622887592095083 -0.73811295772409657445
3.85905674963630129781 -2.15532312029703465583 2.21359471349156677888
3.24124411240939114265 0.98031105358667147698 0.32800789777641714551
-2.84393599181568923484 -4.52322271980667611757 0.38360107111142305314
2.81170964992642424818 -4.08601304698788680980 3.75490057593621262555
0.59177217911178825460 -0.16161637843571341477 2.65646876653206476249
2.60337363177429015337 -3.75247375823899798064 -1.69581526460370390907
0.05337368118109786508 -3.83069785203021417885 -1.22215410303395177749
0.48133185854862681197 -3.24517028649479355451 3.24455633981460511706
2.26369726830261797090 4.20667044877607931852 -2.85157292931578565387
2.27637085024018137602 3.37826219421934403897 1.04587050440823503550
-2.54695409427992602858 -4.30814333733020760064 -3.65511424582310961995
-0.26915122776000810489 2.78434210658794167870 -3.73212438078586128398
1.91528070543485373634 -4.38778362341465655305 -0.79563500337092385450
1.82718504972417061794 0.45630986367721604324 2.20026199112161613414
0.38181726991240783065 1.67216373921295780036 -1.77513341257676682261
2.38515148833097523351 0.06320639587343990229 3.01210006647209915798
1.09971735545111304333 -1.63616652683341801122 1.21624135156692680937
3.24556093879180629358 -2.82661397557012383785 1.46441588362107832921
2.29233663816948496361 -1.65273464260141533799 0.66878355990459947833
-2.31055537131678656593 2.89298988819083024993 2.20588449714930856516
3.68063028907342459917 2.00825376476994943431 0.73297402831469149476
-0.60766389894203509670 2.20751189842048045620 1.17972602210248300736
1.01074384061616662223 -3.43140578811327889852 -1.67549315455970670996
3.15425138834958218581 -2.52926069633400452119 -3.79266810402442411387
-2.10639123449126275389 0.54215837517026255199 -0.91324488899065059400
-3.88122671541828623276 -1.07573091448348545640 1.79735221420409452264
2.66752324492867476380 -1.82953901003572161343 -0.75291396240768548864
1.94118195532724424623 4.38101052616115449467 3.71451588488915351860
-0.74176253552625492915 3.56614432102677536562 4.27165994203244547833
-2.39092479615857778086 -1.01171591862686005570 -2.82595269070350241236
-2.95586225049715078939 2.43562116469146250353 -0.96676808339858233410
-0.66650901508216975344 1.80525557339892728237 -4.02230146224102913521
4.49828593024445932969 1.22508555434091093161 0.67343728419826920373
-2.71666951431717951237 -1.07796861252528053399 1.87994778617308266888
-3.82072333829659660509 0.32418507582461320027 -4.52043234289681539195
0.25161743881543596757 1.06525445826599707289 2.10382135321236241055
-1.83025987249362254161 -2.29328707952111088275 1.47066124414246512941
-1.83618033000466684967 3.46152916740739069468 -4.48489013859169549647
-0.34926913528629111028 4.29516234671012409052 -4.13087533057443323514
-1.41523113500722663716 2.40230628130541745691 -2.69864476032572220277
1.85951513848065719259 -3.08936848013140119562 -0.92076068803499300230
-1.52171330419219064112 4.14499082590828304973 -1.96029222404569036797


