286
3.50183351161486466907 -2.68857294904819532633 4.39214183944738945087
0.20898227089257304101 1.68469487881359025749 -2.03033327602111723920
3.49086382636772807331 -1.52405787062809938703 -1.84996341127586516606
0.10089155436592189830 -1.84563337020148132694 -4.31466680590441775678
1.35185481675818941483 0.02304343586111556874 3.78110590191738804577
-2.78121132313140950743 -1.66044816598476030478 -3.22517384047983401985
-2.93683139305687301857 3.08715640336452068482 -0.44443392165284478779
0.76273342564001023192 2.81969228128462656713 -0.62533360153063544118
0.80727698729927244159 -2.51588614900947726838 1.72251302657963289988
-1.82561390670004275449 1.95701713888112749373 -3.90251539981656225820
-2.69798060727660926617 1.51090371811950330283 3.02404283422023834049
-3.85651521636657923509 0.79584166631181396667 -2.49656688730840148338
3.09799224302452191893 3.41434507085576566254 3.95347494302765678498
2.79146233799874465831 3.47391452682177170885 -2.54213104947336088202
0.24012114368676851228 3.02498814148245021016 -4.45199704500511472816
3.99986770641335898091 -2.75281948155010436352 -2.42866580202924087217
4.25436664774707207215 1.15891180667887461198 0.81793212516927660261
-3.21338971125799677253 -3.69354054956964805712 1.44838861043064870415
-3.88390482669839398611 1.23369010846491367062 3.42626992367280980289
1.62629402817158830175 2.08732135698885645780 -2.26447854542920268273
3.51814066857908347430 1.47373022767343719863 -2.39597868858900797662
1.58970203826800737801 -0.53481360880744954756 -4.09205605880325506973
-1.67503511216498468528 2.74880521358263330001 -2.76004011529249471124
-3.56224923952461169918 -1.53793002910253218118 1.39360085043781900538
1.72047012094457585363 -3.19864680604446016687 4.50897800956430838681
0.94384681251778701494 -3.63740966593752457214 -1.93903239750578260114
-3.74671943688436259734 3.17744320597690688146 0.67200219250289983108
0.10769175532614738700 -0.83788651652123480318 -3.36191534176827477864
-1.47723570602100640059 -3.74224891080371824259 1.44503243332000064214
3.90420079826984345317 2.75279507506447274068 2.63260308898809913813
4.12810782721053737276 -1.64701850651713188611 -3.78338551606354434043
-3.83636086652454721957 0.15430071313667337307 -1.56970900431935511676
-3.23547261783518802503 -4.40961913984724862559 -3.61119680905258277903
-4.35444142805805345375 0.02337493935232703990 1.76659371905982442996
-0.94715795637123711970 -0.67029485723010884257 3.16703138852594978658
1.84011215475114564555 3.29920173684673834202 -0.47632602824934977548
2.64819064534380466114 -0.41218363115059464263 -0.62250949111990294682
-0.99314737547153919550 -1.57668626679585033301 -4.12273895653592514776
-1.32641908622213344771 0.55213586132104275350 2.78818212492829697879
4.33855196787230479316 -2.95997610276566147647 -0.97314041152196883999
-1.86357526708990972608 4.32148372372489486537 2.21431680073717362944
-2.62560404122725321585 -0.57053675915502921612 -2.60868504780131171827
4.06968297659496425212 4.21764167102510345586 3.10437927637460386876
-2.54994151813000469176 2.03376031309447302675 -3.01846929524850082771
-0.40300346730891334346 -2.90105791706171878275 1.59814893319348527712
-0.79426757592394947594 -1.93879733925023867158 3.97465815344652728669
1.22010109921727227800 2.86407107227574808661 3.03004110959883821153
-2.47526075174474691210 2.81984620615974801439 3.61831813112146871703
-3.13127908546954181190 1.93385307455027888324 2.13218376965264422296
1.32665850118446826400 1.24123462768296111136 -4.22638941028888304174
2.39925309470695236058 2.44934958168522332045 2.62479665798895833717
-3.82418268059341714959 4.25428017240192790638 3.64774088694507181430
-1.44671240060346839584 -3.12673368777218119163 4.47101787438722464429
0.64876417456931534389 -0.63473087194568211800 4.30054991478072690114
-1.51841784966533310808 -1.68279647422376621435 2.75430454765386034666
-1.91846270915852912253 -2.06611637675584347562 -4.13285583841878079170
0.65860457656766868695 -1.76523332518320774653 -3.29648976237721758054
4.46389615156745644953 -1.56809909765842148133 -2.81592705916774344033
2.51980232311339680251 -4.39788250152873150256 -3.44961201767989988909
2.64432267837178169856 -3.29030585909954842450 -4.00379142026844903057
1.81708281364346913023 1.75115943082839553568 3.12055213875221770792
-2.46173631869240905345 -3.16144130365437003860 0.57032336028728281008
-0.91519464168286557282 2.89450004459747400887 0.10851700962224697378
-3.50204216480654650923 1.56833678580854307683 -3.41302284832041369356
0.44448511353662212287 1.11327914960341978201 -3.44800265383030035693
-4.44398754233101644928 2.01511812179758464936 1.67058175590127522270
4.09703565066592556576 1.88805808375941719390 -4.40449601882053443092
-2.24099834584964963113 0.88695940143698592806 2.43626725389361276086
3.85497568902094744914 -0.48504567949199728361 0.16590437764302023993
3.05209094491709720387 -2.46287547101194093102 2.21558314947297230191
3.60495284193960952024 -0.12702244750326130429 -1.02462147679164017333
2.60492376440104589364 2.96813030966192581417 -4.26736696790607350493
3.23703023777740206413 1.13611539351202583958 3.90370643505311409882
-0.19947818782699489049 2.67975654303964727632 2.48128853956399630931
1.21785726438201269417 -1.26054402804769782875 0.16315166417536453025
-0.78234631370409246642 3.73454993169626892069 -4.30693364989544669186
2.95141739936244906772 1.71304511053997376990 3.10557677302159529376
-1.59933070648905317768 -3.72756839252958194209 3.58662126822186611008
2.71095002795995920764 -3.01827645060556459811 0.32491360317213491271
-3.31159887613141634688 0.33706892725735126959 3.82998240573794834773
2.41024698584395569156 2.34099086438909509411 -3.22823414945264586251
-2.48475029672860614482 -2.80712139243362956975 -3.62922035605933013258
0.56001301740128894835 3.90181861826027454043 -1.36818175901068617151
3.30948196312517328721 2.73538982960436793945 1.47700570314669388239
-1.84197113452792393673 -3.60962137978003472227 -0.95248742763869742589
-0.14037228722406425163 2.14630356429158908327 -0.92487707074509906136
3.93776809228322743905 -2.51796513308214819915 1.46288743706805046685
-1.79680841096752796915 -3.36309898078947933087 -2.59833364925831222791
2.84271811571841137578 2.41653747952020481193 -2.08927061530593327632
2.84939584673868750997 -2.72851591499030865506 3.68783740700740647611
-2.71513264652651864495 4.15620831434429671702 -2.86263310178527108363
2.53757340132363840013 1.38283177770839671439 -2.10784222350348038333
-3.77568238369734432425 1.23041975535863112867 4.50252297793363620571
-1.53646063288136414116 3.76155755366211597135 -1.14521057994078434561
-2.07479551752172808321 -1.35267401416606913855 -2.03216783437400216883
-4.43793704895255025633 -0.69148967993155263656 -2.35430218977071348263
-1.71939932648427973305 1.30685233728659877528 0.10857537770943981315
2.71470953465372222269 2.49685828221056560494 0.26067588430378929587
4.38670187527217070311 2.43470786649051795791 -2.36981366235599244519
-4.31006388709399868020 -0.02727971706454024314 4.15343818139960685443
1.30386589485427428770 -4.22180877829083112118 -4.08839626717112558651
-2.97749453103543260113 -2.47034767485668638187 2.15288683899684585299
1.42036465627068952955 -0.39931364969714078228 2.09300144388899767023
-0.83313421269316956241 -1.22690926476157669001 1.17985933792567898593
-2.21652310288562182095 2.69985431875427384085 -1.46352429307531251013
-4.30744884490527812915 -3.31853796233323983245 2.64331638844431271451
3.12169322155164241650 1.44230818107957237117 2.01129131910124225868
-4.00415379172785801387 -2.14205962918152437169 4.31620586932560978966
-1.90515614211110229093 -2.61442260698460238189 1.82927866226383528669
0.56582085782956692555 1.85364308617311035476 3.15327072914207207077
-4.37851505034358723378 -0.91741139554469253170 0.90025613252395686459
3.29005299307055576463 -3.85196297366177820010 3.69986966413997020453
0.70928018632069456118 0.63146516488969517411 3.27886891445965300562
3.27040113572140267451 -1.32264863200706184188 4.00780741867328682559
2.39784012797946655127 4.22183165046668928966 3.43309027021254564715
-1.99195193032278083933 -1.60557190539572314236 0.80074627300717793332
0.47586307123996984814 3.48335815632170753275 2.02576934418704635021
-3.47705094959848137748 -3.82443049169700444168 -2.41069362594257352583
-1.92952620830159293774 3.55508456606079459306 -4.22721392259950690118
-3.81095569073560858087 -0.74852923001411308945 -3.26425310155976156068
2.75556713847133050166 -0.38550381715838266672 0.46957825992039570195
-2.24792326387806751242 -2.39252794144914915364 -1.22810414510532472931
2.96518363400813012021 -2.47294888051743422253 -2.38509697163388967311
-4.13452550416170971914 -3.06830249454526793329 -0.06297828888148604420
1.80091798977491279743 -4.48609306763502946325 -2.26000330724183529085
-0.84827574606894939890 -3.38950780558678443910 -0.49396097152532281171
-3.34738625832122860260 -0.92420298268065836922 3.83908774423739007631
-0.51529291243601349493 1.44844051654753069869 -2.69831997904292064661
-2.96948583918936437342 -2.01597714120352922151 0.41064515439080739867
0.81576643839469120678 1.42851594677309545744 4.01042645621336379946
2.46167853968937144771 -1.23449641453043756911 -2.06944311246471546184
-2.66894673792242143051 -2.84392626846410712105 4.26870732194663649040
-2.08602170860163038668 0.09926301198075826449 -4.19497597064276295242
2.67167118124120150924 -2.02541709220019860993 -0.15509496185148563541
3.79185507916231312464 3.77929842166109342116 1.61177693080976869311
-4.02434217483869183241 4.40063067057224710510 -2.61884514286265313032
3.95741346998984244721 -0.29270968689366760884 2.72610255269620527230
-4.16817636520457668325 -1.37290391344117335137 2.61924419820843557005
-2.40816616501519398241 -0.50979010687119430401 3.10925793281000029111
1.73868040186693306737 -1.26590395093487240175 1.38606211210070728868
-2.84559960553121582549 -0.73569319684181344599 -1.53600268507277526453
1.18705827816623710191 -3.02900183245319043479 -1.00465644607115711651
-2.66700244030776767445 0.23313597929836937794 -1.93992943818587271210
2.62620349732607127891 -1.87043444888105803159 1.21878055955174868785
0.21745024521242584115 -2.83669241713421582674 3.79771358372520051461
0.89813308840081695905 4.06748277950501790912 -2.37384215823788524702
2.40432157569737103842 0.07267098971421770415 4.46052407195603084489
-1.45396712214638634819 3.48436376433665184749 1.78763095657790049842
1.95781782510553536980 -2.12662854122131106394 2.01378730841125541673
-0.43177138328941921941 -3.69940217495158663041 0.90047013836342060245
2.69952295698853017569 0.36378021825960260571 -2.28590125254470377669
1.71688931988007542628 3.75772540612576388952 -3.42723467758388933291
-1.75283269701269395213 -0.21860629360072358907 1.54280927754092811455
-3.53190560617963233980 -2.62742388751834266003 -0.91050387231254292786
1.12185984556990181460 0.10879058045323297677 -3.43007477669104288154
1.77978083940571440991 3.17774379423106712039 -2.33358702236304171862
0.18995849535983744261 3.89246844335260799852 3.34005844886575342656
-0.19308931665017148305 -1.09179749686313165569 3.95449191333269833848
2.31050163789061979713 2.74406295060085625437 -1.27990413207030684362
-4.06510128466787445944 3.54068995054341240092 -3.79250699510063071784
2.50953058938967465963 -2.12671744858397904210 -4.27578344673558508049
-4.27492900857458479891 -3.83214900201502706167 3.96941388841747144767
-0.63490648342241584601 4.16398455417645063648 1.50158579850466011862
-1.97504523645219887129 1.91249388838518363798 3.91837868016493739987
-1.05996056557776885398 -0.78695821232566265380 4.15477091730050940299
0.87632553725580741855 3.37679967917897183582 0.78766145366152162666
1.11909104443519424876 2.33268346811449323042 1.64405914033755085057
3.97538259783157865712 2.87417561855698178164 -0.32476704321598237613
0.55750550305099633164 1.83960439961749688820 -4.15855595836742075733
-0.41755924114267983782 3.01490503767706563565 1.47835474882420125908
3.07073881430277939586 -0.52149617161225858553 -1.72891951910494334754
3.62740099245350844370 -1.99145147636935337943 -0.58065442944216050236
-2.11835200972797554897 0.75243892988418803469 -1.08638331489882933312
3.25995633945078466809 -3.82345464955702762921 -0.81379633725634281660
1.01562318105192783690 -3.06177690062815566208 -3.75567494744610019808
1.36040680002191916032 -0.87198667618358038922 3.17285882480554626284
-0.45917795325420041053 2.94425784381945998547 -1.57293535958061347912
-3.17398822867306806828 3.02170037168937533067 -4.32733509165329888191
-4.39852100174091553697 1.56965025207256925199 -1.96273228529577181689
-1.73224916145644280974 -0.05656800318371146830 -3.24497434022755060212
-0.49327603335281455799 -4.41213443527044280046 -1.37151335149664710400
2.61756473835720360199 -0.87922145001912266338 -3.98261561196030422494
2.27140408339091415257 1.15349717771213899908 -3.13809259332060808134
0.64218474803018654740 -0.93148317428973737009 -1.07738139785888842326
-3.12126067042469035329 -4.28000562549652308064 4.37948170793437530079
-1.06427434470503889941 0.95184393734849415125 0.75786131282433011336
4.14947253707867691475 2.92632303422715001062 0.72078625043701638475
-3.49688066354871818220 -2.79965448820585072198 3.63183650330266960538
-3.54137231522390605321 -1.35119819568018861844 -2.47271039647856616384
-3.23808992530989980807 -4.10472373154721825728 2.87523764100924417164
2.15328729279697395071 -4.34667833384776347572 4.32933564274051629894
-0.43895544563940624982 -0.02643373426898509848 2.49570595554174534669
3.37120737410653337207 -4.12544996340810765645 -4.35562791760454892653
0.88911243114772897655 1.17205545208982098160 2.29362426802983510044
-1.60842865094042419827 -1.35833530334347019064 -3.10628712409664053951
-0.59186358987433296264 2.03645236142233532206 -4.41270296614260626455
-0.91881424763921693000 4.34302490244701022704 -3.55755348865846920958
-3.40986625042546975806 -2.57461499661533510519 1.20026019867118183271
0.41547424361837492768 -0.38185711882038919640 1.11898697478398378991
3.73590231623093682600 1.35669534089655652309 -3.46863347140974731531
-2.59572028793204356845 1.00276982830538496927 4.41080448189397866798
4.51425836400907609658 -0.79486402750757267910 -4.18953034260439949321
-4.49806449481572734328 -4.03236908081223255351 -3.87063456987662579678
1.86197349803572897997 4.44171545051271277060 0.55737986953333340523
4.36034660299503418202 -3.99483136171573738338 0.09341803198162246247
-2.56437931232288907069 -0.96267536816446419579 1.55495906038493991730
-3.35559036877638661167 0.15789978579004415593 -4.00024152385660602960
4.29403584353539269358 -2.62129607470618086751 -3.58070795887667436830
-1.22508255734752591337 2.92966796797113548934 -3.65106265971961496675
-0.13619633521769003437 2.40735854362338752566 -3.59474949597527304590
1.79204088895377555701 -3.14975203871247133591 2.17468588021628850271
-1.55376952744251184413 1.10402642366327352619 1.73745009819018481068
3.82209856834237005074 2.94684650531789049666 -4.18481109871157652691
3.41915580456194323489 -4.16629161636759004494 -1.75898699471138719730
-1.98875626662284243906 -3.48917287167991041485 2.47663827449258011626
0.31311894046774924050 1.63609946646086168442 1.28253824727768517278
-3.60761911159590420439 -3.49998489267337875575 -3.64459785168596672733
4.30150287844338041765 -1.08678859087872758948 -0.84482683612083731006
4.35129427020980852348 -3.71239206336478089199 -2.62479146918149774947
-2.97300552500617554230 -0.88334409662657265017 -4.08360205566676626177
1.92775551226085628542 -3.57931995581140505180 -3.23328390669563825455
1.14788517632000708346 -3.00031620531072862335 3.06838130298449573985
-2.92481399428061417112 -1.90524082251702120416 -4.50779682333519726711
1.41949319047591604459 0.83959488050649966340 -2.11087181118384092926
2.53602309748486209884 -1.27702878756037252472 -1.05954847222120207562
0.61838078545746455461 -1.61719372829622809462 1.14910452541304231033
1.73566263401587672632 -1.25424869956463425069 4.19193875146277061816
3.88086284528912184300 4.35744111691058666480 -3.43465799197702814638
2.02609285198782806958 2.59895222719873508765 3.65676171786186809953
0.89548070943858881776 -1.47542752365705354123 2.24535971583669002882
-0.64948599281418628593 3.90986995491308508832 2.50321805649346718070
-3.28594885216736543043 4.50396044429033981515 -1.72608378578803822734
-3.91734477899539523804 -2.51725099117218409361 -2.74686452745948095355
2.39378074938607188216 1.48459494480129894356 -4.05595093902581638190
3.55723099845858836687 -2.00268921607715588706 0.44037669579471216963
-3.02694664939014668192 -3.69673045619844486964 -1.15036666758430250468
2.90472305710189626637 2.12221187326459759248 4.25944846957448586267
2.77295916028080124960 4.11102686970547903655 -1.38633890231008161109
1.78641584091052330052 2.46262323790258186307 -4.00811321210729332165
3.15414897130445393003 3.64650890931724180888 -3.77267269358272239188
3.75355569021053181444 -1.20262321011735728860 1.45622798569419842352
2.04990456854987446178 -0.06331971208030395815 -2.99932144503160103000
4.47602278340842030246 4.22228589605480930658 -1.48768026484487236871
-4.10809521705106739375 -2.01886403797619307099 0.54369105676395079740
0.21573295144670190382 4.12844071951482138871 -3.33236988067316275419
3.00977986252746188001 0.95452412695973265500 -0.67553679283165601888
2.99677116112987906860 0.33008555122887628386 -3.48784240090313168992
-2.57453156839936037059 0.75268864078723662914 -3.61229001134807425899
-2.80959440852740005568 -2.55340420064338058381 -2.08097277503333000226
-2.62058433978740668024 3.11081187787609092510 -2.49724151023397356042
1.13973841610664816670 -0.58760940353490198618 -1.88728520192655047083
3.37124707179873350782 -3.92843260189490983691 -2.87563176853056745585
1.45914382819749199882 -1.69374446152879443162 -1.45442899133797176603
-1.91023518305111839055 2.40758891010208575523 -0.21166149971876535574
-3.38190843129318974292 3.99867444729781151835 0.21252299741067126604
-0.34133105631461813090 0.42778443722105308211 3.62514152467040684513
-4.41373760629555533797 0.25626614518947921084 -3.81826380313836777347
3.15021316837231690755 -0.66003406093009342470 -2.74721311798447853647
-1.87616829362579906615 -1.23868788915666971917 4.46144620345896480984
0.03295625874461638460 0.68408750014334174239 1.50019312488373479653
4.15808831555324420748 0.48369562495760476395 -2.37184159937353200576
1.68225888774852894159 -2.86202019411780383962 1.11287963225840780268
2.62898048331203959549 -2.71059481546657199402 -1.28638592633102266660
1.48608792790766131020 2.11124796111522261555 -1.09903085848390968948
-3.54152795477489368281 -2.05444967524255472924 -3.71843996578863800195
4.31319997475717986646 1.88464386897153790557 -0.86173216774785021954
-1.15403291633636495561 2.47711206323106569727 3.58489292842434092989
-3.87432558046765418425 0.29420045476872136447 2.70816299424386297545
-3.84204009329916251758 3.58141201884843507486 1.73198777996950781244
-3.58124743364167974491 2.11640133498756188857 -2.22920395464966913934
-1.48940950172700370402 0.32539641282512477005 4.04817576600615236515
3.62896724755781807659 1.95567566624627975358 0.26984653399902391868
-2.37399353842437665918 0.56546513759387906362 3.43935944461089260216
1.29856448145646385939 -3.19355526693884206324 0.26341264852865364787
0.41062196588653598894 -3.73878853584569759150 -4.39694130805386507177
3.82591096975478262010 4.10717237906412702131 -2.33431813342602456629
-2.69487968610377759404 -1.26275437335982498865 2.57622594295737616932
2.48160240296297462947 -3.49976369398939946009 -2.32590805374142295392
-2.95367089172770569405 -2.01653015651129852159 3.58852902738879020461
4.05737145265300025443 1.69864459931125022507 3.44288797460636164516
-4.13656775495867723436 -1.64757585814351426023 -1.66674306174124442492
1.70024931642689569600 2.21658820139797896331 -0.02064008649526805073
3.76461975895078904131 2.38252454040045424932 -3.25560746431095715536
-2.05305591989559710342 4.52595634646795641487 3.17122646337797409188
-1.97825552604927068501 -2.26307931009958940294 -2.94432289351206666339
0.07303940746863268885 -0.09279897220977506578 -2.64382029890072045575


