432
3.86373031038947001292 3.78040566249413334532 0.93423694655738032111
3.78487000228778480704 2.06058048566662055379 -2.21995382888649572806
-1.87661204948647997170 -1.47925474806508194803 1.26505322618250648503
3.87171298976563971195 -3.83311029183776730278 3.46337191579128589325
4.39354042120873788946 -2.92275186629267924587 3.25154531431421744969
-2.57975890013595687833 -0.99561319258510572183 -3.12325161139305196301
-1.71375166869268635850 -0.70869339943249398672 -3.91076463894422365897
-4.17368613652804576475 0.46891651010943835587 -0.48947001835865222574
-4.32603557720305786916 -4.03407037634082232813 -0.80415345744058575050
4.36553015456535131733 4.08645182829142949998 4.06183393848029350437
4.20706784452749626979 2.93185077157473727993 -2.61240547866353578499
0.87056136193261668410 2.39390147435319899927 -0.96616882252461344649
-0.52331279765193894349 -4.48074547779267273739 -2.75074062366857274853
4.28783955148436657367 0.79307755176498773153 -2.25905586623289034165
-3.52293296714565418171 -0.68370160480291009009 -1.59627525791092406138
-3.06546102947365550762 1.81760165293648778828 0.98878024541524212054
-1.34941818369277077849 3.29446692330811963245 -2.92084792687835559377
3.06812800464035273507 -0.22118788965363744836 1.97573914319665000505
0.41276563281924971704 2.80558922318105974369 3.43521898943433257045
-3.47923923611353336227 3.61063558407363149882 -2.35905773673361540688
-3.60843060069829801861 3.82108379835549971659 4.33971293997610363391
0.36038372321814815535 1.15268541436613691786 -3.80804402720229440149
4.20434891957465683987 -1.66807086550096395072 -1.17209995011244227925
-2.44174047503864644071 1.22872553707000253809 -2.02709433432465058189
2.90853420774696935780 -0.40708478795612190737 -1.00555982396613874386
0.88305859257295082898 0.34934484721930658679 0.13221885409018430124
-1.19368023038651527301 1.51807637610641776860 -0.25640913464479186956
-3.89488758058564732423 1.37267591383136444705 -1.18764719406274643632
1.54814379287743797420 -2.09888748738270347616 0.69874400585909857142
-4.08496539206280129264 -3.98115444921085614993 3.33735754830547026728
1.89919939905314105744 2.67037315567691990736 4.27838130259033189162
0.00208258748559142504 -1.44388092383576083222 4.18925726792935027021
-0.87787051656566195135 3.68082058462140171429 4.27869158620066425414
3.37367349798196602961 -1.32968336690828259350 -4.52537042845112402745
1.46469193178102852215 -1.92433268065533535918 -2.48437785617515816128
4.49944639031400850371 3.10349354318770753736 -1.51731250937012873692
0.88575160841930333788 -0.11682365282029838482 2.58102293265184901117
-2.45309074465447141122 -1.41942192221499663418 2.18945563581135971276
0.14045168133946805966 0.65990342622498143754 1.42584054622730693751
1.94356746676997094170 0.17161273226788598123 -1.82946466066913293602
3.70916323387311930304 0.98375813266469247509 2.48465960239767991169
4.50472936349792529853 -1.35448073604384466861 4.41417909544876874151
0.21533281574634877131 4.05019359757965613511 -1.78359827578662599734
1.97488808846542784892 3.45341500208030094399 -4.04613061170390420074
-0.99811381730118053923 -1.21237110337576448060 3.39895098799308126303
3.77286783777892953395 3.57693130261303249284 2.06584363495173484182
3.55428052644650538383 3.06184218342303626770 0.23340438689757725399
3.91563112646417277318 -1.34419406413875819339 3.30739904133363626926
-4.50313341054746274494 -3.15567922456664584629 -4.42723250389708855579
0.81247525247559693184 3.09300278988632815214 1.11184560491798478665
3.42916779391670711874 -1.45678614041670684287 -2.32106070683829113221
0.39909861146184510972 0.11810541926405715429 -4.43104524735671478908
-1.01692764053850748240 -1.95900413602302503335 0.45501112080958261430
-4.37975070074458638913 -0.30534120539130693572 -2.28298678482250716471
-3.99817253735978006546 -2.22502523605658453221 4.06680970555192278226
-0.39100979435530991424 3.55648301489770179984 0.63096843402183999672
-2.46342249735959484269 2.11526381424174747536 -3.92509522980130487468
-2.70354185718837536356 3.43631538781964440687 1.02287263497728186934
-2.38221529034288126425 3.51263278901441378110 -2.57900263362704862402
4.21654965597880515560 -3.10544373224745084983 1.27811979070513093149
1.67603918768118642646 -2.75108157778991069264 -4.10527525494412603990
1.43749075080162924678 1.09258522842581395906 -2.57947253519473163053
3.13431363093683668097 -3.23416616736405737598 0.48499497984047401644
4.17634359809265642838 0.96178571669619650208 0.52179834399426994196
-1.17074303215602881778 2.91853939780666582493 1.44909490873804092104
-1.75239111182131956923 0.28324306415161792927 -2.61610409222505779780
4.41854967758118011290 -4.15593449757008581713 1.45563984192658590899
2.00971799542453499754 -3.66240444333552295220 -2.94367444932772759358
2.59165206510342738255 2.40949932959467183480 1.96522280699634155354
1.48019044010738198835 1.04320653245638883533 -3.72993959254119022972
1.93563550384986804431 -3.98230905380231581248 4.20939747160739141663
-1.57383892183579110480 -4.50995336882040032123 2.75441253782039563447
-0.36801752425853084816 0.77588029414761994218 0.16751680737660556986
1.87585522064101972717 -1.76063698744315066946 2.93251542519889074612
-2.66413620424030606060 -2.71410390022454661718 -1.89763838214017388495
1.58597995928603019422 3.63551918382905636662 1.52906975734123484756
3.83829877631326876752 3.95905813704017450760 -1.31174578296379751308
-0.32701775212827133288 2.84930121348767517730 -4.00731211789575247906
-0.00712443386919137112 -1.46388754372677576399 -3.78530315853623289257
-0.81906056310278918531 4.28148650901379124178 -3.94095116912188947467
-1.78099997380225794075 0.65184269501458391716 1.64419447596528112143
-2.46981655327771765229 2.07089089575676776889 3.62082061855908587944
-3.85840334087093728144 -3.57238791856175463835 0.83615228896843252215
-3.42222311617522301219 0.05354786397023758582 3.93443360055759594474
0.65408271457749300737 -2.92535754212981036204 0.43512921980625396401
0.95370107683573657198 -1.27266655096027037075 3.93511837881074288958
-2.12594422397142190917 4.36686108804469430567 -0.20799630965131132854
-1.86451758196040318083 -0.32017483153058723389 2.25116541773504330592
4.53492824111074366300 -2.33780803609769183282 -2.27421930884220824254
-0.56996856527910022550 -3.71450761335042489719 -1.16409235635516417062
-2.44845954714517199946 0.45712610467901182432 2.80594316960327017085
0.11232644960183169047 1.94259981588126873220 -3.31695550337137623487
-1.47986019844459715245 -4.38027747224204677678 -1.18740899050114290247
-0.55247382944227574342 0.88803149623358290654 3.83989610460681429771
-0.78521749485192504636 1.81661910850194630029 3.07716792906869862634
-1.53196134418501772601 -1.89189051336332259012 -1.51239202492156632474
0.54225836638042412829 -0.38913353627263891354 3.53709677207830086587
3.90699073499603155568 -0.56060819711005427379 4.09852948871015509980
-0.18859548094710998356 -1.00836825800525797803 -2.69109980000367032815
-1.68403725032931372851 4.20775041437525043619 -2.56981001228999650365
-4.46292546842163329046 2.86324160659277549001 2.23005892478290324021
-2.76539889630908586327 -1.06896165296841294534 -0.83187536831616792909
1.15102700430729765202 -2.36930330226854835018 -0.39967455905167170727
4.18295520985941049474 -1.89811738618025671599 2.37404198877688177305
2.54893458062506095274 1.15376628658141289208 -1.97373064222861760442
-3.68298780731173325265 0.26608405726898265442 2.60513747212917845530
2.83500835619242597119 -3.38332184521919554498 3.51932979499658227240
0.12520310870899908906 2.61740702475233444346 -0.20837280693103998885
-1.58258002679780318545 2.72208240957965941220 -3.68817826465327902596
3.34265424104133668237 -2.76567762165664809970 -0.52703643010032674709
-0.01681022185991931650 -2.68573990172527654607 -3.49090172422524291918
-0.07045341829765305874 -3.75197787880868727228 3.38885745723087161707
-2.23423182873527137460 0.40810183500374463961 0.60194436440878451577
3.77029864360110789079 -4.14184795117427828615 -2.21923529235459593423
-1.55934051768049730669 -0.40662794334937579777 1.00855332818594600752
-1.20572330304622354902 -2.93878432470155015466 -1.48815990411116150227
1.72244752221883867804 -1.52470315504764242220 -1.09698632957107555796
3.56556809383505513011 0.04866951073418057661 3.05306328518843272946
-4.22664094588024408239 4.34296872737068628822 -0.01791468980303978498
-1.54210737416776444419 -4.19396206734815280015 1.74867730009723310047
-3.08033740803706423961 4.12423971320844184874 1.94128111460216246087
2.47529432316237141265 3.32595175309757973281 -2.92737030144822885092
-2.40604134336918651371 0.45754494357171271446 -1.43586578158383115777
-1.47778590912405771718 2.84849767479008963988 3.78389338802469676892
-4.02373457575994919466 0.93559437236635645263 -3.26486266471401442857
-0.81315152587988803745 2.99183743894289921883 2.42668398286215047932
-0.46915118197641980657 1.22460535510976065154 -2.70217906445189681719
-1.95489785170630669953 3.29308854769441250454 2.67043808523719405912
0.12658312722261921834 -0.47124492937030026951 1.43661506383175563428
4.05334422025284180080 -0.69772774602590681425 1.55115737400223885345
-3.22708385250417162382 -4.26615756014123448381 -0.30506906058950544747
-2.76476405558607885027 -2.90316222397823686663 -4.45405473377918958988
-2.09782256314306536638 -4.00212449066075492965 -1.84287796268198622585
4.41452366059222978123 3.43750759162352448328 -0.46390665835640199077
-0.18136932704059827159 3.71801041900406925578 -3.27470885600104510971
-0.50782668763120231148 -2.78331786734148023399 2.29228140662349755274
4.16935729508398811305 2.19033655604277210927 -1.27825832486359658446
0.19203609062217452674 2.10243952103320630442 1.02490924048223508436
-1.72461305962749511522 2.31185540746752060670 0.34051954910242265839
-1.41136288015580335653 -3.74328187790440969351 -0.28955264001436731292
-2.10933130162885573711 -2.05759485583446277701 2.99551166922212086519
-3.95137887017181688165 0.27797291056260142739 -4.21818806318032368807
-3.37313752443119563296 1.06209991115423552088 3.05381424924079691863
3.25989846093386503867 4.33595711934834238122 -3.13925220144058281235
1.30676714876040378499 1.54464312772644074556 0.48224368589780830519
-4.18685392455259552946 1.95217394883362072022 -4.09977725813479931816
2.15756814061595125764 4.49508984343842055154 -2.71678475404851305086
-2.33009422019919520963 -0.24341631399722274409 -0.34994918869050106736
3.11978338382262609940 1.38769042966224542823 1.60514654798527978130
1.57576043915645325200 2.04633069738002681959 -2.59949569828876336786
1.43673856716404468870 -2.23051343637003895992 3.86818752692333145404
0.52547642672753802628 -3.77591173633433063728 -1.41812203987736928923
1.91635284364322711070 -0.18588094696412316154 2.03022725765717293456
1.03737813924447142000 -0.22333997064925270593 -2.47345965444288840018
-0.99347000102255655918 -3.19549700774943268300 4.25171357156122109444
-3.33513527950354804474 1.53236838281645049165 1.93473771032126684588
1.91001771755650384677 1.17174720007711563596 -1.18680217469638682459
0.95868270368412389359 -0.85120126340141055721 0.25016821912245035264
-4.42035109091688305227 0.16982902334447480541 3.66024586855333122770
0.29649049689199458157 2.28065838793536457274 4.38837674003556177382
0.85911177206976052645 -1.21440605179415372916 1.40076191029064123228
-0.57307580321304696369 3.87549778880713002849 -1.21300024625168578751
2.55257757505941551557 0.48905559455893143905 -2.88246272438863515575
-0.14030090283203922041 -2.77148809884147517835 -1.68151067649761287726
2.34407110520920003438 -2.44374107918856875443 3.48920303659824693199
3.65346406333218798324 0.71963962540529902157 -0.57916841027425203237
1.18912784925121250978 2.16075916788955257886 -4.19826362958386045676
-1.05980691133522419989 -3.47681841271320157816 0.62368042498623221803
3.36653908698338089067 -1.23687520594312250211 -3.41272811464835523765
-0.62003878534015521851 -4.36883234700462264044 0.66533530608406454832
-1.65797224687153477163 3.81857751033988446210 -1.60146000369947616448
0.92538990295460443747 3.98990854779123349516 -3.89394581242152115763
-1.67691761804850569817 -3.97325521001117332176 -3.19774439669965371280
-2.02723255434107452189 0.80848521387146554673 -0.46443793457076587572
0.97721785278297801369 -2.84320898985619407995 -3.23812327389435195002
0.23252049055009926803 2.68379840634565436375 1.95261027335994530318
3.14377864390865191524 -2.20119084055393399169 2.83666922243113539537
0.19593936820989288350 -3.65953032232516006772 0.98819138652996318939
1.14282630778853278031 1.18089261317003035856 -0.55289972279180510384
1.68848215029552495281 1.80042602472218593590 1.43759231837287959621
2.78384684659877912338 1.76026792745165661103 4.14144303851092576707
-4.39644264274140450510 -0.36697787894047895207 -1.18802049784078400663
-1.82175269983728238543 3.94648439660473027146 1.81179577297196825469
-1.63895316474142216379 1.92756334781798077671 -2.34132738482852298390
-2.03994468506066306546 1.51229386062519832734 0.84114204142019755039
1.76507325042919926972 -0.63423451081875281687 2.98701590088199342432
1.33958564306372807096 4.33743885386361949230 2.30683891833454968179
0.72865414333869704677 2.61897393970836045440 -1.98651228690279513245
0.94114616410200024887 0.03994376842639990599 -1.25535310461504545643
2.92314564055232484208 1.64362361664902945080 3.15808678050044377983
-0.76170315807228483607 2.34511110281658741172 -2.72230938729092875050
-3.36608859907633339859 -0.14577351410006134103 -0.51487462369888703506
-1.95818978284994438255 1.34850372381406202749 -4.49316046726271434153
0.97602778912558196822 -4.41521670855421355384 3.41188416778310266153
-1.39453108866642816466 -1.98421856952902064819 -3.67945571184965025680
-3.60389075316231277668 3.92203874075115965780 -1.02675678107990009380
2.97183928192473079122 0.50768037294624335232 0.53141587098406972700
-0.88884574397496107778 -0.32211463401183237920 -3.24044295622974987126
2.29305914980473968257 1.53841358931048066694 -0.38166247138631614888
2.73889412170242962929 -3.78781504151137271563 1.29178563080316965994
0.74808602081427899577 -2.93666988071604428967 -2.19834051434879196307
-2.20144551300322000031 4.18127849762222592034 -3.90963267689509352820
-0.61943663514582025797 -2.30291160714580911417 -4.53594951265080492675
-3.27030021764102762916 -4.12949953664752111848 -2.27538842822623887940
2.71725338379513825515 4.12765165811955991870 -3.91309170267778805297
-4.43462487750574396728 2.90222480522625669863 -4.46319369950547972792
-2.90051499947805124791 3.74199485948825749659 2.91556026683115021569
2.35356253916140278903 -2.24664832562726335397 -1.63296515259362529093
3.79642827245272140857 -3.13035665769816962012 2.32837148525405535082
2.87056648290155091985 -0.39660441353461273195 -4.19598790734367010913
3.64315127247147696465 2.09794925226582318345 2.53364934065872215996
-0.63142067864253181853 -0.51139341200611987404 0.47083130432326569803
-0.32857231421533761306 -1.88073585639178064710 1.40308985496508409341
-3.12203065548952451991 -0.68522431406204287185 -4.28620946161898430660
2.71729539954058019191 -4.06109614278561092959 0.02005622973352938487
-3.83054520519759345021 -2.37698076558755033716 -0.22452570729457832499
4.38395033103915476858 -2.91850908566272959632 -0.50647617445761383692
-0.76611771977144549339 -1.99553391008794189787 -2.80759567890777228527
-2.12738706013477418821 3.41343254890589076211 4.48349838965593949780
-1.88608444426309462827 -2.60453221397953482708 1.00820383045582140369
-2.96311232368395227610 -1.66649196280649380952 -4.49839799968151066167
2.39353916294057711411 4.10267625017659565145 -1.15561714551822802832
1.06247345370131096587 -0.72671235448297677451 -3.48414487827560037658
3.16901081148815944033 -2.92274392101050484172 1.50046570577650140166
2.09120493972812671046 -0.42834478026133826489 -3.42407318457888854013
-3.62456707804058986255 -0.90357588374904906914 3.84990678586826273744
-0.38508528334686875638 2.10641281652397349688 -1.71716251270058606337
-1.10891477222409795544 0.58347915516822190796 0.94315096609750792567
-1.08708850319982097687 1.84266706131265411983 -3.82901964448430431887
-0.88280382799830281471 0.65447773763256389401 2.62253908656883538697
-2.45559065849300850459 -1.56226704871513355499 -1.85629671376757787726
2.66674197447228866764 -0.49593932498858084301 0.99537749001574038488
-3.08953683978569459967 2.91044239805694093803 1.82279947530211572371
1.51733112998477981392 -4.39723931946283297378 -3.58819802187962055839
-0.32829748859417140494 -1.73047905271301205588 -0.87727698539252463306
-3.41273982430474021044 2.65731176587272077683 -4.46718572100080546505
-1.50837048009522778358 3.55615134604580784838 0.63746272144277948968
-4.27918426368028015361 -3.76556497206527795996 -2.40822076530405926320
-3.37201672304780641909 -3.81189544643046751560 -1.34063239240853304679
-3.69101448553498112659 4.11909555545250949393 1.02251202271373298203
3.33182330028924145182 -0.71003003910354456352 -0.08699492464202407405
4.15362467695718340366 2.08504111888257437357 0.14835124289327250580
-0.97496653393368148954 -3.64080937940744897574 2.89062052606930475207
-3.54394622189502062071 3.14679977568156932222 0.39100745083618537734
4.48438912858482208179 3.30495379298398628265 3.20665570334965810417
1.11043454787644080284 4.27320308532691139902 -1.38212788509091755174
1.74767472656733868774 3.71121083012278685231 -1.99214766138217891367
0.42627785243623872447 -2.52270691623298093376 2.92842675484162651145
-2.18821216313031685630 2.56062761531378146884 1.22415089839668222993
3.02979819469060007719 -1.03455612392035067870 2.51681355696353037388
-2.22629607641876248181 -3.51404913676127339528 2.72556336755147565754
3.69456970670799389467 -1.79887630032995993190 0.64043567833549097656
-1.70783986807031773481 -2.44864383403433194530 -2.40564455808511423740
1.80256760477074795546 1.50217820523965261970 3.67897423833416059580
0.36847445211220453132 4.14486551330231645096 -0.77410739949022877582
-0.00726144315150190067 -4.47807136950779227647 4.47307361925680257997
-3.68939416020253885264 2.46843003069654454151 -2.87912439490558469402
-1.94610064677356398022 2.17449852824582556821 -0.77737535558658077406
-2.58777568650989975296 0.30555635594964503099 -3.69964734664906691464
4.47135254665288872644 -0.82258528524446727914 -3.34685384383579842549
0.27760437616469069155 -0.23168958720539478691 -0.46853783494079070948
1.52406680782829706544 -2.90865544183637192432 1.67966786880689511463
2.56538489049563711575 -3.99008564806429433247 -3.82515393646540147188
-4.49890024928293907891 2.96940210353293920775 0.45453100447754835045
3.29603839817859078920 -3.30294753930998297164 -4.42887626942156931165
3.33531136917356452187 -3.62880525651634755491 -3.07970227617883551829
0.72365254518039545673 -1.30832461831918944739 -0.91368227657909528716
-2.82512519850897936280 2.53809574219013445173 -2.13820730099656186596
2.20744309913269898260 -1.35924759988938825828 3.73872643732386489290
2.26936821040594427501 1.22172586789707349197 2.37134652100010878684
1.64778161559580471618 2.15225094057506183276 -1.41087380733884737438
-3.03741088767350220223 -4.01687488028986550148 -4.34248156529006301696
4.24862883209821173836 1.22489343471830469667 -4.48716701282170138398
-1.33021570177429548920 -1.23729801200306921416 2.36473256700474809833
-4.00003273968834971441 -2.30340383878703436338 1.00423317720078486559
0.24042104677983466843 0.43559610340396304196 -1.92897530287582297248
-4.25912196174614088306 1.17290179450562170871 2.20001864334146368662
-0.93730206665857940251 4.33329948200705938888 -0.27054504763485809349
-2.21732021050152994235 4.27275949708152413820 3.56819174790096749206
-0.25649212664821696706 0.62182692319440135975 -0.91614223431282715282
-0.22379917789337167022 -1.34804053595310557867 2.45090102297325262981
0.25826397605746009845 -3.66483030535503173653 2.18347143330233173231
2.29767098673789771368 4.43734195224775884725 1.61349741266186530453
-2.38969906233345330548 -3.48032192318993471858 -2.68657168067274199075
-1.02256302153187927928 -1.04188857853040151014 -0.65103997284940984258
2.60676124445157508802 -2.62545345410523056628 -2.71175750910246682324
-0.39619560004809528664 -1.82531855371673978894 -1.94158144299278223599
-2.63439558496998360582 -2.23397050457077428476 -0.82579357222030580488
-2.13028846691201412256 -0.98360081727398629425 4.10844407149721657646
0.86196793128387039218 3.69191588433653361534 -2.64461294795679036085
-1.65192736490822555950 -0.37800448589808777200 -1.26485841665786935550
-3.25076134291658336295 -3.65031511951378329073 2.24407365561371641149
1.99691617908851437591 -1.52683386018406919149 -4.31373351860592535445
-1.76105692106641154027 -0.37102864668300572504 3.32231199942446497886
-2.14232182461271936091 -3.51451744786832342982 -0.88731428231718156852
-3.89660748996757089202 -4.26586236235023363861 -4.00902410357047678247
0.52737652819167024631 1.42797776883498084288 -1.57612624888995611627
4.38140215797898857630 -1.93076966492960355737 -3.28246965996152040290
-3.48671080878543238057 -3.14006122200052661952 -2.27890328532450192611
-2.83771991575090609672 -0.52337251609664647845 2.87335694211564796063
-2.69425819984623871051 4.51008544587582616003 -3.14697708586251234664
-3.78122779695305055725 -0.32236915330296245230 1.56528882505988331530
-3.74743941378947509335 0.40526125126282597222 -1.56533327337754712971
-2.79930912754142191545 0.58731466565330947560 1.49716399134628819212
-3.26391264003085668222 2.82533313270837904696 3.37040807097558481331
-1.06263450734340114678 -4.45930016436094245336 3.70664948636421076600
0.43509808428702445582 -1.98125730586862447424 -2.89386729706818757180
3.04784228072251561770 2.93673065239666097881 -4.22052291755525477157
-4.34473489389225697721 -2.91539697763630201166 2.21138882171714623581
2.60103245819911155223 -3.58111112216360139016 -1.95429117144904918035
-0.26103906022563094780 3.19807004665425420598 -2.29024483806247802775
-3.84830023602500803648 -1.57058466160758536390 -3.90201467095163101462
-3.21151340333013068928 0.36454952803366680314 -2.43677725148686619150
3.23283599404511878816 2.52811159803463869622 -3.11115724863618892115
3.70502746442458619214 -3.91028627884923629665 -0.47165743475393107076
3.60111806019312563620 0.31119672863784852979 -3.86878128297633239185
1.95398947176733006614 0.49296269718646623659 1.07932880893667171307
0.02185569696292244402 0.43364465542066543691 3.01513375409145911732
-3.11053983811982570629 1.11567885757320084394 -3.49478800455409688297
1.59765354478583798681 -0.12605206078093367239 -4.39308322035907306002
4.13513563080066770539 2.58085861744048994382 -3.56120541626234565769
-3.56275117552448827851 -1.24436732222295232120 -2.45904495733187422601
4.50207007631792155422 -1.34906440332465482612 -2.14072522606963655534
2.82918991381469098201 3.52738859999101972420 1.34347779604868211578
2.48967723765085491294 -0.20761524690811405947 3.83622654612975733102
-3.89561794743445144462 0.81510105050106318458 1.21508674597251253857
0.04109635874146455592 -4.02361806945294286919 -0.34219704556371777215
3.78516256550196761310 2.65600400926429802695 1.29674086317118142375
1.00227081102333048790 -2.15840129639551214780 -1.50100485497478386421
-1.83520601549276918263 0.08128113002885761773 4.20045466767899977611
-1.23960999300246399457 0.06730294985831797305 -0.32284708469383538443
0.18355637652731093823 -1.97136022328954840788 0.48352212485192769265
3.77844729461169581697 3.26512784543862100151 4.24371750575349349077
-2.55851930848266029273 -2.66955736984911462528 2.20684274222721921177
1.16316656644332017123 0.71188821683777359084 1.94598913857590094523
-0.68341666852162319401 -3.80586622608796476541 -4.07743129053685660068
1.50590436985769748901 -3.18192007502000340224 3.28161615711648213534
0.93902053848154043436 -1.00773660285649713231 -1.86850805991148183338
-1.15406320897678460469 -2.56978115716746735586 3.30886293460998803795
3.80426302292571616448 -2.19541562476990437247 -4.17720976118407438804
-4.22191635155704858562 1.98870111087275436290 -1.90153570379268010981
-2.82186936785986874909 -1.45311681613185417206 0.21357126948326143889
0.55006170303074508610 3.70323800491866794715 2.35868993074420174594
2.47714435663158027978 3.90490357024212375592 2.49520194004390472031
-1.34660430938870900874 1.02032892110352779724 -1.70202224461583329074
0.92685755037764128161 0.71048364000638741800 3.48545540744495685459
-3.34652864304493746772 -3.18499151976165517652 -3.26503688349793064205
-0.83941716881137207196 -0.44819484754657157310 -1.85132851215540927825
-4.33051689465932909684 2.31405357350867912913 3.54043607652876968217
4.28365035655255343983 0.29674808120299811520 1.51674949843589690346
-2.53808937711793625169 -0.54720823921893879671 -2.08079929069206404080
0.66303153063192343808 -2.56666967040503957165 4.51705958323357403827
0.41663666001413091067 -3.88915950576005853279 -3.78974045907540091349
2.21959556762865961588 2.76365303552513630336 2.98987394434621389649
-1.81091307525865019556 2.07916326720774069514 2.50403946497157914308
-4.06372129816770666366 -1.28084611836126871509 2.26534788796866948246
-3.24057370686325096898 0.98521590553814775149 0.02717116502297312053
1.63664340935940622046 3.34025481115947719957 0.50035927242003541693
-3.45764068573375160653 1.44683464420307128506 -2.32475829855966953374
-4.03491218794461836694 1.75558108945578883464 0.28018170394871955153
2.21031996736362490452 3.94398719381908247072 3.65902161219977362094
-1.69167352080946153947 -3.00719929829658205733 -3.94329188928380425239
3.35669501765424005413 -2.38034972507506603634 3.78890000089759038104
-0.94039021165189273788 -2.69904550544382493271 -0.42772784992992995967
-3.70914270960796743637 -0.26359038383434008068 -3.25244456797376191304
-3.03424824921525315702 -4.07029301658602715719 3.48974140703613233683
3.69788032430071123002 -0.60754991201278674140 -1.87842900437336401964
0.11982670494350244894 -2.95922011391710793049 -0.50038650248554805700
2.27065460595706447577 -3.04314711021863093521 2.56887056696953042234
-2.60034122929230360199 -2.33213325715421460060 -3.38244138671193228518
4.01404827924977691822 1.52743148458078170648 -3.06897868420200392592
-0.00499732669973518284 -0.71557541473506702800 -1.36275985992084525122
-1.46064810264734479262 -1.17516531494626708110 -2.41182358303174160241
-3.93860111823889758043 2.50224498487854862816 -0.89121854139081113644
1.92008812882983814774 -1.02774860335559026225 -2.17855469336646878631
-0.65461071249660207627 1.71355600114258610489 0.63040340088502855309
1.16173330707092770098 -3.90597485846848613278 -0.58756589863174069066
-2.63617498492203639060 3.27137689710957157985 -3.59350881244551700888
1.10736771790162347173 1.30526324733486109864 4.43500793742485210913
-0.18203333402521426621 4.19483742443429452607 1.47757458911102279586
-1.79906697114430347284 1.12200537615514228662 -3.37012317136442351995
1.10612065806911008536 2.50291720527951877528 0.12867228327308932734
-2.85361957439593627583 1.46702923447311572858 -1.03420552234609974818
-1.65073609623090167275 -4.43172042061521320733 0.87759771811459952318
-2.97674678514159829490 1.16170698346146128443 4.51257933516153020292
0.81943999811325873850 4.52028517909231286609 1.24204353929264943446
3.88565953660382756851 -3.12950095303152897586 -1.49900779818781870745
-2.66235034110780643957 -0.52299930430866492514 1.39308644650114832331
-3.92003990911301514188 -1.09598661254967044698 -0.32603283693609430571
1.88865837331675390232 -1.87974995483978668531 1.73038641132094106467
2.10304901292355594933 2.36717240162832442962 -3.64917134415632427036
3.05106724859619671264 1.59771648891355422251 -1.21447035609057341077
2.75310676348005767267 -3.89804737248048871479 2.43965209461991161533
3.09924524991599970036 3.72962642100052033101 -2.09105060509299001126
0.10381977243415274614 1.62304311625621711102 -0.06953689493768600016
-1.52094395550028149700 -2.37233470172273941401 2.08116201251158106089
1.89873245557766789915 0.18159739215658277089 -0.45897760561885903030
2.48905765547271062843 2.93208379535874552602 -1.92257250539557444924
3.58499096799620975418 0.53336558754209573152 4.04351564995303025540
-0.79610148931659852067 -0.00217803480632650093 1.74167122682594577299
-3.06735230822315729782 -0.32364193557774090237 0.49845287521425163391
2.42533975358038134118 1.46458247606198899149 0.76577003108429497757
-1.01891248062978645450 2.47782769806255220857 -0.53350531867835204736
1.11392842710257244931 1.48871258067146872150 2.88674791945975872665
-0.37804926645263314811 -4.51971396696916638547 2.73915056075044915929
4.45209560572085027985 -0.30324774296907275328 2.76556006756757088993
-2.43512811262644879307 -3.51959112605692148179 1.49646868505263963556
-0.60973668735848596256 -0.14632553129956082927 3.89392008512845055890
1.39770250671998397252 3.14057796221341778420 -3.21571727461343792598
-1.63005525859236843900 -1.17036225670244320440 0.21149058817653543230
0.99610650798974109676 -1.45936035814975584302 2.47576310949898648062
2.72187793469934380397 -1.72872229014428624438 0.85246337591395970890
3.27394838844701485669 2.63238144065366075353 3.77480333098933140690
-0.81837595314888567088 1.90075648769955485307 1.72055282694477806871
-3.60068446959955279496 2.06260672904023678598 2.75427762060805836342
-0.99170170133388113598 -3.25184315004775292834 -2.47304907420734521040
1.55822283699082664299 -3.82119193363487141823 1.13785393907132625912
-4.21161115642319483499 2.14139814853407006723 1.50500553748946508392
3.21852775421040515624 1.85376544521116493058 -3.86194580254801822505
3.72492679755423328203 -4.10909161219064511528 -4.07873910862699151636
2.18399907772160961628 -0.90901540580641038147 -0.08084846016335589525
3.60389814127066454574 4.15303013003408505455 -0.25881034341665110077
3.19373441726923257278 3.61732096357827526134 3.19056493899655357893
-2.60521756844345730997 1.81173743551113108907 -2.99743489188020939551
3.19392899493617665740 4.38339860656972835073 4.06406466820968770293
-3.44000521828802252600 3.80247965145805988385 -3.62790811354643505382
4.38485950867515317242 -4.40925578538121154537 -3.26875885550116640488
-0.77405160997302990822 0.86240207041585126291 -3.90883194037605807836
1.14533321580269298323 -4.04394639015762002998 -2.49946716554560399715
1.24504619276885275525 3.56147707600404839212 3.47422713730352850092
3.46817814227339038524 -4.50818301503158291865 1.66477858558960623014
-2.59033114758284099821 4.40773936209757355442 -1.20074401381327877658


