114
-3.77420508337459814641 4.21802067538409541925 -0.17619281885904580776
-2.63595457222457874025 -1.26915093080992580354 2.55013032944342654673
-0.94997320143294494699 2.61493658750138369129 1.01831155620820901220
4.12029376823654747142 -3.04749442730023600845 -0.96144435289407237377
-0.37853198282583999656 4.37420305075429194375 -2.16955691358315094774
-1.17129351033763917656 -0.35338491067701305326 1.19703448631997577678
2.09467562077147828603 -2.34882670201794718778 -2.13855625413276984048
-2.14370722299207017159 -1.72088798482981264470 1.10662358698128482359
-3.79804047063416483354 0.03654643199868701231 -2.08889558297637689677
1.75068815476340589044 3.71670053827163915372 1.81039494527872157903
4.47553835483405482165 3.00033430712228188497 3.54451803781717966757
-3.60999226822931307268 -3.73494403454671219933 2.02041175202365774766
1.59533832493165128597 -1.58862286805202268525 -1.37527184822704118261
1.89997444200920551083 -3.25265510958158232668 2.47237210711038901678
0.08220805639032935375 4.11236930501149000605 3.36409076612303525877
3.45166285371501491142 0.38090770376105442807 -2.84539560122005985576
3.37587832048380409589 -4.25893111807010082970 3.27827177087755394780
3.74087399025587696855 -1.15222371310049709336 -2.21043845588992304840
-2.28946230732137401276 -0.28205654640863109250 -2.78462004312100219749
0.84127384763039714244 2.63833981418012353259 4.49993771830835154191
0.37457008692281945628 -1.58283344506249967765 -3.07452765566051189339
-1.04091525488433811475 1.69293978645599008104 -1.44530285861622509458
-0.77848152077790810921 -0.63507712922553061219 2.94596667871972517361
4.46676373809669780002 4.00813623223524384542 0.62059132172842268460
-4.20949266574371971927 -2.26308805207777163915 -3.57269746356031303591
-4.09160009438007588045 -2.59204183427417689245 -1.83185270241028863580
2.74319510125415266799 -2.83094885967984977171 1.72537011709419996208
1.26682846440107343966 3.59856429350475703899 3.91240304417849582563
-2.61891689417071216184 2.16743087514815879757 2.80704753376681548360
-0.13398785720772377061 4.37371204920696055041 1.88041417625857931739
2.66607501448327344207 1.83353554524564987815 2.42778606968985677383
2.31817700450321240169 2.47677441096742789739 1.21904687874623185451
-2.31367519417936096104 -1.44234745783259254992 -2.88806954344647515143
-3.69722237097711214915 -3.67554506879155162835 -1.32261209705657600821
0.05882890458593958982 3.01580946546928618801 -2.71634131257842348361
4.32394268951636018272 -1.03708486324765392084 3.54543754952507139677
-1.50846631047356094513 0.43116959667329979311 2.59296878768564820206
-3.09421834162877740226 -0.97689926025101936347 1.21057081986575898469
2.48554984625107877605 0.62035160825478996571 -1.92287017075147037559
1.46832954788295388937 -3.13081054348605869464 -2.17054238574604863032
3.50957040410279130782 1.21193116511791476597 -2.18051502342959269143
-2.85387884096025423730 -4.30789197840045279264 -0.10534090922491667897
-3.70901826888025354378 -2.96983321795766386231 0.13805852001415175323
1.64737099336198600241 2.40846262998042526249 3.88424245402814438677
-1.04807431881747525892 -4.24136393825763313714 2.17569998120568630640
1.72756646038861649828 2.06446979436732025448 1.96035048096090935843
1.37899861560492364987 -1.64743823616840590063 4.47296609068142902998
-3.26646374485456902903 -4.00380475162729076999 -3.07201783694181651541
1.21369538367554952174 -1.50169056348763696462 0.12515031224718509151
3.11506084231006052931 -3.15381596450088119710 -4.26995541314536009025
2.07174031473165598527 1.79895818903579840509 -4.11711099866243923628
3.71508372909683526331 2.54648145713880236229 -1.59950799149718436709
3.55263431632186321707 -2.51468482064094311923 -3.48049090112276227060
-0.75354626793695800302 3.59063550377857065854 -2.76755552502216106703
-1.89206590060493295979 -0.92596696970578573627 -1.46646099960128495354
-1.90156301484913914379 -3.87297483391909391770 0.05014156378061596087
-1.46056591983810335478 -1.95751085682739311977 3.53343495540552066103
-2.26449829749877329377 -2.81210510267060254108 -3.69973636181269949219
1.30164641146709936237 1.14270350088612371309 -1.86076615534069977898
-0.90510935812944914858 -1.58007934745797218312 2.11884032090959717465
-3.12821767092960811851 -0.21008032696191225597 3.46845295206926085285
-2.87716007606007728725 -0.58920508764520285183 -1.98236699773062907681
-3.54279946008925783474 -0.62362795475737309303 -3.71687076238600377920
-1.24463302338665693370 -4.02281335842535980873 -1.99816176753029317581
1.42763533671432796268 -1.26244259424004479087 -3.46689628761203838536
-3.37084667080895794555 -2.18969600392819696566 -4.03582605129201077432
-0.43488435941325764844 3.91788251001273746255 -3.92844292841819120454
3.28388098970285824407 1.83584693053226288839 -3.04696934351495674065
0.45714109569051331050 3.69994023545758476956 1.34946663366256824901
-1.60434806515436889640 -0.76683960848750842842 2.17707938771384146293
-0.30247975516694403098 -4.01522273663646434017 4.17011163340217816398
2.18464899091096498296 -4.04148764512697056261 -3.67439473763641277770
1.78803977621445664425 -2.55313167433820620289 0.51811471938401343351
1.25585307337499330060 -0.99412140412854022031 1.46277068793868725294
4.34177064723930516976 -0.39984558651430912590 0.09133771839106685775
3.58083910246448500203 -0.97497547970519571336 -0.87697185385827403081
-3.12127624474914266983 -3.78819363097079664371 1.11229882975578675541
-0.81316229066444645213 3.83157735183942893542 2.89208793565828958805
2.38975871177009757673 2.93035528980855364267 2.34757756695747321629
-0.60798249518812452763 2.25595523337556347343 -4.17203384293633305901
0.62515089339227003506 -0.13670253257303066619 -2.12304052897807249423
-1.08648400311067527824 -0.23067141057596529663 0.15715219880856423629
-3.27389922564135593674 -0.06353062909487672272 2.15667174707087117014
1.02219761530920827397 -1.39283067859639064778 -2.23331529620337221331
0.90541086323371633426 4.48356502036407267298 1.90781766868118474179
2.45625928963875139743 -1.57067538505282522365 -4.10163865181842801633
0.27543206573226175493 -4.39806600928167323872 0.88244115905084896667
0.66390776561532849342 4.16917057000287183399 4.53051402949726789160
-3.81414194636286030260 0.43953823238431066756 -4.28552733609751346222
1.38344836537446624902 0.75748463247502506590 1.39027382102932239860
-2.80637323269949279236 0.76659376141753643452 3.13576699319271057220
2.36663286905473402300 0.28814443127988464965 2.05937296089011478983
-1.93860444047240054743 -0.92432127257718521562 0.27102074867253200807
1.41404107110121568525 -0.09715479526933457066 2.58643269734090264222
-2.48942602685309166688 -0.20034175623814043377 0.89159763074755638002
0.81643377411232531671 -0.40748308222499574072 0.56126930020664023147
2.66636557864548073837 1.40393007170003425443 1.01930548840874113381
2.57663994001601270867 -0.51960211143623968866 -1.48466674398898001996
-2.12178248059691254568 -2.91255965878396327895 -2.30392288015446977667
2.60715809374485463223 0.96790707700290834481 -2.98023373461474383461
0.57944196630115918367 -4.01892049941068574270 -2.44533566578352834497
-0.55328468183628398691 -1.53671368676882202919 0.95975984599830166388
2.64285518013690623462 2.56154102750032119928 3.70342692421167907213
-0.70303927252309117435 1.85173534138031836704 -3.08523006047285974773
2.97923035276383441072 0.87153251455723612651 -3.90397089722575163506
3.28884532778108606976 0.45868717881962073335 1.13296658710360009792
-2.15561067991620314288 4.27088503272562203250 3.05800491945324193210
0.19504717166758478442 -3.73109691954919764356 2.36210623524155405306
-1.18958056976591963760 -2.87966140218075494772 2.93919183571730169291
2.16667115268772025871 0.32746625918663241350 0.53363132706796534421
-1.25836065053499179811 2.71450656248682431482 -2.87711083943828827003
3.15223320824717490041 4.33469805081768644328 -2.74236258705149316128
-3.12005364070415502908 1.25269000231987437388 -2.68184188535376621942
-0.76997980237334928688 0.67084424283153687441 -4.35666883950919725521


