441
2.67261918171826540203 1.25176502761915475759 -3.47888274141740216905
0.15912262950199096423 -0.79862927384613824344 -1.38229942998182586678
3.41806713108538851031 -2.12582997566230380571 4.40887123088815346961
-0.44737245553736926240 -3.89237868650537288673 -0.44100254404824124066
2.81351546059432333635 -0.68086946526910541166 1.62963438349108624692
-2.27788403348504031598 1.97580771920946940412 2.37371170733436276379
-1.58862972511500188944 2.73861875108672592205 -1.44651644785316690900
-0.49131712244571978943 4.28892583185508069477 1.49173399972587983342
2.48784614803005066364 -3.96345551609803825599 -3.87067523879694652678
1.01518827068917971701 3.52158425753906012545 -3.83861222338345831062
-0.65519138718151914702 -3.14901809532369680866 4.32478818606543935488
1.17295724188517347386 1.84440390239329321531 -2.16047475960473889245
2.11970646782485427906 -2.77541101655310518126 1.47866680756891000215
3.65727022318920003130 -1.07660602519186943127 -4.44343443174390007044
-0.96574978230078833974 0.94790541610035106146 -0.26853048559248282601
-0.84087817827823974071 0.16560303223753436441 -1.05069316253594191579
-0.23826767066059328926 2.16914878769675478765 -2.80164535041721540765
1.08576671568925586797 -1.60313171466023440814 0.84333802718228056960
-4.32474380597993057762 2.13753996816322544561 -3.83779828423990432285
0.49305036313428107775 -2.55779621264754952747 -2.40143164889456128819
3.93225694705704764687 -2.69729774090866447622 3.43619242563390869805
-2.59659332952718768794 0.78834246164689147918 -1.45918394786703986554
1.79688976316481596740 -3.74384574755118748612 0.35976766178746366620
-0.64874345712707004452 2.73656054808458026883 -1.20585329277589448083
-1.18863919979337673283 1.88475949502261297397 -1.40513923501458304344
-4.13473064157337510949 -1.63341075821292136538 -2.60052379839076275303
1.26183954395587161201 0.50474245184578947487 2.80063640575147143608
-2.05037377739446702307 3.84449653316839867756 -3.07807630994845649042
-3.83689931640182724237 -2.34598790466040085789 1.36608457616118172950
2.85822712098927045332 1.41870310714050074097 -0.73483720104720973154
-2.08417957639993245422 -1.96310476307739634194 0.74249292848005854495
-0.84987114406736141703 -1.03142870607102299374 -3.09518490758443975963
1.72300244422795145738 2.66533710155471492698 -1.67464536576419575908
-0.62782158402005583397 -3.45256592495878011917 -2.18027349987280061328
0.72890854694133189184 2.45192089386608724766 -2.96162811225489530642
2.04343221723572643356 1.88841014482069358138 -3.09667478689002440007
-4.34408783293730138553 1.15405228817670924002 -3.34560657765869295943
1.15394723848332692029 -2.93014015026421414944 -0.18195981909960945444
3.19098027022420982490 -3.28378916716724411629 1.26100246807731597443
-1.35383285017243526482 -1.52564310498720612230 3.46047881700585602260
0.54355169690740101629 3.48014102654310786278 -2.62868891678423066693
-4.09386183169501016721 -1.41489722601423384418 -3.61532874715954966049
3.94267110860564695685 4.46876528200898359700 -1.47043719914176218566
4.44629055706516407298 -1.66897477566300445062 3.68317898740264748625
-3.29628412830334704964 -0.38449389137786749160 4.14207339371843819009
4.27994082793315211433 -0.03692209865680506908 -0.01313265700178600781
-4.49030968348644332622 -4.44435774652420700903 -2.44594465965227580995
-1.42204869830052382795 -3.41162064576897350321 -1.17569690806203119848
-0.03127006615732685901 3.30323230986042926105 -0.21161799566727523825
-3.42303506805400603596 2.96503870922101153695 -3.26477722593607921908
0.50721400544336869842 4.33483500963419654539 4.20380883574730912500
-2.05342154289944645029 -4.49102541791829157347 1.45297238872832412682
-4.07816485114537474743 -3.90294960680077096526 -3.29751015895500243502
-2.03933647497002912274 0.24588686001670279069 0.73389976178895199865
-1.38109381388246976741 -0.35288956321114817172 4.35261561098097882194
-3.81312858663837195294 3.67830076427427332675 -0.55698377064509285717
-1.81816084481572159959 -0.36605379217950950732 3.37811313931020773538
0.08751061318258468447 1.21169981028264395206 0.86635024962008966298
-3.66313630391955324939 -1.13962554257147496983 0.94606329907638819776
0.42591029141664105140 -2.50529680816861421988 1.30926502920086207382
0.87107154269367637056 2.00579222744907870180 -0.89075743727011502671
-3.55065000194189250848 1.80189402145726429438 4.48373558854900711168
2.87057765594009950405 -3.08243359342597766926 -4.38710821241259729675
0.58733195279674266231 3.91467881563833319802 1.07002406092101320922
3.80300056300574151891 -3.85744950640498229788 2.17706410424513840951
0.45159296880154009557 1.55278378925918492115 0.00039687752371087015
-2.74326130701987835891 -4.20296149808977492768 -3.87870930988281337193
-4.38337513741588757910 -3.38289898939321043159 -2.46027580961161618234
-1.48436401578025911618 2.86403536332931185626 -2.90123140531667234043
-0.21205904687471921477 -2.67749919417027548718 -0.35495439151043672865
2.94193463195070492588 2.76819197018676543820 -1.61374585788798929897
1.52043058914503337320 3.80661379786098219569 -2.96774391778464341485
-4.41283295120685892243 4.01177065893370166094 0.36490322512032946634
3.58268992674663788733 -0.74571884111121455874 0.71189284897366356120
-1.92063858815832055882 -2.87198242283883065085 0.23650196579530913255
1.84753531537621729086 1.47621355178179580747 0.94696894072416526456
3.82322208507003313827 -0.05063030782049349199 -3.94498310697457910123
-2.88850972536603123331 -3.85918050436082182841 1.58269966895488600755
-2.70492595253002887645 -4.08085084995767122251 -1.70256797695971862083
-0.80992516195114694355 0.89495612928455781088 -1.83109257617558007780
-2.17099565543578121307 3.33469640832563829491 0.79960515863239667311
2.35343523057631109907 0.44942718196580422330 -1.29582644356089016213
1.80284117349295325283 0.69899395038744405184 3.82296624517631666862
3.51007101522645736935 -3.94149169848643055047 -0.40007189708635859660
2.34673757526308257582 0.23036240065237922892 1.34019764429310672682
-4.01952723039237724834 -0.50076344881443102253 -1.29932102703982765846
-2.21656510756743729829 -3.50611296910352399081 2.77452830903583791411
-3.18531521193811739678 -1.77624549032996004172 1.93945023218488987737
-0.47048512703010558766 -3.57594968463981421891 -3.79988334780144709768
-2.07187738944895771809 1.17394450917513637478 3.08857568063286080928
1.19059813983978823870 -1.42243497738557156396 -3.14234003914647797018
2.69516409805464274285 -2.68511297579686081249 -3.06981765007221296671
-4.30595273719419768810 -2.61724036303735463349 -1.39888632724316863687
0.95955653229188797582 1.30156192667720471690 4.23080883632694604302
-3.07895642124174306886 -1.54267265074755099974 -0.78914553052934355293
-1.43735919199390682621 3.20288726790052002968 1.97761550369269034633
-3.80862727004909640272 2.02378006018408296285 1.78124601207709254425
4.40566967587668312234 2.04269464055561922322 3.89195991989000855682
-0.87084357684877033989 1.28926105577494887200 3.18777001910156432274
-0.03263751364553080236 -2.11000945717529209134 -3.16098011063155714950
-3.22735789778762383051 2.15076514940706697843 -2.09828794440733323867
-4.41035713918662342081 0.80181914431201128934 3.50897595377015480977
-0.85056729715565904115 1.85295739588601460213 -3.48988300750427438146
2.31389854165766006844 3.43676391731490671333 3.05685851260017660280
-4.21780616986163803261 1.86457346899236586779 2.75169407128315590683
-3.28691643296888758030 -0.60563099071924497707 -0.47110671466550790853
-3.21321409760986531623 -2.32650432432725873255 -2.00652581842099575482
1.62634577854628936677 -2.34867556501173613270 4.05183112006498102886
3.09095087254599487636 -0.74343319582979727755 -1.47555123814133315463
2.86645345997383671488 -4.43368697895112351404 1.98506804399562408747
-3.58591537242166680244 -1.39156066146329049360 -1.71186702638417553857
4.42171493379882551977 0.47979634225198708464 0.90116484009444608461
4.24063000269666812159 1.54960814293233539729 1.20676634311232433561
3.61371566944010513822 1.82585155916435226686 -3.58582557780376998124
-0.42385555943664421363 -3.86466889497293752953 2.82731753495751458871
-2.22944512015536799865 3.69275204571654480645 -1.28941691632559107816
0.29581132935270826323 1.54131227545037585713 -1.50021400589558595584
1.84280710005853354261 3.31851145530222790825 4.41292879754769007405
-3.26359361653795287950 0.53259854993000388390 -3.53696696080067507495
-1.77228065634748466195 -1.32696355341882110679 2.42482629641067770621
0.70459815583402551908 0.11953888558043423984 -3.55478288738699621518
1.91147244247562575481 -1.35316434108329719521 1.58443740638592434067
-2.04186617508918555330 -0.95461563145909256178 -0.16313940688557515557
2.03844600342266257798 -3.80592621500420946745 1.63899116617794771145
1.68092733591551546368 -2.54758483259944901178 3.00386919930941242995
3.64419151078496117435 0.53461917993926100223 2.81770614125286034124
3.44649014034429068687 -0.37164734662454712577 3.73010701339110273267
0.17137509093237390800 0.20153704967785213142 0.05141731034353114183
-0.50248487869704572262 2.30627478627210180662 0.33308419555683066449
-4.12333369192161303118 -0.23576388545408555331 -4.01394740852239362283
3.34985802009518884859 1.92077178725254338332 4.47217067837029613742
3.48027778738217197230 0.77757108264914087670 3.94873502451888303000
1.07690777469478593531 -0.14430280984174892467 -1.20593904095213311223
1.25129640730013935723 -2.76177476953894540657 2.14166153835266914740
-3.72769351175026431022 3.24217714036937199040 1.99702068217322104005
0.56668187381306101003 3.75357565126842462888 3.26727514156978582349
-2.65705083966000277229 1.89834357717187085512 -3.92632223676502922771
-2.49731074771105010512 -1.58114369041912361524 -3.79462114508864711837
-2.41622105663863440128 4.22948869241304148403 0.13621908141888905419
3.91966692282143380766 3.14099443669754041508 -3.57293534366456100315
-0.19916843996017430385 -1.17076229209883431182 4.35028191342251435714
3.95000021536753376239 -4.21246111595076033751 0.67923075398041010686
-1.86536251956898846416 3.56686597604238020409 2.86935596169337880923
4.45701159118663436942 -0.55316196327487832107 4.09429557262430687814
0.80783888934722014596 4.20886278280453307588 -0.38264981969942457596
2.01676166624264130434 2.92337764288177837102 -3.28984263878737959175
-0.95090403169344206447 2.54550954150290742461 3.37873689509679575593
-2.43489850664277973635 -0.89134543014413125661 -1.37112839763732452525
2.81551120730367276934 -2.21616209838704936175 3.20926620210540658462
3.16188777418042032963 -0.26906799489931110259 -0.46612558990851571394
-2.39986239774077514397 -0.24144301515990651552 -3.82148756492494090509
-1.73902439806709407932 -0.06470793398740770641 -1.61852920619713813721
3.78275948209673718026 3.77031501195009699501 4.47610252190329926947
-3.91936989613810382593 -2.84212268304644144479 -3.41231703000889874389
-3.40824442794285298319 -4.26928784263822880263 -0.67423665785831898845
0.34940589538995769914 -0.83026268183275053758 0.68613947984141265835
-4.49545308157314771336 -4.38749798525326539789 3.21022956627773137228
1.70404111259552060176 -3.12231430545448906955 -2.68878298854488217984
-3.00979504962062982543 3.17760434805558045213 1.28584307255190655184
-3.24033631350754136591 1.63653450259305888181 -3.03779029350156370981
4.19252999180391316969 -0.79045532958071751395 2.75533155958015818499
4.34817197003395872201 -0.47621579011694592509 -3.06543617176489524567
-1.73741520775275493094 1.43493592757368571000 -3.85226063644446936607
3.96914431125502797926 -0.13857215474072859251 -1.27427760034148107593
1.46839121552099971524 -0.49216365507189152595 0.36115364630573498772
3.89070238877236018737 1.82474991646844308946 -1.93386300512033137977
-0.65588967587174895613 -0.68437562056790124387 -0.11787050754899741634
2.13868971451770928383 0.27885568212506850472 -3.42233976328162947667
1.27411250023908539930 -0.12080717551690600686 1.29541909623328610479
-0.75798878233727728926 4.07198329368403033612 0.36433106083242172701
-2.02070416218024107025 -3.13901106656334505374 4.19156473322001854598
-2.47163950404709398256 0.14057016404265798570 -0.35347304129358381175
-2.02540768021065975546 1.75387510373682520282 4.08830437830147896960
-1.23682492791907172602 -3.45289740044929915896 3.48189789855787257267
-2.00597063150774213014 0.06637940727427515952 2.12224875614268171375
-1.46381025888999971585 -4.23357804935669701507 -0.03081191200686639320
-1.26870606245396233547 -2.41793014834584951700 4.02688444753729424264
-3.52427118867008237757 -4.36456591358296996930 0.90746469341475499704
1.64564877600115799794 -4.21865075392247135255 -0.72291087286809974088
2.19185244387412669909 2.72699898418266251099 -0.73681910658940230618
-4.16980039196015450642 -3.95811181657205546358 0.12170400220163113403
2.50902571551241049264 -2.88844111229936117979 0.51746557118632718897
2.90839293753962024880 -3.95427852394298628980 0.48852567494061549525
0.13207227234343310585 1.68507723584108770609 3.47975862708318661731
0.08828521252762122629 -2.84618992224473066344 3.52241491229287273512
-2.06618828972046264525 0.52373414479307456304 -2.73287963383227561209
2.57664964749057023852 0.21399093211941799808 2.75656652353621378637
-4.06601174841661539006 3.16939100180202171231 -4.08230857048055728598
-3.57860478934182957289 2.66818579665660937650 -1.20884642843660383704
-3.67255690365890474780 -2.72172614098483700573 3.32118227650595532197
-4.06248917019107746995 0.52599962923803378345 -1.41782775505068103783
2.77095499902632980138 -2.60249478662388966654 -1.77083614703854053118
-1.07105118485442485365 0.11810789918390263153 -2.49521471509611325601
-4.47643117985241101309 -0.57124071867962777915 1.32210012236477414405
-2.81136311872511157617 1.58753346061197131434 -0.01983757890253912137
-3.42644262237396990400 3.62612696203266882122 2.88712595394194426746
0.48040235224383653900 -3.24839896403000638614 -1.09345389380326363238
-2.32740643863889928866 -2.56277513664141887162 -0.81241683884552395867
-1.46603968304776266507 -2.21186706078290784561 -0.54590376447212518585
1.61286787510137052948 2.47226191658876626178 3.27914007461250189834
-2.78546898818682642229 -0.60795189759989742839 0.78206178471977949584
2.80120921837355840722 2.42945539062748050441 -3.91458246687422528609
1.97793406425131390591 -0.52254411199462857951 -0.89864644919553526847
3.89228760674400309227 2.30544919746809551242 2.68703302546337852164
-0.74453801902901028953 0.85392588071415609363 1.67847932451026604639
0.60083668214454810652 -3.74336332656089654236 -4.44814414654741341337
-1.94315397933542755027 2.35045828786607824412 1.05559841692666100954
-2.71374837191868190089 3.01241514981873059753 -2.04190069970498777607
-0.03702950180856934281 0.43371089945691743139 2.29240597421579206383
2.06685327617155589763 -4.53040686130288872135 2.80087972146206709567
-3.40310182087716128763 2.73181496463608208813 4.07929003989003557962
-3.10142551925510678856 0.66701342486807568832 0.28950679802003076446
3.51376826442754985891 2.81927002231550272171 3.96684595729590849800
1.67750780573212399105 -2.21815230163910603878 -2.02223512523834259014
1.23843142065183631217 2.31461241313580856627 -4.23357806071897169176
1.26965677166101365003 -2.89359966889499897746 0.97220748447506810663
-1.75300466456028658513 -2.72331153762323552314 1.95469718187411256594
-2.29079632456556270270 -2.65932162823615714231 -3.03297517307913366835
-3.00325895092808003994 1.52866632963530602041 3.49851620610577729309
-2.91040110654387529365 -2.74653013250806665724 2.24720132617858059376
3.74733387788971672450 -2.46246271020920293182 -1.88199972477944132976
2.60115832208687169924 -1.39838245200975297422 -3.88187468673054336676
3.03263001027278722432 2.51227973242469371229 2.07842346180628378960
3.57754656693941885948 0.68970860248787513314 -0.23954789032905576818
2.98555105337527937337 0.45993716731117384455 -4.21694821669738217906
-0.85326226447276143361 0.07528455743782558329 0.61776515326364744851
2.72003275128560151330 -3.82533852379232541807 -2.77929781863793134988
2.36064345917078366455 4.04660370497069887818 -1.09975303752179565109
1.04878579952590200719 2.83412481031097041040 1.92832202483518333480
-3.28476107135820960536 1.16734760324595931991 -0.89488463091161296603
3.60087959613546448878 1.50529610127877777614 3.28632862802683423098
2.73352236526156300300 3.62009474744226533716 -3.87186129041110715931
4.08906939763577081948 1.13323421420581826879 -4.24071661048593195886
-0.00175513620351086530 -1.94305913691120046849 0.28323759753718480425
0.31852704009507970540 3.15537598231026716888 4.45582379110866977356
1.31353535176688485109 -4.05075497121008520907 -3.40097457014454818136
4.41870679105622965466 -3.68419682561844163970 -1.41988953602776746266
-3.48154624290071756931 2.45859747386424487559 -0.17202985670981885136
1.62539904737617657560 1.45872449062342024462 -0.29221421404005365474
-1.40702573023225507853 -2.13982799685615443508 -3.03111539128448104208
3.72556216130704331846 -3.65683008968149581008 -3.72138955765211942861
-3.25767587308530215395 2.64652324725107579440 2.92820654418776626926
-4.01626245382650459703 0.19594523952660392041 -2.44271941603534026299
-2.67572265920861296351 2.91105263059848962115 -4.15434174026791414036
2.62786856121148471033 1.81296999252285395698 0.36699715454347803245
3.58992492738747426273 -2.94086019994387237730 -0.96796821984472058986
-2.84442306753699192257 1.93629124422803666761 0.92040993319332464750
2.91433881377221659648 1.59883365435936131149 2.40831743093615902040
4.38938503116121214731 2.47535322395566215192 1.71510031594405454314
0.96711240558078781504 -3.42657681457967733252 3.49238447079401037598
0.48566220243525837219 2.52810040327134455396 3.56037105128539810295
-0.29683588438081098815 0.64558425366047966776 -4.10277658551947155274
-1.28580840291748410564 0.83194437338575522034 4.44372781450693477012
0.05264201520987121796 -2.09988554301333341101 -1.10657386266277368847
1.37718204940794652913 -3.32077701571045391660 -1.81608751757500552770
-3.80658292743780624079 0.72114406686216803166 4.26315888887329474954
1.48958837961928924898 -4.27187774872332948206 -2.26080328014138576265
-2.25799503646373667110 -3.74049798033718827739 0.69471361299435585579
1.78428624916786038312 -1.09040226527593286932 -1.86034161587678159577
1.87720433889870808031 4.13122411515771315038 -3.97383921235246884152
-4.42045694176815828769 0.81626540426476257295 1.99213310618498073978
3.94983442510011872884 3.53358326190825611235 -0.69850035216338302035
-1.13056446529564968984 3.03474024790177043798 0.78831318006593686931
0.30832885331604220625 0.49378810900805714112 -1.60422009824057898442
2.00954277874983411323 -0.16475295085124663785 4.24901388011874825423
-1.98715744610920674873 -3.43398858528374573140 -2.20262867469121870201
-1.48685763454286457019 3.26789179067041413163 -0.52780945104135401635
1.40108027812883317864 1.06030274375901267803 -3.44366093536156814281
-0.19176836108434347494 -3.42375810661541502000 0.79595583736607888881
-1.89447547351983791586 1.00577289534884428690 1.63276794858084617346
-3.03667834258942592740 -2.68951975902913043015 -4.30189565867167367230
-2.57652874107752083432 -3.54225760643071918565 -0.71043546087870179662
-2.68054015747445362194 -2.39733936761384480718 3.16065993567497738326
2.79638405585385818597 -1.31142620737174242507 -0.19729380966097487260
2.18113010804377260854 -1.72393364957330286202 -1.06502701318142811715
4.17963645479319279019 -2.13824126141796044820 -0.59382887458311373052
-1.52827835705499914809 -2.80460615574078220291 -3.96757638886033481285
-1.67350991717294528272 -4.45299042477159012776 2.68196550929716526213
2.83468234728564549840 -0.50909249756953123267 -4.39177423009559042555
3.49236847945182571351 -1.47028271130184107207 -2.24985317212893187744
-2.71325379262230770294 -1.07820284502366581236 2.90605944865786103293
-1.75387655259569852362 -2.45553491662650591465 3.04538230736281967381
-3.76569756088659213233 1.30875257409422562915 1.02471554242977358484
-1.30360559843108925193 -1.25876843988424269583 -0.94098371393427093778
-0.19449722555376691702 -1.89979022195090196945 3.21433442237482935866
1.88523913820369681815 1.36862172538047399684 2.81083353364374932681
2.54224210455310206669 -0.41341564908330141748 0.34167128074432273621
-1.05273992198059040959 4.21525124319306865317 -0.76704068678872516784
-0.36282424749420627563 4.31868599012728804354 -4.01384505908884658965
-3.18710031618740163850 1.31285190568690968149 2.11171285693510046855
-0.12318351270734062552 1.51183474361929892638 1.99526134131856380804
-1.54560474539109726777 -0.75703372864088303018 1.14805647070294991607
-1.25682011009760774556 3.46329123920748660481 -4.19739575995470826086
-2.27438564698736334080 -1.26999309861951736877 1.54478996018662595446
0.48197134475119707275 -2.58634544049066494864 4.44172763401966275154
2.63957510402324135868 -3.15315362320035408317 2.33669463287965584186
-0.48652196764552524400 3.21099775365273298888 2.43645662311461830285
-3.26054956919740757115 -2.05240623922949660951 -3.14714998528972067504
-3.69902632193309077735 3.39514175815414009918 -2.13464122963458491355
0.08457894710301161467 0.34663943939310204456 3.83875860491474707459
-3.07573601257734585701 -2.38454909925789282354 0.08281383116114238163
-3.34501796243168092460 -3.39792273377456677252 0.59812671367920255960
-0.38771988652636579786 -0.33701551435567722592 -3.65734882677820483110
3.13388535861309325270 -4.48574823617006313015 -4.45179974425160818186
3.29873121244143607811 -3.60336061250618300278 -1.67571777762650020449
-2.69579590936160551351 -1.55130852134972219147 4.02320149174566754624
-3.69953873812846412150 -0.10248691699816081524 0.74552249309584528447
-3.51813714024349799558 -4.16247950246328723978 3.65405527892886627939
-4.30128318160146605464 -4.51132441908388859275 2.14410930516340325624
3.51356571728052902159 1.26790614164644299677 0.60496528508381075540
2.63761766504497074948 1.41264467541707450238 3.77571154690280064159
1.09565369516930921634 -4.46490997411049672650 3.04609669413742967237
-0.77068221827621830045 -2.50926872317180515992 -1.63682076410803745148
3.25219257355149604649 0.19296150216243024289 -3.10228097964777216333
-0.94632542971769995077 1.85367524288925800136 4.11843111668808159465
2.21095553761104923751 4.25982043427973966487 4.06426584205518093285
-0.75713859235975400352 -2.69076653652457009613 2.94963664655581236929
3.67602865358453545497 -0.11172860690424268881 1.97491880620768878174
3.52050852431325278502 -3.78751406124341150061 3.95500783288685386907
1.08985980253774972226 -2.61387903552189904133 -3.64429985379298537751
-4.24220251235115863864 -1.43149359047635238440 2.12020082839814616449
-1.17454974052604654844 1.84139589945989445852 1.86453544736780685298
0.43396696759502884078 -3.96344231520494849619 -2.05330897337541484760
1.60411653532004905287 4.30930744894506201348 0.96142755698354687155
-3.99933582731559367218 2.20583698293048424688 0.56025784469553663314
-1.12424929019379504780 -1.54077054685146652702 -2.18717721288996180817
-1.76177476190498083497 2.75141270742264065774 4.30976320891305331173
-3.45865779103616022283 -3.45380082197173088332 -2.05842940814700048335
0.22997405165432027729 4.15890828096283104998 -1.53405973208614110348
2.05852386022851518987 4.24295744971859800643 -0.01885324409339794727
-1.96511321015327578010 -4.35431476950832330175 -0.98722615668449353876
2.90892524555210485460 -1.31125580014644338434 3.67385486690330775872
-1.36973714363761089885 -0.11356315889600931968 -3.49775534724594017177
-4.23348781886807756791 1.61801094457755301192 -1.96625921219822430430
-1.89011917386376326888 1.19798592042235174659 0.36862068937192749019
-2.14925545750164381786 1.94667162041332808542 -1.03463813602907173106
-1.15544041074376169220 -4.22436676057169080423 -1.87420258427874708573
3.20260520964125650067 0.17852705397728030334 0.77383610652686662945
0.07349897069853916776 -0.50965639003095652981 -2.69767856365877012337
-3.95211347365014598054 3.84077584317614206810 4.19532776385930805674
1.47094678287206459544 0.89374667909468819005 -1.84108100380401573659
-2.23991806984659280744 2.70085794295071313087 -0.21032401354156515794
0.32130472333112791716 1.63394907580340653652 -4.09504607247289431626
-3.82175081299332175533 -3.56802343365708063416 1.50614746416077327495
3.16698957306419703883 -1.85014120926759195740 -1.24459644264405300262
-0.82356452451807848902 4.03793577468580888734 3.19683710257234654506
-0.96843783431984764576 1.56074320503198293864 0.81792233351874177316
0.18316755265110895579 -2.60376562891049223580 2.37285232602297302407
0.36455716706552365736 2.95495494074565900888 -1.53068448632497178252
0.99329053623157204100 -0.47102490658022144743 2.99522068529647178536
-0.67284233918024316523 -1.47901115728764054325 0.88713550705825650056
2.31293413917866885754 -0.75226999044641384984 -3.11585340616054295992
3.77538960563159076145 4.01176047787002243439 2.42246126697444719156
-0.18596194542066779576 -4.50097727365595989824 -2.97900193794907508504
-3.79425189660881567733 4.07513732407770401522 -3.35220525491188947598
-0.63576491031582094138 -2.80500649181911043684 -3.03972599108801233569
-0.91455052544048376362 -3.93418823731409172950 1.84967646191901113895
3.68832668043387723600 -1.27016169604546558247 -0.70816645028077962465
-2.55829793716409570337 4.08224844702529932050 3.49833922396225371898
-3.21141048080446767088 0.13004108538597058953 2.61959424282540265239
2.42943400236576056983 0.84100526808897679842 0.32751494059273333903
-1.40190191484909831843 -1.49146425090220180465 -4.31423011929646271767
-2.19948383938173686047 -1.50930865532273017493 -2.14521975327899516728
-2.78926266411734369299 0.22271586149201283433 1.52957739477085841173
-2.03778727964207817536 -4.10948709855065619223 3.71388502626095462489
2.37356861482610792535 -1.01904177420460184678 2.66456569068114301757
1.24931563744382234660 3.42113924006126790545 -0.97098460619889870316
3.23611246207783320727 4.10663798863599804889 0.23058278945495569445
-0.27933205318172582565 2.52407655061542257613 1.44049426996390561584
-3.29066952601183349003 -0.86565702317150616807 -2.69734991950348268475
-3.79183008121956088843 -1.89669451586745063665 4.42714453278192809904
-1.79635698115123965124 -2.45082379106694814297 -1.75019644819610897812
4.40339789848043405840 -1.29122332978105003320 -1.56206351507757457142
-2.60655549677094056094 3.66948328163814618819 2.06333209015249785523
-1.06048586029569058553 -4.10324734066696805712 0.81043733524293415371
-3.73996015626277467092 -0.38116814569244805710 2.02646787092633662297
1.45437528965334639253 2.81619121923877813174 0.03362612546724452756
0.80329097378357783299 2.12610323546837243214 2.57871312128229401850
4.38524025251365667799 4.38726971890639472207 -0.61649017404233674711
1.39993710111102753757 4.09014197138628343708 2.10079769011355033115
-1.53155371684586194547 4.02253198042887216701 4.08777596275769550260
0.27472074657590717095 -4.15011308051313232426 0.27639044658506950469
1.59171769112261518586 -3.52564219740151019167 2.61209990013822856980
-0.93182000803991993365 -0.16310009972739436535 1.78132963693825185914
-0.66388863375821838275 -1.87082242521015373882 1.99815594588663181241
3.38804678854687235656 4.20804179514058329659 -3.26956920088443414585
2.43844979173660902916 2.42381484425010818029 4.00739170032277680633
3.40860379331554330662 2.90422775559883294960 0.95684352985681364601
-2.07448350136806514143 1.64645448155592788453 -2.22064409357669845235
-0.15849554376614083395 0.79023549488524125195 -2.74850429078099001146
-0.97387067254116654880 -2.33871825840663216667 0.41210268621058787630
-4.32821591165520036526 2.65643663105312288764 -2.42264574474911009716
1.34648927132826834452 -0.76954173943804882185 -3.92196687412475153423
4.40822327037807237815 -2.99661783911599144403 -4.16910230829035199918
-3.22197567184620403680 -0.05201007404087132358 -1.77519376477790391533
-3.31850987124734952971 0.86644338398510001298 -2.21556714262276299721
2.66697258535620296271 1.78136366684409797045 -2.25623921203500321653
3.81065408443943010042 -1.54613144484621845010 1.29802783037228230967
-3.48306512800478751402 -3.50207082873253039423 2.70051435453384947039
-4.34812175588304761220 -0.95782365228458221651 0.21950385266135885587
-1.26825584300613236621 -4.06264232268316227703 -4.18586278973266256997
2.17373681253503381328 -3.67844858456915835276 3.65506383088605968368
0.77447515955892942685 -0.97565354755398736586 -0.57843822079167228623
1.03537517282752311587 0.72575924972889005460 0.58900587293743278394
1.07598597743551405159 1.12295003886607069887 1.82425787123395632960
0.80798071701023665980 -1.72258139202697213577 2.15677800464524871416
-1.92358308028004998391 -0.60544831822420075440 -2.67960465678598236394
0.41573054040430346134 -1.18884498540306093872 -3.67617998345360108559
-0.09579022170601625419 -1.40104396609584203048 -2.23381226384939424179
-1.09702335911367487853 0.33039660372610057948 2.70366241741651958108
3.41128333528264438002 -3.02867380749539805151 0.27860504579902034550
4.51812749704742966372 -2.56852600892613391892 2.62893748806368421356
0.85944853489861738893 2.19907975839259250961 1.08589178682412601518
1.85655621276277127407 -1.03358240330928019546 3.71103168559026830309
3.92005756455865483900 -2.27411653971603922031 -3.22333680385986198758
-0.33903111271755914657 -2.04937957439137274918 -4.30893860377688042718
-3.58765976616987458669 -3.09170680151249710477 -0.77009506940348249060
-0.39799422560837793839 -0.41459159343064566627 2.98713490541095527675
2.51344563091665040844 0.80171691594959426652 -2.50587275547971266576
3.64082826754328525709 2.35476400361338367162 -0.11952841510502842937
-2.84686600319241955859 0.72396097325282848800 4.50947997665530753153
1.18318980226034931036 -0.39752370951698523527 -2.61678920041757878678
0.16919589683956726134 -0.38218818816489719126 1.47505992733591195787
-0.63479954671700333790 3.11901331235487866422 -2.40611312106457297944
-3.01400762460812865484 -4.49377121188955808151 2.55450095719904535230
0.96361063481926567675 0.73096600864520411278 -0.75835223088875380881
2.18135730023371632313 -1.69859632777632940659 -2.78756520045747535619
2.96959074240181930548 -4.42779421154433183716 3.37027951569125061582
0.65326897132488337405 -0.40512444956669124707 4.15785049796258210364
3.34931744360387018133 0.82213415401771605673 -1.64978711071606110039
2.74037295660980451117 -1.88549335638603920984 1.93800147199660433017
-1.41632661502011991672 0.00995479710766034032 -0.31017127130759281073
4.04910620968123158292 0.84039923784350278879 -2.50063871873291709846
3.97816630544281313320 1.53748558765655296554 -0.82760476395295334839
3.03786910702733692347 0.96719974505724426450 1.52645549647614853228
-4.46814052348729262576 1.12312271803117180724 -0.07007866519663608074
0.31458030327178665431 -3.38702370942320873937 -3.04508779254966022165
3.94186650542577243783 3.30665382649875105869 -1.85694349568425787211
-2.69933535641307953412 -2.77067626553646162435 1.11183932552568531804
-1.29410598492165718199 2.07729101969225382618 -0.17433077622399295592
-3.58261685307343391571 -1.67554662979715995874 2.94894158983606136104


