144
-4.53068716184418018855 -0.49772316588665077575 -3.33773969789366731220
4.25263586657565095805 -2.13402970337140818202 2.80035280417913590156
2.87803968484954886264 3.90684892310444187302 -3.72762250231316372151
0.37434354541128200822 4.12862309182419640052 4.51659581335153514914
1.85563127443530273553 -3.35262752324528046088 0.80007448518294665973
-2.99971558384426950639 -1.72261023763091181138 -4.11318968530866069244
-3.14909878879034721422 -3.91315949216995573323 -2.80747255119157257397
2.88159185435257025887 3.66256365047031362536 4.03764840536562186202
-3.60281614934187288668 -2.85658928744786688725 2.56192493988481384548
2.91553290966520517458 -3.76434016050043007695 -3.05070902943931931972
-0.65430546740649209170 -3.05501018345995234426 -3.94982482615604935106
0.18054634752950082799 -3.38695276670863254509 -2.85746356355749409062
-4.53630833472589056754 1.19506926865404938809 -1.67240670409073333147
3.76010194115673268556 1.61542650386885799918 0.55297152748262234923
1.93695828073186415708 -1.13088659749230568963 2.88772969364134279857
-3.65071366455192913847 -2.44478320709402829891 4.06710609281585444563
2.43279562727518072762 0.14280719692571963719 0.41008883129685980151
-1.48748980198463920388 0.06792141526435813148 0.41998824426163050560
3.46781139538402438660 -3.10412056376509282174 -4.30413942231565727070
2.53787335610752240456 -3.11031353769499441242 -1.71007453020576427605
0.62833524780062077753 -1.93720818566611718836 -3.79774015053078040083
3.31556788888534459403 1.25407710287773799251 -1.43189096315799169190
3.38808153863695782348 -1.64516940772681596883 -2.10890596044039702051
2.90912570529915903705 -0.78721460419663191743 2.27626129315668723763
4.15296445093266353155 -0.83431060557435721137 0.28946548481081713078
-2.55662521540755216520 -3.67634688363043871107 -4.39789156422114135836
-1.58267660532570619836 0.92808046216972517328 1.45986701428319243234
-3.91863888658369408091 -0.79823645969444445569 -0.05357310071287191278
-4.41457632776215369574 4.38831190061086839904 -2.80801802192978966488
4.06588586227315840205 1.98567030594578497471 -2.22616619761749623407
2.78027596292375278608 -1.23417216912440874665 -4.52530176002952710945
-3.36482537412371929264 1.43153534229704604286 3.38593533856579220753
-2.20484353300074076287 -1.62348502176189235513 -0.84125075066383914191
-3.43630891313057329484 -0.16575839711320572434 -3.26105046626769068396
3.99399928504464885037 1.13761072864128376381 -3.60900761465747965673
2.96419466051028912545 0.41123514446742071016 -3.71626990677936852592
2.59684428114391252507 -1.89134496323720391331 -1.12601769285887076677
-2.18873714360564486370 -3.42777068142577867604 3.81500759288714430539
-2.30252052753411540209 3.35240216661494283557 0.55489534104843585283
-4.04870942936151489988 -0.55649323001572259528 1.35505151737752083108
1.25859481376255910590 0.99524249005250275957 1.51954951785844105672
1.23452238941953407192 0.26845782096348269619 3.74382925692564239029
1.38592118253177165599 2.59114907826385465484 2.13526862876368195288
3.87400913562814341873 -3.97759634524049499049 -2.55089763749442566265
-2.62707893988131724328 0.56986274412922366395 2.03332689018179291196
-4.25756600911725957559 -3.75302628986270825351 -3.28515702472789561384
1.88443848104808520105 -3.24308219081805004791 -2.50949127378164060787
-4.07468458830350588329 3.92104000264769059214 0.43781040660848002943
3.47401171357006344209 -0.45468623160576804310 1.00322566808913560266
2.42628894251325899489 1.47839699149607461948 -2.24550005044784395380
-4.05430209586335976724 0.68098114390457098466 4.32148681244475962870
3.34793725989864565662 1.70928198590786184496 -0.55147645237433184917
1.31715046333719865146 -1.57104514311369625190 -1.63404637667170415938
2.31719353043367171097 -1.91892442750064429191 -2.32086956916937703355
-2.76272454447481674578 2.30628491061074125668 3.10271674873490521662
1.84304970535966905487 -0.81523948154285630352 0.79886953114178194113
1.69738650557236692151 2.17746338246481574430 -2.02435007640177655475
4.25618800066846869612 2.33491443887895488984 -0.72516556686730648806
3.57587365269627444064 -3.09618948494051293707 2.58944903071739407352
1.73830939251106020293 1.98450092207755002249 1.15433509601450712267
1.41548368718250650033 3.70580613935982849938 -4.24083441871708188842
1.90491304049805965093 0.44676359396889253617 -2.96701530271564140051
2.49556166407994783896 -3.45994275191782074685 2.21540300144711377328
-2.61278340663598562799 1.57571193674766529824 -3.36554141728438960257
3.09288066397884531256 2.92825088083269324812 -1.26443514085928399027
-2.45889488765003116910 -3.77707801242226093308 2.75258531880025270056
-3.02623681704126701320 2.39351546189598440861 -0.50082075351073651603
0.80612005033221834083 -0.68708936612341675598 -0.87487966603606537319
0.73318241342470980015 -2.70854398363541237771 1.37020867025809423012
3.17566131816599472870 -1.03919364571187555768 3.30499391566128597475
3.10424947215546165324 -4.34977696959812920596 -1.88224338296156101791
3.61964010972749949957 -3.05909080076838657547 -1.77395489768183178825
-4.50701187678658055091 -1.69695428580307305921 -1.20434549116280997794
-0.74019037861756720176 -4.45356923281335870257 0.46657092891866014384
-2.27474403764114585513 1.68871625831444482913 -0.39700988357887823099
1.78612441799007015675 -1.44914460109563236756 3.87090953111665658781
1.50108777299667384142 3.10622702623885338369 3.10072343611925749229
1.20734845749044961138 -4.24033098213619830119 2.72574163529773194625
1.36948490033204794969 -3.17630105604000734232 3.58210385501544603670
-2.63471233640951663091 0.94286574556105140488 4.19238252089738150374
-4.03986519061417403975 -4.42484511343607156419 2.37901603604088496269
2.64929716203219367543 2.59219049697434122947 -2.56764155089164747281
2.13367759777575738411 4.19045157427638326197 -1.05129483214500574206
0.53151677986090462014 -2.24873261715536765237 -2.33236921920690276622
3.12352483316051721118 -1.88000991738947931253 2.35170252860102468873
2.82045591512368698517 -2.85794018772662017369 3.41166728927822848760
4.41271468858317117423 -3.63283301661508151170 1.05136082496749327930
-0.55099045231196841499 0.90432498967730978734 -0.39981431445212933795
2.03325975793460944629 1.31061682300326776129 3.68019175411021404187
1.46758868745479276186 3.93726028448749953981 -0.12358409048036378408
1.33255291535087305732 1.19609993327776020777 -2.32745577813405102319
-3.12227623741128779145 0.29559707955855785144 -0.28425606217958865329
1.14388720857180103962 -1.19871680229536314854 1.43641555208508808761
4.29658487765976726536 -3.56436309575591669940 -0.20471285428118513039
-2.46542146713929488655 -1.76212931436547037833 2.06538206194248186165
-1.02629052530069575511 -2.83453996613610348376 3.67422681090045255559
-1.13454818651978062150 3.66356247741824869735 2.14737771796314635964
0.27466942730943344486 -1.12765545112811071959 3.73791628168807665844
3.17555157902797979830 -0.48477135717579589169 -1.81536934562125340520
-1.66192241178463540052 -2.21003661375701776493 0.85571174791325432807
0.77899265933327654921 -2.59286564287637188997 2.50625635806165281139
-3.61439427497067766737 -1.88649584634062206234 2.25752717971117800033
-3.92705168653738123652 4.02481029013912472436 1.41874018927598388728
-3.41704219572175027508 2.91181145087189641174 0.52866035134477229462
3.52430521867402557490 0.51387378169968389585 -0.12224710275306716056
3.25678198057110712682 2.65361622967035071241 0.08331340363070971478
-3.87578152350254834246 2.64488908517402965259 3.50234645818343981460
3.64360669211444498927 -1.00834254970774672699 -0.68325001155628228844
2.19877499391815245389 -1.97835836712596968567 -4.34010683567303079400
-2.56805939146954731456 -2.35618373339528330845 -2.69842700229666832001
2.46608964626545112964 -1.42257070550196296210 -3.36236534819471488689
3.99798110194537326123 -0.58183792033751791095 4.39438338077779011570
3.66558598449627215388 0.75103066086342984420 -2.29699000325164215397
0.25890760628486741979 -2.03911432453328123060 4.27194137391814177107
-4.33080324555426621203 3.59534167068069354656 4.33038316160849401371
-1.74400549350847544616 -3.41534187276950662593 -0.03945883087879664686
-4.28694978493974243605 -1.58984135834599893400 3.46988593412006718353
1.29480718508791081689 -4.00209413613792452935 0.15266569817689212840
-4.13840605770991576406 -1.74471537035171886387 -3.95410583917393498865
2.22286768682484137116 -1.92595681378198690936 1.66623994748424752999
2.32157077292929603374 -4.22579623705068918582 3.02731785999853197922
4.33173978927192582233 -2.96644999744882253978 -2.55696200478792645683
2.49786743165001379197 4.00869026158114660774 1.74599250098262182007
-2.99326451591437958655 -0.60427510387106142531 0.38136858804484585761
0.72217167436236628930 -1.53145823410294212863 0.53180734096146409229
2.23210660844092689814 -3.77534151362952741238 -0.86484658168415506907
0.45045992419726932354 0.88573295351242276041 4.00587200393594766723
-4.05254149059179269443 -1.67637201567124805024 0.46916955035588170375
-3.53429750440061463124 -3.04910006103328123928 -3.48861884579096681591
3.08784622145306375529 -4.46352011466179288135 2.42059149324251787760
-3.77949906202686713996 -3.35041171977016105643 0.66205357418924037916
-3.08621909593501442259 -1.58547024744270270702 3.84897007911270261360
-2.20122810406685243123 3.19061291801402635571 2.50137529037411265875
-4.05787306120890889360 -0.81033971986443864566 4.12236194668613631364
2.03854857474702289011 -2.19581136867256887513 2.74772977170403809311
3.73500573856747930535 -2.03597028747977581986 -3.30640512142544107377
2.05434185985765260796 1.54317576976182824211 -1.25697046275234347590
-4.13648169984535396537 -2.75340806188188613746 1.56767755592601520931
2.15548949965226732672 1.94266663725854460409 -0.34063992939535658877
-1.00279001937177447701 1.90660610386468132305 -0.56795147954119284961
2.07300565977359507741 -0.12355565473543617117 3.04975116741603802240
-3.19250972511217812055 3.35087436731043997185 3.96638312982623286729
2.65765826603891763824 -4.42598805596875966017 -0.04638803404248026396
-3.78040790941143711734 1.98630450838704053496 -2.18335696612537422112


