174
1.58381715457240890288 -4.02657963064776858175 -2.44329850177841922942
2.18601745775860401011 -2.87817569918571702914 0.52728471152878686468
-2.32881097403715253691 -2.45501541402353895549 -3.91098454891525726396
-1.63793190449844372480 -2.71705082675819875604 0.21803415421988159295
-0.23244283616925276448 2.32736658255179751364 0.21534423055113194323
-3.33209725470410411674 -0.83841444938478781879 -1.07303712434683529153
-2.31256055435869622983 -3.28981811991152373054 1.90106299276573320611
1.59876999174014855498 -3.00440658406484972787 -3.98438253279385667938
-3.13172215965931233228 -3.68212957576862232045 -2.80878659474859659895
2.55075117733591216762 -2.76358248273422235641 -1.37340343231432537863
2.76236719895279403403 2.36727091962765623379 -1.58246859075540857731
1.49595307694035906110 -0.47979229324887295860 2.72609294259180057196
-0.11229381052234010951 -0.37477494490608975752 -2.41606724186090149331
1.48920896453965578843 -3.50970674181438679895 -1.33161015696644424722
2.52057366275773375719 2.82081140643763728093 -2.68754934375562237747
-3.56443037539889306942 2.12360334135117767573 4.39980448859632833347
4.04449491326683752135 -1.30727973943601050166 0.11537939967617827364
-2.50157415557950413287 2.99137085747740094632 4.51015714379077348184
2.36975070376082896928 -1.28706824546642728535 0.03028848656576066389
-1.12511758634254466216 1.50935776879478744661 3.28919768292134229171
-2.46050466263582956472 2.41952630009723090865 3.56222744650284095513
-2.54328482309048897747 2.21947009086611846129 1.82396986044308295760
0.71373652821926736323 3.50296488902648395225 3.20599422447266579894
-4.00357575549405897419 -3.27952254128666664812 1.42505740118280233020
-2.27520456480412169853 4.07675205166286769298 2.16167621907515172808
-3.72908068893854771630 -0.28437274153343317096 0.69725592184525098105
0.07647607725404537149 1.77015845684420902728 -2.45062067248889681181
-3.30809012723001361067 0.78302475527528248023 0.55828046042087287049
-0.89141957328988752352 3.04827963260802725642 -2.55967472710929255797
-3.86755043135267495558 4.40922147792228980023 3.57833972562702573583
-2.16782215363999286595 4.40439352734644895548 0.63704932043835249544
-3.43258003999410776785 3.18525506603292107854 0.58475722784527395248
0.83236424596346836324 -3.49390968470334017937 4.22879647716114792644
1.09918320505581057489 -0.93475919218411540612 -2.63852068659880201196
0.69114441177734420307 3.18527178819942768939 -2.07474031528869362617
-0.72099459790774211854 1.26638643476960144341 -0.70483248936281128749
3.06539409857335076737 -1.02207561836970040048 1.91456050770169472486
-0.27032874497873038422 3.44708772581286382319 0.17178377707619230108
0.36699547121510800451 -3.94452995808439910164 2.13804647897508726118
-0.14062200742655495134 -3.13527188475571660931 -0.03002215541871056104
3.28941425339211068746 -0.95957131193991251905 -1.90495531981106402952
0.71998892244344858682 -2.28248061387708567338 -1.26937732306818062966
-2.95721385550769699790 -1.58270764032803201715 -4.31812203250767900897
-3.67698105618445270082 -0.68372805682986115272 1.90499337682310354580
-0.75183434801043569351 0.85545538990686154079 -1.74671529692198213013
-2.29519301320449686798 0.07290712938191301618 0.06408312032607987874
2.53713095214067152483 3.93858171520304534141 -3.26350535639632610696
3.24990510689154099566 0.17277058013055057728 1.29166156351618788278
-2.31821540913765078429 2.93034965280235937257 1.08581261279414231780
1.65014156456486027480 3.67136144365606309492 -1.70299354967746729983
4.05377330607778940674 -2.85571691390174109415 -4.27961381911614946461
1.29658204875763782837 4.47332386076051147228 -1.31002340698113250994
4.46734635299988180890 -2.07602598273050276134 1.06095308667569909744
1.21912165422360807554 4.00574863772785061400 -3.12181219242208118914
-3.74638091025383213051 3.21903446581530783277 1.69969683830444218131
0.58609571532637438906 3.20866082192801282957 -0.53001547271308790954
0.01191956845851560587 2.82722883753486176062 3.98379633255666210090
-4.51157757412594850877 -3.47462524184563648078 -0.06715290542575047539
-1.16748013163248565149 -0.88615261525933064490 -0.64042515845661673879
2.53812710718450418312 1.01890389649742818534 0.51321534117315703583
3.42447589420555242867 -2.76437792366720636039 -2.27455952378085113352
-3.28060852868702390595 3.68145991448402032375 2.58072214700127755549
-4.03240977893165108981 -2.31703827893877267741 -3.45089432814872365540
-1.65672122725005577237 1.98096647421876781436 4.50644315229165837167
3.86755686908317297679 -4.49013801729464301360 -1.49530500007565070320
2.16398585748733740530 -4.15702244474327020640 -4.00783533630207777776
-2.93322119495579824999 -2.52986812644193870270 1.00871283218109386581
-4.00562551179224257680 2.31631787919660592223 1.01303755556153785022
-0.57597258220222080638 -1.98372262127210241545 -3.22630292638221760626
4.33554444027532159822 4.12523043798894217815 -2.32849958394318434785
-1.37048021942910569493 2.41615812906192584109 0.59818151756766546612
-1.63706091666929776096 2.85561811335376614096 -0.45247606714599708511
-2.79755739969830941050 -2.80271310268775231123 -1.46964201434496377630
1.81816145556960595542 1.79291412807072081392 -1.13376454577955332326
1.50183174310099332160 -0.04137261951763981926 -2.11940363628125849615
0.66090874801179300135 -1.14790904241881230874 -3.93488643267436666306
-2.79411005914098709013 -4.41967389885666150917 -1.01812049282689986995
2.29920168878204389529 -1.82557670781539949090 1.96750780075957276694
-1.48571739889522547173 1.75308467402139456226 -3.39084473151189680351
-4.28201268371690080272 -3.15406571185846562599 -2.68896963736673777490
2.45438684963141984241 -3.21151233305473970958 -2.75622559711573877905
-4.18027521960571046833 -2.05529094993093330856 -0.02695308556489361962
-0.81650016666713254310 0.07663176005401162172 -0.03931942360729578922
-3.38605237943920700516 -1.38843910249895419184 0.53910300981422931699
-0.96028817020213619315 1.75501081781024392825 1.36089612450184471726
0.28735192981949619906 -3.72841999265231693883 -3.20051594278187412357
-2.99822751012747046317 -3.51920420569806546851 1.10820117806869955501
0.79517481490486741080 -2.59145682678458610937 0.17749085277732046251
-3.11615033966184462599 4.06692883796990667378 1.19623278279352529552
0.96550281477414134912 -4.27364117912512408992 0.83080554489435787247
1.17693158213393278544 -1.45900897810716889680 0.84085958254111137222
0.41582443924443879268 0.13048538702222423069 -0.47542734176810341751
0.80342570853369821293 -0.63678097427624846816 -1.56150004367342098988
3.39833152193163723354 -1.91079803363136679906 -0.36445963325963415258
-1.51583187838212385401 -0.97080230353572227742 0.29445429549618928888
0.27108709724512003447 -1.64933906022386445045 -0.37131907642166428474
0.11741776021206984382 -1.92728064726291004050 1.16701691811641516949
2.98896906853550792249 1.38016443124664434094 -3.78630865000350480543
1.01969038661072097796 -1.86801344372679345440 -2.26377473389000716253
-4.51300684476778624088 0.52186297459440567081 -1.82124466479968560861
-0.59645886433734096599 -3.29847268514888591895 1.97336371898785767343
4.51043119154562344164 1.55085571330804139478 4.36234530353778193756
-3.85657171151492139671 4.37919582751219049754 -2.88193821580205566946
4.12768963111392306331 2.38051537949769009828 1.42547351251986587073
1.58230669945656732267 4.42744352005460495292 -0.10834015325274393149
-1.19158282173366192325 0.46183311998533849163 3.69439652485743241783
4.04201939078225347401 -3.47509028247843865245 -3.33621987269882991356
-4.00338234157819172765 -3.55138156412221439595 4.33346932334217616045
-0.81479291809543230585 0.05210527295300426687 -3.98465834402849239382
-3.41491169469843125484 1.87761783300618301240 2.78298437816040955539
1.22225393142846616712 2.51830788182044518209 4.39231362148570969595
3.22601175119082128617 -2.86107684723509869684 2.08171344600602115094
-2.90249726123714291148 0.37428787401779484156 1.93599774059753304556
4.43039229565067049776 -2.72117774007767332378 2.61120655475406060475
3.19381086178140094489 4.18942025971487996827 -0.62258528240481769700
2.86615988441145130849 -3.62875815099909493355 -1.82008677081074221604
-3.43084619772685250894 4.07412842953152409819 -0.32777660984060208449
-0.41154377698758182191 -2.03554859014155731245 -1.76304937759635116379
-2.12704161446315520578 1.50486722505157732854 1.01780365004636852433
-3.68739944183053447446 4.45645620917657847571 2.14784848938311068167
-3.60938561476809782746 3.70996275347298176683 -1.33318451451528119378
-1.25506578415889080702 -4.22172752098685677424 1.15711389273188469673
1.36717252535244693235 0.96166917510955673976 4.16750894077953315531
4.25614640091893381424 -0.85518995223072336032 -1.39430210111221430935
-3.97705121334545630418 -4.23207622313297893157 -0.80344829254540783836
-0.63967731142781492082 -2.85161492601165722505 1.04351620156364699454
-0.33283108305815911621 -2.54154140336747103035 4.33236867872738518059
-3.28516840590286252066 1.67626160634596832466 -0.22974832582502635603
3.45121438248884349065 -1.91980076770232432892 3.03653803381787046334
0.71352301492127434557 0.18807767004659758925 -3.19232796879059499418
2.73644414168615757177 -4.23139970912866836272 2.57039659860881375408
3.77278585411869027411 -0.94044194857973995028 1.21112887786570677662
-2.36423004324913632601 0.66776691007248434317 -3.76636424095954325253
-2.22445819652457998927 -1.57802065219769582782 -1.43457106660401301212
1.10665961237049881305 -2.06891485570478295131 -4.25837559611040550323
-0.61894447447152067809 1.00552121830552376736 2.27801976291488461612
-3.53285750385909569360 -2.48707912109922446575 2.19166624342471916265
-2.49633312795646578053 3.06372300323621082896 2.54091750957247430875
-4.50187452744483973532 1.80342647272413625359 2.17478991709663560528
-2.45593989525647282690 3.46519417177897448568 0.12933002125211334743
0.72536552028358336486 0.48974965341134346630 1.47462739416436949824
-0.35071098550842005892 0.83950419674437348760 0.30537792807141261875
-1.39190191267591112378 -2.63910726680860996396 4.06989565798231200944
3.71500391888479608582 4.44575817890938207455 -3.57983631636805021969
4.52541194343975217151 0.41393880722833120700 1.11694128073060383599
2.27876730307793184949 -4.25329464203942997358 -1.12666088158886790183
2.03384257337523788323 3.58375261747882856156 -0.64751809210178734588
-4.19396718585216987663 2.68331635488011777113 3.01955197590636181815
-0.82156008741473307566 -3.59817469105397780282 -4.39220536936365668623
2.13325321174275206459 -0.93532978721604509431 -1.93845626000638571185
-1.82493814705948587118 -3.74961845383549396971 0.29748616775120062528
0.02870588611068924934 -0.75956944949310445381 1.55583450046569726766
-1.51921293532411727512 -0.61275366135129694101 4.21798101936183922334
2.01230401774323564013 -4.16335483331621158953 1.69098818448687282512
4.14099725433312126910 -3.97739374866798378605 3.97800737822314243175
4.22107991880562050113 2.85495619542435719040 -3.93035045695475160343
1.55687640366882273923 0.02050410611968267460 0.23295515073948358520
-1.20245985505459129783 4.25118947193635587922 -1.44912018841831269356
-2.26704874193476291211 3.42579718425689438988 -1.14080546559608686508
-0.08713878449752332500 -0.77334710420941021880 -0.84490928425167233229
-2.71245519675942770021 -4.26627463475042123520 4.13788051002288082003
-3.89683159268787759899 -3.70035063268234232225 2.99014774258786353300
4.15191584581676575993 3.83979606625488667504 0.04834192839497841732
1.33573203469648760233 -2.84487517509699694429 -2.89523809088671590928
1.26436941718209983065 1.92231482913342688335 -0.29549574503782061186
-1.44323882141388981637 2.52285920754412096301 3.36504314326235220989
-0.75833113164548748841 2.32466168122482308434 -0.61335732189125780067
1.84964470204293629507 -0.71300124972977840798 -3.69992312932554101579
-3.11180601289572855706 -3.98065402678391544455 -0.04057035031413569470
4.45842845488232430995 3.29316789727177372527 0.88669205018090568871
0.21970786385215923531 3.87563798035356388283 -1.65156265346876729438
0.66295788641907638095 1.73491878604473814818 3.94742086196318364699
4.08274743252295291285 3.54137068031646062849 3.58541443250169944434
4.47600377394220583227 1.22259811466891310516 0.50097895547080550926


