261
2.57000087836452539847 -2.14270263076196876284 2.52353393017044247415
1.55799699380652167946 -3.69313777025111811270 -0.19199694266009004195
-2.93984853172706195323 3.67136992395385330923 0.27531506734775135214
1.44720288389139106755 1.52168853377956470041 -0.88869463296402706476
0.84492048720144374840 -3.26175055027347715608 -3.85607800324338256814
-0.31768115748502445683 -3.48325711163193751929 2.78716105435751693165
-0.48001993427423439442 3.47933591283721721510 -2.66015877319970428516
-4.24044084172347801598 0.48072940299612110238 -0.17114520240966868414
-2.55788079229443532370 -1.77837191274328354496 -1.33532323841717825985
-3.17135335848858979091 -4.26971982514268244557 0.44341262019517113657
0.23901903990106987408 4.09699963580197046298 -3.30991801581431133172
1.11802106029675929477 4.23170285363739662188 -0.56968406936497473225
-2.83468382877247160323 3.94085732274527256180 -1.80961438319081269199
0.28757627159062693067 2.36573618182937916998 -0.61000866449834934002
0.78060798937373210293 -1.38977538986489079775 0.53758814010533395589
-2.52251096206239688868 3.96399026608437221597 -0.81887434015942872634
-3.37305772751043120294 3.61559159668539731314 3.22517839018602270329
-3.48463398374931232482 -2.90132370651465976152 0.68697222644971311922
-0.83308748048220504501 -3.33480074611183452404 0.79857166951000468913
-1.10864478044850089944 -1.51299251935532863556 1.94308674943003634183
-2.56709402936783792626 2.45676073348318357858 -0.26789558380381706115
1.25747845357547660683 -1.25612998840975809145 2.43967380094705621474
-3.83737329971359741876 -0.11560109731959489210 0.61963413178071391485
-1.00946747068247955070 3.88339463684578145575 -1.54436035825844530933
-3.02337329837482737815 -2.23303328680500978720 -0.07001253006319441141
-0.50788065755751699015 -2.57704912194800161984 3.35746991264100369534
-2.63378794552382711203 -1.43491851127176817116 0.76194477133370952515
1.70848462428865577323 -1.16012683783016257166 -4.47262534877676642964
4.30546007197139513067 1.28793147919775030630 0.44191888966947168171
1.34647308681915500728 -3.57952447006361396120 -2.41440895409040612307
-1.22458133170137628554 -3.05771783861908597046 4.07979735470114857065
3.85880784909452412279 -1.20552255941962815911 -1.82113679777453896236
2.98975007863661890184 3.19152151567510333763 -0.65803231501822967431
2.59229584820147618274 0.37012978168776733412 2.57377588368417153930
-3.04485190771648417396 -0.67838738368164941406 2.69460663754967999495
-3.33867384963908619966 0.16853367983835720878 -0.22817868882398961716
3.68939487147058908789 -3.74423419901576703950 1.82980743200692330674
0.98851620581973609347 -3.67581050591483293744 2.94580015432819308785
-2.30594842035169733663 -1.70947094486300255056 -3.40643828982011687145
-3.59745268812916929591 4.00563500227115998342 -4.38765944329788837308
-1.25171189120487857949 -3.20388789822393649231 2.02428675897958765262
0.16191987609732105824 -1.81948576331540889939 3.00154148369102902194
2.03313174307236632643 -2.61597951328378286462 -0.76801335537269732612
-3.45527920583308389979 -0.29328113124279031609 3.57847291723178440037
-3.43569912832685675497 -2.72667001798876196261 1.90971381500770487349
2.17056244109956697486 -2.35042083053408967785 0.27610712005620552389
-4.10731832198078450347 3.82182431810485123691 -3.34767261913700764353
4.12881719229073151922 2.80020846853685956290 1.39265725274661011923
-1.73802024226246487615 2.25873361198266131566 -1.30150405073431718606
0.62963129394609840261 3.25455505342299211691 0.86556592536933685267
2.97903554317080310199 1.65185367989375997411 4.52461206318571651508
4.50320250590633985865 -1.70175961675362952263 -3.43457628316201368790
-2.79673400217283019131 -3.04099158650853818031 -2.17223889875576148256
-4.21146071108620212442 -3.85761189292295059161 1.67452426024758072032
1.15915136875788959969 -4.32388685978713827041 4.17612280827625692581
4.16382962833469161268 -1.74445588872727297414 2.97849984839486747745
-1.90968402858937036370 3.13094010798267152751 -1.94462624790439875255
0.93873575406821263556 -2.89550116531409651444 1.01948855006993266414
-0.18976610848135244680 -3.22127524642656348774 -3.15578465273708319572
-0.72147678970293549483 -2.28796362698546040804 -0.47769624083202799625
3.69555718812013278551 3.09717223859862311741 -2.51954486941587729731
4.45637574019387283641 -2.09953642601591772276 0.58054121968835392664
-3.07349225869288211754 0.22314189287046115595 2.03463444780142399537
4.46687319049038844554 0.79685902722929657926 -2.79673572451086771551
-0.89660128984946574349 1.90456474111218199141 -0.63197333510071018736
2.75775904383866699021 -2.36249108195741719385 -3.30047832587724965236
-2.56311637149429971672 2.43480723743525562242 -2.24603480212436901198
-3.82738550228530405306 -2.92923166578539451166 4.39799396580543966451
3.73059653094720022892 -2.73030132293217686623 2.76253329677701664480
3.07425872093898444604 3.12700352961978733646 2.96015167116425015337
-1.39531327077207167875 -2.46377301940551296511 0.30854601567079154023
3.01281566316977844622 3.16470188101592508900 1.00046413008222145891
-3.91306584605729046444 1.56395039989651074563 -2.01391134863559440049
0.20067364149222122194 -3.17113362349691607633 -0.31733384193509195370
-0.22244189418982074358 -1.23878543639201676996 -0.01911392438054981824
-2.92905695888395856130 0.49229121317969237737 3.06530936649297558461
-4.48630323460224200716 2.42680942625161666371 -1.72986794384411091130
-3.73526233065940971301 -0.39038821711835769435 -2.81552243677426794477
4.48361911496488385609 3.71676417181426455016 3.50552549755453579650
2.83566092382592316312 2.44801457633313379603 -3.69459109710722577447
-2.29769639456323071514 4.38284316636672333090 3.75468878446882126099
0.33063938981789320337 -3.80371616535015677485 1.06119413864016642890
3.96847613061552006997 2.21770744523955176675 0.11182372300803855580
2.72933423266911301397 2.85940469004489816740 -2.17505156455635750845
0.78436580094904506666 3.82342060517708492995 2.19039012377477337878
3.99352897226831782262 -2.15818998871747114165 4.24007231718121868624
2.32878876229747877602 -1.34982664517986883368 1.28513964836647076595
-1.01226460607911006306 -3.71535253956434408096 -1.73293016220310969189
1.53577102627291406378 -0.62348836633281701225 1.13728011274652640594
3.64105281279550485607 -0.29572168097087470073 0.64109955471257507043
-0.03723146223950823952 2.00085877686631352645 0.74325382423992891745
-0.03758796644495987493 -1.55351639812614816805 -0.94074010998493395874
-0.52200474640454519459 2.18334312198968749641 3.81196139944387635268
-1.12941034366578207937 3.79257733539828212344 4.09873785924312539208
3.26720778613333084905 0.91965324288626604243 0.69128380468674599513
-1.18369475477776919803 1.38675315940258681024 3.00189232638291603195
4.37712318630501595607 1.23438304014753441606 2.35374308687322475464
-1.99450803607596283129 -4.14982222189188032502 2.37726218749183271228
-1.67501571327080389651 3.03098836111286384920 2.96171212207838596697
-0.88802508839706151278 -0.36313656933892612955 3.81753460596267490956
1.75370027053938315476 -1.29873861746925145511 -1.81408566234963952724
-2.34360035077281825266 3.33894928987299000056 1.07943664798464045163
-3.66729742275096759485 -3.74542681168240987333 -1.20808067648687389450
3.35677061857935310485 -1.84020295081409956950 1.36066665605629832925
-3.86837166072195248745 -3.87297954196446969632 -4.17735675833577957405
-0.12035752161986668085 3.85439829310011727870 -0.56604508135734743490
4.04412757552724766441 -3.52030762182973244734 -1.90859319467399535242
0.00049307990101787880 -3.37499467983010204009 4.04930374358407529911
4.37351123991240964273 -3.97335017484668107102 -0.50135692310367563351
-1.00752860566302793188 1.42024420739277879022 1.82720942990531032279
-3.89076735416083918651 -1.16951335799370559343 1.54178604999753954274
-3.92460896405615056182 -3.51980647921581368820 -0.06843134123278815650
-2.62190548109475241034 -3.28288038529107684127 4.32242819363693531187
0.65390268292724229582 3.71890476746548426235 -1.85362863514489317751
-2.25268481088642413823 -3.01157079052980281020 2.25678127023042485177
3.55208367443353179027 -2.55128262609936973249 -2.60547330567042756400
-3.20555290636473655397 -2.70659475014068462428 -3.51313548752120219376
4.12169392120683486525 3.59518292248405924028 0.22789127055090308005
-1.94915536840833869547 1.49331521090231245097 -0.00241304758374294437
-1.88536684841389767797 2.14716323486382432151 3.80232509921237049610
2.89749673230528070889 -0.93348070412233585813 0.02472233569028325917
2.20843696853335025310 -3.93165653151211902383 4.13550130827761730501
-2.73611066277640846423 1.52520817671186570408 4.51626636376287304842
-3.29973529770092932623 -4.48684626812179043753 2.47684598760081886581
3.51843330461436298862 -3.99705081934997652482 0.17212342352595477735
-3.89337648662331581306 3.07772405809845839286 1.01725720569927968739
-3.53664457164966039571 2.60933283341630239960 4.29183274555610250189
0.19348738901221818054 -4.45863216032255049726 0.02204971696181434737
-1.00568658652691311772 2.47767004388877420951 2.27704507813070922140
2.89852333612465251633 -3.19992168329397808080 3.55391511289109640614
-4.28762373358629922393 4.33482447555351324553 -1.66526142501625384895
3.10535239141988572698 -1.94188182506901707569 3.39795844149969639147
-3.52445557717773194639 -1.23419522379882318219 0.55789173309258721645
-3.32722012281436319014 -2.50262068028290318722 3.64643731439567897468
4.06038929184365127156 -0.86869418605162973535 1.53027965419739153674
0.48081916683135172974 -4.45306909128441663626 -1.33560025498146117684
1.85770312875561227628 -2.28994449418693424292 -2.85891097506247726656
3.29348752611631212517 -0.37667154101409927591 2.85916143329928029715
-1.65796216692517139890 -3.49686643829406529349 0.03673353426629244467
-4.37565833367183287805 0.46766562736469374784 -3.69104134906905434477
4.37198423477183606423 -4.27437421993786959007 4.03833100712405634880
3.31152466725476646303 2.22585254705479673731 -1.22399974475955986009
0.69146646330831629257 -1.98847701236060903085 1.45599640083918036026
2.93304410121322689520 -3.09767885973979328895 0.53849886834044191630
4.48844682068391787055 0.67439114026315039041 3.80223013241485130465
-4.37124932623668183140 -4.28228677538187607610 3.01154384919716644475
3.75899985673930014940 0.79815614808321022622 2.95941721472290453221
2.62263346004589781302 -4.23064475283427299246 1.58102673563106055354
-3.18411111075238206780 0.94196564675148053425 -1.32803170832267669610
2.07423499796789290173 -2.53502563419527326971 -4.26340445701597214878
-3.05222486308802576360 -1.87851138079745538789 -4.47332887416617808185
-1.83069393923648915390 -2.29890029562956277331 1.59072788571675705072
-4.42871696217132804207 -1.20589430261477881245 -0.09870788110964667794
-4.36343847705001586235 -2.94822871948345399673 -0.98472648450427913147
1.77248370057800475053 2.28332948492803833318 -3.34927057379848758245
1.65333411651164130518 1.47852739393121535016 -4.34934724396236394028
-1.44259184915412763672 -3.22158646945178084309 -2.67170210780097505676
-0.66712825742906645132 3.05243199485573324381 0.06857792583559785271
-2.71779304739190141760 -1.09927719571411186550 -0.56332916061798776752
-2.30605573633454241644 0.66284005614211860546 -2.11607306268177630670
0.31175805931099187518 -4.31436740873911883654 2.04338381398375368292
-4.03758895168189990699 1.74903205387409332872 -2.96380089261826240588
3.22810589180629303740 -4.08340372350437075255 -1.42790264422511592457
-2.86772252448544096026 -3.08610297147616119418 -0.72095158106567680534
-1.91491258611767101172 -0.99407524731060492584 2.23613435006050753628
3.64029412822090403523 -2.31896557650771661940 -3.85080169553432938301
3.52779491263115208000 -3.38572985304446971710 4.31666624458634640149
-1.63815855671623422651 -3.93019962423602375878 1.24714331328010796796
3.16722295912421358821 -2.04781016183855157919 0.27306874635831235310
1.67528540465449538033 -0.20595617117760856019 2.43535469837263907067
0.05580421101968102704 4.12267130912943979837 0.94607580602955732019
1.61411502542570328700 4.41501953524328438760 -1.87649860426827874704
3.23017299423762871413 4.19554327309570052051 -3.58013324416369282943
3.16627654151541815253 -1.39194951899825936081 -4.07103504162271967459
-0.35681395845578123271 -1.68688767856879673346 1.04195907827401601509
2.53562962460065310921 2.68534685556985142085 0.13271525130016481597
4.46189724690179456701 -0.47492056430047568938 2.64827199681706737522
-3.47795316035754176198 0.92116881711589826409 0.54267114745133682163
-1.86597164049142838493 3.92334378613818923753 2.31534973500666652058
2.27864358145065626360 4.00468384487562634177 3.44152687910702770324
1.21570760297202351552 4.34456461979397001727 1.07342454942058740386
-3.25116278966883154311 4.29897336638675309217 1.34625214704908735541
1.32164761762348081930 3.17999804661844631681 -0.15119415432763094742
-2.02210671568217215111 -3.83242639850909938559 3.38439542122548697733
4.07801293728115421544 2.26671487987898512273 -3.36859195766184615906
0.09709565682483134452 -2.25188220207986589116 0.15891350722825237085
3.84463715107739556487 4.27866867005986595274 1.57952264001591569098
-3.42057418048016970147 -4.33711258126737320140 3.92464883442805057001
-3.74664101882494060547 -1.97635777176719118486 -0.73737777488367806100
-0.47006696635032696463 -4.29643303612268034897 -2.67959889072685086830
3.76123573025250390600 -3.85607504740887652162 3.19374544619681532964
-0.32692030882144784698 4.45019036158403746839 3.09233999500299194807
1.43014038184420311239 4.18222445810163190316 -3.07596189393654650956
0.59454052785926503333 -2.67772669866682955231 -2.38529135902290034821
-4.00327876457126485832 1.53432979620706699819 -0.71536583679706700067
0.66462868869557567564 2.22378482942528155064 1.63255051725685174091
1.12673308760613988255 2.71693938471131612999 2.66263911150048127041
-0.14367664830714144131 -1.90857096357719724367 -2.83533250720655338739
2.30867091092519327589 0.24488733880258806153 -0.04987539337684854246
-3.41925414334966681906 2.01061564385876589967 2.58981088486394117609
-2.47625695768376186123 4.52827658079946449021 -4.06844283332708833711
3.65928630912612451453 3.94189257536420623040 -1.29476800786456713865
2.69405637010128362618 -3.22752862926717032366 2.08755472345785086929
-1.40678614023827686097 2.55244191871999870358 1.05592560511032029780
-1.89814737072621442238 4.36484166793762806691 -2.30456140414050203447
1.78554227517334318520 -4.00768254925347022777 2.09128046109082443849
2.03742419232501159598 3.48299564634907365956 -2.64137520118528268398
4.06616487730194986483 -0.36815024586377553817 -2.91011608878692129565
1.82996936002924304177 3.91134177193723342469 2.37817085869208266757
0.79433448324058009149 -1.63609331348974862408 -2.24848496748978110560
-3.86883578812207895581 -2.75726159581248753128 -2.12922207919553896360
-4.25181485859503904834 -2.98781771330571777057 2.63694428012527293248
-3.99727179355250061832 0.32842812464102610903 2.40195244871478585935
-2.67690761493519246983 -1.60146196393647377576 2.87322685690775170286
1.33206790022562060472 -3.46704140002769722884 -1.27585971803396036606
2.56046091486806393078 -4.50316169938916122106 -2.66159782526285582094
-2.48554050987657770833 3.11139759862907272492 4.20508069038759035863
-3.29343017902805934582 4.15440887543426295991 -2.78796382187256819307
0.62049229814492612434 -2.02318516990712149450 4.02758867964608935353
-1.02817956685501243896 -1.44482744723859113378 -2.53046523458271099827
-2.08178819207250453971 -2.67187782386787331390 3.38554286875230392440
-3.48532213567902537932 2.82800196997971831081 -2.42671346809947330314
-1.33851610071370252797 -1.05597503016217730831 -0.84887626096313928414
3.30390497272743210999 -3.38607744312824499033 -3.73998966344534400363
-0.13964576052164101583 -4.44245490124731912118 4.37372680431539162527
-3.93830205098469932068 1.99122006183723865291 0.74550072455115135028
-0.50936310085637970246 3.12369517364581472663 1.07588587336868091171
1.76943613660296339418 1.05441857092653545891 -1.82447665417573290370
-1.76629399256027319609 3.34489584188092781147 -0.63651756881030419066
-0.28157661382323606603 -3.42977285416469834800 -4.08596499309971861180
3.62186133645366492573 0.24118626280199695344 2.13202548093450694466
4.38448751902105282596 1.86311938981317037900 3.47882974024094604459
-0.71941421924840387447 -3.96424907991981045896 -0.66233679537883149990
-1.02962537684910948599 4.25929768899580363239 0.90137814881688882451
-3.10970596746833072288 1.34655106293851023480 -0.29883316710248752912
3.93907274636932935863 -3.32350806246903474062 0.84926133064492681513
-3.95730786695185532409 3.19722921259534231808 -0.00447265196277335519
-3.25941222961644072598 -3.37078526298456226939 2.99814814353597025587
4.24530827929153975475 -3.69574969404048880861 -3.65105548283663727815
-3.06026466344339587167 3.04240380856140024690 -1.21110259993527158429
4.13692382694496441076 3.08248716272841605246 -0.67180142632339867603
4.51975657941864294997 -2.81546662312066064970 -3.15792976271556780077
-3.71922441537426884395 0.33208153308166465933 -2.13424661865594433863
-4.43023467743851195877 -2.93436542476155315384 1.60819517640179476814
-3.84284879476458174352 -2.04918250691843883970 2.68480868325237675975
-4.48652215945711230205 -0.57041942265346801122 -4.21600191353698150465
1.90558506442107233880 3.52170815749988097565 -1.29067752984281503004
1.70101984969002906212 -2.80922916053242222034 3.17377243785738549775
1.62008533925594111480 2.35485707621029050074 -1.99088555173444392565
2.64550543910055058205 1.19728221778740273606 -3.21792961871469040958
-1.97651946780264431425 -0.86465324910007135273 3.37982767325419697357
3.82420789623605639207 -1.20324956408888184001 3.84908762671815463108
-3.62720354199062189338 -3.72609628176166784996 -2.91897403644146447022
-3.77243546501316950881 3.76276604050271235025 -0.80934681474446978910
2.53329562539908881291 -0.87548410975959889413 2.11995135522027133845
-3.05261445508218587364 3.32625695710012081463 -3.57459866110667245920
0.74773129612168354186 1.57364786745190698980 2.65326280632924760283
-3.23104723676476091043 -4.19887709213614712667 -2.05257195882651277685
2.67132631693332012190 3.59440591616640769956 1.79770565347922950394
-2.01334562693187768545 2.76609972596242581488 -3.53949288904077619122
0.16260048815098127051 0.65428891888407125776 1.12566340235745077081


