486
-3.26638937196825640541 -1.81169629847362578801 1.76964851689352631325
-3.95106458451060227333 -2.93371815874713037786 3.61748528364986565720
2.26909129015149613195 2.35328243189853480999 4.40743223679933660009
-2.19649553885154835697 1.63388790386484927808 3.69681768564212287487
-1.06453902785583709445 3.17804778619068795109 1.25001394201505444670
-1.49888754643787569520 -2.17078105399709020418 0.23641363818355642934
0.35162893915952508905 4.30261917234313084890 0.56941752397176070843
1.52883457128886579568 4.28746988029012765509 -1.25240016833117584483
-3.96224985641705673700 1.01531967475600648498 0.78790079047019645486
-1.89098594720078994058 -3.25277752656710639201 2.26454253225664370319
-3.39495938897878524187 -2.94656216563333739344 0.37591315765194810439
-0.46105896219127284752 -1.78341483827058144840 0.08991801733312865252
0.54021741631185626886 -1.20380896564562434037 -3.38978647103952779318
2.40666212645191368580 -0.69071295782035146971 -4.34940567013754275649
0.51914238965743919607 -3.94757569432431631995 -1.62174281092269367832
-3.22125993094275564488 -2.14245292786550134423 -0.52474897697262701257
-0.03021276138031581127 0.59841607985040923268 -2.78618490008945363101
-2.71643351780949160457 -3.28583001743818492457 -2.82655258856199997908
0.60493720994773347854 2.82497919590391699529 -2.53027282431747568836
2.54207767093037428907 1.12887582795246022016 -0.73226818848834751563
1.04011873149478795142 -2.42792830875599863205 -4.45987357537414386144
2.49297042042243166549 1.38154590338407601280 -2.22282971029827791654
4.21552957139809603149 2.02044351542392330856 1.35026798188795638112
0.08782601871840345353 2.31235197243623247232 -3.78430804826148570186
-3.64900383203838751811 4.39164040907472408293 -4.51940438035579017395
1.64205097742038663711 1.16148046741334098897 3.77386400600085369916
0.48467379908044527781 -2.07188758650996840416 3.28711667023344844552
2.24391339585258098310 4.42419934315010987547 -2.32458419236949742626
0.80853321382725784616 2.30119939453609401170 -0.39494294396771323363
1.93652676191254080607 -4.41621761562884174168 2.67373815986094953701
-4.53493597416235427744 -2.64296750052399520570 -3.93227486054761277146
-0.20101338055202422339 -1.50616365253791073542 2.71757845931855701593
3.67714819633024081469 -2.43658653339845976404 -0.35687977190371622527
3.47063032552586836488 -1.70951396285969980937 -1.55193374134471540060
-4.08962349431932015165 2.79674314959706293848 -3.41239303914184866073
2.77046905454391012569 -3.54186673562018983219 3.35312767200986261429
1.81997637745986029501 3.37405774405419656148 -4.39498052654703652564
-2.50191952821240715110 3.20869196375819765166 3.65329975049166844059
3.87465765424920061122 -1.39148762306650386478 2.47948186429655503815
2.71602881645055571624 2.19740093579444017990 -1.33855137351155883962
-0.57103110210518925882 2.37171494913284242045 4.31278852936365719728
1.28831511050855862521 3.16298419955041243412 0.29602530044032882017
2.98791029658186868545 4.04856932565827332127 -1.41905756228465129709
-3.42456814407268339551 3.35059953852369485361 2.72531410231748960626
3.47812595812777214377 3.13732418610603414066 -1.86257520145748944884
-1.82401938563355825451 0.94253033075047998324 -3.96300397320309993887
-1.49150184024663667870 -3.29002289423991189921 -3.87897205046637338910
-1.10972922496902359768 2.62643387749662871045 -3.75953372539725494406
-2.60420053804445350565 -2.14038008911533284007 0.27593227368638917341
3.89049690233206657553 -4.05936759682094638890 1.76323052108314737296
-4.47467259561695129833 0.38365597042986010479 -1.21468189606527809943
-0.45297756032161640150 -2.29017764882221985800 4.34525766629537368857
2.15242413307799029809 2.49937004693625564045 -2.88024911460472665681
-0.55753963885183610572 3.08071232152365492851 3.12264868861690647606
-4.06797622255047475193 2.13904763155389154861 0.40219878648582874092
-0.45245099872366179028 -3.32783234000568173272 -4.13962186753452066057
1.11427266026601312632 -3.66489439733201383120 -3.65672842766195005382
0.87378998990204603814 0.60805998151317020017 4.32230636327424289078
3.05272080873141593571 -4.47799737268726349981 2.20672411026043846505
2.90592794099275320008 -2.12205344238827819936 0.21946647845276423539
-3.71175914218604008354 3.82624928290980381718 -3.73614899125491728427
0.99043847687359320986 0.74688810090246260387 -2.54840236523129259893
-1.06953296884298065805 -0.96410184745601323897 2.86835906192541667536
-1.37195040631976628021 4.47790734525765810048 -1.07423729823432179131
3.75736874378578900036 0.84393267064682930823 -3.92316331506749493840
-2.04502063562458413770 0.85781040533028640738 -2.96386648185181256210
-0.78310562475477585309 -1.45960173258578063127 -0.85587174413951405683
2.18980079314355613462 0.22683925933340542969 4.00216045094951322625
-0.84195420589271297018 -3.48003453359698422531 4.01325184375443999585
-1.56556168938818451863 -4.03724781648664166056 0.78580194859387919593
4.25419985770911690537 -2.68332880073162804990 2.87923618993813068556
1.89785557680781113987 -4.18823275122721749852 -4.14634979080657117834
-0.49005250600643179837 -3.11059097924633132237 0.60741178811581342245
-1.74283761367812362053 3.57728192995558824663 -1.96796963956861681311
1.24866231771800251238 1.82736262939321392196 -2.80342544456420705856
0.11856896864447552531 -4.52281576405916840855 -2.42591798081890352989
2.24781221215841675587 -0.61078726451135523234 1.40746626089271753557
1.85984426907158884035 -1.05909977216150208434 0.28994013445489930092
0.10063025797936564487 -0.97756605345613234448 -1.25440491266330145237
2.34736935489373088615 4.43030500001401339460 3.73012832734964039361
-1.16943169762772392062 -1.61441947241764971466 1.96510297974906844587
1.33260344267949459862 -3.63806168004932262150 -0.96484245191736084379
-2.38362130195268440147 -0.22999812079005366172 0.29294269492809643651
-2.83783137471020241449 3.88211051197195633478 -3.04115521917082576309
-0.15770904788976025657 3.70902299463236939658 1.62389970576968245553
2.40642756551725511827 2.26225328204694786649 3.08452639359263702801
-2.97481842674953167460 1.05661444561793960162 1.67893271530599275110
3.23275459841973678010 1.00100348631094870910 -2.83339195879722893778
-1.41361890362888242834 -1.22093828349000999012 0.42649094040234736269
-0.27684508305998889455 4.18196181704993019679 -1.47532938476140929041
-1.42089482555658452867 -0.28734962450909584675 -0.06713878089592562048
-0.31465245701172861459 -0.96044067559080970042 -2.61754911486722185998
-3.07978100108266295010 -2.22384634188061447446 -1.60858939299860193017
-3.56698209622632544935 -2.42376271314053859385 4.44309356701972557602
-0.33597999004193646044 -0.18590503987865769631 -1.88777277741840476821
-2.62671123224070912627 1.86435872419403647626 -3.13728245697165286643
-1.46900259869083260611 -4.21066068933998494117 3.43619896436559191244
1.11591392096277797208 -3.96929921877625302429 2.61134520793814939310
-3.42266820557675854886 1.26304338280456374122 2.81153149534215618388
1.32774117084830933777 -2.99784193393551579021 -2.39319312405921991171
1.41739536882029426579 -2.64221318849075803570 -1.35426512717258873408
-1.42883142362698389860 2.85233311450225190953 3.58122681689802302429
-0.93070562930602429574 -1.96270392056449960450 3.30529551652960318364
1.53418393961042465179 3.67219321005516707856 2.96850179307879624702
-0.17383730119791973578 3.82209728255180625212 -0.40378944205703248826
2.27161151140168460216 -3.07679447038325015740 4.52022873140587133634
-3.08097420249961473360 -0.90227415879127415010 4.16758921725979458728
0.43044031701759255526 -1.42194597753119067463 -4.50725553835612213760
-2.43803093709893614616 -3.25337081266904082355 0.60650411588403230212
1.16552464194480176474 -1.51638942365173523541 1.25168096573235576585
1.31295457934502390884 1.07849071783718120088 -0.49040700569746853432
2.86833125605493588495 -3.16901410074319089816 0.13118126574061861334
-2.10161722147286322837 -1.22898391731203693311 2.26967484248132489455
-2.53455149128884915655 -2.97547728640126329935 4.28615034093572599971
-1.87922096050120135402 0.61425269614900468440 -1.05276155577978469680
4.41064728479001910699 0.95798878976319823408 -2.18471009085686151963
-0.03833205646288551094 2.93924296902603376935 -1.10530952760455214445
-0.83619365883432106301 -2.13572039239021460588 -2.21943380937718526269
2.62153573564718556099 -3.53607839043734673012 2.23667919723486452455
-2.98244370652945667288 0.89024697739253433326 -2.39095040543656756071
-4.49780499357519314430 1.83993708123647969899 -4.26720741725017482793
-0.30113159450772553072 -1.76907112536458877017 -3.69417845244268416849
4.20140287479952956318 2.76828647680674233555 -0.95899864537750367788
3.26687493800298156543 2.58195590924440576686 -0.00800424241035102568
-0.66888225452018090778 1.69571070151786518210 -3.67193553215367796128
1.32496692044612540684 4.31767095722529159474 -0.27117446870095829325
0.09155560908461968239 -0.70933533428723594128 -0.10979157063279743056
-3.10487133433346951250 -0.17080777755708798082 -2.78440299507876787288
-2.68115722601626904620 4.10995340323260993642 -4.08619119726239166113
-1.62483161093105810124 -1.66854167971458045017 -1.38291334161710999240
2.86756648931158242277 -0.59057879395553269930 3.60162068307025950986
0.33141275397862290930 -3.15453603738233612219 3.46342078196491254261
3.66035742295544341829 3.85572929237438533079 3.88979865642555378002
1.68311617513661282430 0.16995686339756232996 -3.94239749662809968456
3.47957002811624516170 1.86079305521534177359 -3.61768374605743581185
3.13808375700897279614 -2.67751489423275446100 2.88577074396130672795
-3.87166695752457812318 0.67577389312936642085 -0.44743147885515366369
-2.81403794380996785662 0.08301757502946394141 -4.48903594403767325360
-2.17598303878692167501 -3.95417239821883592654 -4.45524243725012336625
-1.10231226146762706364 4.29051301585256705806 -2.26309714271022288656
-2.10236687788978171554 3.12325556913813162652 -4.47008354909329508331
4.27850286629857290421 -0.36721380266627434708 -2.15927651598901793051
3.54264761550730167272 -0.90634189318799140977 -0.09244700636197933363
-3.58627194283210259940 3.50031720328868711789 -2.36503408255432967522
-1.12736074807963504441 2.72574365278846020288 0.23840457719651286794
0.14120774795961210657 1.04115765875581001154 -0.19478220699251025394
-1.68722204140615250623 -3.20944618962635797033 -2.72644719734755636154
2.89174390733163289013 1.19096244757696823058 1.40400395136807265573
1.30775934473187671614 0.98402544071394526526 1.56365420340249894338
2.17875476099852871670 -0.34849091018577826873 -0.44714819154325624595
2.92638776425858626595 3.52016445514983100651 1.77317338246924283141
3.64320969732657840012 0.85557198729583650021 -1.34469073885482082176
1.68005733638459275880 -3.01601622220276688324 -0.11289976708078164336
-4.15187958191707195965 2.54718864267432643089 -1.63373722147058852983
-1.03739337095628814112 1.60652518390177068142 3.65422194746157646961
-0.00886365188317572716 -0.01042365056094318732 2.96125897884351729772
4.09063504892071971852 -1.20841747817559763689 1.02908826894076455005
1.02728519254464156774 4.10196775460763785048 -4.37993332042409289073
1.32344806601296394177 2.42105834374315875834 3.84228259376114333890
2.48411909864878932552 -1.60773099062649293955 -0.55449184173195131820
-0.66754155597153808088 -3.84387099709066326625 2.82914031570130219961
-4.28339337224053906539 3.17795618321493300584 1.31961100207152970398
2.61697860290879980028 3.09329648969295956107 0.79109834868462147739
3.79970612092827852990 4.44978231070598351238 2.93373276812534555802
-4.07796590980325657227 4.13126793714329476614 2.25445632884090318981
-4.37582747697201757120 4.35209558058209378117 0.93757448549796595927
0.73964951906165588014 0.30540858229732226192 -3.42233857866540613912
-2.70853191856076724875 -2.74126541070045792736 3.03590351267077096509
-2.31693581812336857340 3.34199915221225207773 1.18287809718558367678
4.10541131684542559555 2.81351413706277586613 3.78508235013692040383
3.85372105528885189329 0.19758351591811340597 3.44422195917591000836
-2.62763891936151461337 -3.91239607066377992339 3.71413964348063441179
-3.96192220984226528557 4.42245776664548184698 -2.13626760048928021618
-4.39136706579775282222 0.66527578351360894260 2.50406611263989908878
3.73576737230092614794 -2.20156003763340679669 -3.22846172522145469230
-3.98906514461424688278 -1.39796743946778345702 4.18272452789011150998
0.21513497609748721828 2.80943612262997355344 0.44518318372949483575
-3.68455022103383544874 0.17444726221468265237 1.84944624956689107620
2.47898445238244047317 -1.76532258400621522298 -1.67290335377474130851
0.60343279113115411150 -3.54340905248769244551 -4.50822186870983099283
-4.46706315262371944641 -3.35297295825410301973 0.92112037411027358758
-2.20734898727182748956 -2.39900489519779958059 -0.77397195018451014903
0.62176735586247655618 -0.79745505766187774199 2.67400538460234837856
2.65044783238486569843 0.80092730387537436343 -3.88416814354240935714
1.95507799385256131330 -0.32188033623808376404 2.94225456420621345188
-2.57836196850142806980 1.79543052271102610007 -2.13483799252789729906
-0.82696413270687241237 -0.99046001386340032369 -4.11554193441855620250
4.08864325164667175017 2.84521764258223175403 -3.61139926136837852155
4.42656233134325471923 -2.21468937883273220280 3.87342189014219062670
-2.47059165455916796006 -4.22383688376758126282 -1.03107231001072996435
0.95687064686955825010 -0.57717741059463234521 -4.03561983012796510195
-3.90910191021106001585 -1.42475627729008635924 -3.86923822539626760530
-1.31300469032216460263 -2.06192837482288293671 -3.95467694724163942865
4.26208354469623618144 3.65102519741727160607 -4.33845125409758303192
-1.81703219178947517065 -4.48590986587445605949 1.91322790081041471666
3.79766826982242289290 -3.61105950173909917567 -0.95104532023140198049
-1.51474873944998122965 -0.81763853414446385770 -2.21967836103317495144
2.75859676159410316387 0.43290800652170258189 2.89757810431234030801
-1.28157645575342726829 1.19270106283349885956 1.04405048635939312618
0.85649468894169533684 3.53592494684593905419 -1.00137232877030690759
2.51369638061785050098 -2.58729778237393626128 -2.48033964936967787906
2.44677841193950040832 0.14388725003207536446 -1.35052795989122920162
1.87376881243549053835 2.92651052747320594705 -0.94246970889061465471
-2.36733874257867782376 0.02148309226731726085 2.19852436118457195136
2.84639957092150641671 0.31628999343227892638 -0.06598259834379227584
-4.45099348880337153389 -3.03092603229245227681 -0.30388397849456794120
-4.39471500761873823393 -0.68604925136255889839 -1.07702577511309094405
-3.32413876007036668270 -0.76769945922813720429 -1.52279290421036961334
1.66803835138486977741 2.92724060242318451230 -2.08236285699556544770
-2.59383949033291427710 4.40390739889309568156 3.00801812154231296148
-0.15990344551944435381 0.96769964202336122838 -4.25845058430343481604
0.08336316395775256183 -4.23822225151193787696 3.96872563626488084054
1.84829078257309031841 -3.73594429842748931847 -2.95787817271469277713
3.22996966892782655378 -0.64883871346734789398 -2.17874055311874581520
3.72541781129652616045 -3.36361065381206802982 3.71431224738704113264
-3.95752886850555762877 -3.93288601205508658865 1.71484405182689325642
-1.02712368367242579126 0.39904710644493590621 -3.46161083448330009205
4.08820112783657396704 3.76695480156358097901 -0.50089603180525532622
-3.11837551329533013700 3.05820807586541310030 -0.25287078036309029727
1.77427834916480708927 -3.34117320489610980516 1.52682183331677201465
0.14680932602126084419 -2.89009602958601696798 -0.32647289853552763361
4.06741534241918767378 0.35680894152773579009 -0.26028700453785091895
2.66412787882218093927 -4.09023847608894453032 -3.48715899477611213086
-3.91530852750328062228 1.77255856032834291369 -2.29199817814892847778
1.62217431535249367869 2.16060212164629561471 1.22513607988215600386
0.85425075862234756130 -2.35549471103158758467 0.40038384655508441057
2.28298691873321590862 1.26618995092002517566 0.33567160711604238088
3.33484128401674606579 -4.08670352053466423570 4.27543947166538540472
2.56125402262850787594 3.24528782836635354414 3.87919092989036418118
2.73307613381553426990 3.75725230608451621350 -4.03547874903336900587
-4.48949566053887316741 -4.44260279690419590537 -0.93925710404711892920
4.49605295361569101686 -3.87736389923880464536 2.65171784639998708855
-1.05482503744647981847 0.79049646634539527668 4.36326753244682219446
-4.14033347758128744687 3.57327966504904015466 -1.39492739904308749033
-1.85567198600085259130 3.56117635725317516204 2.72262280936445577595
2.01049726638271764045 0.40285678933312141226 -2.31014498101620446846
-1.40270387120366990530 0.14209517980311048291 2.46002018598870275667
3.47018309726154416950 2.45777576085313320675 3.02945176838637753036
1.44409726217688572092 -3.07860501704554012647 3.68575839836016516671
-3.97146760349148753022 -2.33193585876720677064 2.62283289845730482881
0.85743595825389284926 -0.52157195455545135587 3.89993971633689273659
3.89639544512784841146 4.02352101652561966461 1.88774112498693114048
-1.30565803714437578265 -2.95844631318166007006 -0.74968084898062148369
-4.02206916274759329610 -4.01032032009847760889 3.45824082750475181314
-4.37396548680286478827 3.63176228836636472153 3.64468122119203474796
4.10855922042296395347 -0.40701383788277301079 2.22075089042439177689
2.14387784232372613502 -2.54953883355146615486 2.13815237262256996331
-4.08214857434814337722 0.58738651957374443668 -3.35853028773574591170
-3.01212705057934204689 -4.08707569163222039776 -3.57234194647684688562
1.88866800195429807019 -2.52564465343599620084 0.75440112322944230527
2.09104992039136572402 -1.58636374187217121801 -2.96725079441861083751
3.85300948936908671527 -4.36609946018315486782 0.20934488345676083298
-2.60950254341173737416 4.29785973586618563758 -2.10110125978236039757
-4.38788173327112662747 1.46161581243821725451 -1.21848261572440152989
4.40421364169924256515 -4.48388582363849685919 4.25451072119066520116
3.16428296457274438325 -1.51227786142382925050 4.14750303621941807108
0.17557802479030115705 0.01136437578778437540 -0.90418811702171097977
-2.81780176275560290122 2.47087362837833879325 0.59690199262541465686
3.13759446790968965502 -1.80335108325849446942 1.74066363961565873097
-4.44331236670851570381 -3.47524100179823625112 -1.39637700351115112696
2.46066404824281814712 -2.82212123856440122438 -1.35901611725448301371
3.25657453489375026123 -0.43033423359083755599 1.25112775697071665348
1.70937022743462208041 -2.70107978228845491131 -3.53858910159648099025
3.06328466193631410164 3.70548052562376550867 0.13698504318107929123
0.41730206439167449872 -2.96693182510046282729 1.34077335226023652837
-2.72757787183379063478 -2.00196389780036421158 -4.07063936520466462810
-0.84341929791078040779 2.45996465324637636485 -2.56176766832139657382
-3.38507037054018411482 -0.93188852178902426004 3.17672572273946141053
-0.52882005442401069928 -0.29467688884619214207 2.12935802380982241999
3.69728447308551633199 3.33422231362926613230 0.92251963448250062783
2.26730431768970053241 -2.35110420972873823686 3.53061893814379512690
2.91506469319224859049 1.35754491970922774868 4.18224433979276977169
-2.01339472584691137058 -4.27066731703540192200 -3.37642015081565816104
2.66155242254962143278 -2.07440629361586115209 -3.83561003548368617544
-0.64965146237862292367 4.16987677507119958165 0.73695399296974262171
-4.29611521532011497726 -2.12805553160818794467 1.27045587138079341116
-4.11600018375985943209 0.92658848637138202520 3.42702348297953474088
-2.35719253466943445829 -0.90021843210794028067 3.20498216702613536455
-3.63493142048601658445 -0.28962392639883027812 -0.19576449729704226144
-1.50929823638441362732 -3.00615196986131660850 -1.78474672728393946031
2.79827417578212322979 2.82359100684387254176 -3.52031282628224317932
-4.45714399021830498526 -3.46448436557390682111 -3.32360973810272231077
0.19619969213775068084 -4.28134068558126568149 2.47110477159486219279
-1.94823260597276259887 3.39849165811540565585 -0.09432163352085698449
4.19976674697819429838 1.00176853893009187857 1.24089742442342032547
-2.43798934177361070752 -2.48599116613198178882 1.57403849448503940778
-2.52999832611023833806 1.48818546137367402338 0.82471244490949580097
-1.00930543291043850473 3.17917338408507799130 -0.90872739853059458781
0.70035400466187258672 1.83209536953267448922 0.55196096370274894127
1.01424717455464463711 0.01803226771331001288 -0.23763642528736284021
-1.97477238494561957438 0.45545390986190081861 3.90178535062673770284
3.93819961808012930504 -1.63125911664782430321 -4.23436933758516964588
-3.84170652141131840906 -2.50490851370561973255 -3.20868597936999755404
3.89157254981972489105 3.32553541869181756852 2.90905814181666766416
-3.93124628133238118721 2.57763660716401687978 3.62651352640977275854
0.38245054451563298414 -2.08896718914347312435 -2.66929012215404348751
-0.68864846992189221453 -4.04977000585185020753 0.10152780438783182149
3.43377350478227061359 0.45178157140995445218 0.67510869949513363508
1.23547918598708772464 -4.49611347084797863261 -2.83116464792657085425
-2.48512351289301935964 1.71816878367780567771 2.59728997099800462678
-2.73811799213487594429 -0.98527362719095545884 -3.64405271059422419810
-2.71054106853798115750 -4.43472505017981699638 0.00953117146138193760
0.99819833466697271973 -4.01389664172454185831 1.50799128538848226100
3.80258897653268146399 -1.23993098537932944225 3.51112612295563675247
1.43493758451776276530 2.49343775221304042589 2.51032519416740917961
0.11039688874618747150 -4.23538478880008906202 -0.58801318974080718505
-3.07692481399456507773 2.44940684621494408901 2.93431687346420222440
-0.41512730940207198671 3.21119035088886217721 -2.01715400173304892917
4.48240966211677172026 3.94917771002773765332 -2.84011099868722061146
-1.81170633467262609528 2.58250326007389841010 -1.45489791410221158685
2.58974415808160429719 -1.66355313636188739679 2.94971643298435637348
0.44222022164205299077 -3.13175669859885186241 2.33927970437423393690
-2.18213113890935295203 -1.70837101753379094760 -2.16004657693595358836
3.76169058653809162962 2.75197078655863602847 1.93346747324751877528
-2.94649085101907104445 -3.88047509463758588666 1.78547101812115460717
-0.93502790833922144742 0.36620810823447147442 3.40759314180808825512
-4.30089371482551818815 -1.26828640601269260202 1.90325583991390434591
-1.87127717383293301623 0.77732102329871821667 0.01434874635701177681
-0.69154422829028083797 -3.93752653984819378508 -3.01481856843090989528
-0.65441101355788156013 4.25894150457731068826 -4.02522347220505061216
-0.33984525864575587661 2.00819792431123378407 -0.51556266735604427964
4.35242672867154123395 2.52815494877376156779 -2.58183623485590363344
3.45475736878773354022 0.30878325038283449544 2.16204769121719841962
4.22012630751313988497 -0.16704458701641033969 0.53582508853792365500
3.22231967691614062943 2.03442677917182113134 0.98300693755521351136
2.48789493101331515845 -4.07911419519736373474 1.21008330513832529363
0.41212646343950609662 -2.57205762520841840768 -3.60939454850088381477
0.85339493626965179374 3.88425359172537110197 -1.88406649918330248994
-4.30645222870219779310 -1.83335131176334842351 -0.85688867030392890101
-3.11710083127283654747 -1.28257981704311641025 0.48188349127000140726
3.39114491342913382255 -1.22796380829968398984 -3.02037798525759626500
3.19064638714805770547 1.29095838316920552558 2.62461319686047733768
-4.14798859874976422191 -0.13138777535435330890 3.17283893189581345240
-0.38661648891626487767 -0.91847932259688302992 3.87207819384475282476
3.67577417533131889371 3.86251493410625368341 -3.49163501423578459537
-3.62536261821052097076 -3.39875829656849592908 2.54603131490017187133
0.44799705774626374932 0.96048906650740484281 -1.43624884574017830374
-2.00168821573916977385 -1.08922391211394309352 -4.26620713179440880225
-0.30628931839204387444 -2.20621970831538760649 1.56236860177127034888
-2.89114545567928615810 2.14769961463934944135 1.71754008742310215752
-3.83832512895088440175 1.55882075508012540865 -3.36364162558150248117
-2.96121614177488279296 0.03247620810817508641 1.15412035151951908318
-2.69495558120499012489 -1.06449128835366924051 1.43822168528413474320
-2.94331802263826158850 -0.99883309799005992602 -0.38144754303227834669
-3.48623623513216340797 2.96219796717424710408 4.51388227058327284880
-0.90644030496617400416 0.76488187991370182317 -0.95071372191838277033
-4.36970646559410980103 3.53480026512552658602 0.30567547847643350423
1.46213110680621305448 -1.15575854348586881670 -0.96987834545653672791
3.43230240350211346367 -3.94455595468609798715 -2.86188266685121783794
-1.79231564955036226650 0.98250757929300647220 2.95148242575476960070
-2.94949946453540956526 2.91937098971295228012 -3.58543093221493647249
-3.28349595784016834443 2.53600203695995762843 -2.56254337897063599883
1.81850957973110727295 3.14315976571115829330 1.50760661950553576105
-3.51078540247917292305 -4.12170204216647029227 0.65419269325645323931
-1.62704936401997102280 -0.17394970648979501959 1.45681835760059907869
2.79448506618796432832 -0.07657796266615335412 -3.15935589994735943620
-1.88472956034174554674 0.87604032511858243026 1.89783421956552356136
0.19192276618639603214 -0.80397556422642502127 1.60183849457961446916
-2.03598296641847786859 2.60534358452514869242 -2.85644404590585310189
3.08760834299857211960 2.21475719878586385647 -2.68088665599737607792
-1.57287621145008893464 2.22053137619026053073 1.04531192293312091834
-3.85578959144167576767 -0.38240190159482434495 -4.13774657022780534277
-3.30117342944817115935 0.95660753538628728876 -1.39294264948636925538
-3.91853882267830044839 0.00404287842885686644 -2.15507523463946659703
-4.18501349400481981178 0.70581887272667742650 4.52847824747857341521
-2.49492968812853188609 -3.31471972980501616846 -0.52815794673923566194
-0.59983588578635727018 -2.92660834422676430222 -3.12910047906386168393
0.47618665711813967789 2.96573825151998260452 4.48720798245035101814
-1.48365634966294468455 1.66607557724612487249 -2.80068226319938951008
1.26270245410990344936 -0.52868890240860277885 1.57150102003820890673
-0.11547570724365829875 0.04802518905450714470 4.25630119415248753256
-0.70906968074883192088 -2.76221995024260724705 2.46225773395682434597
-1.46894302481907024216 0.19964255734902014439 -1.90077077780403813634
4.18726470909302062040 -2.44857255689396424714 -2.22513717893951756821
0.65330732754975340271 -3.72270443861276278952 0.24828894909018472958
0.70376506006630279444 1.47695052602775955819 -4.12364853952655163738
1.93327462476574485351 1.45085902836315128184 2.24872349701248985809
-1.89035752260105516243 -2.08466298844074415797 3.11065080383456482593
-0.71611995142380502344 -3.88456854496734349524 -1.74417748680671014228
-0.77188591852718158037 1.31276296409997694781 2.45982211011199236594
1.28998153822044958616 2.76860756136193941757 -3.56403505442885482069
-3.72886043952683809977 -0.73190093309436665692 1.13526277473995040879
-2.51332997420014114809 -0.15606430790483916127 -1.64435527028397343585
1.22662234551712412411 -0.20453375428689568594 -1.97836220015683794671
-1.20059833298974050209 2.18850575885475251425 2.70848857837801126891
-1.50835375531572157826 -0.15071430605145330617 -4.28987673410458913992
2.89726288975939549886 3.69534483517289746857 2.93375348165282279211
-2.09994568892032296148 1.69570830406533801238 -0.74683922599477181592
3.76790132161354396345 -3.23028557717259623416 -3.74884398366828452964
0.32106954620106709086 0.40166286645449744697 1.87778899963024237252
-4.47520937792126627386 -2.95121979751439278417 1.91127827552009232903
-1.62963293650314966499 3.92237155651423829994 -3.73998173696250724163
2.90730817985331047026 -3.79877725765285134685 -1.68854831013753825530
-1.67125575858684971564 4.06220274193306263300 4.26703522990193473419
0.33719390564625051354 2.05560688408801794935 1.55079959742544559731
-3.40454261734443930365 -2.98401669654173806734 1.65669716870537531150
-3.32449291286234815956 1.61418925230575371899 3.92838695657643288683
-2.80947284329571544959 2.10171765441007440955 -4.35644352079355634544
-3.35324890299799927007 3.98743553597324495996 3.55875468217191492926
1.54106642232218149502 -1.60614445788705406670 -4.00484208413279763050
4.11038505839374845863 1.39826675632991115350 3.75118362961495943608
1.59833400983655682381 -1.60059034389554266653 3.17805248265579187716
1.54692742831966345562 -0.51399109182719815436 -2.87450017899197218796
0.63374635002243362436 3.27774434655947377593 2.64239400722085360229
3.23188699927900646713 3.11982687987364482041 -0.88755288711109603383
3.58809494827089903168 1.71537926118711947510 -0.82346797128278792499
2.16345490721749289520 -0.75880839336066419065 -1.84983846006736118994
0.86655844045728347425 1.52357010070383491751 2.88265029145092999130
3.73324270528811386072 1.98657966153145260080 -1.95153886869648651725
-1.62901460719139246081 4.33191260552047996413 0.03814382589237563792
0.27611357781165857261 -3.21118113608299626804 -2.35651056186214846733
0.09276235154597589627 -1.97878239572014935632 -1.48111806208868301837
0.55349012392859187059 3.70027919610784916671 3.69147372359388459273
-3.64585790725736469398 -3.12100652594276395391 -1.98079408595369788060
4.12982314115565696255 1.48918697521128873262 0.06885831294670374803
-3.55814698228544257219 2.20099123992513057146 -0.64674877576632550102
1.78652971703794438696 1.72971629852931130245 -4.02176700124416441895
-0.08824475787153129858 1.15785947274213896208 3.70852361833026211713
-3.08085581770604211016 0.43588410211665795657 -3.59547552919362445323
-0.94068375015426708430 -0.24468358351743546564 -0.96737648558450661795
-3.53243310288514322792 -3.68119697608985996240 4.38934205515936337605
4.02497080833843323688 -4.23145666642485807074 -3.92082097385985273164
1.64045551767885822159 -3.93236324383618152112 -1.94856784078566436236
3.46509940555993889433 -2.78377942077319096015 -1.48668777314082145580
2.13796106460608559274 -1.49907840331809172341 1.86492607902656626351
-0.63580854521263141521 0.22036499265183628893 1.14687558107952636277
-3.85178469499033804269 -4.21596890814714164719 -3.04237285563396842036
-3.22702592697307144576 3.26310583264859310759 1.70128159278540369570
-1.57714717825893790959 -3.10060127221425352317 3.31707121113544189939
2.73016854381562712462 -3.08575419453670729553 -3.57437813972061224632
2.83985353196315859492 -0.69508138627683857536 2.34393801742572449598
-4.46133779516067807691 -1.63859030435996588793 -3.05695325093160441554
-0.79759292098924916559 3.63794749525920391164 4.00497530511292776367
-1.49532001233824685116 -2.79210948509179335275 1.08114769013403044795
0.75348949788006880368 3.78264390871091027435 -3.48803617675491794969
-2.76765284967304880936 -2.33385956610456535287 -2.84051694457200820665
3.49404998549951795184 -0.72567473791549019779 -4.20439377661310320633
-0.00673348465120948703 0.96044209833492644179 0.96233780602071128385
0.75147931237380305447 -1.89254488289921418698 -0.62096983496073132613
-1.96173686867783958476 -0.32266532961295979476 -3.37432205191801548594
4.30924670595054859490 -1.97239663866276782045 0.33548036362578770309
-1.47873402363684558480 -1.55473592052118769757 -3.12538024990780050061
-0.10365450940876108632 -0.32104190842073165868 -3.56036212848351718563
-1.74275584816564910184 1.19972040450383143906 -1.96839862842930735098
-3.30476296903703836705 -0.73440651925283084722 2.20927439071186793029
-3.44276915015809370502 -1.25305027379109201746 -2.94312831709817324111
-4.06026734165556124623 -1.27061197356347754805 -0.01963917536753179149
-0.34683623188620149591 0.17786222759202985344 -0.13099733662138302037
2.03568512184344552196 0.30799728791036518061 2.04017306566074640983
0.16401738829057599389 -3.97255519205249552073 -3.61213870544859760869
-3.04969745565978822555 0.75104163942840873602 0.30138662914738567622
2.83700142034446489703 -3.99928889216248872884 -0.38949634243908715092
2.45080620776400515126 2.36872817078518149714 1.99970086767564403374
3.35807560952730721482 -2.49299459004036627618 4.26079801052761464319
1.21558086437626666765 -4.27081618482702296546 4.01258004317129302052
-1.78601179246192209860 -4.10319328864025845149 -2.11588660379230297792
-2.98866795038577448551 0.18411621062492766754 3.56564517135013492322
-1.56077807025006354280 -3.86202852923948558583 -0.46985747103161834559
-4.06720532274054580313 1.53259638957834898321 2.04369685703096948259
3.38427541808868337370 3.06586915223147560283 -4.42294285105393480961
-0.87410430220052504069 1.75383004163103795037 -1.66182607558632389200
-0.79457317232775226401 -3.62874812168372962162 1.67336975131688969753
3.18126537377673734852 3.70412425616543128370 -2.58858233323499975498
1.47778923801503481172 0.75352235878337658903 -1.51218148438903332575
-2.72172984925391903133 -3.64906328959141479373 -1.75312944289050953728
-1.89392206746738667178 -2.19468986212025907179 4.31019704103697254283
3.71736180706274321750 -0.42372381344691145699 -1.16567509305301975076
0.70814303950670254295 3.16044965912352626702 1.20660041596376022000
1.83921554950984678101 4.03327820496519517945 0.78433759322603879838
3.23047340640298230596 4.33267302783455310333 1.04190962631418759798
0.00777335135971135571 -4.25762011506070425781 1.46814502996934237444
4.28938535083882666044 -1.41622327849488627294 -2.08772265153571900953
0.18972747600454287209 2.39929092918454944794 3.54004779844109140896
2.67161835093325272794 -1.38694539107663672439 1.00212839711416545896
-0.49127956913212944556 2.00604036259126505826 0.59376606267465703581
1.04246284835613245434 0.29243035550197671313 3.05500614185772434439
1.54449997303357644540 1.89715972073237981732 -1.20848300156127175242
-2.94507963873655587150 4.25651919570333614473 1.61102280147490528606
0.39907713784442577776 0.02093479760778294008 0.71460346948679287493
1.22416493552427585456 -1.36661256122409291436 -2.41069320266464970359
3.95186939209539733753 0.14079366036347096269 -3.07008657759977277024
-3.74935112329553099642 -3.77578152751644857688 -0.49090393030987922174
-4.45471819402401969512 2.57848157149160606139 2.69565439005575324671
-4.52775076215568628157 -0.45081412691001521154 4.04300922214934654875
1.97696305976108011038 -4.13577078678331311323 0.09478269952359941186
-1.54806236967541233085 1.84651890307833443927 -4.43397102083944805173


