304
1.18438943135267393814 2.41840942724230689720 -4.04224494164584946532
-2.38445021754056529772 -3.96610391492376512801 3.29222466882042219538
4.35302984211253285451 -4.00469994713370525119 4.42782595684161517369
0.92020098185200982499 -2.73758975401506177150 0.26398075103511065009
1.01239830304986000442 -3.18598836444789768052 -3.87320635993999395907
1.76377009792733918658 -2.04803632198262652864 -3.85863920562649864721
-2.57304479533667285196 -1.75028769642454529176 -3.22539398387331877061
3.96422487504084930521 -2.07548320411813547182 0.53053163935852154509
3.79190383552011400781 3.29044620556310540849 1.97570644251136062763
4.04636488722737208690 4.49901405206322646535 -0.24666961448172575189
0.57463385472550143618 2.74783550456434166875 -2.49341063945018959203
-0.43240124732574525268 -3.68439946444878252407 -2.35446032672004879061
2.90294407450229119405 -2.38314007803794725149 2.62778086125956811259
-3.59677017862422587768 -3.03024083023533874481 -4.43684363974383266793
-2.34548424903498942129 0.42297511289256828348 3.15947803329533183359
2.50343091257428262963 -2.87169415813579931296 -2.29954583556532643485
-3.24933229331100115189 0.01660730295236412246 -4.05942787545100802760
4.47347037586251783381 3.27179771487048487444 -0.38037317647759572026
-0.32835145107114627194 -3.93758604235841769281 4.43637837810822599494
3.73815268341519679751 1.93003064747400987500 1.45548001373836211059
4.44074742873410865940 0.04883843877363869268 -2.93248704577181085185
4.49034700543471654299 0.98692916821203979794 2.38838388182266658788
-3.07663608983085801185 -1.67407704409668278700 -2.16612927826034029621
-0.32803190397636505793 3.96452013801537805904 -3.17941910680428030389
0.67503856187824240465 -2.08975181625070760560 -3.24695261732432660651
-2.40261595324041232757 -2.89189115828554754728 2.72858265388698661980
3.56197424479776270090 -3.85958334890964049890 1.52254740208005845403
-2.72604725313538054365 3.03474691407391627962 -3.24765595391829497984
1.05332603848811956482 -0.14450648130461640761 2.44894084939783684973
-0.78709911439580881876 0.46981620661725997934 2.44627742375893664217
0.21321747168156957031 -3.04638833143665221925 -1.91776500896131896212
-2.49699363561315434978 -0.23887319297717990452 0.16110146022913252040
-4.01244165117954576516 -2.39827971299524822513 3.67860823029563643871
0.94450082469472285140 -2.95468370482170206159 4.03001436492607734152
0.87637073366289364174 4.22761388310664631973 1.60634642782849734743
4.30237257859926724990 1.94957654816938141806 -4.34835617084953884870
3.74639573067768782977 -4.15358244667338283307 3.54210056812082552113
-0.43270967780833657912 -4.51526636773231260236 -1.52689148748493286334
1.70270590931234000465 0.24455783682966458770 3.68422103075082940649
3.86077169308892376165 -0.34059962229493123687 -1.93306177634734632775
0.08949501740914644898 0.58704503004871977367 4.23365494749643556105
0.15668029965446272911 2.84302227567973364586 -3.82984911238456460225
-2.22702246791876579124 1.17775673818020010231 0.71353732891346233203
2.38391896429256977541 3.39231935209501944684 4.10913075986375542215
-3.80311837120439166782 2.76069393553973174704 -3.40053286742782834295
4.32586417359587382947 -3.57730803630005667060 -2.40687215901148965358
-3.57570507702710793652 -4.29702503043863970333 -0.66675694541979613206
3.13411774175868540482 4.04243895641204797897 2.79729956192609829912
2.85227932215834645291 2.20166093593257539140 3.48563344820337217556
3.33095342468889032972 1.30232168235536782674 -2.49406573261773667483
0.16536270550532705670 2.91689433717633139764 1.74857931706567271135
-0.35941259300751848826 -1.67764392232722636678 -2.29611636406256769405
2.08603381002834087354 -3.43743644608198151147 3.46502644271532300735
0.88177615802367537157 2.87591633992937367736 2.61797299165766617079
2.93893279525070472147 -3.74953918564373278599 0.56491498370029802345
1.91925920931410853854 -1.43247518306978749436 4.23336756684811010842
2.92163273205332174598 2.59623419096235696912 0.33397604116774459726
-2.79580126760791802809 -3.57846149306747562946 -0.77481804456804281855
0.19431536876200983244 2.46494620656988239205 0.49564099440616882220
-2.92158679095021289740 2.11001168960843266120 -3.68865166738627259235
3.68408889877709011529 3.42088727896370770054 3.53804683355386995203
0.56389693161902965102 -4.04541547918868005240 0.58190377750494537423
2.38110597875652185706 -0.71338511926224867921 -2.58277331020153466667
-2.66370209748644581893 -3.33360162470576382177 -2.91943622422972115515
-3.99628131959731014433 1.75969890128715178435 -3.52683032971838184011
1.54387418493284744869 -0.69294351998431169548 0.56234148477380596631
4.02597873701931785462 -1.78955813893820625538 -2.00915324462689426355
-1.43715101029027714219 -4.43915521799273982140 3.15841109493135530073
3.95835960492754868056 -2.88961356235852928620 4.25360380224718159781
-0.79353859485538524865 -2.45627685366563541791 1.28444941413523316953
2.35224679413333159772 -0.93122075886404909184 1.48333930089551291331
-3.19916995354643507454 -0.43403455019656966840 -0.72489133234517133531
-3.35007278116205275964 1.18987886736681058863 2.51141448824088708847
-4.49724928841023885440 0.86815467861411210748 -1.00568006697949430261
3.79670678603337830026 2.62320386147859263559 -3.26100064670124201172
2.82891710996106748865 -3.74456153431502292150 2.53972188857301350851
4.41098213432325447769 2.96056650999435522209 2.74169829027039924085
-3.47370852192277324022 -0.83294040187021733956 -1.70819733067596679632
-4.30662525994196965229 1.70490316236578554054 1.54216947905311752010
3.93538880331764939768 -1.63925708303913575392 -3.69159643259971614881
-0.42094111492899788374 1.20146820520989283665 3.45333460242802825491
2.50630021794564772364 -2.73976987076218403416 0.31079390267993201036
-2.23437333379186986448 4.25749648268653313465 -1.81870865272619264275
-4.51107182106493453944 -2.30480959459567324998 1.32065813666982556640
-1.05649115186601250116 -1.88506574235683155294 4.13921481620659026390
-3.29880980376582622071 -0.17653889986331172679 1.80010699871417312323
-4.10101965243108779191 -3.52787419321221218382 1.36267556681073109814
-4.21995897288510501966 3.23594448743461704510 3.77833122370525220646
-3.44460894951333163050 -1.65396787133803524483 1.10743646640262127789
4.18262619425028692177 3.98034856268355863307 4.39197920436916700027
-1.02683100658458492660 -4.06619223901668913612 2.34417530560512510363
3.05649988728756571987 0.15596751960484489530 -2.44691595869204947533
2.93615145965713519871 -3.93674735980480194897 4.18099778974172320289
0.32030573505967385728 -1.32042895982531405252 -1.34957645573023210517
2.10515018107760720767 4.51538965305733608346 3.84162476309676303998
2.88620928108189023220 -1.78398266984474140884 3.95929882796897469888
1.98947748217438391549 -1.95390095243017292148 2.35906392065921988177
-2.65582705380859662725 -3.06483596101374011766 1.31622250611214575144
2.72824120965649274950 -3.75985389297365069083 -2.92719201639973825024
2.97618253478585881311 -3.00955591554891066508 1.42025552109579589199
-3.43608412158170795081 -3.47223338233319678281 2.32372334159255178321
2.74733657556298727087 2.84022605495303626100 2.16352370867957066736
2.07979525471539528070 -3.25169533234833130209 -1.46090234750341263492
1.77719200713420644178 -1.71143843987780686078 -2.84923225899431686869
-3.02968943638225685078 0.44784181740419626294 0.70790060858562053880
1.91097256662256231863 4.01783212701922654020 2.71380592513408291921
0.13381622597743891845 -3.10193624192910055726 -0.36818847925981135205
-0.01388903823402998228 0.69736238790409199595 1.20453902984852234681
-4.36053070878217319262 4.07871889108762264442 -1.09370338904233221911
3.31554572969214955691 -3.42923786636214655843 -1.69370074910465495677
0.82864300684742087100 -3.81126070233661629061 3.27430460968011427525
-1.36580403675428474486 1.15496994748909553863 -1.54333785988296456892
3.55857636132209176338 2.79241010310557324914 -0.66980733256731106451
3.80010804835122595335 -3.11132096254326784290 3.20213926723466357771
2.99769004177441811265 0.46719192151909361144 -1.18804042862545866655
-3.72735602708601510002 0.43434022586351694883 -0.48248649808318599952
4.50251709825404144993 -3.56005116980339897381 -3.80368507975378022934
3.52040617356447338437 1.33227234284821527410 2.54920467600308686684
-0.27109173826811350239 0.57399933389082224977 -3.57889392833763153590
-4.31700955310021594613 -0.91380229260293344140 1.49027404450011591308
-3.16195240057132398448 -1.16117137183850172022 -3.99161837834685018223
-0.81280346607316156238 2.87057179343675361594 4.31143120985731354011
3.13352323657417386471 3.88061992914015707612 -0.25645007567989175357
1.84083776559300549280 -2.28307211416414501670 3.24432045226915644065
-4.52972423058529916062 -0.01310522786235690518 3.03894492590233067375
2.30458661347970927835 2.21817786536324845770 -0.51576021013744277610
1.07667185185143221560 -3.43566979202524791503 -2.78469390166537689169
2.96930885947489819898 3.34581748605711037925 -2.65304681510723083804
-0.53494769162313193789 3.88221679321319523837 2.87789969421300373398
2.08489172486920448790 4.06499944079179709178 0.28949762692935365749
2.85763511875677078677 -1.39387589632399500061 -3.96134401264388547048
2.61442067244674003490 1.20115089839760269541 1.27625502541568636161
-1.76311635119709020358 0.75250851063782775441 -4.45208425133932816919
0.28838673908475165319 0.76843475987976184172 2.71862516565976264360
3.33666879348690326168 4.49189423148327815483 0.74004173592843525142
-1.89271808090670168312 -0.39518863792175906724 1.21670058708035266903
1.53082757530917934474 -2.57087520951251180534 -2.10871072415460902860
-2.19415069638614079750 3.11947841159443672865 -1.69171021196173310130
-1.12926840174942855199 4.41790495954719819593 4.14304951337191429417
-4.46788360917233795533 -1.60387112629934192043 -4.48497960105911896989
-2.41190392866814651285 4.13782596236290256542 1.51570658129424540306
3.03644367219365118871 4.36421113445388453300 1.80867991797597049697
-1.42081166709413242444 -1.29460554618656242809 -2.18613849284296213327
0.61261762409174824739 -2.01656940325445077633 -4.30919683564085254091
-3.94335393555963209522 2.53860901923494619581 0.49062500669000996822
1.03261006241413522133 2.89211722349315003555 -0.27307999618613809645
3.55095456671701104057 1.24476440143386746229 -0.26440073728511936935
-3.96753835500887230836 0.69808149061543289804 1.27932148190397132481
3.36873609618452274361 -4.26649147671880601962 -3.87780923974266800158
2.58907067599656937062 -0.11125188481730052814 -0.32246758535116182287
1.35430756418867748181 -3.93274680846590785066 2.05611447000232239191
-0.87051635870718424570 -0.93280387986467916406 3.12557329092300850704
-3.23791903680104420360 2.79983640279918954974 -0.37969662560169314958
2.01228698145311657441 -2.96238840153252924736 2.30078728320903902471
-3.75984160718127036205 4.12276634824566112769 0.59643691900870088318
-1.12747758169569323172 2.75465543391996359190 2.67065170124959294640
-3.85023007299589048458 3.77859219984921512747 -1.99308507009956148437
2.94218251924403606523 3.39377804005118033359 1.03984007285588209157
-2.50337710877818819810 2.42569381610953360706 3.10253794480525524335
1.25559870027755149380 -1.08872905933869557060 -2.30380499594815812969
-2.67952581749627416485 4.39655823008236890104 -2.83152755019808077819
0.18545428217960857609 -1.18713036848751141150 -3.49363221463850637249
-0.19765010425112272685 -2.76972945322775210286 -2.99870431053014563361
-1.85648605652432907576 -1.60355944179741438660 3.41197881534107327894
3.89583804888313434134 -2.73624232987019633256 1.95489792321282873644
-3.84330047531366014724 1.37914677653376660516 0.64063743034057107906
3.81590054452148219610 3.25207123053036006866 0.47198187229626320516
-1.57934539933508322207 -0.18679202541114658942 2.46441857443774114955
4.16495816408267760522 0.69290454800046408224 -2.17101697445358121641
-0.64326269114776479796 -0.46777305092643395312 -2.42761706943619604004
-3.58375827907461008692 -2.94688769147029061557 0.61975552821513524293
2.86200096659349423334 -2.09220227844699779851 -2.90158245389270597059
0.03125851409848223739 -2.42592629449267427333 3.65078916449188017879
0.04029055255617031150 -2.91802056955293398488 -4.26874430979930075125
-0.03078121482014939403 3.86226844788428902433 4.21518327148320093301
3.67862106038920533280 -1.00034299708145768548 0.79076215402130412002
1.15058275248777963640 -3.01058496866985025875 -0.65717779111763885425
1.41748080920283126005 3.75561504728674311337 3.64788787244866075099
-0.40937680956226696338 -0.28336258849488427103 4.37602769218020082320
-3.75318540022823565749 -2.32406843952867303571 2.07955627591647296271
0.96104523097350114114 3.31628530989984326993 4.50851119392676036313
3.89979425409983360140 -2.10107283578151493586 3.51826478708536338758
3.49478689414339616093 -2.46125381729266878850 -1.29746284886866192210
-3.19600802045305210086 -4.25657850244644464510 1.29020231555150033387
3.94819702022189122914 -3.67397612503236192794 -0.64091156444405772419
0.92237755672551724473 -2.82697845106420198036 2.97401164845790777491
-2.76081167671844163181 1.47742030249576128398 1.60544999358396278666
4.06693211214644723128 1.90106790856665863743 3.46304546860312978396
0.99038756349129464240 -0.71312801751272170137 -4.09360893731793762385
-0.12223640751733988452 -3.23392799561384292062 0.72058440618230790164
-4.46936204899136058089 -2.59136000303001079459 2.88672288671707999441
-0.17751653004594381002 -1.81671027067103629804 -0.38525331343018187624
-3.74312218118942574563 -0.66283038378776826249 3.69368135090465710135
-2.47286064861104160073 0.58882451477797737027 -0.68108974636969010774
-3.57822855377412762934 -0.66638118713466543142 -3.00405119054036884307
3.84783880866790095610 -1.75368196008343968373 2.52533042732616674897
4.29013066875535020728 0.86904795860787409367 0.57056325521137285506
0.21123385679281447835 2.12367894508040233603 3.69950943417016997472
-4.30901897803276234811 -3.87914009280296046001 3.00575549080364279320
-1.57022727284451413254 -1.57094977141175551338 1.80549923511340804083
0.74177648486262448557 -3.84677621751064302558 -1.34447641554232877326
-0.22520156513922984232 2.91677077332020306955 3.10093626783272835468
-3.30156504136630379875 2.64753960318650793937 4.12521723612999391406
1.71249769476124313883 3.20444290454288527314 1.74754857292117282697
1.92205296052728957790 3.74909258889772711854 -1.30769258048960690388
0.90793731521056297851 -1.81001613821937423765 3.77575773747555221149
-2.57651348230970933528 -0.68633656739274151448 3.36400499698578414609
-3.52703677722788722093 1.64996323336974448637 3.64120142887924824748
0.68680768591776608645 -3.98234975793726109217 4.42363349571425512607
0.37687103612227002003 4.14164407510711374272 -3.96633535780606738541
2.54973687169137086528 -1.31763592949922747621 2.98585208138954971702
-1.01628527900276166562 -1.72062643882954802166 -1.25093712943341373034
-0.13381425835432558813 -3.76415829071699636899 1.71251585606391376615
-3.80862590572937920186 3.75163439227302308865 2.79403473274691105388
1.92220063751604808289 -3.82982177164483283960 -2.27102585566272363593
3.30931826124527450617 -0.09918338057211339986 1.98538898965865495683
-1.44191349042854799478 0.20257126486935739251 3.73751325746279494666
-3.34886864419351182320 2.86001214559827765527 -1.48119272794153022943
-2.95218731850783644433 -2.96003168512693015657 3.82397133892200802308
-1.79141507627216345355 1.83368935573836733255 2.81953016790733990149
-3.39433582372229825097 0.20049409163527620592 3.14789672953947174960
0.00374802144787089730 -0.38897031651624036641 -1.42754313179592173810
0.64508199029180435247 -0.04178767914757575141 -0.64334135486090637812
-4.29973023825694600220 4.48759011660432260982 -3.71213004254828282669
1.72381458111861540772 -0.01427679970100914630 -1.12302141635614072257
-1.79339522780402660374 -2.29423803821892313692 -1.05814362399441685980
-1.14951402192232965405 1.62129309847195646199 4.26361156209012559515
3.89506446197281075428 -3.05132516238404605247 0.70777156859119649823
4.10545667171218919833 0.58996000537472603753 1.48569910734139476460
-2.49270086323428108344 2.06132199165367691052 -2.26337032919069480741
2.95921596128818453764 3.44630280796545118704 -1.57182689270636988255
0.99210607573330378273 -0.81479812464213097201 1.78057205841857868478
-4.12605644204139920816 -4.34023309259313183617 1.96405495924967254950
-2.52675479699727967287 -1.75302570441159666359 4.32731727644487218498
1.58315235132775455895 -4.30596496298604680675 -4.12889049083760806269
-1.70779073851609464185 -4.41212179379940394597 -2.77403678567171008140
1.15317688693343622930 -0.68382774934262435806 3.85876168554250664755
-4.39862364402192262958 -1.49315045690760284103 3.15438469025728718265
-2.57965800203930051282 -1.27447789281716783449 1.76232556716762189808
-3.10809100133216142936 -1.77469406054985867627 3.13718930555147235140
-2.53988419262313902536 -3.88315850500616832619 -1.91875723928228580917
-1.55222126585678932287 -3.34530301798650864242 -3.98618398733581802418
0.72166308986654748026 0.20819087241877110017 -1.69429086231869829859
2.92209603474917489763 -4.10147284215863816570 -0.74862024097737611683
1.72538535997785213993 4.24285979189957540569 -2.61405190610854498701
0.75812260917193707854 -2.40478647501633702177 2.00094435006527593401
-3.55118009046120208794 -2.61819509539931472020 -0.45654902795484453293
3.34538715542276410275 3.45208667925476309080 -4.17116517963823429938
1.96223239449068298512 2.70047903151330448424 -1.82883194114773317551
-1.94513164201193777814 4.39202703696418073065 -4.29233696851411306028
2.37666735324951350350 -2.61608121986919206492 4.27457823712408835348
2.71205088945734296146 1.37366527124395432224 -1.75414927184985103281
-2.12335491678175181107 3.70216808371016181667 3.58289658143837197457
-2.63075810218547934127 4.08030037587715010972 0.32447013715487926788
-2.59095102285982603618 3.44665221877948990681 2.52261147389872331104
-2.28130071489414554264 -0.77582839731482611256 -1.50349681305022642164
-2.42289454545917504191 -3.33906351683278890263 0.31357956369247741435
2.23700748652598502275 1.96546160380437306969 0.66344798983188013608
-4.08007239626022055745 -2.93240113871570740045 -1.43087858890909558340
3.63463013602886331199 0.19054493719051901479 -0.24835171457075411183
4.10652449889646842252 4.36899298838415450774 2.45856270180418245985
-1.24166992766922135161 3.74163273538049789835 -1.44015342180512062598
3.15255760447753097253 0.30490689198212006517 0.71344862259020125350
3.95850001689891417556 -0.93025282977881440516 4.00439964059642949934
-3.77760153746376925454 -1.00837735690190655191 2.31889510590381942023
-1.26745135311816570223 -4.00284938780754373511 -1.85212223942876264005
1.90751287235755828675 -3.71594419003095266518 0.01254894867625466759
-3.69196901315266412524 -1.97468397306810894420 -3.61519799861524759876
-3.60651689196698699291 -4.23084370666551734530 -2.10960376574555930063
3.96773519898278248519 -2.58682831074878105682 -2.71040696263566616153
-0.83199980469033718578 3.75617436242261693025 -4.07604858120344282213
-0.87014407876734356506 -3.37050349238680757580 3.38629143848250446780
2.05196804025549983663 -0.47025262771479603430 2.37122796622554865564
1.77799658268210869494 3.15119284526080711828 0.62453722802804545466
-4.06623663785863964648 1.86788799224940493815 2.67515824894471254680
3.06106020388438260227 -2.81641526851062851122 -3.93701692626253230145
1.47608443944127909475 -0.82174620350210103581 -0.45261057244214075723
-3.22213111230887205849 3.90455337880212649537 -0.96877749390886380709
-1.70785456659931478285 2.86110313424422901818 3.84321552965055790452
-4.11096913932383412060 2.33153414317244855880 -2.38619204175723709227
-2.00231036914012516803 1.14815898955180184515 -2.86247491226812122989
1.33264528130020654118 -1.25147625815854901532 2.83320696570100327705
2.00900311499317041353 -2.20358622314984797796 -1.10490840282311175713
-3.18075555106543017558 -1.43004774372847531794 0.01651152727595128766
0.20218565853614300920 -3.82532494265049605175 -3.47041414733620312560
-3.10296463675562694817 0.08890397643538161532 -2.43868508825238583526
1.57898629995390660241 2.68361747064293254539 3.68167975704921079938
-3.98147350770765084960 3.68221246741674246294 1.51022310918105606703
-2.07237927109270847481 2.68386182082193958109 0.03093701506426604908
4.44740941658756394617 -0.59341663253292287195 -3.88677735368351529033
-0.08474342466464257484 -2.89228470337289156333 2.44160145288032293109
-0.43013665452015903412 2.43280973405685241318 -2.34128998306711633148
-3.73304752993053234889 3.81963451314982460616 -3.24079132569163830269
4.13642070970794417661 2.14677780396340267544 0.01916444795273708479
2.75289024400487303268 -1.42006607757514657919 0.62412503627793114447
-2.31977456648532642802 0.39765157322261135420 1.99325625373700443532
3.66478414479393155290 -4.41952122542556846696 -1.86363693119634188378
-1.53237764682653621051 0.37038784827950088641 0.35344749361692340273
-0.13835897655537632289 -4.24872835929778958075 3.02132823804430561410
3.79383042155768723802 3.07270463222313683360 -1.84737338227031955284
-1.98626455347318930933 -3.61546642766397985369 1.83803711443545036985
0.44315219677912942586 -0.56521159069250792584 -2.64475411923017444948
-1.31659027101161196782 -2.11829543158316102591 -2.95345470305396107236
-1.73769366416650150597 -0.49550664847706737959 -3.89493424518284703240


