193
1.60478745437991943135 -2.14054511393776980555 -1.73927023712988670923
-3.92293131774244052679 -1.69202210442458156336 -4.44306592006100498082
-1.29166671058041782061 1.03478993975944622008 -0.84548445298687102678
2.83496456350152836734 4.18245896628786351101 -0.82808033926621060772
-1.15136026901375743137 -4.28726170070024803493 2.40143950149342266798
2.84548916607018842484 2.84369118766288941913 2.62166448033488652669
-3.61043720326073414029 4.07993416533297104110 2.26132860898585086318
-1.27397184011692399253 -1.10481643720869016079 -2.16358916252971544836
1.74843336060160492451 3.65588583224340890609 -0.59048400484409091504
-0.97055729379369370946 -3.11693588676218569233 0.34407646602137020864
4.38765670671020568960 3.73724738331268380165 -1.36763593473909983445
1.02171679307206364484 3.05079705297827441512 -3.60466592818794406838
1.92007355852260275242 -2.71495211807018543837 -0.86291111171486756248
2.57923485262022911257 2.36477733080188112780 1.23460757221493810931
-3.06145800154521063874 -4.39980887201349624149 4.23817380724703784978
0.33267281489218625268 1.59894585043379500178 -2.25996684471840270092
3.54017062981824981449 3.58008590081720878828 -0.01706988326573721793
-2.51287674316587095191 1.84700062899631323177 4.20264936302071756558
1.47365878159635510514 -3.21152914749670559402 -2.00928682803196778650
-1.77392035394824532091 -3.00505198640266657506 -1.80557188807521118434
-2.44972300449864466287 4.01145585270183158144 0.43525598116189190279
1.79843921519325000702 -4.28809855024013586444 -2.86191533257074182117
0.32080379105449630117 4.12390774310521290857 4.17721415844719867749
0.00347486872479763065 3.79747226245568736402 3.33639226164006341691
-1.71878015697308539345 2.39414216944460456205 2.88340401624517550516
1.91066317186576295484 3.53869202765469648142 3.06902654127140994689
0.83536014275340697566 1.33255632612081598154 -0.20204664215677681227
-2.61093785966917657504 -2.03443121349774980189 0.21411922050767184800
-0.21811812989071555080 0.58004171504464085984 -3.45417619247658080894
-0.92513509821178274706 -2.81541175208207006264 -0.72851348959961903518
4.10835292519709138759 3.22007956164762187967 2.54537704870371417343
4.43833714065524365111 -2.95408396663688410655 -2.53249839054225045487
-1.09050950651302214212 3.91650136089593470246 -1.64949190328485251200
-3.02358168438686325530 -3.17412612499806412458 -3.86513773082771150413
-2.16716509610597807267 3.52250737637343735997 -2.72535524219646818622
4.16487018408393705471 -2.39314581491164624083 -3.37030972697439246133
-0.18123574235464356974 -2.93694752814579906897 4.23549836043725935752
0.76329704320601532430 -3.87058515699872884852 3.79534034011280407839
1.43500458419956355982 -2.50051215667833170997 -2.79406728059569919864
0.50281723299755487488 0.01583027638793232938 0.96441074430772388837
-3.96257734044793918926 -4.11629821094880465893 -1.90657400447398650556
-0.84345843497167205527 3.12814560013680331707 -2.63050432799183253607
0.63688325653568522711 -1.22367466643547118110 -2.69763675096159083466
-2.29918877533115928458 -1.98513563746689492007 -0.85233534579162562039
-0.52253487899342854206 -3.39674994558759024699 2.84734185943975415256
2.07529539385886607761 -0.15997578616061147727 0.59664291231604149601
-3.55211470245959937131 4.01370356149112961219 1.13176482243701581609
-1.71583017563670381378 -3.27823390753854937429 4.47942525563008420164
-0.02520774101558664881 4.52211580941358715080 2.32299078588037755111
3.61171761934977464392 -3.62040736807249752260 0.44111462434351356166
2.65881270746773434865 4.02514762265188874579 1.06236094573209083336
3.89738777154809579173 -3.55208330328026500311 3.60815557929906294277
-0.23499521319689087306 -0.56054227765738406930 -3.32346869343234008198
0.13635872992779685120 0.21080740728550662055 -1.61837853824388133717
-1.64380972126830826596 -2.05511195482852704330 -2.46186023655296448709
2.78912821115254505600 -3.36673744178926703796 3.76588813539401545682
4.36250007046196142113 4.39324725341363642173 0.88928547279407155202
-2.26300183778795371836 0.53500897857551521497 0.70993345225388715392
-0.58949568116511397164 1.94218548845365379663 -0.17251477995301733870
3.75043825783270445839 -0.55942090816144496301 -3.05065571240811639342
0.65136347645085024283 3.36723459793540502716 0.63480717939647934855
0.72253832284442154332 -1.73413279563051014875 2.91097754712859480009
-0.72669717740209582857 2.73321438996530385879 -1.61386199735536228772
-1.95435937854970287475 1.42147122379893442456 0.20918399221436079216
0.88902566734469257170 -3.76577161273825211651 -4.03418242543859939531
-0.60540879132805436313 -1.82199184614979392549 -4.52306570456274759096
4.52136043686594302216 1.04087103886368570471 -0.09371659568563472931
1.40515094947463925479 -1.84870702870489367342 -0.15642115084445595841
-1.90458833762859125471 -1.94824843905284161849 -4.07411644327546618172
-0.94711609936747587213 -4.23609099359406648944 0.55365340382513039685
-2.80730952142300305141 -1.28432181635450337609 -4.34624535344667783932
-3.00293868716455980561 -3.81361406411208792022 -0.67499051301424461968
-0.15206481255796333585 0.29682265209583569288 2.10757307577291808087
-3.92557409111296706783 3.21040724663406162875 -0.56650432082615953533
4.45527204759180950333 -0.59875916561142128458 0.76551204947517881294
-0.77976192380116504665 1.02344912774768026509 -2.28554525459349955341
-0.09204188665458268304 -1.02677943656886538903 -4.23847650592191005359
-4.30642169253208528801 -2.98648659893745271887 3.35137928209286339865
2.16124862519544436168 -1.39140315391675617462 -2.18229352735010140307
-2.21742066079379895882 -4.52273025885726109863 3.25971585047527501189
1.28684898322192520226 4.29734340348185117620 2.93023920234265400353
1.87732870410501018199 -4.52768659182609578551 -3.80698933246320869728
-1.29225957741932617751 -1.02130277804062963298 -4.12909289211280050580
-0.02179656832152687684 -0.93323477970682322535 -1.46517949475240527590
4.46191915815410755641 0.75574013642098858412 -1.00438372245394713644
0.01859752639664513651 -2.61179681036564481644 0.39561887258315486804
-3.07041685263961205976 -0.85399527046229373184 3.26264053907405138233
-2.33380106456065750109 -2.15430453303573976598 2.82496458380854331693
-2.76656175712630103547 0.82458980685202032390 -4.16276265284974389402
-1.60113037264877666743 3.19865132108234906383 -1.13858265485063725464
2.80540763263896852919 3.04215808978547119779 0.45528572576828363339
-2.76792879442116657174 3.54383826932724499414 2.92024134555643932742
-0.22431638332403913694 2.91108377023963438290 2.41100052952926713346
-1.36613870380479074385 -0.20162758657644097582 -2.65711036575466863496
1.02811321356936336002 2.57412832987973683174 3.44531228030298120046
0.19054235477685566025 -3.67469487670204486562 -2.73283196544821915808
-3.05851411375490522815 3.37966128781405306114 4.15083412392379447198
-1.94080460882678584866 -3.44418713949685884046 0.28889274685539234611
0.50125730023404191371 0.67183466354947096733 -2.64154476339296495624
-3.85968344958038311887 -0.94573181191597122108 -2.66289851193966597975
1.57054615554430743174 2.27325890300867339278 -4.17797146489990556262
-2.07320986444122246084 0.27447936740103617836 -1.86372597335143419528
-1.86291921293983886443 -1.20876593754299177519 -3.12307510825068934679
-2.05539649707457350303 -0.71867442556512806107 1.74426385721141574692
-0.05312780044560039272 -0.84742603642448299794 1.80957573021797468726
-1.34888672688610444794 2.67316127741855691369 0.13001974051332254589
-0.60773911501190625017 -1.60680534196344915188 -3.35618648657603779739
-1.45361837577763797213 -3.97938177634533918337 -1.66992102442668599593
3.86818069745851200736 4.50538157045789144917 -0.51180058138626538522
-1.93817749783731141378 4.52563606421545738812 -2.82725497359076083370
0.31240423796409011459 2.65149269510876717248 -2.36946461171470934559
0.12952489769777475459 3.67122310141721808208 1.57608527528823127994
1.14242586832519865681 -1.70694860275478932365 -3.70142075736379494444
-2.53869398815992752816 4.22834865917703250915 -1.53749660503025387115
-2.00387203588586615410 -3.47397474054586918868 -0.90613549788907787885
-2.40628260620063905151 1.38971033809979083173 1.22209697641607384355
-3.66283038028765295380 -0.23361499766238136289 0.18443013859194756776
1.71528508189111672522 1.62891164943829647171 -2.93343292950254763696
-0.60155975403085149011 -3.88633244479687922635 1.63564031622133487787
-3.73274422995260213298 -0.62600334757029463262 4.16860662501121037593
-3.57775021225697509308 -3.25036282354984784604 -1.39178918002320450853
-1.67796785657980240813 2.14381024831397315467 -4.04935164118567048064
-0.90303647966016020732 -0.25895469524525172034 1.32949802700226360486
1.73167489832928733762 4.04872941998451008061 1.63792147265768672781
-1.04984160781932622797 -2.63111345246162686706 -3.38089904977987609769
0.52224683688363437994 1.34866479876082046019 2.69948042567660273505
-1.18926548903850726191 2.12037737693343331102 1.70649194600176556946
-3.09755189602516622926 -4.19311065755777256925 0.43104755714304676673
0.84422572127326667157 0.52444762330233984926 -3.57296833300777061382
-2.55181143194509729710 -0.91884205873131641340 -1.56861916497081921307
-0.81860097346697724419 0.10960977866666254954 -0.59389067106606141522
0.35953258558035905423 -3.48774962785056086290 1.00865825312206247588
-1.46402946403319766944 2.11490563033418066397 -1.10536044809168876313
2.57637794551538412691 2.36896879465831045053 3.68317355091524500921
-1.33378304945587533581 0.21334244002443814026 -4.26197454031723665935
2.85709718538511214803 4.14622892894191164004 -1.96638334492023547639
0.51310052486340218536 -2.82557341555054097881 -1.42294224147233006050
0.55586743197198096311 1.83739801395575863552 -3.49245782406730276293
-0.04520401813521690570 0.90907911617025138895 -0.91980763936125775615
-2.00929197135369363991 -0.13688610065810902228 -0.41726575580933644716
-0.44675367907199614592 -2.76970193916039253423 -2.52931447179748802867
-0.19152078982012543662 0.09229493710237335335 -4.28498472132883101438
3.93893897260307301877 -3.29566813339479836031 2.57060799000083584076
-3.98420021907133392602 -3.62876157088003736817 -0.18071130947263647215
-2.18249369744663201942 -1.08423416477203105046 -0.17018871208341845858
-0.95573057818424000942 -0.00288390995973664133 -1.66362358318844627547
1.11072832447749281215 -1.12577211437695101637 -1.36624299946300009623
-3.85706789647853476311 1.05530130897390606037 0.80716311987511968340
-3.80149237278667229134 -4.47786951039582614698 -0.94870131360806908560
0.57453319256609880483 2.47313317273016242126 1.37756289042651580701
-0.20256053172251053951 -1.10596737995838401147 2.94472753442867762885
-4.30940978648621442204 -3.70987152933787278641 1.44200311977423112353
-2.94914514368594682381 -0.05185720547747774134 2.63405021421785168201
-3.79679029237313114820 0.12415982747696219235 2.96589404560729263949
-2.09319646936397818493 4.07862873338847098381 1.42330208009091752075
-0.80018194889882243714 4.27847245463622893880 -2.64776039171219457202
-4.12866365620896313970 -3.80637995222978808840 -3.20815413563148288389
4.15588832303600863582 -1.47498710643454389313 -2.68300145695747938035
0.21013280460429495378 2.63460032286964196402 -0.12784513089794113938
-3.47298454997172534320 -2.76901625951695029570 2.24238116883132576618
-1.92454374742353140348 -1.21255188226828236608 0.85780228422038184988
3.57329541851861431923 0.19050240861903056100 -4.17348279245725350961
-3.58269673578528857760 -1.52783445178677368403 -0.66193486908707477312
1.09535947785175835634 2.84371093345386327655 -1.44335964522265047805
2.37608747973528355857 -4.40089766395435422197 3.16157175237507725996
0.59286407130531770804 -4.53507280392071709940 -2.13238023156273204251
1.17594968454228610000 1.86565370069851699242 -1.12256283782115362513
-1.81742187869788018872 1.37915687317424939806 -2.12957733627609213656
-1.87408106467910995363 -1.44266565879131203332 3.81154634779230594432
0.07612245729283539930 2.06728446744279370506 -1.11290006397971197316
-3.03416535688011679284 -3.95768651435732765620 1.81028629008649932786
-0.30861689884991694299 2.14432904376301536331 4.36268548388943155913
-3.60725994341371425378 -0.73805663104780006023 -3.87769122953668610165
-4.15046470038067649710 2.04847279054409714405 0.76191377140533234069
1.81824907604003094264 2.65768055608616027286 2.63362372204234684858
-4.34439991778697631730 2.32049020751642931515 -1.08026568382848875416
0.83227963846430785821 -1.99188595038782478852 1.84383791407276387275
-2.57835008588330394375 -3.99063575409891013734 -2.16154879277955647154
1.96418667288144543903 -0.28216619796791242436 3.76418144404746168874
-1.32290684544362013852 1.20544626145611122325 1.26750461336900421827
-4.11642412616237862721 4.05540969534534934127 0.14592728606830096538
1.57758027783807275313 1.87651509861666898615 1.87212581419563939278
-0.87544928234286834012 -1.88173539074872930854 0.68485565120411351359
-1.23306568448040465569 -0.82458635232888610744 -0.94107107419236468715
1.09825609672997703825 3.19517796679760923695 1.88330822649143758696
-0.84437211052716376614 3.24208103667839697692 4.34649699416257018214
2.53882399209834286324 3.54284552420998810618 -3.56152782718090588077
-2.02516234599425937191 -3.77802195849507294056 1.47850365399042882331
1.77100828623519568339 -4.28598591373346771149 4.24564661923201303040
-0.64824761025016197635 2.44842469649732841219 0.83250238221422723228
-3.33247847360510407455 -2.15497724464023354685 -1.56599961375053720047
3.52225535153772195684 -0.96141711867452928075 -3.99421134861819826511
3.31764257997390732413 3.67504627141453088512 1.81100370845585967317


