233
0.01212531523928017663 3.04493516352743043285 0.43686955552918504964
2.92630879782110486786 -0.12337099016731922774 -0.45176074299347757091
-3.38362481814149473891 1.17574055516513187314 -1.62445650966002919091
-3.73732113937444543339 -3.22923863826293766621 0.40809926031124987844
-4.33273767594192538155 1.64024261539613913641 -3.20903050226800301559
3.46042008421826530196 -0.61193947452707408985 3.29142217351544452697
4.22320785254947583809 -0.00414593744379665452 -3.89985642326786718925
-3.65855171329070438802 1.64553733107672961467 0.79086488399184950993
1.41340469883472952262 3.89494892750325316655 -0.40485681740466095135
-4.47030486068221488694 2.00022535374094356797 -1.36785814120528037563
0.13003008273625482616 0.71793641195284685352 -1.48077038426678520011
3.86025956437855288783 -0.82709315875639299875 2.36806955089877657628
3.34561902103914743378 -2.70315101897162479716 3.41592200603625162358
-1.69604943563487386982 -4.37180048103850715790 1.66553465299950254064
-2.61133597484778734454 0.64749580454868560508 0.68320609154964273557
-1.99990199566072535120 -0.58122350620147145150 -3.23237934331823772993
-3.60670443562195064402 -2.18573838457632740884 -1.61536058075870858630
2.42412901285206316970 -1.19571916147357271143 0.57144477616977340517
1.93314227666774307579 3.07587838846614669563 2.99773835639542074460
2.27312109529870287616 2.33856535349554217618 0.85834866388470842935
-1.54909423251106304065 1.61582319275443087037 -0.54156626047682143721
-2.67901307002729094364 1.75357401773787824339 -0.33785985429486675713
1.81387091947527512303 -3.50269863285086380245 -3.03438722737749433378
1.94610720237396694898 -0.58011009201982588479 -0.69470738073759719100
1.08910823506890341861 2.31851753974455121465 2.27721619577396250378
-0.06627294612158163289 4.16325344527705265563 -2.26069886591551361121
4.44097587742978827663 2.58756798179119318348 -2.88106998478692633014
1.50852035823328733954 2.21666307629408709801 -4.31533093086079233558
-1.01837838451718454280 1.63757975805106070766 -3.19074062267651470393
2.16558041098706066663 -3.94173797386713653523 1.58026808991583500585
1.92470150712698373496 2.01386273432839502107 3.50070123704098445927
-3.06663954862491783260 -2.90130071823175006429 -0.41874661744800523167
3.31480931643471254944 -0.43009059626999857073 -4.45091079617696028237
2.44099253100881785628 4.21254037346218535021 -4.43632831091612001018
3.64216441842683824603 -2.24707831360165188883 4.47110471176237656010
4.32840683740844500704 -1.66472449559999802204 3.43317868666657322052
-4.17364475369730847376 0.46980459359884196857 -2.75789570594415156535
1.22675404790998054949 -0.54484218050162835922 4.24568560250367621478
-0.80493817589983107652 -3.35850137731307141209 2.83469364101343668239
3.96290878281656144821 -0.77812721215783886564 -2.93345498804310356178
2.29835324070595614643 -0.07916677718289300003 -2.63464154139818518274
4.20019996930439720728 1.19130741163139397543 -1.84641943258039464837
3.62333242084304796293 -2.26106538179365212926 -1.81292571741588837142
1.83070693321117783370 1.02659802286383428083 4.28257247757423353818
-0.63877320169312401532 3.25924884966791861274 -1.78864218961709386946
-1.35106966535178996125 -3.08426057405727505056 -1.70444586433705813633
1.43764522316710419148 -0.50964850248679649525 -1.93359688891520598020
4.47950506067001708033 3.06152065613020774038 -1.90485667412369563678
4.30124068977168771966 -1.28348816542305987909 -1.75762629296910066756
2.85075220054978029083 -1.45796719461754609171 -0.85542807382859065157
3.18359183757099106771 -4.37883606716966955474 2.93744604245696461220
3.40976775015018951365 -2.81167635206764821021 -0.69085511198755211737
3.64424628086696511531 3.19752346698083389498 4.31045246006827564855
2.97984167936239252583 1.25818667271109596584 1.42866741057776369672
-1.43012946517194183826 1.03004279035938051123 -2.43549086200235098687
0.36266189017300298758 3.42433124232144692201 -2.93672897641351537956
4.37921931789589979900 -1.41906281101245834719 -3.60654732007501444002
4.51451758013637327593 -3.07391239033232022138 1.61792987362467943768
0.88570801267831456016 1.17004133153028622161 -4.28884686457648989233
0.03033631219377230792 -3.43143717991108099241 -1.33824174736797241181
-2.14119202419536547310 3.62910186221510944193 -1.48809845483045677383
1.30094535000675914915 3.00138973316482982057 -2.50692072441525715121
1.77307471995968679579 2.21449260866832453587 -0.84503355549855818651
-4.19299023511003277065 -1.39198699598882491557 -2.61464277257270261146
1.32555979870974915968 3.67074995203086462681 0.56552807718738495879
-1.81699670120201828283 0.07572158522433358740 -4.02101997781618880623
-3.16164641639829424591 -0.03537618483561733029 4.53235239033212433668
0.92224356293225273618 -3.66453139615615341995 0.55108644778393589547
-1.25304569005442845153 3.05504674082358551601 -0.39019731836594306884
1.57769930817304349091 0.54693349211670305721 2.49979301148066923588
3.57836596033047538157 1.12806412417344770205 2.91299597921149810986
-3.72323253877539928069 4.06032044002721104192 3.63460951340370375107
3.15487627482848775884 -1.80968935257568741548 1.12048239805225424703
0.82332382995480823951 -2.84021092780579254011 -1.92693519123783207903
-0.93995026649585167178 -0.78308594717885071645 -0.53330839214178116237
0.32782648838362327126 -2.29185825942813936607 1.90014606874277536264
-4.49996206030449741320 -3.43466143514728639019 -1.19903034548695996975
-0.31701619504358191648 -3.34082506147323421430 4.21329810827846618082
3.61302715941736618532 -1.98853618912806862085 2.43256482947122343319
3.30859766192811566299 3.92521391721946866227 -0.56757474171735644575
-4.52072445129937960928 -2.65295151631732739617 -2.17548505932202385083
1.80421436424847936308 4.34062770396279073992 2.21575191230092727324
-3.64236740629529931468 0.67080777872347674418 -3.65244613825280772801
0.38603236323017409148 2.78343087983090953230 -1.42194250592927584620
-4.49710887174974871527 -2.06751582450261706114 0.10938502574306063764
2.62618957866986235672 -0.17629615973622225766 -1.66433902373106690220
3.47408606049539425698 2.74026368076635673532 -0.91143229649790091784
-4.51098851110684417876 3.23212651689471464067 2.72247666497299878330
2.81243618680222340345 2.14789403707344384031 -0.12288512945144880462
3.56387173428865988711 -1.93126022023374011027 0.00434328302595954341
0.87322145825913644046 -3.66778542910891580675 -0.60243120558354856797
-2.22791851641486582380 1.05501712151143678398 3.99749088340468805569
0.30233857871369185233 2.77780116048514802429 1.70296935628636969540
-4.28147094900432456654 -4.34842327899536762459 0.10321469763197033132
-1.48963686573038645022 -0.97944223322084411620 -2.09362182798287355112
-0.65414352585248058958 -1.85705130191773992721 3.04235541085025840147
1.00504352194042834157 0.00657018811753662391 3.36598328297146132115
-2.38440828147231798084 1.37841749159948445680 -3.22729469910713984149
2.58208679592087175791 1.74331671989552372537 -4.04588841390032616374
-0.44077267291990906983 -0.11603445974842863109 4.30358970141660091002
-1.46291836306362554865 0.21104777022598764091 -1.69050821537353535007
-1.59719189245587411818 1.18771827004276619988 -1.49833143184707839879
0.05373255700243717570 -0.29674144215332809438 3.04889694695499713362
4.10614875540496537809 -3.20168838075475825633 0.65499799707228678614
-2.95633651149633314148 -4.01361319950263073508 -4.29107014844209277982
3.71883254843304289494 -4.07993470442010952581 1.98758890730462045582
2.69410530769336364898 3.32786152551893987805 -1.33054077617312938031
1.14749314772267130280 -4.11797020466595675714 1.60804115736093944378
3.48815368246681867248 2.99043844529319802206 -2.32804415264553110632
-1.60172474983929635783 1.67781191754061165256 0.63802924691734919094
-3.59106528442325023676 1.15637566831675453471 -0.48080659078824083963
-2.30384873633151121552 -0.55845949032708830373 2.76419444996422480898
-0.85690556569655562669 -2.93016603113207940723 -0.04207626133444453131
1.42090750737653159774 2.09410964399603649611 -1.89577114993426043554
2.70667593313137988531 -3.34133363785305181892 2.60272113012647121622
-3.35592181655296872833 1.11764569743479569297 -2.71422500899705765320
3.41975399388226808384 2.55083556928916621587 -3.60536429661648627487
-3.75526507886132776548 2.05518402656066623280 4.35442004610012656229
0.55611104218021445433 2.90223421166631823098 4.11284599720442667348
-0.55232991512551610214 -0.27576602456797072449 -1.85382478237614289895
-0.38038115017302320808 2.49875257800371031180 -2.35873655732618514591
-0.97885878827181693751 0.16228101318155196964 -3.23108944806449072118
1.99204220164714040919 -2.25038202086425709325 1.45738899378423703013
4.21496097559043914060 0.42682069181314385986 3.77441638518632505139
1.39193936065459933360 2.94595832137485036384 1.38697404720462991179
0.88058322666045363292 1.56516217951657754526 -1.19606802060560291068
2.49104404501765674951 -1.18504283922619135794 1.59197426232867034201
-3.83031419081271762295 -0.12025199545315601313 3.73999751844868999484
-2.65682252434873200642 -2.03366588433205652819 1.57241584751264706910
-4.20759877981894447885 0.40713734951774771531 0.19973736020335941532
-2.89451391224674559055 1.10411813972602690370 -4.40600426288095903260
2.07271576897035547660 1.73737464711394729022 2.02321735641387068227
-2.46548112984449474538 1.45501768212393312041 -2.21433302794541608804
-1.53453693670048085806 -3.93965886619045324579 3.81446658366549495867
3.09320919757675572015 2.16220343285269489542 2.56809557493751317025
-3.82320522753029923280 -0.26856174580691227760 -2.20370020396106580662
-3.15951666371621264773 2.24601378044741206708 -1.27420546922405586443
-4.51099915597928369237 4.11019542074298893652 -2.11651657533934267619
-2.29597598067437225211 0.35740061961337410423 -2.82237100575302068961
-2.57249587601910700840 2.49665619446181263896 -2.72726605283499301535
0.12123574460864183777 -0.00864520311051286683 -3.85871403819325564655
3.28315143457827574025 -4.00502606473331734804 -0.06775696290357835494
0.70698386052978356986 1.91935710174032170272 -3.64308970231720330446
-3.89644198592276591597 -2.13076545599980304857 2.76221270035943966548
-1.70779287820389402697 2.30604529926239987248 -2.09213115626475998354
3.18239979867715749862 0.65425213337400389690 -3.90670430501009802171
2.86389023543079535017 3.78090775010557589297 0.43764501227930452387
-1.29104891662654397422 -3.96176221994119570624 -3.39774185709106824049
-1.34599563437562652624 -0.76829583311268923040 4.36337842104227302542
-3.59163899883744486274 0.70340823910199201663 2.87871906475196315256
0.90746432890180628306 1.94986763874590085521 3.64906244376039179400
3.60266109925996236285 1.62949116795010429115 -0.61043672304739038381
-4.44545595468222387581 -2.36024685409998946639 -4.19410234971602768894
2.72897560080602552546 1.88998446354325988494 -1.85744228137197353590
-0.45838543298827261196 -1.44979472948003884625 3.95981455573998974984
-4.18938892740931834169 -2.69773164002608201173 3.59943383772497771389
0.11277495367468670651 3.25721127268715182623 2.94454570903526313685
-0.46559099146674309821 2.66333423008192315962 -3.96170645471279847527
2.59243556387448936817 1.16384029510441866506 -0.60746008094718106918
0.84813681979517951959 -4.37593279586664518632 -3.12871665460792547364
-3.50189224652976793806 -1.62362467761849638137 -0.50453671421657375618
-2.38850872516515577715 2.49148119689528524390 -4.43989841404124518931
2.49636489022091989654 1.22082679172377606136 3.05561558024272095224
-0.84557905813068634515 -4.35116537631707167577 4.47435417776734833950
-4.08382654175548598374 -0.84638145524775865169 4.48611010170667245944
-3.79146181618906608080 2.18532033277930093362 1.99098382876004365016
-1.07429301496140494621 3.83734217736367089202 -1.05941055085552493509
4.04523853597930926895 1.35703604676655409378 1.71764865034951252909
-3.83258922780936739372 -3.76508326395781223184 1.42070033038976717421
1.98951933091455934743 -4.43435685928692002733 0.34268072860173770522
-3.24562906636830739160 -3.11229373168976586328 2.56622743839691924705
-1.92684882257994249954 0.08904310981218976906 1.80473562573767676298
-0.98303472776937539379 -1.78999047841527048064 -1.17800662702918224056
-3.49579213019422452291 -0.44204320989635270678 0.98061844989113655657
-3.07433968149252567770 1.95306033889644847790 -3.88407034698321451671
4.34826455789370580618 -3.52614711337430275506 3.25406461767160060106
-3.71657360369489708773 -1.76762014326702843192 -3.60197006564437982590
-3.66242058427147343380 4.05783112814056945439 2.08472660284193178626
-0.29764122660100511553 2.60725312305780487776 -0.58676367603610390944
-2.56203940820966602487 -3.11878454397806059717 -1.51858280460623973340
-0.31640689582855063833 1.53854756115104418512 4.40039049897372347431
0.33432390253426280680 0.71599157508737665268 3.62462679703066203984
1.59359624137764388507 4.15504405016596134459 -1.59898773468233779127
-2.68438261712002557147 3.61858578947511855262 -4.49801696511964443914
-2.56950181880699224379 2.12385979579887429480 1.93099064410878629161
-3.60806837162807125807 -3.05722420882990153501 -4.47769280374688971591
3.13385611055021851001 0.70203087842069411550 0.12042529429726656076
3.46672178931398189405 -4.15885189772227104044 -1.33772725663986813416
-4.23920107638179288756 0.65155041570871485845 -4.44141949751192655071
-0.20128666953542584395 1.90013647101781391058 -1.36650119742355746766
-2.80543034798933677010 0.54334041852657044558 -0.43926578176089403627
-1.32069204966973030579 2.95789860224242762143 -3.21550204076561785271
0.03497559515812742603 0.92912936602167039979 -3.50166447347923615041
-2.84893861815710014440 -2.83555325194162444191 3.82769914358634455454
3.54490632872337396719 4.00229730963705510050 -1.67285472903576071246
3.37041444109487464686 0.10810605203199941116 1.74570925541860422214
1.97335149051717895219 0.61796738395341943573 -1.67676118627290460239
4.09188123315934237922 4.11535340493458701161 2.27840265776673245313
2.81918063487373071752 -1.93040272133577106572 -2.57040793841232950712
4.47227484335848313179 -0.32506697325236277862 3.08114934514099214624
2.40145495536622899380 -3.35702294358094643911 -4.37779777258916524829
-4.52986975806254843491 3.53835700531690999782 -0.92445285589798853465
4.34100484658301422058 -2.03790020797956472620 -1.02990322580633675287
0.66644517694071225833 4.52630728583726149594 0.27583450584384205939
-3.63185527721406442581 2.84672705750487953225 -3.02935562054707219204
2.76588671265189045556 3.30895528553884421541 -3.14049028899794668845
4.25014972555784797947 4.34055970055332007718 3.27084397213189426168
3.32521351727798730735 2.29952225904554996561 0.84282874871183111054
4.39287670082618131318 2.40615207091233695991 -3.99151902022267801584
-3.69390145676959091858 -0.01807707438545058665 -0.80908026961496304352
3.86508647409460248667 2.14036333409161461105 -2.14084143213798627770
3.85333904724254150409 -0.31001923481900739432 -0.02733622023740789331
-4.47801405443505284865 -3.90948191095155772601 -2.16445250793336052553
4.09955758481176868457 3.59417613241468547614 -2.92776226260963667869
4.31531960473897679975 -3.60766253647201162735 -3.61687692666351878756
4.04789372103259648128 -3.36062891098376947951 4.38548353494706955047
-2.61134404275389675476 0.27569060679502310762 -1.56856569936245371366
1.35089293889990802455 1.75062919507366654415 0.94451061933238378288
-3.56625977249253223178 4.18758068783313408545 0.43230807769388324147
-4.34211502059958309729 3.46900202745679475669 -4.49618904627796300844
1.48861360781718499169 3.13828722486890310250 -1.11339703559211944395
-2.22548940487000290744 -3.80864123344389060577 0.71750509029669284899
3.27002213449134959689 -1.43431736467770853949 3.98145230351322343409
-3.24842401433836869273 3.21510662466625785072 1.25218774783842068388
3.82729711134211481038 0.99514434257199457790 -3.05246256573106666821
-4.30651707638316594284 -1.67417534685170465991 1.28744964707620201949
1.03566113852328367528 -1.05802465004375445545 0.12470601553001081641
-3.40398008978207711195 -1.09906583281660541473 -1.66580440704174925770
-2.43149934026911251905 -0.69053202163601623553 -0.62250760061866872164
-0.10587788576552537023 -3.34732536598011165552 -3.02886450517872107824
2.10585806158137511801 3.02726354981739298466 -4.23365395634292696059
3.85876431707012468308 0.04627885270739273693 -1.23849626763284881292
-1.12581607503048974905 -4.53187104992849221219 0.79817204869018798519


