50
3.86363934025834598884 3.32293320526056579212 4.15666252293254512296
3.79575695823138747897 2.52523358856543023165 1.94369111015685813726
0.97166673858465824054 1.13790393804063416638 3.33034933617569439690
-2.25287137355503119807 3.66409226175128832637 1.34760163333954263720
1.77662254168045219416 2.59285167786729520145 2.44319779437106898712
2.96869167187312754663 -1.58000237954921018968 2.29919179639396897841
-0.53586404299434065024 -3.75794621347184110149 -2.97881500382071573441
-2.87525555943534971703 2.26958186046682808268 -0.12779661147619947315
2.65127356690027315977 2.94510297012983635057 1.58779795769599463284
-0.38346369376720002009 1.25516059975851046460 -2.51952854859641961482
3.46857778607572253549 -3.58866025656723586224 3.47358875513477638464
-0.17789993204009846295 -1.81343828909969806418 -3.28182194961412188050
0.47277636181355298106 -4.03344495659357793471 -0.89056576287586919349
-2.99979756947228226593 -3.46567472729687064970 2.36573046334114955869
-0.80648992116681750275 -0.39116884785205296993 3.69579905221967219831
3.56537364652811117338 -0.86017769522327736098 4.17770968167193057496
-1.04575234293195062918 0.50973690739620547419 0.44949935285034392507
-1.87398801816585258706 4.02721055982207598589 2.69785341178983895105
3.12436797423904533133 -4.31296270876187737287 -4.38791305848595225569
2.36835722284564198503 4.05337327568730199090 -2.27864710535621162180
3.83812937771070661341 4.33708477861126251440 3.57211221964822467356
1.89613823464024910948 -3.56979187932142982831 2.91933918462424202289
-2.87441844113339151079 3.05759263286086735434 2.92693457695999637025
-3.45474516879062543140 0.94006886537899081446 -3.25659955901668274336
-0.35816683951333327940 -3.60623416532876284180 -4.12088408001533146319
-0.33272049869294306745 3.95709429683304048098 -3.08887090462808844293
2.49324535926563495281 4.19512626718135717141 1.72721225606552675202
3.98086396650825502519 -1.19587141407709118823 2.03495634094518695889
-2.98723921959855687192 4.40530666425393047092 2.87017849205826092174
0.14339216794407683153 0.93876182301322597112 0.20395961810306584283
0.52320469491174570464 3.44101896325806411170 3.97795918392163994071
-1.01986810022709306622 -2.56296003188976539988 -2.58166693379773048989
2.74326103580763902556 -3.75591331801437755544 -2.60700259557608182703
4.25590649460637404644 0.26410624671029303556 -2.93499951632640332377
-3.58196207625441909173 -0.20521386170168387508 4.08347286946057952406
0.41872077932930285016 0.26322470905851780287 0.99534530088328221353
2.90258128528072756325 0.02216575263602216239 -0.83833940039628451757
-4.43821869857204731602 0.35176062699809396150 -4.27230408491234214807
-1.59018909129019414550 -1.27631077170245443853 -4.51158611527137143327
-2.38709171795030705709 2.17272007390809829275 4.00986840371925534754
2.11060395386602106527 -3.19464665246195611559 -1.42308018694159610362
1.94243041022056406320 -0.50230045474262485783 -3.12162252276015061980
1.26406889866916305465 3.69093687127818892435 1.19117168872365741805
3.55867272694287617441 -0.50594645729763687569 3.20207020969952171896
2.55270456462826533794 0.04297280841067241397 0.35674633330182015101
0.88866804042835489952 1.44656690182428260272 1.75102535418846461113
1.58630483121548238046 2.27733560546457258766 3.87412097363281571205
-2.63886899454071022220 4.42920210310362438832 0.52900292718666630520
-4.45580745062778493804 0.95080077923688932628 3.86547110394539128464
-3.09800404730939904496 -2.99662439588093487686 -1.58195168877068192970


