42
0.30330969905339433268 2.03058101453788086843 0.42310802061935692819
-0.78012134853894554709 3.35209817086142880527 2.28742522318940544324
2.61926979266915527234 -4.51920031853183079562 -1.29827987158246394017
1.21325970823962325795 -2.96440642996047376556 2.61916747682561190658
-1.28946185540720481555 -3.74213288858157078209 0.16533711680415841272
-0.20333386982038970103 3.16401503529646888069 -2.58024128755240056421
4.15801516567959073001 3.26719051041147512393 1.66250664235010603420
-0.66777797176011155500 1.03800166033017138290 1.23695059557448594489
-4.50276287662364715914 4.02925034580371299597 -4.23613269592723717949
-1.49182609545124744699 3.64074254906295546874 3.26459777279070628708
-3.78136668195637781764 -0.42614141394142279751 1.87649178748719069887
-0.80384119724183333844 -4.51291130254598282789 -1.93923013691603784991
3.51532748726526289573 4.01985247801991985028 -3.20859562432504796803
-2.77174716115308639175 3.13193566704738035611 -2.85040493421088525494
-1.80268245376164415461 -4.47558216751723048077 -2.96027759281373148426
2.28599710504526054677 -1.61197396298896178379 4.22776404611237932585
0.18987924680106971209 -3.00666821409233708806 3.84107716105489505054
-2.70611656991535420858 -3.91935214455889324725 2.53460135943190234542
-0.90704215666776200067 -3.66458202253497677958 -4.07844488825588857850
-2.35009472679990993882 3.49693395780752513957 2.49610722873288626289
-1.53682676509115623276 4.50239106965340862843 2.02493400371645382307
-1.22106101248764176148 2.02936356168916365306 -3.51400020370743559894
1.41779358828133972281 -4.42948109237847020836 2.18623414957591499785
0.82612294217752157977 -1.30140468495754690892 -4.47966116140843428894
0.60560153057489429784 -1.43148133903850949267 3.51051579646427480697
0.01298265461255709852 -3.97144279101202091198 2.70968332346388418586
-1.10276591832449977204 1.75244188087891927808 2.08869011622228750724
-3.78698447143402816550 3.09989122570801622913 -0.56951299396513643813
-1.58854901766751055447 -3.81512324027768912060 2.94438408832104858703
-0.68025496422834130783 3.63789028367619327042 -4.34732777671198711289
0.21607598860740040436 2.34033296257503575788 1.71535561563016614173
0.61624489370532842258 1.33328055514677945581 1.38631644896514760745
-3.79555964887410235420 3.05175240194551999906 -4.42624926551131192554
-2.09047438736313750951 -0.32637335418986612723 2.03702092986724903056
-2.62443343400716422309 -4.28100277074809465461 -0.61191250022346554971
1.31968474916608347058 -3.45812621267243125445 -2.15318332071125562166
0.90576842183303885037 -1.12571206224093200987 -0.25642391273687614728
-3.47810970951722708833 -1.78461822064295549950 -0.91611065298973226589
-0.77160844522035088033 4.49165028937755383964 -0.44139333814983761073
0.72824215279920423427 3.75639825887204725774 -2.22459849477464421952
3.43741261463262759435 -3.61859649378310566092 1.47299433969491122554
-3.47493573553305834523 -3.92728747392986443643 -0.22167263849074192450


