180
-0.02597799814065382407 2.91893734794120529585 -1.66667925682826556510
-2.20636200094088730239 2.07805382904029567470 -0.17401063255872184499
1.67996271847958666967 3.78539349866312502257 -0.25938423289285417184
0.19871681654193551481 -1.26853788644781273476 -0.02334441904147421809
-1.75548019163476265447 1.00428726598998085962 1.56747488029036663448
-1.78830816267789360907 0.35246022436374602194 -0.65165853936323969720
-0.99358458261453019844 -2.43791792699669063182 0.07062234060219907406
4.00867088094843193602 0.69150990674401136005 1.77232372659185610786
-1.94806183516489017649 -3.31307538130914025487 1.47980072553807584512
1.35610377446962626635 2.53467191371639355424 -0.65899623553949826515
-3.70711030805513264141 -0.88084501727219777223 3.74904116715581725572
-0.31320033546880488018 2.36489392204726467384 -3.42800963985038853465
-0.50743856694541733532 2.83867333259321430461 -4.40705679091254154400
-2.39562394082291651998 2.61267511203363600458 0.96273845816685277299
-1.80962148012192525215 1.71132851577313083169 -1.72632047771811869552
-0.84671832362107535275 -0.23761863502065239118 -1.64058307184077900587
1.23429303065734963241 0.70443738854353821210 2.52818544812507450814
-4.35615839109540559093 3.07774241187436725653 4.21668260307188358382
-4.14572567064949204507 -3.01051007959805527747 -0.27144638572586288205
0.15140387349662098870 1.38230853840359113605 1.30281615763476654735
-2.85348709475650208489 4.35815919852243904842 2.80915237264469030976
-1.26074306625749521515 2.36698879047893218086 -2.57866434302904456999
1.95434098166558367637 1.09014063407145744833 1.79618713892637327234
-0.35728850844160575662 -2.78280496720716685743 1.80310320366740040043
2.62546408118803675791 3.55301242664087180145 -2.81325892076470829295
1.69783529359758489363 0.06171618876249329588 -2.98775327753391595209
1.37623335665009438600 3.91829803620304151224 -2.59659193812555511016
3.71427591820388247612 -0.00345892129920599700 3.87664336381509055940
-2.81149966180794219639 1.36125134160727601085 0.88833095384473903522
2.01972378021628795608 -0.36376121244672177113 0.13515554721589762011
1.85990919942220411798 3.43069430913655271098 -3.71908233913575925200
0.79942736254410640129 1.37637828807363238326 -2.93386052075470704636
-0.14370624883975580133 2.09014128704796053881 -2.06279280709268952876
-0.82567139033474168386 3.97921961229637499713 -1.06187894781363656449
-4.41671976217659789654 -1.22300921071264934170 -2.37186950161183496277
3.17100660851189619649 2.80858357111409695506 0.58507253634860489910
0.80966626834882227115 0.82141969419496696503 4.48560711856333593772
-1.00112066521479947667 3.79132012752504632402 3.46216006344564330988
1.44149882775321369621 3.87978465162830321589 3.92013637042013751710
2.03446779315345072092 -3.23519834770216530018 0.87117833611650041803
3.01800210804400936837 0.35530736592502876192 -2.23345842366648739130
3.03310304492346016758 -0.37414512292725188303 -0.39441423924931662270
3.79459955800016768279 -0.63966497484089801517 2.40597882413651475986
-4.09370993911701930301 0.56592990013958743845 3.64161997515396063108
4.07158763752289143412 2.63681668070286168160 -1.90742302798373675188
3.92921985470820711583 -3.42631127892152109737 2.93239342373357914084
0.32880664845113649619 2.17573752746676163383 -4.22132736759024940199
0.70201589880464165816 0.34898549110519283545 -2.01007429827105044140
0.64466948482423269695 3.43451195352161509078 -0.49062435382249436344
0.02592609376598975501 -1.30177309959625819857 -3.53734358608642907029
-0.99274379217653718754 -0.68611559474566075068 -3.99855504547097106993
0.66415957002881320648 0.69803185469213779868 -3.54189934500776049120
2.08359432007120570773 -2.31957154539940768601 1.50916318935730586759
-1.47162452553456191140 -2.19159634408271264405 2.77955204030257529979
2.92604437648691639851 0.31715552381930223191 3.33316718930375710528
-1.89016714180366118825 1.78518316856407555093 3.87108440823426303012
3.15142009709493020608 2.55502954384615943439 -2.42639971332907178336
-3.87051009336052498355 0.16464825251744130696 2.68344419838843339932
0.32575566511486631072 -3.40878940953046294382 2.66374749981662706233
0.92259036154854268119 2.66582173285829160392 -1.76920761542924198650
-3.26073631417995635218 2.58151423834529403223 4.46559560514435194278
-0.82266271174710237091 -1.48887740380107569393 2.06144066864153341356
-0.40015491545111103733 0.93264064068234908689 -1.61397386027656475349
-3.73445107026666134331 3.37645236019977357245 -0.97399797808755916861
-2.19609181379012463609 2.14529465190324319934 -2.71824605032521704473
-0.68236944639228624965 -1.14091239611988415348 -0.93758482937671949742
4.11997329619880847673 -3.17575419515431578432 1.70576328747007810449
-2.14865000743379130910 2.78172448197188781904 -4.00525379972164330411
-3.08498138524252718540 0.59621825169921205401 4.11691815621563517169
-4.22990491393626300010 -1.85406777831627023190 -0.88195374037429941083
1.89001014927127908294 -4.30675703561812817100 -3.01541003261432738469
0.25491684806687864295 2.99195427153421089628 -2.57422312747159187651
4.24777271512542053955 3.36471260721162757079 3.10451156753256540810
0.41238290384386377951 3.71247884331862199048 4.47071505663083268445
1.26104514727858418865 2.09920352694759060341 1.29763399461402872959
-1.11832846285286979793 1.89514310291901022509 3.15908653659140448156
3.75326666113059470575 -2.38961089073687249495 -2.83258477136436637167
-1.84180121006437058639 4.33354825950412614333 3.29462688977099560361
3.83644596431814921544 2.30177535026864088508 3.59059903309796890625
4.04460261707156920608 3.92645384498417993058 -2.78636593131698262482
-1.55964837175339887665 -2.22010854452306771734 1.76003076538357650094
-3.97790808925900352122 2.29335657685090144042 -1.18241531642933273005
4.01208649579118681316 0.70131414802314306911 3.07688914056403817199
3.27004775062926977824 -2.40303301515261136245 -3.80777298727247615062
-1.44629392446348870038 4.50279102304344380769 4.24614709062751760626
-2.44309496925931624034 -2.25148023002313246721 2.15342377622854019847
0.97717803311362416707 1.22511072353933503365 -1.94572002943774524653
-1.69497187004408456090 2.22006772558842069287 1.71839795735433309432
-0.24458522052220921239 0.98957013523333792193 -4.12534527467504208431
3.36833610251204351727 0.69053758035683010519 -4.28692126750221635945
-2.67606432650756342895 -1.49293854289723926243 -4.49638849901160053690
3.38821431697708863595 -1.28179969264520909888 -3.76000975235096523974
-3.84249415145760986334 3.34877013615102470112 -3.81901177126792701344
-0.67775041379652822826 3.36886172719606591386 -2.36621365520498505575
-1.39909292786158356847 -2.23532471794018405831 -4.34453447840384576750
3.14480380734174236323 1.79802957137707686286 -3.24250558905367691764
0.68796064638574350170 0.23929470321558454771 -0.77781003232433176819
-3.28842538430773156932 -2.03175314104169579821 3.33199425590423192745
1.57273848190997345142 2.94099533461449968996 -2.69525458699201037049
-0.74317496506780944543 0.34905974965867958559 -3.22660042188150919529
4.06548478039592975364 -1.41532510157175295262 4.45476100698214150242
-2.13659363103781885229 -1.89270687665227921315 -0.34783982760665388412
-3.06953865325012875687 0.87661985565293409906 3.06909064963819222527
-0.86570367628970146257 -3.26149876528121751562 -2.09302340601551106758
2.60515519333312273176 3.66926361493302355399 1.39367456989268134748
-0.90439160656474637534 -0.87339556339736734714 1.22272576436141378053
-3.01047395859290256581 -1.92079811334689587454 -2.65783523803495258520
-2.85141598111865768317 -0.18883492683776736953 2.20426285382425390935
1.66624837775680401109 2.00062143248109425286 -2.36860192141640535368
2.35159365468176151381 1.87205622131672644315 1.14285985217701924199
0.50288279956619152955 3.06419984244249743455 -3.76462889229073338626
2.52529512679003165232 -4.15350249983696429013 0.97211159630522381292
-3.62713204803925171049 -3.80716222978711682501 2.71549258823031447463
-2.93995864245339610932 -3.36079685889953161393 3.55029470925822021599
-1.98057957122215810841 3.93174720639011621159 1.53104203756378698387
1.82032644261794551710 2.26240975049102299721 0.38592164523739480586
1.23334456399985104014 1.58118186493507817403 3.26256624763053615368
-0.47735227871699859037 -0.59662514802545318915 -2.89920470351291204025
1.06252520833073127449 -1.90078917750734666114 0.03678876322083723949
3.98641449462374719559 2.78469820984984739454 -3.43923369356263020080
-1.06908564676434636453 -2.11572220248815145993 -1.05048294133574593445
2.23071588930170872089 0.13830549077320863915 2.51958719057342417358
2.94535086263644085847 0.78554929206652346352 1.78338711344534939229
-0.25139360592066761768 -0.35297855931908372895 0.12463027888618238848
-0.84534080322191273993 1.47998801956617231923 -2.68585279913985797151
3.69352207207008387257 1.57241686934402569165 -1.26072590473395740318
-2.17560341908764121044 -3.15554321743376364751 0.38409217623587288415
0.12777794149847121474 4.30400432576113001204 -3.46056586971763557870
3.08310244468073602064 -0.74342364467488630808 4.38486555493142926565
2.76807329627075482392 -2.94283152729862074182 0.08342989584497395583
-1.03717464242555124088 3.48538785754831348385 0.11172344689810120855
0.94615045085395355073 -2.60535207338446861414 1.94975204338197194431
-1.83257740110030642455 1.71350876541281582632 0.80397126826798981369
-2.34419452805900885295 -1.92942199910088696413 3.21230288590997847820
1.98042486315570887001 -1.40780457185637786210 2.03813174123364326817
-2.49039107811309756713 1.38067590996806721648 -3.61276931096930997711
-0.10772849773987314137 -0.61008739065668393664 2.05273200078361561793
0.34561164412588318839 1.22950155736454380673 3.80584841534696760590
-2.73911152824644776871 3.18536657829343639037 -1.72843789670164582617
3.70724179990954549879 0.75984001691106950460 -3.21726179656834698761
-1.51046792683243991107 -0.13883835072973571556 2.70496369326477825723
-1.89356564659165194087 -2.19899368966255126523 0.72331067756270162050
-1.86848286315910216970 -0.03971140694063546306 1.17002902309974832207
2.76514128219909327555 4.29196009328559480167 -3.55279301473913466936
0.61418045267644405527 0.60268910242957751677 0.84239098120126243430
2.07318999172777829187 -0.03298342584308677772 1.35420296990557353922
-1.10015446943679950920 -3.58499485690653907355 2.24893361398664826112
-3.29613123117859707634 4.37268252067374074699 -2.11492659566367535717
-2.97606877417332782443 -1.49592910654286548322 0.79545075588963065627
-2.06531595764561259898 -1.08095721794926635795 1.89517649934001575218
3.61042451636623784594 4.34636899559498512957 2.73641522202539722031
3.01217442013608138751 1.52391609517372916827 -0.05913316532639267820
-0.85262058952630992437 -1.60650584895309744837 -2.61333504050526821416
-1.47088414356165619878 4.33699076279042383675 -3.15138894323252749530
-1.99005832338499466516 -3.10864606423192535445 2.71026383429743145115
0.71905938855458462200 1.50502552861420202390 -0.88976704617371105144
-1.12929534664183428561 0.61738885924546860196 0.33577387116593371275
-3.46631679620021149191 2.17697622270880675188 -3.78748685555012176707
-1.44487829235407838624 -1.09668254034482437476 3.28533668992019034505
-1.37060431611172983679 -2.89380233191538671633 -3.15404599508146610276
2.56010882156689856259 3.01154412357096834540 4.17405987480984119742
-0.99844188570814518258 1.62453436937378459248 -3.77610744587154423257
-2.25056088204114379536 0.65130072138710204399 0.24001945020548731691
-3.44959209528300281278 -2.65119893117131955051 2.38466574466968683765
2.12936123467712334900 0.55797217817140420948 -1.26318840518640485016
-0.81989264282138929474 1.88308093823774314046 0.64064184585125705240
0.64197485204657755986 -3.11226291717987235685 -3.09158639014027158964
-0.16979975715510331469 0.68137319526717998741 -0.28735151283355619967
2.12315700542128649175 0.98861967571903619501 -2.65091705882922834547
3.86204958119815966455 -0.31321510975427635515 1.19531831663138632393
-1.04824583715690655694 4.31198715753920591709 1.07975738111197649971
2.88032353837713284150 2.87553650988887721240 -3.66621719020531466882
-3.31263002328496281024 3.85378592578495027254 4.49243408262257215569
3.21999921709642134005 -0.30983723386192441041 -3.60142574498052825405
1.01122614221685136471 -0.66451290753019875979 0.13949859922022422865
-3.77342999729635364403 1.35125793449465092522 -1.77041150959703763590
4.52308139397651753910 1.92750297838421325025 4.29104477903358638713
-2.87616387933733985705 3.22321572419970703294 -3.16723629981005316836
-0.98588622877823661739 1.13496815519248261950 4.08916383680477668605
-2.48765769825563554107 2.18375551695403213870 2.86004143607802685523


