310
-4.14990669748106810744 1.31227152253303991358 -3.04529815619585564335
0.60744470950329709780 -3.82752748397443065542 -1.50102863509699346878
4.32617622868327611485 1.58352631208797411944 -0.61132259793829257788
-0.93967991145085782989 3.36250691661665523924 1.55646496102910614212
2.66728920004817648959 -4.07944673333223928324 -0.13879094255418600312
-4.50764593864398488421 -0.11902113054092477995 0.22761768271860738366
1.84015005091282546346 4.46057889927999173807 -0.93514754209219042025
-0.81742316584019159009 -4.24349636236487626206 1.16231836508808772379
0.21479273390359221452 -3.34051151400244084044 -0.40749855756446606847
1.35059563231766777136 -3.33372053368420839803 4.47456246985276617778
2.81191011576832305963 -2.33698434629670481755 -1.99761155637369425264
-3.33805495561397691517 -0.95926839062619295717 -0.23839880251326128757
4.31823272972275429282 1.19351561619995383268 3.52954105118722427648
2.35072351780439259272 0.94843984298473138495 -1.80354495093323574650
-1.08802905579699338290 0.00223747496500248388 -1.51280683314643660253
2.28894565017238615923 3.56067850803632079959 1.38432802258836940013
-0.32027484989699850360 -3.25242939577064227308 1.76299350117152187067
2.99808921559202712359 1.35095020627604345265 -1.02975573085941185525
-3.49278392069690157840 -0.40346097863082874824 0.55744947954696577597
-3.33481534270277713006 -2.06461747702564535345 -0.46389658463230087904
-1.33927916868002849782 3.16542833193298545069 -3.49287579971425010683
4.19550061173099475553 -4.45874383008285590790 -4.00715592901789552371
-2.81020964741377099472 3.87184289374722201416 -4.09778051018694622343
-3.34659908560978358594 2.48168740077880389805 -2.68457106574084303219
-1.95485210585797508642 3.80974229406522457708 -0.55972445554148908542
3.83337399878605200598 -1.68210862139292105510 3.33069745439409903298
-4.17307142395853247763 2.70781505016165358057 -0.18854178030594770377
-0.96974010073854177705 1.43733070165684040376 0.22947871343208703365
3.23804419053904890546 1.80485101395054048368 0.52917860373663572204
3.09665731997553894672 3.70505332413730226193 4.29628051909273711573
-2.89391058446407223315 2.47250779028767819767 -0.05107493570248777814
0.00272334222955805672 4.00228439266076119196 3.07276288418148002535
-1.00323989051922701776 0.64356266082845614562 0.74596253681446089701
-3.08465792988351417137 2.87388903068234391469 0.94037164558729635644
-3.90902762870892050984 -0.26456852447622214441 2.38358669537233236468
1.01707721673599404966 2.30689456476614562774 2.37811496268703148615
2.11535528394044103351 -3.41517019147364964127 0.59475450927083706176
0.84226126503094267406 0.27195839568796209562 2.86039964284714454124
-1.04173402095740241791 -1.94225602342528880229 -4.38186069705661918050
-1.01918210585643720378 -0.91269043107062053366 0.42392206314217517615
0.63078978758717152431 -3.03834167022869294783 0.50068824087183472216
-1.58149015854538488313 1.64752283717570247035 4.46894269105352481830
1.65949393144685775070 2.77544580325642620267 -1.49321762588114204107
0.21137387721146527753 3.35519318487549877972 -3.44603766291416135914
2.07283982464900784493 -3.36916478680025432979 -1.10330505390237076924
4.16191619720409011762 -2.22827256368261705788 -1.07277847041048701726
0.26374899110181804218 -0.69144282483299690512 3.30835024920624665157
2.28481731434225121546 3.27177054486016860579 -2.55459513086348000144
-1.34912110015931974161 1.82604702149871922501 1.06980641021277023128
2.63333119463483811273 -2.00429795903136653834 3.43178750716938374410
1.92832228535017602411 -2.14991704967655117287 2.57640088323278693139
2.36182622285594412403 4.44576151240172645629 4.02796857826437193495
2.47197537487887064600 -3.37567424995492837425 -2.28731105149804125887
2.70176557753936652517 2.48664334911586326626 3.81226172794098960850
-1.03485239519223704008 -0.30505676534899883734 3.11663267247013830996
1.50048652538315163696 0.81985479478742906423 1.66839028623681517871
-0.99881672512731878300 -2.62928616163911499370 -1.71786314854519517326
-1.43747365312495478662 -1.43760340258614061071 1.83197566613301088267
-1.81489814963346951515 -0.15550700474662804140 2.39129976383485409741
3.47566555074783334334 -2.09021825721772014361 -0.12965302499125730407
1.02223521554323770744 3.45639551822735491271 2.11061617778501453557
1.30990355378134015751 -4.46823613254924456584 1.24356708636371582344
-1.83419421774325996921 4.38039001287706586396 0.47218495034912333352
-1.23759995470047456934 -3.77563281713257792305 2.21682281197369679404
-1.98181562778858477714 0.18667688390049885783 4.11807800436012261258
1.45080605021987185665 -2.07881798590250888026 -3.55380359832228265304
0.15089295920179335297 0.97025130524288716316 0.52970842577197796430
-0.42803908548967228853 3.36808825568796876837 -2.25015823717482543742
4.00739201196436578556 -1.01486756684387646743 -0.29688033675470659745
-0.70799818281567272749 -0.45048229052489663360 1.27563141644882538372
-1.69643309772955364068 -0.15523869542543433653 1.30975288819019297648
-4.14111557364491389421 3.70896057258288447400 1.55585146356158965375
4.32911377740337410813 1.59030447834952770592 1.84186660463440965430
3.58236099359682480525 -3.04336443365004782891 4.32840971593838741427
4.20131519820506493801 -0.65761298033445791944 -3.91994525702094831487
-2.27649927668467011443 -3.92184254895965445087 -2.77815575360849376096
-3.67489204066646824032 3.35156882082498963626 -3.06208751847775628718
-2.18041258194414355742 1.48479679221532556710 0.35075621651780775068
0.20210110760486177384 2.32980801298797235432 -1.21984346661959941471
3.01800912511187835463 0.82461877042205955490 3.22830804565887152791
-1.91225537215808749636 1.38651827806853056302 1.97515601091535319966
-3.89240522102808794713 2.75939627950334198658 2.01606025925610410354
-1.48359006299012019525 4.38655985827870065208 1.77758223606572673958
1.30164538999819701104 3.66378955061859112874 3.95183866015800422389
3.09573903791286131337 3.67375140757947438175 -1.04109105625976594567
1.29666953287335307010 -3.69772472229655102538 2.40294111317023695307
-0.09972336154829264387 2.73435495457513777495 3.70078248418231137151
2.03131239913255257079 1.84351718826609012325 -4.04968158061443173068
-0.39463293637987550966 -1.11974802102596804332 4.01282629652794842201
-2.81620321327312694848 3.44089148069565631261 3.52465794553590239246
-2.91049790023290277929 1.49261668121862367542 -2.61286829306369394743
0.24924380265711310045 4.22815482975726109061 -1.97391018762584646851
1.68374558469998181209 -0.79822479298856086061 3.10075916888494784729
0.31007194046468722348 3.16467299106588395574 -4.49172987589965089228
-2.57411446405904520418 4.19269777082047401251 -2.85098876052314675889
2.00256287557936207833 -3.92680071179776435386 3.40425570420792489301
2.72244839984027819924 3.98322197832748781110 0.32466476905165730926
-0.95470217469712359559 -1.58936835063124082268 -3.06420864914495760800
-3.29056241033894103509 1.30558620378898559977 3.16383896260002028811
-2.38894228855138024414 2.95191056746424429491 -1.05278847594692814837
0.33310389634651382806 -3.46934180585025453425 2.83587965281950982188
-3.06690119737182920190 -2.85160388818128351929 1.12930747652525109714
0.15688918398769491347 4.47188264212784414298 1.96968000265212772604
-1.77154291252161577574 2.02544653740185243151 -3.42146252870332379104
3.60399552670549550015 2.91241112584110339867 2.50068862406983072333
1.49576981766096839266 -3.59003610707277509562 -2.32525367176724717666
2.91871179339138642206 0.19432659501706872618 4.43432087051929979538
-1.53602782466077147916 -2.16713405166190842266 0.92072624681842984984
-2.21831112309750322353 -0.17733543569227983028 -1.39450508191168420780
0.86862895372710369202 2.58614313535333373295 3.44736479263756390168
0.09674077919336099285 0.85082981730137330345 1.77571911466714649208
-0.73577369426395478058 -1.64624482583317499618 -0.77823751173548405546
-2.23009277793396076817 1.89224393844992366809 3.49697945987461000783
-1.27687826926904168801 -2.53333330223637664957 -0.50804809458798061428
-2.48368449379736899729 1.29846581795938309511 -0.89417531325812138476
3.65592472800548318190 -4.50242345782207209481 1.16135386252174743760
3.79925596892646932901 2.05287649360309476521 3.02272361119123278428
1.70299689828030498262 -0.02344099866158000367 2.21465058075905840695
-2.20526902758647125324 -2.04927130300044790800 -1.53476233996236910428
-2.88124793126732914317 -0.59502479895177895486 4.39847884818787182581
-4.45451595020526358581 -3.72054305841777832597 -2.24672372572751832820
-3.15356478015665331327 2.36689985698543203796 2.78869219141164581544
1.80312196353677745009 3.73280734577757389303 -3.91829939126729343002
-1.85222242069893727745 -1.94240922849640451631 -2.87098179515232709846
-1.24626035203018048492 2.46589826168261172512 3.52607998672725830858
0.58660566191901963862 -4.01422981189432714899 3.91532350613780710802
-1.94812013532406869132 2.99967532502431666330 1.06020017259286625233
-0.15148448713484441441 -0.95555671909226358451 -3.51456489454461840083
-4.35915162954622203983 1.10893244498112775176 -4.17186789915774625115
-1.60730814372683772362 -3.31073123626349152815 -1.31505933358746940343
-2.03019729895919676110 2.24050633650238228967 -2.29715801945123043737
3.71995779153778283188 -2.86222267274719399666 -2.83854249260835356239
-1.59154834900696151578 3.63682992091028278736 -2.08691650294214392503
-3.35067401731774072715 -3.24216539656525526425 3.84694214402486078797
-0.43469035601081973397 3.88963280866056404506 -3.92296186032493610085
0.45035742552868107680 3.54888083998413517151 -1.12900223536549937364
0.59934378281404754318 -1.43686423988752265402 -4.00464724123617532570
0.71280105330399035068 2.94198861490611740521 -0.32105293157298042672
1.16583783325727274871 3.23018894717966009722 -3.16636019033512550180
-3.33066144001095754135 0.29845008214846480143 -2.53174211541262605962
2.77204099265163339538 0.13032959483574568793 -2.60198486945854812191
-3.27837570962276458886 4.21793106687168428692 0.39130704327540399845
-3.57862258219110573876 -4.19005912491390120067 -4.18406404248157937076
2.99378054397108162021 -0.56898794105685901457 -0.85824338866647753576
-2.22979357924166476934 3.10319529121337378541 -2.87121265617191001596
3.06920300906086662707 1.72549921637312220213 1.68564013807188661787
2.00910973067240217205 -1.89954534055712764840 1.20635396474657596855
-1.01264252744552418761 3.57728607792689157208 -0.92246360653395775842
-0.13949564307548456554 1.43329402907318836924 -4.31276571367017780290
1.32207362774332004562 -3.69191183613256157514 -0.01256274490021258572
0.74699679825023324042 -0.24584584240109474962 4.28959910053103588012
-2.28482170990185062820 -0.79933084321227143576 3.10304377315072610344
-0.01113351269794371490 -0.06369761278154761897 -2.66428044552040876880
-3.71123233352993553424 0.11045481274838486740 4.43233479578841294000
-1.32906836268636840970 -0.81241766263992420960 4.03047537477625805735
-3.75227769690877011044 -2.58693394527090747559 -1.38361773789605857488
3.42557283392742562000 -3.51632256277636878750 0.67296847152865346686
-2.06507827147514921862 -4.05484628669434421511 3.11989275933011178665
3.25898530161341692946 -3.86693981277909415439 -4.06406891799983949198
-0.91191530038492141230 3.19050429296850612815 4.24518393972045071649
1.91575555869733893388 -3.42381905763453708857 -3.42522301153819208608
2.47711744590796545396 -3.11265035301106651744 4.31435510644385455947
2.57388847504994355830 -3.70589728615103908282 2.07562019074784220862
1.42223123897723890963 1.89102203372209931587 -3.13759031472294935838
4.07248588940526179414 -4.28301202657218738068 0.11479354091647220315
1.13867120670197952137 4.45242427188235634361 -2.91221422390762851862
-2.04151788479381846031 -3.27821186340209047572 1.59964350692661927411
3.81076176679964984118 0.92801824595232229598 0.05182069256841881355
-4.30769557881375764197 -0.54515769602648767034 1.39402513974275610309
3.09770950307499770560 3.84306392195542212420 -2.72150096930096596637
-4.50357792629625830472 -1.97280920396681391793 2.60204367231318389742
1.20923354651848757868 2.64424571868491664617 -4.03935581237990071202
2.36551060032900206664 -1.55760305450345626355 -1.12340579857106037664
3.11431663234883782110 -3.34575020345272289291 3.36540453327668220851
1.66142057538202880806 -1.12834635176478670360 2.01525949121682490528
1.96297531250699908156 0.51291332798509881030 3.32699444760064899640
3.00800140874137333924 4.38083874502008452367 1.96235351914762379266
1.28319047429255217452 4.26608141699619647369 3.02230322609795454269
1.23993304970474582660 -0.12511823360931018101 -2.04952013976167179976
1.25812779232614424529 -2.88943222278612177334 -0.60929940497291790180
-2.18029789405351559495 -2.13219800773358292290 -0.16318791044714675564
1.62015367957404343713 2.71273094532241376697 4.15043215869098514048
-3.90997496712354308812 1.31954295797188958517 2.34486130483973198579
3.27763762229341804044 -0.19049085645145247270 0.77733146696841526335
4.14095035080374618275 0.02321071870022706207 -3.05893275403538922319
2.59017415286804641994 1.34570802597668315315 3.94188135081034385365
-1.29060759660050017317 3.46475300838670197123 0.24855071110251714117
0.38934497663905709430 -4.22408405224064775751 -3.62287274513207080417
3.61332043729881480232 -0.56930792860699774849 -2.10040620332464689213
-1.11014010755460956759 -4.23121213755490721553 -0.52713956156809071985
-0.55421051356493400419 -3.49809558297041700570 -1.32747526465468279611
-4.36673548550553025649 -1.79169788559889564539 -0.26532484091550312399
0.13108882309587777115 -4.04475475040576171182 0.57236131693912817298
-3.90302787857737998323 3.47076836261399623851 -0.79039325944616667385
1.22032174406467497363 0.03937919701999792466 -0.64607698665526314130
-2.49611340407296244948 3.51236861764686469911 0.35311469427264707832
-2.67734430515272592288 -1.53077492354291244681 0.48123933199118962278
0.68806849954623849897 -0.31168973111152098454 1.91894503571587726753
3.74790974109356422872 -1.96141887953366289565 1.76347966087939500568
-3.30581340261300704597 -3.02761034885348090384 -2.36746665441324521950
3.45008061455885428614 2.36089647625537057962 -0.27871378327003082376
1.50951748336023694463 -2.06702312713615432571 4.35851090303457677777
3.19196726742529968135 0.48042491629581451917 -3.53234795738656881525
4.15150748222100585139 2.63772066418424078194 -1.01297613649082185461
0.29887631019860450010 3.99431175282918449199 4.09249639686317134846
3.76795055900595965426 -3.01979540920147515592 -1.69807766531543702371
-1.17803779545071396484 1.60272572008900127116 2.99641459775808183252
1.60877594377147481453 -0.22239931730746942407 0.83829414183026607077
-0.53468836803864139284 2.49674366481862719525 -4.00822556287230291616
4.29462760900352247262 1.37905708844551089243 -1.87497286293527665180
-1.65127739913137006056 0.20260207622057890831 -0.44980915265922583046
-4.17238327844860101834 -3.28306340901977078417 -3.41079000777405116906
-3.96409993234013091623 4.26994129661830523759 2.72445687053056762039
-2.53433580748015030437 1.26186691294382047346 -3.74600731247839702220
1.77261932987891590585 -0.35674877017366490861 4.00409539395363633929
3.43335395911857776952 1.84608950216642053732 -3.71374829930439087633
-2.34312667397847640416 -0.29389824391277130644 0.37142243254124984730
-1.32572513692799409668 -3.26762887355363940145 0.79608923734518821647
-2.14352271150018935941 -3.31370642704488194141 4.26149502253215306524
-2.89771407171594796992 0.02006990525535279346 2.74897220257174357272
-4.47673490322494327387 -1.79839826332889130001 -1.87126454007102438482
-0.41222011867848618039 -0.58477512838020473396 2.20796758989183938837
-1.74255563057773033009 -1.22565237465402887551 -0.67620177277094661861
4.23245814657820940141 0.36785429274469638727 -2.02582644968780556383
-3.41062836906237620838 -1.12424477673132861000 3.35659741104566489156
-0.42032608952648153888 4.09422152803853744985 0.37088420005785671663
2.70479947058205549837 -0.87398964806810575112 -3.44041828875111521668
-2.69923080631920253580 3.77286043000752524534 1.41927167646587015781
4.37174863483472631032 3.45543953366891454237 -1.49202790459619905050
0.81232130860820372931 0.96713969947627376200 -3.55934035296919315527
4.43948827556277247908 -2.38096491249826103243 0.84093176828573756865
-0.91469488758270545148 1.28148069972048883614 -3.07353128344710579967
2.56854731253366086463 -0.59997210680216994660 2.61096758464361222707
-1.13165834912891716257 -1.49219472920458162690 -1.89000490420125721869
2.19150232478408213410 -1.90454758572854210286 -0.04923903057191214572
-3.74040945543208724899 2.28706954808925555511 3.57570400565110713131
1.56476806877207952340 1.76080705299169970601 3.74621086832629668351
-0.99206267058392105795 2.42203497862847605404 -2.80989880560936278187
1.83809473033093695449 0.70097667069402458395 -4.53324851269647322027
-3.76700436446868858198 0.64902376052249710625 0.13812503584250013233
4.14240410518440516086 0.03327175625439160456 1.99503442402641972819
1.87729147905748039449 4.51875645721456908888 -1.98835565498698318976
2.91473751349574250469 0.39909612024024454513 2.26707961754011755318
-1.05539630883026669395 0.11601387946959462738 -3.33734862355705663717
4.00001514172372285572 2.64654265884193140579 1.54539671449558735361
0.24417842090945907074 -2.81343595578945748770 -1.39325672593198035543
-0.00585050854625368544 3.18779317502786518901 2.14918878044408234729
3.77880319945873122123 0.03361036420203156183 3.61997764492826146210
-2.20823431057334396144 0.17182276279895525306 -2.55822800906075675798
3.55126694773593687415 -0.76657389119766783381 2.32298652871368638273
3.80304995973571191570 4.44489891163491268600 -1.48225598390080381961
-3.72480842289722557936 -1.49583473270768507746 2.05131163352498369079
-1.27049844002507406060 4.34060918243459514798 3.32713902698221897225
2.98069181801726212910 -1.32746837418297403133 1.56314203135119011989
-1.76063845173405431055 2.39409722762887966496 -0.30488912381969424104
3.12997321785218840517 -4.18119526405879504694 -2.32328640113462858707
3.08912235509491051033 -3.80624143518775470696 -1.26079448042908293104
4.21387446543392751863 -0.40199624467013084228 -1.10175608249770462521
-1.88916859648548207673 4.38030982831302662106 -3.63347134801990723219
1.23672700446270589225 1.03652720139720333492 -1.49973028913349004654
-4.19078440148321096359 2.76769001994785135423 0.92167038495539088672
2.20672578962486021226 -4.36670878555496777551 -3.03908092011996044945
-3.93009404020227082199 1.85812003287138960417 -2.07765519520785124641
2.47591675555322865421 0.97482026652716502468 -0.18411139355273764551
-4.33740305192249486765 0.55760844328636771650 -0.92119846057677845508
4.39607360139196057247 2.87342533189206772448 -3.64558370462727898698
-0.53038510772507141411 -4.21757015081803920964 2.83724278962081388755
-0.17253978480467946355 -2.23250699327071533418 -0.07113552149483570730
2.50426344369676812107 -1.93515898569112776428 -3.05836278573589215313
-3.02956455098741805898 2.38900665960274327659 -1.59602627968206878251
-4.41846380113420877933 -2.70229733250726100735 1.86208483905303356920
-4.35828459390312072941 2.55162327854823800521 2.85470728137281604120
-2.28847877733180293802 -1.49551816335641607481 -4.18396804229944230258
-1.13229674155215942477 0.74613308313833393015 4.36069844957098506910
0.50212519978270808707 -1.25317490237279960397 -1.91538566516378550020
2.35782065181300293233 2.74704861447876957925 -3.78953603842102504373
-4.14435565465905764171 -0.68627102134000494971 -1.99492272717781382596
-3.35937887776242094517 4.25527655875039467759 -0.62148220008507815137
-4.07434148914886229420 -2.57637292436457832068 -4.38079911514350595070
-0.21631635906833057703 2.28603820427193493714 0.05145455489624595202
0.18713650855104191351 1.04914270826587863183 -2.70004767579920290643
-0.60558181635020780220 -3.29661498733403934835 -2.33260144550670345254
-3.45582742896073602523 1.51366105858360988634 0.91568288683600407296
-3.60312152991352085962 0.16253275851640491823 -1.44047153135922734180
4.40979805245755596133 -3.20284896373899252708 -0.80363229872195285353
2.28806591617118559867 1.46936220844914711137 2.60188494413393112126
-2.60435556312802907186 -3.86330432526966793816 -3.92761957125482741304
4.33602469697653258862 0.52568748177375290709 0.90855792842670712872
-1.57967176906409623172 1.01085638403582311895 -3.85555794428359455139
-0.89703582703385986719 0.71513628292092334959 2.40100529000957241266
0.29458763165759105362 1.28882290076982730653 3.41918840157085579534
3.38242799967149831986 -1.72706241818027228518 -2.61739042294480439566
2.53345340278986252969 -4.36839395301058264209 0.95786183048531547968
-4.53379670851418392630 -4.32124549421445447450 3.91743801634499089204
-1.05625350333263456903 -1.49315987470736732945 3.31290760260856842478
3.54580702800017011356 3.46786791714070385950 -0.16567604753976983289
2.36846116391217176300 -1.50709915351528067617 -4.48244280735659206272
3.67446138305085678866 0.49407452324680090072 -1.12514890329589212215
-2.14064250754060392268 0.81961083793898747984 3.12434215196987263852
-1.59325137887137913140 -2.97891741810584775862 -2.59136888807143961344
-2.90989938015482785261 3.35278349653224605476 -2.06658987856944031947
-1.95610452369116760707 -0.28990647281717851769 -4.05085175214137560573
0.58954182830071655275 -2.92942866819172920145 3.69626903472141332685
-1.44214845666189539486 -0.53262539818573007011 -2.48033394551822006235
-0.09172074203898361588 -0.48686993136498468715 -1.17452921945909549706
2.08485727907934670355 -4.49684410940767698150 2.53301636191455958880
1.95414443778496771387 3.12063561905045450118 -0.45560084114522592103
3.34127514941431957851 0.89726073123641025830 -2.00904344546386726122
3.41052319560741690196 -1.01022739265697358846 4.43900323169654686950
0.79778833036235052845 2.53101126096303907786 -2.20843521901201089719


