225
1.82139304078352992633 1.38979691795771032048 1.12695412603705502619
0.06993694564513575074 4.15442250694277692702 -1.07697027646733500816
3.69327995790290497524 0.28712301228324665914 2.86964372154664726366
2.37386322294072105166 -3.95581646831388589192 -4.18250195630351306875
-1.36557027466430191964 1.82737863811600398378 4.43979589924470285922
4.09926339422473784424 -0.94941979930601583249 -2.12361567632900705149
0.85371718532153106906 3.22390595490774778398 -2.32339605241372382238
-0.11686656173862175478 -0.46202593505880784619 3.50806072145522396255
4.15892704331589424527 4.21113436677887786885 3.58408690276956232168
2.69944898264581212288 -4.41850053829768896207 2.36374248895706884355
1.22105463416735293691 3.83444590446245481274 -1.40759272466756790720
0.34332919024412955622 -0.26237232153612044527 -1.45141290168506387204
-0.01509657060062608025 -0.58249068213454124887 1.10994614138997249597
-0.56629307101813752823 1.34147932111588552573 -0.40483356178728069352
0.83395267203704026571 2.25668145164763522814 -0.09233499169897019243
-3.66029487650453910774 1.55016365791397170426 1.71454081256929757870
0.96972793666617640440 -1.15704093391678686231 -4.26400885024869324980
-4.46764252093156510881 -4.48971413339945524257 -3.29782090906353264614
-0.86731553626332935636 0.93456522285738152789 -3.14915469875067399741
-0.91296859351630166302 1.62302196552922595174 2.88555719004041222320
3.45761732874821792194 -4.21836299512840451342 -3.65387774822634003868
2.03270139782146497254 -0.45392568287686696493 -1.63301301317159763826
3.81805614663554404586 2.53023687596033397540 3.30499170089580918130
1.52993609506158012579 -0.60407248023237158918 1.20786518644487816943
0.53139476811427677205 2.07558642823863159776 1.10308289767141776139
3.09159776651840889627 -1.05350582528406055971 -3.60436760009871060007
2.18107310459112024859 -0.04007518722076586215 0.46051920808550672604
-4.36213181535846583614 2.14092077988528028953 0.33255926423250325996
1.38038521125567292813 4.36205722760410363747 2.62730408747085331100
1.12632273115348358061 0.91679748375560343732 1.85877671546045242223
-3.98054405450683201906 0.24544204523721280253 3.43830799665064557047
3.48915569105806877559 2.52498776696861337854 1.20946830506210023515
3.34699465964680697994 0.97415955410011001447 -1.21461609317699448241
-2.08796109548036534775 4.24208096382516597345 2.18183703878507895269
0.81525812431935484881 1.26808202882029696923 4.04016160845026828241
2.88951610482413467906 -3.82761312320015711919 -0.67409253500634713774
-1.54199771699965149097 0.43788364012565583749 -2.52419914492933950001
3.94091979829020555570 -3.11621016313546883580 -3.44769964320610577957
1.94008626300574604784 -0.97725890663646897139 -0.14306066425338492820
3.47523994801954128064 2.20950817852128000851 2.30457804807677568704
2.04226646170472658781 -2.53123317457413854470 4.27619159963651274126
2.71658673034851627648 -2.65354556140116937257 2.95471953785715424345
-0.57708720820499248561 3.76874256642801608308 0.17644700570182525468
1.34237822331273282117 0.22630434453005943141 -1.30445979496937081166
1.49299515360927426144 2.70471180496647800595 -1.65728602670813440767
-0.31154142910101256803 2.76390082263510539207 2.59228345764564327425
4.29684932974511735182 2.41651592741338117065 4.49561486191910386623
-2.41634653017879630355 0.38270713292049940435 -3.20308742113128230855
-4.04289906292313361291 1.97034108986764167071 -0.64385459339549644397
-1.16422751864737827887 -1.09941567041438803543 -4.38935998299567575742
-0.02653814075481619739 3.12912675817656094068 -1.88361352733338094367
1.45734758207880243930 -3.93420593150799646764 -1.84773894914566305658
0.95189673860994616916 2.81584240063398461018 4.41200120188034627944
0.71258092811967088664 -2.14281359271089488772 -3.94578010611032414801
4.38268158931304885328 -3.59187376502800459477 -0.54963636165016582780
-4.01826088681524851154 3.09692806689619448690 -4.42863531737135840416
2.14898910303914458808 1.59152206840579690805 2.91420330774252089867
2.72922858487877117994 3.02875497166661045156 -0.11627021186987995804
0.25491271273380533557 -0.71264733729208629143 -0.46094104410983671727
-0.33139038982933932687 -0.93847057771068165266 0.30717820023850972433
2.91958115551309038693 -0.70117902662488340582 3.83804072279629249209
-2.49249651704716601586 2.52602849323403244597 3.63199634374558666394
2.47994470252552634548 2.31623016795535807688 -1.59218213159906429865
1.20650448803037591006 -4.24223075507434721487 1.64540527038112571745
1.56030964615456202438 4.06437905474714877840 -2.71252502719853216817
2.10067093330967846754 3.76071665042345326668 1.88687659276609043246
-0.81107690007533062015 1.90036691556502557177 -1.30620273242383433399
0.80765015535001438707 -0.10529606436659477708 -3.49701919904754809920
3.18672496445568409484 -0.32385953490690777556 -1.84649157950072595469
1.00898371244390716583 -0.31681360031102201447 0.22875202638037261949
0.84267244858579370970 -3.68550648479345088759 -0.44730341381524052480
3.49523875514504833717 3.01797370688823374252 -2.02202959588327191298
-0.73529402614932237725 0.82782377176620958181 3.77239248941607474563
4.36326978522605468669 1.58126752114952839889 2.79561729416837589923
-4.14100451446875972294 -3.29286270824683580116 0.26965836009481769509
0.67010088956688385053 -4.45198776084659453289 0.17065319338864259890
3.29721145280521099608 4.12999309282802418153 -1.71418780930207548252
1.50239348688158269596 3.08558889541034098158 -0.54123435582740242467
1.42415301067255395395 -3.06633446120429820070 -2.36374510166418927426
2.25136908957934345210 -1.87116222961460154650 -0.41810592758571285543
-2.34129779800446113924 1.23532522650268550279 -2.25772390113432708247
1.78216318575704146809 -0.27505797727521663631 -3.48957833272960460391
1.19398262553568024202 -4.08478100799898236062 3.91120583770360408238
3.18515855315748463994 4.24437287621172298913 4.47748425065939326117
-1.47078985133360129467 2.46097690499743304571 3.28614166733184998037
3.06189289409243059481 -0.92220817037588354026 2.84063477197767166871
-0.71572840230260625916 -4.14969822360449303034 -3.59617367000043897107
-0.58287373690741528520 3.91650955803003864020 1.36766098276243841525
-0.02294779371978705740 -3.71468662517917191934 -1.16882208270398146865
-1.72961416641783749526 4.32964297773789663637 3.72246385745131558309
-0.24162103412174928962 0.96037528925064741259 -4.37289510102638256939
2.84443788052895030205 3.05375794762088847989 3.21975202351846778726
-2.76435295728178731522 0.61437136425290184150 1.72615552011666739674
-0.15734900999275058808 -4.40911080087668239003 0.76825010915540303813
3.62141718662175104981 1.55245116847671749127 -0.28417832005835474973
-2.28943080185451641739 -1.93419083998029428528 -2.49114342780442310499
1.90653262803280032500 2.22601863521819520741 0.46440423201436864531
1.31785778278421172871 3.93813418122797198606 -0.12884035228505652526
0.11014123448232737701 0.81250369914284181760 1.39428013517594795445
-0.66375490321268326710 2.68115856874227365125 0.54810484039093410047
-4.40913957124987820890 2.82761188838670829426 2.54594050425104256874
0.54633400771781914784 0.44684460438073791977 -2.57579761371139648318
-3.03959745281692095276 2.55332749019972293780 -2.56183721311061241011
-1.51349373980649337668 1.58767754457164667059 1.97064463269631584552
-1.55500536365739217004 2.93277104310200531501 -0.21704002879970385465
-0.05345720602703263324 -1.85059088513064784465 -0.64885633342032367210
3.34553010372550829743 2.98975485603745205765 -3.43898967306940983590
-0.08228830759789751426 -1.40747157670287093012 2.67806447966016580864
-1.87188130007497655072 0.11043974180526205942 -4.09574278966926286216
-0.39943656250613557290 0.36507916658570316315 0.71413592616083043652
-0.14318929225447707410 1.39214810586741499776 -2.36608796527822740074
3.29254032743982349984 0.43597689977538411910 -0.11883912570619781235
3.13911825619692752554 -2.40890527706162549393 -2.95615409737910717070
2.04110791059094953681 -1.17804101019204621181 -2.98498904388647368080
0.84747065485237182969 3.03379333585911936666 2.72757117250188940716
-1.73173309267896335939 0.92680625370330105284 3.31228047216761201099
2.70320888558621685860 1.36594749697898265595 1.87268164258475255934
1.12163408331117775418 2.19916971517652637402 2.01134789445640560501
-4.13598749368684703853 4.46550756799507819750 1.75032954038325261337
-1.57231119864021007260 -0.24442972738296120383 3.00313256091920788293
4.38155276745656241388 -2.62880075939148794006 -2.41149309141472034668
1.99074488539134275555 -3.86090697452673392576 -2.74246059667084729483
1.86840020069272672032 -0.37815266693619165039 3.36200495043063352085
1.50758456382530869888 3.19932908385573799848 0.67040070470238166678
-2.27590792457074808652 3.51021665316527897716 2.90453657962974087781
0.98624066578486768719 0.21008153898790116187 4.00147415110359094825
0.22353359056109312064 2.31452110874278904618 -1.15596503348899792840
2.81992303887258533024 4.50111673159044922699 -2.68124392273886691385
-3.76282475349402911746 -1.48540940421587208675 -4.35645004230388721567
3.19593718654957559266 -3.49719952682022938717 -2.43286983217469243712
2.12036743081412648593 -3.90780942869999448064 0.28185453946689786875
1.81224056347304518511 -2.09928411081451082865 -1.68269578853602475021
-0.61409977007047977793 -3.95701503245668417819 -2.08655777767841277281
-1.55060450113279646445 0.19839330649195829892 3.96943603610276962712
-4.23630562198469462487 0.64994467809197686847 -0.91699985296679731306
-0.39158670891568014838 -4.43860925159028862907 4.43806401197986755136
-0.30589155587872429720 -1.27519568184725962112 -1.64791765879063456524
2.19698379628977580325 2.15507055641864919693 3.95836128712577117739
3.76882441865685802185 -4.50795071393580659702 2.35301571141547061217
3.03736968436817900141 -2.19920828360169418048 1.24528808925843925692
-2.49708331104246594734 2.75802142743723432972 -0.06066803352032668073
2.14963650880834400425 2.74846575008975246845 2.51340159015436626078
-0.16034651800478538775 -2.66316097453445843612 -1.42744306023979294906
-0.40532878612681422226 1.45078891759416617191 0.57637991679096245434
-0.22142788316632788792 -2.19883298746084054898 -4.16837048988820502160
0.91659784215621620262 -2.89990239890804568645 -1.52906747233653961260
-4.29272764805711481984 2.52650265458110379058 1.52842654726654014752
0.66900351280072811733 -3.95957177573203145116 -3.09618782231489753087
-1.23422027471673612098 3.25851497392050770685 2.36058393657698051271
-2.06428725812246094407 3.24090913313358353065 1.63364205560899389269
2.88682801836702829235 1.66892287682357398637 0.72487695920316674858
-1.53616688036722903732 2.92803135194482155867 4.26831333815487123928
3.95950841631449268476 -1.62309701358534752558 -3.17368028234181487335
1.50643835855952534786 -1.59164978572947513058 3.72692524815814341110
-0.46321864914067223395 2.05029232241320702457 1.56637406341677731803
2.25456357181671140921 1.50758203873718077404 -0.50097848321594895538
0.63700698653014775630 0.93992311893852598104 2.82335949537690922284
-0.71972407859645270989 -0.01684352857501458800 1.70549435655943160128
0.85414938972820220187 -0.47360461598240188863 -2.40298645148552791895
-2.48672944928037020773 0.10898230682609000297 3.25037968585950398648
-2.21042497269985993569 1.25975741251715422919 -3.93223272588432859465
-4.07637852619467366821 -1.63564248495966957364 -1.91432611420671783264
-3.61284914322315131585 1.25609938806830978564 3.20322726319117379035
-0.26019684542152798912 -3.01480219702229801371 0.98830184028667655838
4.02674143289043851013 3.42532679031570808093 4.52507541282448411124
-2.77462992866074875664 -3.91534308905984040905 -2.06130140362052882708
0.73880077939862509595 -2.52473998932363130621 -0.53059296012146894839
-0.29273089403582464030 2.25382773070003139537 4.16935060581378902356
0.91465909686684199187 -1.21285311819620789109 -1.37019815421793778043
3.23974515049024436308 -3.31175185423942330942 0.23356005949744584882
1.87686632544898301944 -2.98415854137868841178 -1.04769592992849336355
-1.64571007259172619186 0.68050579111963216405 -0.73342646690278012755
2.83189269700743029290 4.26017439317862756099 1.39621001039379155628
2.44134534881150599972 3.92215577711716090192 0.28809791960734454364
-1.87306089404237408047 4.17942292492525080405 -0.67550352094341414855
-0.47369848411894022178 -0.21612983879205849291 -2.07343157737261529761
-3.46115940691196977141 -0.21911107395624540572 -0.43403424691522474177
3.34544850964397877391 -3.91172702653933734851 3.11571437515540328178
-1.01278148426818326300 3.62727983879023962999 3.63502394327639688498
0.77085004427575132269 1.19974216163282410008 -0.61618294465927547776
3.25831254503304545977 3.12745782208604605756 -0.97664954640291146148
-2.97940333254132072582 2.13800733463572711912 -1.43873456809905153619
-1.77821798317960411140 2.44774776996650711425 -1.41672481790195847751
2.13687614061013064770 -2.58993435494487078685 2.04759035480149709230
2.61165919573082927485 -2.02622162356988821941 -3.85151120782144928967
-2.55474333687425803063 1.23972671122876043626 3.91924587449177597165
3.23905336674778698836 3.37941425620305491151 1.97588264486736964187
2.08918797365420783052 4.23269595199373238614 -1.56182923686750241288
3.02742524318155759033 -2.39351037056492899069 -1.24951144773638578300
-0.84629181033950295898 3.61423616422865645603 -0.89824536848517855248
0.93757870681892985232 -1.52128949928389367585 0.26297589243998675812
2.12183586576922067479 3.96142939375633407195 3.62129494683960917456
1.70673644512121658323 -2.12815531598395768498 0.68019073583598110844
0.01359411368655560892 -3.15691459515573047412 -0.18556004948452820003
2.31496718150214420007 -1.58655279160567497243 2.94935872692594802658
-0.59594728017890741256 -3.29805023578991418631 2.31159111071018141814
0.96724350961372618229 1.98613074831800950903 3.19982086029527579285
-2.44228262094145875949 -2.36060629135855926108 -1.06079233224096380894
0.80211241604883287692 0.98902558471383450467 0.53535258827651510671
-1.60343629320990954668 1.57108909114585415523 -0.01162016557550860085
2.48766193008780422957 2.37635503972964290398 1.64375637638169358468
-1.02130125576782848640 0.90564257018429206170 -1.81960032329421839137
-1.83101465629141024749 3.75748381473785197926 0.48485277072740551318
-3.60282921341206030519 -2.41435949670090499453 -3.48831467562863695164
2.70646181085095793861 2.57440742669941791121 -2.61995334573884353091
1.47474844538229898916 2.04424440361260817411 -0.81714649479728063142
-0.86644687393669350683 -4.32047046727872174898 -1.10573066606688819036
-1.30151737068448625223 -3.95224898494060283838 -0.07860202128322413273
-0.49254620761463829837 1.18069115246492373217 2.09910027767129125920
-2.02327370465649059028 0.16489430095074020244 0.30144824278822923702
-3.41473445590781032877 3.56264984999865230719 3.21934805938459778218
-4.52684529216358999548 3.06497651908890045291 -1.12940306068328277789
0.77334075469588459129 1.98829236874260484313 -2.12321161353462262156
1.63173843101274496092 2.40277212691735098105 -2.66121267019125307129
-3.36676454058000640401 0.73821435303278093443 -1.44768007515084340397
0.99175072299000088805 3.89261700303286151126 1.57923824166961512816
1.21624861127562322594 -1.95845609898064321186 -2.48014945288684662827
0.90355946412367060816 -3.10690795040961198481 0.47971379457705598526
-3.11900999308736626148 -1.21882055932015376243 -1.54957429435445037669
2.37882333662191047807 -3.12264652458438929372 -3.41841240322538419960
-0.64557184214789886667 1.79358006734929720238 -3.70053450714506526609
1.62570845002838471061 -1.98363865675220285567 -3.47421279794218129666
0.19878970194644463021 1.88706571929519117958 2.39134645586743754819
3.60394303059759568697 0.42713489511931523879 3.87039394816697335244
-0.64635175408490619375 -2.90280908053252861833 -2.75833639784210937762


