298
-0.03698723081929244927 -2.99610271061781974211 4.27625766779239224746
-0.16857388949234408670 -3.06840844867807494012 -2.25266861750043423385
3.79804746684978145055 -0.78485868670814085135 -0.22681532093035006170
-3.60705917404400899784 -3.35101520802950902933 3.03357208928084087773
4.42906688791225544577 -2.57791286643263362066 -3.58900320868394162588
1.10490561507443718625 -2.59305258971409724467 -0.27735028702080466445
-4.45482708287450090978 1.73499222180989587372 -0.44194015217240245619
1.95840486919599587878 -1.37793383537220393009 -0.30299771236474626335
2.15236465514855801473 -0.49434921863349678972 0.76085523127273635424
2.14738534642368428251 0.27098518503473378871 -1.20734375718311248704
-2.88368036782552783492 0.51726588030213616065 -0.79704648438288572265
-0.16850538592204689081 2.95607284956817828458 0.09598413921050674702
-2.87693919180671064950 3.79079681349283870162 2.77492645044175301194
1.08924056628886045672 -2.99567490052351637075 0.73305120615220964453
1.60278844160602940150 1.59377719465107947627 3.23832738131348296662
-4.20233306776815318528 1.09704722406043675420 3.88996974365358649806
-4.37892447471598167397 3.97022468617616208775 2.43231891156617852090
-0.83405410459429907277 4.05500353723935003103 1.91079144559437086315
-1.65718589495104939857 2.71190928375236950387 1.47958053416785695333
1.27275684254520538019 4.05116325831344514796 -4.12500985518710550082
-3.90863541518019808052 -1.67990805968371859080 1.41842653795312934051
-1.51847169851508123628 -0.37251384210288307486 -0.94876481616784547057
2.02081510516006712663 3.41494732987942217761 -4.47365239916467949399
3.50339905907414550512 3.73448758295973437527 -2.43955284476538114546
1.57949287524368120472 1.24049101655375704212 -3.42946533401413100606
0.92508027348955845781 -0.87394273948807388308 0.54667384929354945200
1.76794874129411017094 0.97183408740019228134 -2.34487225690591483129
2.22354444359635294859 1.32719301420638657873 2.36619972495504526933
3.34685954599433355128 3.01486666173867323693 0.31563674159468924074
1.64246196336314298492 -3.63817993340868595098 -0.26258522665180272782
3.80859135449534047524 3.92985212292099017617 1.09118347692597073006
-2.95422917742705504196 2.14456774341825084917 2.94598854772683882430
-3.95609447104657219185 3.26211520284446887530 -2.30300868577574791018
3.35834604474558240383 -4.39124230331937592808 4.05096066773163965280
-3.70786329006897341642 2.88804520464332892260 2.72795282445553866069
3.31344211380827502467 1.12038110293828729880 -2.04145998988321553114
-0.01664732764582677049 1.74043143010138390281 -1.81484042793127864357
-0.61312322817371756045 -3.72273181561827870567 4.51767890240409553115
0.76874421164054407285 2.27526564509376871825 -0.03016645317401955850
-3.16762138073992316478 0.82100616747995847078 0.97448842175156613621
1.02655242176808503274 1.18261519602730214018 -1.55944030196537308797
-4.37896437554234818634 -3.08196641164403972724 -4.44174082047657048378
4.18861034255587139086 1.51051042669243607008 1.40768496360311434756
-1.35117230559116219268 -0.29655146481463123820 1.68687170892691806756
0.75856485523524952441 1.56575925577514230014 0.98013646861915670883
2.44557889737656974916 -1.69065595427630421810 -1.49275784090204588495
-3.98298414268618516942 -0.90242930677663002470 -4.23685719801027449449
2.89711117488551028742 -0.69208115501158395944 0.07807200761595289862
-2.39156214123161481311 -3.78095760201647923537 2.99974274626665771137
0.31564376756632039900 4.42615686113607775809 2.91396331066227798345
4.41457328100621904099 -4.03072842141259002346 1.11631421900605420916
-0.32516494070217927259 -3.72499201971158111490 1.44122817060128127764
-0.53794611448114881824 1.20890654211296233456 1.73647315926690470889
3.35806279023140685780 1.51708334015194434841 -0.44364153179603516008
-0.45421553386335133951 -3.86677449341586054743 0.22024253589441578072
1.02931440953921171655 -2.89622214024755741946 3.48323632665151716736
1.81387130026895526669 0.43832757424436508131 2.51076098721590934559
0.21933736447940610503 -3.48952388268155244688 -1.19333734033870442204
-0.67087396628751250205 2.32899921574980162120 -3.11851121023123001308
-0.02075130921932633044 0.18351673493071096743 -3.36403251690774940386
-1.48710350673810332012 3.06525814146092034918 4.24772504332371436675
-1.12707509227300217702 -2.69214415627254011198 -4.34526656433890856590
-2.72921310237288983203 -3.90440052120994085527 2.00578481908416961232
1.61250574394087475838 -4.49911571519189301682 -2.02399252846945909567
-0.89346547558654298982 2.98149006086323442588 -2.27182031746916734960
4.04700000707871421213 0.22732992414383801361 -2.57563717939847558469
4.20220717661147613597 -1.73969296670075479483 1.75637814771178923934
3.80928301944071190377 2.94326759322971476251 -1.54701851688773128757
2.14412531081567525604 -2.98863085166779240964 4.04326201697028064785
3.23707230359757947014 2.56256101757032972444 -2.57866468831005368756
3.20509131097966193380 2.71821525568867272682 -0.61016627564165659692
-3.11724961030488856295 3.24457212962445584736 1.00506805758830797259
1.10432974417277041113 -0.90662595578711790978 -0.81552154709798507781
0.66808852958394560062 -4.23007117867946202949 -0.63109551795858287448
3.81552468025224289505 1.83902134452866405923 4.19324169758589970769
3.75217102174095540335 -3.45672957704310412907 -4.07551109113917231497
-4.37477439342786489362 -0.47072051130226011395 1.41351876558070888024
-0.60297510799002207449 3.44613210114134371764 -3.15009071727264000629
4.12983546827284353498 -1.26941063868213088739 -1.18073091103781901978
1.18760944713894023295 4.13690225034366232393 3.49896060213251036686
-3.57975221117782549385 0.28816450678577609779 -2.06958517432908095657
2.89518761563535687031 3.31812370743534668094 1.25417126972798076423
0.56836777924007098051 4.33614994558449051709 -2.19835291207653416024
3.26458655105171047239 1.84920415879522614944 3.23154246732750838333
-4.25604517298639262179 2.45954514678179236853 3.80036346712674610870
4.14597920562416089041 -2.68798682303960712048 -2.11789721586046963964
-1.64429018451881292506 4.46546960126178316131 2.60379315138309141986
2.43612883123666534857 1.96052460376346093796 -4.25881905757424128467
3.40448875452233234995 -2.57125614486186249152 1.15754993936578465252
-3.61711995299470112641 2.08519443603324372560 0.47528432337180248624
0.17493498733133083789 -1.20853256576349465945 1.39013135635704809800
3.41879188556927537945 0.34254211069472972895 0.99224837794697062776
-0.55810727389129866083 4.39362095925061080237 -0.73962379206566764012
3.60006648750653379665 -0.47521529100724002603 2.03127206253781800172
-4.20758370650159552184 3.94232203974022343829 -3.54536746978366856808
-2.11507144640274091785 0.78324776418900210473 1.03853516985933591599
-4.48678312364697617909 0.59572571594989209842 1.26308667064540980363
3.25468462458270124671 2.07308181535102864501 0.92937759264518415847
-3.45193729933974946533 2.48022550585219558883 1.60279508115744295793
4.44201587816334164671 0.96422178480775322384 2.53624960274542310401
0.38109855114963586686 -1.40437700515677210689 -2.54206816356094034148
0.35730472301216309461 0.00344296856458825573 -0.14592626047710588466
0.55109987199681498282 3.76354758477899498104 1.41472197676205624362
-4.28888781353212422687 -4.07032765752704861484 2.21084898022495313086
1.48233309510321387137 3.54675128967925612500 -0.79131044672638140014
3.05056140415377896602 -2.54715627033233493748 3.92757279584190488464
-3.06870538158586469990 1.69830058657945404121 -3.74680211916730732113
4.06443857353230253437 -1.81757202719300936522 -0.38604879039156703158
2.88071648608936659031 -1.20441814947092007415 1.49985265961020441949
2.55587423090257193081 -2.30762762806522347958 -0.15178526411129045215
3.85044334170391433503 1.13160815782654733397 -3.66969222835101227531
-0.08291589587832248753 0.80646131043675506334 0.45633648439200324987
0.80230531846075248126 2.21374161500730437524 -1.22291631363769282004
-1.65620260953688358541 1.59194157010110526329 -4.13639834122363758695
3.48331788220976346082 -4.09489374184374987919 2.15330071402069744835
1.93849563859310691782 0.41060591545844005168 0.48471089612713402772
3.80979176768024618838 4.52978094925579544139 -1.42721242724283836623
-0.14111548041148935795 2.01026219889475754599 -0.78452593647014001732
1.14073959394511614818 3.73683243741880044553 -2.83470627553406684385
2.97359905196841012298 -3.66869671427271271114 0.96795330674410973160
-3.69062699390501425256 0.30273191821005340785 2.17250121256111317081
-0.67378262014391676615 2.17734386183243611157 2.66795498551485099625
3.43879440084971665925 -0.96966812931237633677 3.03879656758436933472
0.96797783247760360581 1.89909530013401539605 -2.28619445605287019418
0.16946909485271177687 1.89065843226054486337 1.92513763355618916506
-0.92881119304796655456 -4.05955466761502847817 3.51671337196830346983
1.43291043893855007951 0.82288481278788783158 -4.42557331239386986255
0.69461639253549734008 3.05052467473311672563 -1.96353622880425637831
0.54922143176588988922 -3.93079696105447506937 -3.95927805829551626715
1.94507780021973708529 2.16580372049554537028 -0.59348056666995674391
3.40481211391808447075 -2.39395829614183819345 -1.22248942120231030017
1.36464243780364302694 2.60962756724872768643 3.64876632863429772868
1.57261047429026934452 0.44283726986462390585 1.46938377674572073772
-4.12888819944897722536 -0.32725755444687365525 -2.77479200705578410435
0.22645642478690053423 4.04246832855465054735 -3.29267666907099743057
-3.86526018679048899429 -4.21744857891434499209 -4.20613168769719081297
2.44518976859596559592 4.06113298377109632753 3.33371767110244299204
0.75552374572966840560 1.34106566208174005084 4.03135990331603633052
-3.67549459767968755841 1.68649576551827617976 -2.69126092806367100962
2.20252824128294211192 -2.75792950565225902793 1.38626614227799738188
-0.87238823785664099120 1.15378649859480120199 3.28533389013456567085
-0.21751505562629258606 0.09011578044101131724 1.37012813915289388689
2.28903314032934890321 -4.52020893042159244146 -2.96414126174311531869
2.61338143556473578855 2.84413117550048433202 -3.70257366024282497108
3.46600733306888297847 3.59481134640960942050 2.07133735744557601066
0.25068470431272693588 -4.47993007085482730645 1.85469595960978317351
-1.52761149733679735263 0.11971419066025301703 0.53466300673397260113
0.79394530542304586618 0.35729779951909446112 0.73427030211678001592
0.01937391335639215839 0.54568661856514211195 3.41213968146528490166
2.90041156426643365052 -2.71318663936066029052 2.23989136848789716083
-0.61912115174408910434 2.89675389522184456581 3.68392723051175874360
3.28558424309500463067 1.06478180109356923566 2.37501156618896036576
2.55631786851122733140 -4.12894733603051466986 -4.05887761746515174366
-0.61199593988007849887 1.31031548236875927671 -2.67876171924268779989
2.85903544490864636174 -3.26965064199801869194 -0.81130087388338267829
-4.15794034941098189506 -0.78496222532513160175 2.49365203509368704715
2.24145426032521033477 3.56709349943430975571 -2.33011651897895744057
3.88673785682675454467 -3.80331517182296341417 -0.69474455549917202291
0.63749660662745988304 -4.40704852915064471119 0.78585201396672310636
-3.11374456658653331331 -1.87157617889426486357 -1.07245799310661649173
2.32455282895608572602 3.01778254792390310257 3.44112778584214940025
-2.49441648385901126872 3.43604343786652055570 -1.84874946856413346907
3.86665305662869496217 -2.40141706274937893895 3.09414314368984655346
4.03565167565357096890 2.75579133705528533937 3.22889120658658601570
-3.55839391127229065503 -2.71192368020156004960 0.10724581923998321997
3.04233597788079457303 -1.69569091311605069095 -3.79988308888968839838
2.54130298044108204891 -2.86706027201045143826 -3.93495913569172506286
-2.99880545684915666982 -0.99491370864399231166 -1.99688300032612353618
4.00582006275317592525 -3.62296137030529141754 3.09855275444825117859
0.47052570188225306680 0.79305329431858240241 -2.72302352421782245528
-1.92128984523123058636 4.16214800420909991630 1.64198589042404563543
-3.40041960653137254056 1.98610570659657348358 4.22230969740656814082
2.21667460448330633227 -4.22636287932147602930 -0.95778576777937285414
3.73519418034834327358 0.18864345936442461493 -0.80005727316676100713
2.46744050405024584194 4.38710278612729620562 1.47615301781123431368
0.47415184233934670743 3.18071509774873373289 3.92858090298318085587
0.43844518373615049001 2.35250951347378478573 -4.40203720343360505041
-4.11167855055703768130 -1.81231150070105817562 2.73628681251214889159
-2.25510115823179546624 -4.27412984563414166672 4.09356330614128705037
-3.75814919562574401013 -0.39703371817101817953 0.41250775950980056450
0.50426567003586253435 -2.83916582572135300921 1.70759663599261113376
4.50264403635946930393 -3.93869778782567703246 -3.39923747250215946281
0.99729552180847047538 0.80944781055818104676 -0.23589230224294510663
-1.15479836028479798671 -3.27528654364589799641 -1.03737257615689193457
-3.10002988053574446425 1.02364309513036211285 3.88200251137494145581
-3.00903859048100841278 2.78666665619884579286 -0.21913190724509856722
-0.59680881795005991108 2.26003656021692567180 0.99335597829724608943
-1.78619204779599094479 -2.20503741540536424282 -1.38323557317999590310
-2.51849057401473475082 2.85646445019612915672 2.28726855612571089438
2.52337221269359268661 3.59413658302370375708 -0.29425671609549564067
-3.18481310784656468371 2.01418952012259477868 -1.42455037863199596160
3.85727395672653461389 4.43375966850600899960 2.98829122136482450145
3.08551142720100113337 -1.39581050502851722328 -0.79130869766394873466
4.01951927068091574569 2.28279572230041249981 2.20837577956989150607
2.43457810731610990729 1.10758887255409010919 -0.33936450071920098992
1.60977954523770794282 3.17555291956665541875 0.46979295186286940122
-3.68497132188764453531 2.70163998250775971854 -4.06329151675840005709
2.95836195775922750073 -3.79954758476196907679 -1.86043209925192698506
-3.78904550270534867806 1.51195712332638532160 1.61663590334432427653
2.40494789537166031579 2.42453877286652019762 2.19771791463276677803
-1.89923690621298835168 1.79454729402466650612 2.52964935187668782390
-2.62351216868603209775 2.92636294945736263884 4.23447326643282817571
1.14250791642472382392 4.16212505043128455640 2.38611305057042510924
-0.78251592526984881104 -3.00628441421324765770 2.85020771952689511153
-3.33140701664347949063 1.37661068824915044928 -0.28988490877138062274
0.40693206759796307637 2.19920231578172842291 3.12316717544079480717
4.36967597636533344740 -1.71744232498888083072 3.81346786364570800032
-4.09673369339376858278 0.49851071915260813938 -1.10355546483628597088
-0.06751351609593481129 3.01403904969734171004 -1.00227250825330038708
-2.26225876752610144393 0.94216006603889912441 3.20336562808573344086
-4.43458022559528597384 -1.81187128857992263420 -2.18920409611729294141
-0.51477622383474042067 1.66054012985800891755 -4.27985934642002341377
3.83046323844313985063 3.12001159272507155862 -4.34549001616025787342
1.96452325418623718889 2.30391004049158443223 1.13525674431664835851
-2.59134585953674978498 0.14903765932040791142 0.14389939519924155320
-3.91472007892622242409 -1.10791295901118624911 -1.34494876323155621023
-2.18693765231322290177 3.90436848136419900612 3.65893688868695132754
-0.47597338448776405073 3.39468725898256540319 2.81510812921113817708
3.46124242027570883096 3.53523475534606657078 3.25335548997413326333
-0.60198964875793015139 4.36865618072484718226 0.98038487740876600895
-1.47991173085001426202 3.57368981264501339723 3.12258874621664528348
-3.61182877108942435029 -4.07933638823392641370 -3.09892611952882779391
3.56595436832102219427 0.88107360579085280960 3.54167295647281488158
-4.26439065118360183249 -1.33398300541335412817 0.49432799509086500223
1.83898355654621070698 1.76824451552027905876 -1.70067773085765416852
0.60098103256338042399 3.31823027759287825234 2.89122082170371097476
-2.96287372669356896537 -0.80100438157304232334 -0.53151263965641781795
-0.79601328199794307849 -2.03494425684806001797 -1.16934203681265103114
-0.26911680351270916844 0.65988062075556630504 -1.75331984493092729593
1.08239329461183064751 -4.24582075009032244850 -3.05264442440635797027
2.80587906892343497134 -3.15467293013472183105 -2.78219422605782673585
2.37721117684097205114 1.04775841535751457201 3.60296406605872743256
-3.61962867269797028413 -3.07788110017342786406 -2.69505839219710718879
-0.60127926806968190476 -4.05070415401348071782 2.54298720864512173279
-2.10302597557038373211 1.49261009651403764309 -3.04170119840056463190
-0.84120517863007471249 0.66158124818920871490 -0.57275295411101501131
-1.51742810090918434085 1.52246092322461645807 0.83635927740083015891
-4.30757657610557220806 2.82717041576803485015 0.46506081411192212727
-3.81764420462743636620 2.73049292085235606464 -1.49330519863155997129
-3.51179266152583791083 0.38336017342320349854 3.24403973356288499730
1.99237049998930881856 4.48695316701765900547 4.23539333727330369328
-3.89526945052784157042 -1.69847584121746475461 -0.41406274210156990279
-3.15702022386177505453 -1.19094309211961713046 0.75411890318713226122
2.11835314890712300695 4.50394481589235962105 2.47006098115147398886
0.95382396139153335923 1.23120692795088704230 1.99097881908732698975
-2.69371633318795034029 3.22450046528861822281 -3.33772502590411157541
-2.20293487033882229298 1.15343704094378463054 0.00152672861393021719
-2.35674646840817336724 2.08265371376122754299 3.72452229607075313567
-2.57343394346064258116 -3.03083201607586527615 3.91661943166946091566
-2.02194187670979763638 2.41031884308089505708 0.51056776936990910798
1.23848667673422507818 3.01856758361612609320 -3.62294091437230347807
-1.16968236320659624283 1.95023610784081125047 3.94037005470686008124
0.61322595088457987345 -1.81288152111696465596 -1.46305289513732628137
-0.37857514832215066747 0.72186890770212741586 4.36778595583530826474
-2.33501885032994227487 0.84970765861864006041 -4.26294389842982202055
1.23154346650654655804 -3.51431994698318828085 4.49002348971172704495
2.88729512704629520670 2.06357638767058926277 -1.40353094097268238372
-3.85795431232519270282 -2.78674755510231841882 1.12243292551226581111
-1.10727623479567460762 0.78049922773671731591 -3.70295636893436519443
4.31982880453296669288 -2.91516247453898103004 2.19497392682623093663
-4.21794981999828610952 -3.87180312473819832064 -1.30727006457068251066
1.09026803686200768340 0.06606829878128994693 -1.52131677818399513313
2.98601703883998670364 0.09705768481347742949 3.11537350385982136913
1.29700838596591783158 2.73091361330037418753 2.49016752825412535088
-3.42573386531246937281 3.78532218833795663926 -4.16308457187744629380
2.28486200002587036550 -1.95560615031874140968 1.99219264484623526101
2.48025937016447795003 3.44492250266289001814 2.49874541119396997857
-1.61917896283286655290 0.34890909429263938790 -2.69956699516778764192
-0.47008405225350280432 2.76975642260345900070 -4.15985969218085838151
-2.78629874536665322893 1.85142272043218536481 1.14823323145022460068
3.94734516693560077982 2.21331360313120750760 0.23449268636203157712
-1.86060026592790261901 -1.07152831618155364168 -1.51815742986571411421
1.63737626063315477865 3.35296828231008259280 1.74483396614958952142
-1.57436973996981866009 0.81775526211202986815 4.05854556070447625160
3.04893450206110028233 3.93946597525238306758 -3.96582397656106167005
-2.52240695284624072414 1.25375042325620356110 1.95819222591409936030
-2.92625098067055722240 -0.15939396463002797333 1.59647732312350587591
-1.81793593743236669980 2.70868910218587632954 2.96443606298532014165
-4.09325338991597575955 1.09935189234200514363 0.35146467638756195839
3.76799838619813254326 -1.63927875149267832100 0.64690933377920067926
-4.38895637885780320886 -2.49149255321077101044 -1.27131820207247203669
-0.32201624952653240541 4.00128377318227546056 -4.35095985391353679006
0.93398833480833332032 -3.09181020676874585007 -2.96649416598363924180
-4.19141617771519037206 -4.35448520152254303639 3.37909570307430850988
3.43766656312600993317 -4.16874405183914564788 -3.22512036028842841162
-2.42158865048299354328 -2.09839767855230974192 3.34214323905200672016
-3.62398187329591836559 4.20574018081187883666 -2.32283468498348621978
-0.70890319011921976156 1.70945122069502186690 -0.02430239809690881714
-4.11695192767733342265 1.90331089576161005539 2.78320613058037924503
-0.34664284535459000125 -1.30182613499311727878 0.52952717907161961364
1.72536902355733179348 -0.35152839862385221181 -0.28157379736093979261
2.68635322516378582947 -3.75708303851236768978 2.98627190307136469727
-4.46465459035135125987 1.97729818343546526194 -4.26073176248059315441
0.94644194680806315034 -3.45994342098263585328 -2.03226963428225237962
-1.83601026270033695909 2.57010323437949050884 -2.85115998451934249402
-0.14800071233902301060 3.01942578426212815401 1.61796193115340347646
-0.13226284740755023250 1.72730509878914961774 3.89353969346260431195
-0.68946447987562597959 4.06172675994756016138 -2.10472649635088959741


