24
2.11751613669159688413 -3.45538137634701136847 0.55704319690195003290
-1.76847871099601938738 3.56900351279963690132 -1.27147277802198699348
-2.72621429115541857868 -1.53620270841803385764 -2.16092832502011766849
-4.23065614070483864140 0.09489748700919165003 -1.30553028388032776874
0.31960553261975110928 -0.81623963585711489799 0.01576310993411045303
1.25624105481531689321 -2.95466122828472377293 3.91881432034457777291
-0.69003109150792862891 -4.49352917754866254541 2.43581392649527916916
-4.20415493097457293459 -0.21214620065027034457 3.88981685966548429434
0.10167622229187678329 -2.24617822296414315630 3.94822946518810358185
-4.36368965966770616660 3.88114095478146392537 3.07286049600198563070
-0.27680737146197031961 0.99280368541323849030 2.45499015288897837195
4.44185168031829658020 3.42906512318742695555 0.47993345512167095990
-2.80285138004607103923 2.61749857501841187712 1.71753161193310877053
2.82844863929137435576 -2.39228686094988285404 -4.38283627855134216844
-1.19581297649713125253 -1.24996557348332615334 3.80518721052432074003
3.75166613438989227092 2.63176323743638018726 2.50256718542434519748
-0.67401717968803342984 3.02600180698807275093 -1.07202502414854139445
-1.42238921066641088586 -1.21159588609256818614 0.63842835380073292839
-1.42971662352001338547 1.46722904872195858417 1.56647360877857355632
-1.16579393383909568627 0.73572157798161086362 -2.80802317973834947296
-0.08436433855027214435 0.35360076716672672603 0.66966942894128589359
0.89838800384822636858 -0.93066859013956992897 -1.41031640100267097182
-3.57363435914875315902 -0.88727294940952372571 3.43468218563560778733
1.89096372997993800169 -4.46844326718504891716 -4.38955845732099891876


