162
-3.62097530553857627211 4.50685176476707649584 -2.73236152077360960888
-0.81299528758841033138 2.20241846607129154734 -1.89927343064144604767
-3.11469140934333843518 1.09839472237529012233 -0.98558440340281894265
0.97555358272879111325 1.62615267403698826598 -0.47823635947389586676
-3.03644101747373929001 -0.33558750300321715798 -1.90354373617077321512
-1.04245385478743290975 -2.39432198714870603240 -0.80264331215997719582
1.94349045105175566306 -0.15849397524418140648 -1.50541821298162004084
1.41779693538354134574 2.76571032884963319276 -1.90139981811627967190
-2.13201719588362426094 3.65515673801303275781 -1.89230985507753635133
-1.73438350687984055298 1.01630428826282415145 -3.64529179652457413496
-0.21274056571634147872 3.12002893026396943554 -4.53524016856360390193
-3.51023944371391483088 -2.25853287362867050092 -3.14635230207793625823
4.14329202248180639145 1.81034030595878103753 2.86336345393821023464
3.43041200262395395981 -3.74315644627175503345 -0.03095901894822983280
-3.75634000490516539728 -1.95007443467189567343 -4.42394591639374468173
-3.69431931201436203338 1.84577124591863128700 3.61987883529323095644
-2.80422834557522770993 -2.25748232810802562653 3.34525868455081987207
0.86785360428116486986 -3.48907636250976294079 -1.33629223910117156393
-0.40003626839213968225 2.80085213783456232761 0.15409940593364890304
0.31437301236727854814 -0.44184442125117495692 4.44339191656938492514
2.12071286954900006805 -1.67964990564371152715 0.36317008228217151355
1.21606372775194682134 -1.99685892249126251130 0.92718185412423537173
3.39219335177914960155 1.17754521207742435251 -3.04037337988697764501
3.36092320233457098055 1.32069086550532954760 -0.85147911248230512271
-2.42615400646805801088 4.10223866955059879302 -3.16134827308870258733
-1.32188625857766473004 2.79506822788196362950 3.99100420557012736111
1.49139238662488882170 2.64334017146640665175 -4.49278966856657646645
-1.97020547878812912757 -2.90500732382834625511 -2.63836313730904814534
-2.14379272698835299238 -2.04503035522982257177 0.60112121285714525953
-1.74673225140869003980 3.77677957928138052779 4.15037876640991409971
-1.96518279841900955773 -4.46060426796059150689 -3.91841990579066568046
0.37679814295760838405 2.31575756128481735630 -4.20987992295921653607
0.12125885991307416845 2.54612853258369664644 -2.53386962258495929134
4.22819747593617467629 -2.55293080481634593326 -0.93908777559000400359
0.12470334181936681972 1.55107205249332213981 -2.71874451956155693821
-1.84532568265200502822 -4.25773721938257398989 4.21115300668827341468
-3.15228550899693171772 -0.22411557783052771242 1.88811398561196064350
-2.20075228751349483147 0.09970900885633504629 -3.53453757572426807698
-4.39881792721008846314 3.30395641880827373171 -0.81103236421195168404
1.52119722141696112061 -2.13297726576109969443 2.51799594018110095561
-0.63690830740631731999 3.41444872316884406871 -2.49711884279281459698
4.49056224529749936636 -1.28897353813134962763 3.88475327747624188390
-4.13853540152762366944 0.75283487625142253563 3.17463673660580614211
-3.89053247974675153742 -3.31044240174266457544 -2.92500855714625851434
3.75108865484995401829 -0.96146514321245923895 -3.37161679934728342189
0.49362951608235405843 0.50535337894418486115 -4.24102439650480889100
-3.06963952279022933567 -3.14361375191415337582 -1.98577863021926770415
0.44019094608394038204 0.76560756750825742500 -1.88288165572054966290
-2.86904337993113811578 -1.45008217602870015384 -3.23302430450760036607
0.96129152961835195867 3.36565643665371627691 -2.85614666400145456038
-0.67684911324824037493 0.88901801424648496663 -3.13929341232789127503
-1.79575454077111640316 3.03628266892885623207 -2.74379776947684383970
-1.67193086230522558466 3.78978598161441393444 1.70585362058409817365
-2.93231803588375017355 1.10206094684084110469 3.98901846853333186260
0.91947628165422834456 -2.08765898329195520589 -0.77203406143349795343
-1.13751162698054741895 2.03801203222874693921 1.94392770047787522003
-2.36075388464179258818 -2.27580319344786685676 -3.96753454677470518419
3.74413059167856498988 -1.57712116696133275440 2.71853423632592683390
-3.27725282381520255370 2.98372413541918835023 3.49123157532589001306
-2.36558484824590253837 1.89852090244642912609 3.31942356156078677287
-0.82450571006082196135 4.38969215105158294676 -4.51810637047688334889
2.98885362986848335254 -1.95102905763886980139 -0.86050136861992676529
-2.09449319376079534649 -0.76300077892801532187 0.53335526914913078400
-0.43608041434001343362 -3.01847685777597130041 -1.60063327440874436647
2.43076298988147954105 2.92399110736980194503 -2.55725662695202737851
-3.70444966146983256650 0.53147414843842888388 -1.93207598376304989785
-2.16776602963933617829 2.23247514645579858694 -2.03419011533600402331
0.39255164011196796991 3.09494975385874138141 2.30540367929153955373
-4.34363272462851579547 -0.57902870317095889163 2.80499770339404808084
3.33126307043774172456 2.67626961894071246917 -1.32244206257422280970
4.46854781487537078277 2.78956638278715907120 2.58594735444225332088
-3.13152937123721120116 -0.98814186204848120099 4.34053279631846233855
2.90656097391376277983 -0.06652645019142688909 -2.63589175046968859917
3.97535069524694595344 0.57134014550657585829 -2.31342313868516358255
-2.06675983168862442696 -1.65028693180494823167 3.16247396003134628728
-2.78659141367584828330 1.44024593410769430335 -2.88670642643682162642
2.26926312931531359851 -3.25901420875866909554 -3.32863895638533335841
0.06101326516315008774 1.30993775555552804946 3.70897535821392931865
-1.12135032327019423803 2.19915553320917300795 -4.14704391634434177405
-4.02124261155917839261 2.33213653083284988554 -0.90800328997561319255
-2.48112656203399239985 -2.28152663289878709918 1.73915830702681262210
-4.32727875737809508649 -1.26438734811757225174 -3.67250296380856111611
3.13754036539713698772 -0.36821860855532762002 4.03245659148699342467
3.78077174200920662628 0.37777568887922630125 1.30160726745294841322
2.61499404601607476906 -0.74503759334681740611 -0.65931181053078757870
4.34729761770905742679 0.13079709788009719063 -1.33601840649250025450
0.64380919238525624593 -4.06334120126014308738 4.23387379338859926037
3.96387637544014648228 0.11315241938726661175 2.91217853220905720235
-3.50475617725881471998 3.67377799528523940609 -1.41959074211955904588
0.42968309913283686541 -0.14870657488414984471 1.76800369474986585061
2.32918757203992132787 4.12021909014568432639 0.79887252518402096513
-0.23805388462507615088 2.58854494002682145037 2.92444077267141899767
1.45961151350153262030 -4.16930413157076351638 -3.01122822712031368297
4.33166305774806748019 1.46912790550330285555 3.79025015251685370998
-0.44116019365759040483 4.01726341918872531522 3.56166078439321776017
-3.42472167026270390977 -3.09583617408615818789 -3.90489283250249341606
-3.07187855163110334900 2.65313006124852268641 -1.43768189856298622686
3.24028281518230532043 3.47804119144367707150 -0.07882819488893755278
-3.96247490561609438942 -2.38878898773493952845 1.93887537793347863868
-1.73575010951040553664 1.36959790557601568395 -2.21575351825184574395
-3.60257223665674519708 -0.39945111736568161831 -3.47857945394542156237
-1.92018016768505983549 1.39088058021901961325 4.25680147220620508364
2.26585775027482849708 3.14019041080554295320 -0.94527049707487798003
1.72145698740606079014 3.43214197619982908094 -3.48032501208218469912
4.03754315879845204762 -2.28092984724606351321 -3.81444409805561956972
3.11916393357809873521 -0.80636843432974902868 0.47928240682521483507
-1.65601117524346497234 -2.49925266934145851039 4.19379175248792801511
-2.97691178216310969873 0.76396876805958235934 -3.94363472589329333573
-3.01044524673995628206 0.23803982906957710242 -2.73160606509966674693
3.30806270174820493679 2.18941052623673382271 2.23914968149006288201
-0.62410164051735250723 -3.05165056219703156870 0.42030053753641549719
-1.25275059592171844614 3.53328555110521858040 -3.91632119853541649235
-4.53542638229909567116 -1.55784958005531226632 1.94353063877013809702
-1.61593850561794383225 0.52848881483325715891 3.07674561077813901733
-1.93526223056094082153 2.46729878944038460986 1.47482411564827398109
-2.28901833897342532609 1.99606470506154121125 -3.83491944057207945207
4.52848721125486353145 -1.76330831545858357501 -2.63117877299845570604
-0.38546194775620445938 0.12522420465186989702 -2.25534509373294644874
3.19108143041479763724 -1.76226674525423465667 -2.07432746606214735152
-0.67024248946887432510 -0.13173988921845669609 4.20356361466341521549
-1.13570031031580498393 -1.59123554861716343112 0.10402544666985402699
3.97822455856819789943 -2.31632188471652433748 1.11490738032701752758
-3.31018497020370094930 0.21272290077469424574 3.72624511846033268370
-1.97354292286207622098 -0.85652965346122744705 -2.18414420010258636395
-0.71410449802363151761 2.18003287630748765480 -3.01741615629911441587
-1.47819032733675115310 2.89001689516432769267 2.67810169944698106548
-2.05734111489920712401 1.46307857806192931349 1.70410055861652587339
-2.50675717283682120140 -3.40359271635083793228 -3.54037820904041344861
-0.14010424528966769486 3.09970917497054632150 -3.38863141632368725098
-2.42073884464628763524 0.09685396219572162124 -0.74209157167284711676
-4.21107401971048478373 -0.08003689453741813509 4.24810663532508581142
-4.08007216072258493966 1.62794935331535661760 -1.72700532317063659704
3.86648027352635192955 -0.84655085973093591178 -1.35031897400905087636
4.18359311852861193159 1.49128036984229783712 1.37826919818601290046
-3.21345005955203211201 -0.87535846355248292383 3.23869068614260235961
-1.83704173954510618927 0.29178471484516332879 -2.54950098051856555159
-1.09480991170155173009 1.64033333499159095226 3.34985289035517563860
2.35088951691777392483 -3.52437492820886077993 4.48597389506944477233
-0.98610960287125903889 1.02267153445784142463 -4.43417721248510421361
3.72636323780582667808 1.97296882337294832155 -2.44311827748271070959
1.51079801958654780236 1.74507913594966623805 3.97670699182094811164
3.00927714237008281373 -0.51650070869774022952 2.47258878801231940514
3.38796234616534075457 4.51305436021484762676 -1.01117476896972480205
-4.24119181854418236810 -0.69530170021513804102 -2.17547770528996453621
-4.10109734774558898351 -0.69807303694115674375 1.64959481782516981241
-4.25834406294515055436 1.12279163449472996206 -2.81725494777122253964
-1.37702319842137921313 -0.99363424635351194070 -3.75356020116058441971
2.17736791570322463230 -0.54388668523166749935 1.23194754272350337487
0.32165750562125872136 -0.35959517902901882991 -3.23810187535098270573
3.35570944308839180792 -2.66000387683900862967 -1.79004577813228671346
2.15531816913793417001 -3.48395807922837263959 -0.25768318490938657561
-1.93215793424026793801 0.44693260823256153458 0.27152460254315258226
3.60569384554998872972 2.38375754420976004866 -3.65407156163325241849
1.08422478394591959017 3.75034048118253959814 3.08461570464429168936
-3.16466466100567966890 -1.44758451569930723934 1.59596584388476081529
0.29377442746431992049 0.52561768541119047171 3.03418924547826929228
1.12807245394394684013 1.58271257834533329856 -3.32581804896106980607
3.96027151750163763921 0.51246395607259742633 -0.40175644539823540669
2.66171963761453422848 -1.49063359655666705095 3.70205971919758969335
-2.03136762529092695928 -0.29236098570558510801 4.46599566663646374565
-2.89696259861350524645 -4.21453855417035061492 -1.89145112231364809219
-0.03700245697334203498 -1.90579087797698898399 0.60213951744992666448


