226
1.80144165794542399084 -1.00343424054888386010 0.06625427587979970667
3.85739143259984285095 -0.55895645696625884113 1.10430895037889431620
-0.49654492895779078765 -1.63233936315824390562 3.21791123884915819531
0.68245566265082313606 -4.15481605159020173090 0.75267542222493410975
1.99721298676697411878 1.52838679792469900320 -0.52269299050515716232
1.54853221638439286778 -2.67926691467045241524 3.33958122292738490700
2.17007170980523422799 -4.00794486449476039525 3.78382548856705991369
-0.45342660148287539101 -4.44301781512855598066 0.06626732732036622053
-0.86469077827214579912 1.46205561494344404849 3.80311603167654066482
-2.19818182539138762266 -1.69109927160607931285 -1.21542266643710838991
2.48463594151123068343 -2.58847592545434679323 0.13454308544905568823
-3.78630167529501582280 -0.11789859507984523646 -0.04219802135519934438
1.93089052033667929464 1.44547562778018612306 -1.67260330781780286458
-2.95149272421168751279 2.13885855801718793856 4.50048981978984397045
-2.49853349957413728433 2.88845426917676295631 0.04810900224521308388
3.03786295884726875727 -0.23384382106847390048 -0.49782707480319654536
3.23615477569386111867 0.87232765922208521658 -1.82060718163459345220
0.70551901209464151776 -0.38918252000785802380 1.54106762274069364338
-3.19848834476865961918 -2.33561906861903789689 0.39042229673636441589
2.33330003191475032764 -3.26314955714641330431 -4.20942986164213817091
-0.50100145629362646815 -3.41397987828862037318 0.42167247703097743283
-0.87651167673084717791 -3.14541970788070424092 -2.11117458393470069922
-3.77120976121355644395 3.99040555161084053992 -0.85020881684340476880
4.24754768489270428944 -0.68100603041413165784 -2.42493992894633114688
1.51294301474723091872 4.21398957356791381557 2.52513542786532507733
0.08370832988716347955 -3.34629255433573957745 -2.87481257755304886459
1.39697215729737500567 -3.19681445398858032902 0.06211870427728971578
3.15817398869216159341 0.14359931028273287268 3.00600025409504123530
-0.71036820996512428650 -0.89395709517826427160 4.34155134547755050534
-1.14605892804890174830 2.78541485205045979967 3.15361558329368296683
1.34987619894322907754 -1.91846710481239712820 1.25323335419207015917
-4.06727503375278587328 -0.22303786773144285149 1.02113542030831982999
1.54508210056252703879 -1.79682684644847912026 -1.65861793587562722507
-1.83705035600223975933 4.50380955191983023411 -3.65799248055464776286
2.24549551906481514862 -1.72310025804974031871 2.86227922921649113874
-2.12318872255179691422 1.52580496747068039554 4.14533461223419319452
0.36600817387443207451 -3.24674236218455902758 2.84721892478555371753
-3.66778612617434296439 -3.53303924328393215148 -1.63965160256731534716
-0.21097032608354382432 -0.06356765060433033909 -1.24667081541561719504
3.40268956272674483188 3.23866912119503247425 -3.41044644269439611861
0.20097803152351900735 -2.03420483129650930820 1.08435147429261302676
3.62175034886623858910 -2.78633171495390508099 3.83817234266892182148
-2.30382746748366340483 2.31097177399100228712 -1.68524172136653316301
-2.04492850354696420467 -4.43984941876955652162 4.05840801072502355140
-1.53284873585785241801 2.34427922797780485809 -3.99308128209692192456
-1.90709665773613767925 -0.71103185358546161510 -3.48999503222089302312
-2.89696426498679837636 0.50461019847899457602 1.01055967390582157606
1.00038966017905561756 2.54934587324919181839 -3.00930476264973023603
4.09585663576138880870 -4.27865574722595809476 2.82658977301020808426
3.01641967514420894503 2.59737020936490825562 1.31253735078665734193
0.99010039909292402172 1.05240937832995040679 3.32743229327537370921
-3.05929307083076729157 2.49931228129103732982 3.56278396225598203984
1.02000347419502457313 0.23178817566702836217 2.60091713006180746959
2.05724724762596267169 0.15039830132614628866 1.54212312930309014547
-1.58018083192037961382 -3.85142944461927916322 0.23951799942036178237
4.19962564864450538238 -3.15251363355335678662 2.88604637245652728694
-0.55226259525343346368 0.05204928578237932868 3.65377129098407227303
1.19193854015482791908 3.70529221323466284588 -2.95024576108695990584
2.95845922352474932637 0.73560588606993793093 -3.06844507326005233594
0.21712368500853429509 3.39365361667024156844 2.29521095642365491329
3.15783844132037216923 1.96879373428249326849 0.29917385706195087636
0.49033583601323371681 0.88877719529614296334 -0.92601346124775885116
3.29640041682324103078 -3.05166643448111774006 -2.36834120227456246255
1.35396148471207578012 3.25444092511412375046 1.51677189727188821422
0.08175060124984234733 -4.05078711434834026761 1.84397056674555326339
0.10045597713709053522 -3.17371929466706381717 -1.56798877717711304669
0.41705592614593545164 -0.65819894477181684067 3.67845395188684687326
-4.30037940056140399747 3.57274052808546738191 -2.02687080535905117529
-3.69449250860220024251 -3.63075910109149013749 4.51161758380250699219
-1.47693130767479896548 -2.41354277787591087190 2.93311551769672540502
-1.44841969421475713631 -4.04992317447683802811 -0.73894954107269228416
-3.65968056436770883266 -1.95544437853254660098 -4.39078610027559701479
2.61783853530718868541 1.84724369723512182873 -4.13864107813734172225
-3.24128818837047560919 1.34046694058066950817 1.58251335294959627475
0.32591815167341842141 1.78155207384580371865 -4.35773599172550873959
-3.83090364649466996738 3.28602602990753211998 3.52588058757687772271
-4.00844012482364586702 4.36069949313017257708 0.25285809015548466050
1.07097381710441830194 0.20363366777387437168 4.02962173993600369926
-3.04787237896243556889 -4.35329519926476304903 3.19183998174501848411
-2.06016430726927524120 4.32870781394898873629 1.08859050303082405264
-2.55439845654870767433 -0.28388074548595731983 -1.17917864373132985634
-2.31658116518637058334 -1.47861540757749665431 -4.12543462155793339008
-0.02751238158634894404 -0.08317533467159243799 2.52551514788163000702
3.22494423891070436383 -4.34058480097588006430 -0.00393001417204175141
-2.73919768130669183392 3.87127834402712966977 -0.12182784988850858809
-1.03586412372155756145 3.59334417761552149528 -1.49355032558140710108
0.31093860145489227165 3.84339386681826677972 1.21667845134025665033
4.27341879566490856490 4.00043202490893623491 3.80644991576530866695
-1.98848129125692141272 0.60514668960159667677 -4.11887993069122693157
4.36829701609855991506 -0.15403094949312290396 4.25052628601147919341
-2.49976468409460617082 3.67432938201625791663 -3.39903687307320723221
-3.38573661391216118588 -3.35158666585135245342 2.94122490013906556783
0.08914657308664786228 -3.29524052177904103189 4.02873634979633710174
-1.37671079256561457171 1.22052586568825649493 -3.25729781583423338986
3.94573874939479818380 0.17848207294807227896 0.07362623504529608454
0.85501185552752634322 -2.93940805872860533299 1.17676531643252069159
-2.99068170989338577570 -4.23744549907446899084 0.50744767794694300989
-3.99203568701774358374 -2.94862275175787580395 -2.70508583072486441523
2.06024168606455670982 -2.37200403474654564207 -2.70247834978832024433
-2.05782642347705513330 -0.60715286740845542113 4.26899082433305476769
1.43102962786758425295 2.33382607946892850492 -1.07407796119445153593
3.79156641682779937952 -0.70877162995545983648 -3.96491645871171716209
-0.95900912309882624385 -3.51094445962157841734 1.40413941351729043561
2.26570568507634728661 3.95406844367621435055 -0.58186661428363306570
4.21815731158300888382 -0.50526115290730366780 2.72228740851358441688
2.82572355474489889104 1.30490452192083150607 3.27368887372313022155
1.47663480460290319485 -4.22733253258476615599 -3.71434933097206965158
-4.03632426293444090959 -1.21960829551089577905 -0.42051691299734716978
2.88202904970326923006 4.52107747783335423009 4.51844023182264376004
2.90952781582918529324 2.31774275214577851756 -0.86497246576473463264
4.42529276303641250223 -2.94760173579022755064 -0.45265292340851637221
1.22993840355072325821 3.67290714462095646553 0.44228746924829653864
-3.31858853581368018482 0.91970133714820168080 -4.29331108335101330198
4.22187954020505440411 -3.65396753075686087087 -2.69803626720913181103
3.97777967188887071615 0.94528736372253785447 3.43806940312154285522
1.36180735489771276292 -3.15645649036807052212 2.14304373818410187624
-4.47965778687615312492 -2.83892138291319406918 -1.74612488220169659314
4.11913658250565628549 -1.97111551209033786236 -0.37516205174458505667
1.54884602152687556043 0.05925941530790268530 -2.86852118722181392840
1.69826722496095872117 -0.96332360012079565337 1.19066144201407642100
-1.61933247418711623311 0.11732083871427612110 -2.84831483793204531807
-2.72602090323262791216 1.73812629679202768074 -2.51509326727052284767
-1.42029427856190570978 -4.00381143186492050035 2.42218866635776297613
-0.31355421145229911417 -2.55552011954391256054 -3.87935184355165318948
-1.50933202354154838432 -2.42322266912899753066 -4.44614194958125441559
2.12239370128294080331 4.24669589118571355613 -3.07254619583880250744
4.06241786426271911381 3.71724949500422763293 2.17206830734431655117
3.83845342445112347463 2.92617533289375675309 2.99435979088049908370
0.40944707688422443681 -2.24748095259219171638 3.06655375023538834256
3.71136831576760339857 -0.91135382804210207652 -1.11868787794402191338
-3.96246990427740453100 2.53456088555168612686 0.98962944225571103374
-0.95080793571821109467 -1.98121228805783511362 -1.39223112387632941278
-2.49948827932543471420 3.25004140235962335481 1.24398594468134238156
3.71313013953131676459 -3.25958794969196219427 -1.22483103448401120517
1.46669348004884270154 -3.94990505708237904514 -2.38798374909966026891
2.06433158710061714913 1.09265460128682700969 3.97899154077126038231
-4.00721468590770779628 -0.99889057176099838031 -1.87627714319807603616
-1.79621251153156880065 3.59771865066717833059 2.88898286975411711097
-2.37553317049417422879 -4.38797860089721414312 2.23302558497519054725
2.20808216899232068187 -0.58513255001344433026 2.84029895851656188910
-2.57544541316382025187 3.45981762362804445843 3.54743128626345072263
-1.50397448552512269515 2.15753362694471384486 -2.34411447539103390270
-2.59913371722145347675 -2.44727282481451346996 -4.27058659546809060714
3.53894592240409178174 -2.12139385367681976291 -3.11946719591755616818
-2.67200814180351509108 -3.04529587675447865891 3.61555796905795379104
4.47779298656599689110 -0.39310316467191519507 -1.27742998134525231890
-0.87751231555649678029 1.24729131354659994457 -4.28413563066499136767
2.64374349402080177640 -0.46807433025849931596 -3.55248155332921511373
-2.04917179083830180986 -2.82505927406716894623 -1.59641780777531661073
2.56670173059959250139 3.43949887860349345914 3.44033516062387256795
2.90872836919891675223 0.71784151353778646865 0.01445189749934261414
1.58702795148768505129 -4.08749547505278343351 -0.57546649481314826602
3.39760068842054074878 -2.04567446417460407915 2.96343575801275793680
3.80271210295834105608 1.07108198902399198715 0.58642957658847638669
-1.25558647457426797445 -1.99185614855866610640 2.03248711191539221943
-1.67543276516697048351 1.87026675360222327527 -0.83056223710365717494
-1.50492916981237634388 3.55038658226470449364 4.25677459503361088622
1.55896450954282617118 -0.86205864493063888432 -1.06074894608307612742
2.17036533144688892349 3.08876245551710670867 -1.57673806761891643902
-3.27993010616848978955 1.61412590555547907911 -0.99923323533530794549
-4.43854529365762928705 1.15782494238015853938 1.32951645058739753580
0.15805839116368147756 1.94734841701138083891 -1.15912494187001069434
-2.10005565408137284678 1.55911362597798852647 0.12142449845421410259
-0.74341874671315855139 -1.44870431004863942093 -3.73815640842008134470
2.34432088881021094551 2.07253725448586489932 2.13715930011862997873
-3.09565767023371485323 3.03482212082821867227 2.06876766436494463619
1.21888339609602702751 -2.21054189967850156506 0.24490928748761575662
-0.57171500626755289431 3.50921259349255709736 -4.04894092058921817312
-0.48813299442630153635 1.87429159035277148604 -2.10657707460099752339
3.67904600716605134636 4.24270762537424683813 -2.73451158924835624475
0.19451918604266627000 -4.19530331461540928473 -4.08154491043330214239
3.38995359222363568108 2.67274552368098650135 -4.39858818244411420295
0.69772541585348690774 -1.33390671173267705285 2.24219163225800510730
-0.01309681850062460740 -1.50152066589585420076 -0.55640226244215629237
3.03983342772038778179 0.84507400672011367959 1.20343943357443361464
-4.28057041358217205129 2.27112701749822143427 3.31435324765655714430
-3.11587782240348953877 0.50395542419651118138 -1.03085527654937170183
0.49871391489943661668 -2.10942688428955849034 -3.35961110794925010836
2.34459003381318353831 -3.77108189890161815683 0.29890168940468697656
-0.24213748937376777803 2.08321859310644796892 2.97926177022784077764
0.51967399325043750480 2.61435817440163642544 1.76101830164151262892
1.69947136019992584011 1.19261841873138418890 -3.42316384986313604344
1.69025520113252536447 2.76310287654936193036 0.07950076958074792088
2.62934370448978604884 -3.89129285192029561458 -2.68555666505282308876
-2.38190564558450823540 1.06176147833561262956 -0.86922566972798076534
-2.55330439304021350466 0.43796705235557364944 0.03299576083572741680
3.40783252890083421249 1.25364685195807545881 2.00289891753706061905
0.37838896386963405405 -0.12065630088863610325 -3.51855994282265882589
-3.83162539823887726698 -2.92420034654423321996 3.75011540240632168519
-1.35615686983678651600 -0.51704008259567491024 3.13937946880140206218
3.79567759458041198428 1.92658742485086698082 2.79715752667022332645
-2.21934216124043759422 -1.77560094533644230452 3.74134550570926815993
4.06286181977006233268 -3.69327749770409852204 1.94073153337991755052
-2.03409829687720566938 2.43340732866115327937 3.64162041367670408221
-3.77868561205330699693 3.91440269629480308566 4.32527757695102277324
-0.61543893389565251795 4.13250856456717041709 -3.09126058612135246051
-3.01126245270875170235 -2.50390888098150998786 -2.20921404131486021072
2.11721448762019637257 -3.05597955964833323250 -1.85374342497544253305
-2.24570186243692804240 3.93450746139649165656 -2.27797356728237909707
-4.35647582789538123649 -1.74836514078076143974 -1.26235254238591387832
-1.20448855870439075488 -3.41104095466456191943 4.43931925899645829503
-0.58849649066579834411 -3.51423778105111361825 -3.70644272143748354509
2.42366453566345096959 3.59424090982001853689 -4.39846476479948567118
1.12350511328056956728 -2.91642984995148379923 -4.38709029327378807750
-0.89443103099104082077 3.24372400393591142631 -0.24507459578371193487
-0.69666041250399235452 4.46557428428893299355 -4.29333726241677915425
0.95090800532120312027 -2.96736764134168717888 -0.78856303411866957020
3.25966413349863870508 -1.93314615691780611328 -1.94832730989192270954
3.21409757216594638152 -3.77405766670101261440 3.12516487312256519004
0.03836343493870586485 -4.08158103989142606594 -0.77438069169646039924
1.40481239424794956960 -1.51636348556756628270 3.36611201897712586373
-0.74332860426454105962 -2.97065536971517873965 -0.85486064208705991874
1.38232973695142913328 1.66464800981365979027 -2.60766990039590984551
-3.00596305356297621714 -4.00326004167041826776 -2.70769886304258688980
3.12240419751507136681 -0.34957951769175910073 1.96060949375659276939
2.88100764469361347864 -4.25237176627909896354 -1.23467868074069109241
-2.38778514745335490588 3.50845170891418067782 -1.05309638616933876065
-0.04292976292470118693 0.69324660333892929032 4.40282385002146714470
-2.84657860555358110943 -4.46894701939268923496 -4.00047294842882017463
2.54461182965325960481 3.18241462977020450609 0.39830112923917937451
2.90207543451777461030 -2.30047725619826914922 -4.16631650469049041874
0.88527841937686080342 2.62177502447962496035 -1.87761214656767272402
3.97861297158818683073 -4.01264757114754466727 -1.74968693812406339561
-3.77342753107438966254 1.09587509016503048542 -2.82678095219958969153
2.20993132984201512414 -3.18193762147711023403 1.28059666774953129220
0.44186935612064814904 1.01780010247718966099 -3.23842106269722806999


