404
0.30947442040979211697 -1.40432271747211290247 -2.67680845736799044587
2.43564903605642602002 2.48733902405031859217 -4.14274872971432728264
2.50426064662212954914 -2.36303727594914780852 -3.67755791437910639630
4.14401366265120696397 1.33989759085303461461 2.25015946443389669440
0.10001004102856825284 -3.01997843326400916553 3.46133454762815517824
-4.11376441730806874375 0.83916063305831922747 1.57005162619977500782
2.90248052000720324628 -3.49313700006200056336 -1.86748583605816875775
-1.44728477688483314623 3.78918346027963703904 -4.31118098744296140978
-1.82090454397697865119 2.08026272345629248406 3.83134731581998888572
1.59954184815413835707 1.72995509894833787712 -4.31675705737122239469
-2.54199609176137464317 4.10703998431939876212 3.77869066215156390598
2.40169443459375564487 0.93893152113591238361 3.77906590291197641562
-2.22425876879393191743 3.16867487164722749782 2.94015797311341131604
0.69623470846846480242 -0.92379742608632398060 1.13544003471897081425
-1.30108798738916542348 3.14542711640815131346 3.46636289577887790614
-2.25733358518893423295 -2.90992908044246245680 -1.92719344870935493930
0.66591999164277471124 -0.89456787235125201363 -4.47780096315713826982
2.73945282945696888532 -3.12292900452865662686 0.86838608898758806731
0.79827692735318844797 3.48675130941793920414 3.28483706980502443429
-1.69917592528191718770 0.91748623242336435624 -0.01668845697977072717
0.19278192289251183666 2.16810595375172265875 2.03806251376072911086
1.72005617818600331503 2.60708147867950401633 -1.90811172579368859559
-2.66687125338164054966 2.82468199037427769582 -3.24637420006636157055
3.00795705103529087410 -0.22051178074501098791 0.53579559541088794816
3.26153302497871688814 4.37459528122926766258 4.17954313709604630134
-0.46362438470843958527 4.08643845089061397147 -4.26973750584241340533
-0.00023177817191566419 -2.54824274158107666466 1.01820632189972837267
-3.58786554102952193190 -4.36904747865523201966 2.71153691306654032189
4.19764427439631315764 2.69348685100569618101 0.32894067014639993829
-0.99201997505211325645 -0.45133056783563230141 3.67209754907348706610
4.10349212210732527950 -1.00921110844416705987 3.16040369075073090954
-2.62025072807430747801 1.46644553565197544032 -1.67685959753740876366
2.76822582508510528498 1.39307584374021686813 -2.46726123561088916958
-2.94058199361108396630 -0.23843891581934073542 1.14164631618404399660
-2.66623272611827299983 -2.38790238005186727932 -4.27025281534079947932
2.45721457870234072374 2.24412874889202296202 0.75619028575023694572
0.24543309189523565550 -2.44489394688143946155 -1.54141761109055819290
3.92371549162166832758 1.60915393465406353357 0.26344481562610955194
-0.35180704381743144182 -2.89463481456561844141 -0.60177300564120006499
-4.30816128721479163488 2.77339378564926786197 -2.51228944963139566582
-1.73579037495499655108 -1.76612578182297452756 -1.67780530721505138914
-2.42661970365885526491 2.75409788167355973343 -0.97865324114960028368
1.68191544355952693479 -0.12541364715192759860 -3.86268364503242533914
4.18274966960549843265 -3.80705190891158640198 -2.57320282358374452514
2.42229819583395045157 4.46473414019898751093 -1.66059813565786695833
-3.76547789515736219812 -0.01308456381916300870 3.34993037474553556621
0.86852401978014270867 1.41217026476127482937 2.62876218165871300414
2.01051973503745085026 -1.00535436332789940295 3.09845469955962293795
2.96102085773689172044 -3.35914320889731188302 1.82114713193751232012
-3.73419362778364494204 4.33263997338824946581 0.37702260969932499535
-2.53313747492508323234 -3.72744839295465180129 -2.70231811304350211245
3.03928624847404282860 1.55437040135755566439 -4.38070822260319925334
-2.25739525275126640125 -3.84378428966826923840 4.12118069553940014060
-0.89906762872319134772 3.18650642757493418600 -0.42055462534458598611
-0.18892115593029945586 -3.91457642436382924345 1.06609355445333520152
1.54441642889703700803 -1.77751369839420858554 1.25738644426540613352
1.61785589864225709533 1.54626822874947134068 -1.55949097707134631818
1.69497587289300621904 -2.68806283005408630515 -3.11122870678462692950
-0.13379467099116570949 2.53809915780405059849 -2.33384565981684533043
2.36150909254200502829 0.73106223854041374466 -1.25987083040266778511
-1.37222082691210367500 -0.88243005524595252709 -1.08771721374428365081
-2.93783345861624667350 3.93017200593376170303 2.71748651706276955764
0.75369550697891973812 2.38310248552616155138 -4.04414127856863725441
3.77537239371870025906 -4.49132990159614742254 3.30130399800362184237
4.17667430281130958036 3.70458675085833899487 0.60870515858760310124
-3.62782781770751316941 3.73938251474287053355 -4.30669320864465987597
-1.82607638795282589683 -1.59667134046071179654 4.51503048693938691116
1.70316055107013308856 -1.44976746501318132232 -4.04387263297496613035
-2.46179866515289491602 -1.24702859219974193650 -2.27578485997614876624
-3.59873319049444440054 1.21328217069293753383 3.53107452688302902999
2.91835874355759283816 4.23016728575196676587 2.47725469224120598000
-0.65055448111992042470 1.42772955897897002586 -0.55685225008155381232
1.21666664809320934637 -3.17328698540627218705 -1.77173015047255066889
1.98854103472694898613 -4.45025493361073198884 3.23990010822461815820
-2.80044140073207126207 4.52213162949889291298 -4.21760262948874764533
-3.27125835595601399675 -1.63680161404813651060 -3.37125135444699397524
4.49304095153770699511 4.10230613166311197659 2.78420743012120208704
-1.41968102308790999899 -0.35244326503848721899 2.53490389467614463115
-3.01362392662741740423 0.98118673050525018198 -3.76214682369012320962
-2.41547570531246647008 -3.19386932499265130403 3.29156100993899247698
0.90928613916750400392 -1.93373598159491955073 -3.45739687327638822723
0.50670803099224048793 3.04750908867612224640 -1.17135244282768180568
-2.80373899574532536860 -1.98741701988363317355 -1.70484851870629672277
3.88431842522615067281 -0.32446346403646320056 -0.21686561686276295546
3.56713276680071889047 3.15016670890052719045 1.87576717714044693963
-4.15831523069621589173 1.63601572655536298129 -4.50298956959936536038
-1.06746046434433994321 3.04149854272978714675 -3.70920766296684556451
1.15751859711206872561 0.88942595071217578351 -2.31911773506739171680
-0.97780202009427563681 -4.31759578332288551650 -1.22615209586233264716
-1.24982630767439584218 0.25483630236820964399 -1.15249691613284799274
-2.61399793781906941703 -4.11620458191760985045 2.97404528221855901648
3.28662251532357263528 -2.59319505524593330037 -2.53084182096330145839
-4.11883286176662366529 2.06437421450229852127 2.25008481939234616931
-3.07503349378253476587 4.06839004721268171494 1.46158347622179984882
3.44441253110389933312 4.07639810001032909526 -2.55340217803040392397
1.79222128360520116530 -0.61245524379060967135 0.52249448817505239617
-2.10803686643199883477 1.55637583810768465042 -4.05110409542001548289
-0.34665899595998350691 -2.98985406486616334121 1.95903830583171423285
-0.96819252105525333008 -2.19778168101868542905 -4.13692103886857243111
-4.16019103081844754399 -0.62382152067212448543 2.28695840633139635401
-4.03289545294716234025 -3.82801306231142213221 4.29855225514627736771
1.81769353085565388284 1.74490731543333410514 3.73704668966157083076
3.60362524234151582192 -1.51004721933190300120 0.04196474784084713860
-0.27791515437565639246 3.62348189954433141935 -1.08954954131467030010
2.29787862934529929504 -4.31512654214809465714 1.60637858354853957366
-1.08353383283022886019 2.23060406369270491922 3.01329930308325444344
-0.73445882839457121705 -2.54949335977936408781 -1.75913873612025861704
2.83303023980646973001 -0.96417518794894219170 -1.55630119805656530474
2.84677224321808619578 0.30162526728961402966 -4.53165279363650341793
3.41406833299708889484 0.97578306764322331190 3.32997178668791971035
3.18103021742694824781 3.27922729221277897693 0.63668875078681708146
-0.99788601972070090085 2.58879245235278521164 -1.24346799331962909463
2.06687494839133378832 0.99774768854578255173 2.10467745945288076115
4.30738762817250009363 -2.20782468086896210835 -3.44264471600315191679
3.06262155558472048966 1.31101783594349541318 0.74643538384889929205
-1.10939850173766529906 0.14017753541127309092 1.16350131241586396413
1.50769011541991737602 -2.51016963910825818829 3.99657844718958354946
2.28308382258394981790 -2.04730880957280758636 1.92798010738778113904
-1.13224216135808264383 3.44572581521965926044 1.39256108172464365680
3.71137581838801455802 1.79848438308201519220 -2.97685076744808485572
-3.65095747166492001767 -3.50941071891142319927 0.02132544403032277103
-1.16596909978353213688 2.69757868810625023315 -2.66829605393879409903
3.40596245693323407266 0.18912785608666471404 -3.45155044960419266076
-4.49044518708251594319 4.12185837328269411017 -2.97310006120607628333
1.10986268766011253462 -2.11077002922648748751 -2.20876187371619581157
0.77446879752267339114 -1.92522899639750066925 0.66971095827906079734
4.30709101492770596309 0.38171611293108043128 3.53971522157186324620
-3.23331476099184644823 3.31854576703268744353 0.19113594709351211520
-0.79864672294599436952 -3.77978415596465655568 -0.14002055673803237568
-3.09191690642324124028 2.11021650885258171826 -0.48913845754780993502
-2.09250388539486564810 -1.30996358219084019225 -0.44893865784949049669
-2.61021419406408394792 -1.07039933058695035939 -1.30024890983584340276
-1.89062755770587731519 3.65949245215063800885 -0.92503154913872931431
3.82037320238078859092 0.84393890342417243744 1.22568233510969637479
-3.52199948865022882671 2.45979369371531308985 -1.34743708796047956255
0.07279342175832059780 -0.80631446178074250852 3.51060912340593223036
-2.81368744750772803442 -2.58035474528266206562 -3.10686169947761081644
-4.19489192419615353202 -2.98708896591335237858 -3.06685588625444749411
2.10717503644728232359 -1.58450056539705963488 4.04372215548161317855
1.65470650932053420235 -2.96552559224778766733 1.31761993191570692119
-3.21565142088217736926 -2.40990117515215862554 0.13492250327204757809
0.91795698107378242980 -4.03049934896952066765 1.48979407347834236219
-0.01140726709864292587 3.19119018221247063849 0.13825231228237999659
4.52149731944572064180 1.74231138004865204749 1.12322894953244745153
-3.89356646721295263092 1.31617654225165292559 -1.62038581533205450214
-1.72390467185113172022 -3.05910450643808129456 -3.74842206374812692005
-1.28083339006772867208 1.92980783022647361946 -3.53119209912835918530
-2.93592737041483209381 2.16660020791873275670 2.75271430542216233306
2.20942473512753156939 -2.36004731089909602915 -2.08154823470475891511
-3.12064390859655826915 4.40043599557433662284 -1.91208967504120197489
3.69030804460293548885 -2.29286899270338695445 -4.42766251077467831720
-3.45702679565466075573 0.78935832639782077536 0.72074727076678257731
-2.15173447917493065873 -3.98747522379679120164 2.05787822591185598498
1.41654431461542529291 2.19167237890640631548 0.23663411259797406672
2.80021676064172542198 -2.24004776225169965898 -0.50541661896406253618
4.53557161963216426415 0.73406391326600584080 0.45071009690418861737
3.61434706571634745131 -2.57839188655129936123 0.08796230025109341710
-4.30132188785058833247 -1.60396760629720969149 -1.48740005448846268621
-2.74418911615989857822 3.42193327185041074046 -1.99491543008487282052
-2.83253662851677612267 -3.16929452356503604804 2.28648387465883384806
1.63997229103400510297 2.87656230683565627970 -3.61950246478513903980
1.41452842266472078592 3.08003967764582764488 -0.25925933006331547404
-1.40512009958073802451 4.39018544679899758165 1.76585812106170259028
2.80828800841329861981 2.09654822820459596500 3.71840223310438755533
4.50025930972419185849 -3.39098148906497209865 0.82161100718006530030
4.18109654884605941305 0.59183559515553962882 -1.08204280623124038385
1.61590494607256207615 -4.03561210289558314201 0.03967407731560079753
0.02817357743471404774 4.44907241444952905596 -3.07878996212449251857
4.48065400265697899584 -2.47376246481045436454 -1.92984464296591351484
3.32583668223647865858 -3.08494317071743928693 -3.55516528036403878232
2.72764526428165687832 -2.38576981854808201078 3.89126775689207082820
1.92033258052936961491 1.86008425522112741390 -3.11518237387112950643
2.74521927608833582468 3.47909205081419248273 -3.06023031064016937108
-2.85912288532209046821 0.82274083375909068394 -0.83113556206692917883
-4.44743511576649819261 -0.40455428321673991832 -4.35623673201395611443
-3.67564410135002583857 -1.39128330443151604356 -4.35912277845406137544
3.85410517803540297876 3.51617470618981631247 3.32989324921931828527
0.71885288273392689007 4.53312691998551553496 -2.41778676204315745579
0.19470990330842141702 3.87797864007516590590 2.41130386785427042184
-3.55208959871466412039 -1.10296974842985706644 -0.61518755974749739224
-2.45997943337761126870 2.82836261339308592255 3.84608138191002968398
-3.80051099462192043532 -0.88577918591776638735 -1.95921109166162032977
-3.17393269024490853880 -1.04934523317088146399 0.35846070763080373212
2.73952582551404599798 3.26892469254015960445 2.93072840852558957891
4.28312248848586474281 0.89022675847878840472 -3.53395380465299746575
-2.15754276634172503790 3.76754908098737129052 0.93061829283256614076
-3.34170434353602230360 -2.91483880701795650126 -1.34423943644955690147
-1.15121399823587999833 4.04156857154212989514 -3.25576304325436316489
0.97324811806380395751 3.35677312514247905284 0.82696015913978104805
1.94513333202963867308 0.10911551013767795126 -2.84274249731528794172
-4.36277766601401317814 2.91955700041670773714 3.10404998487170047383
3.44795296601960732374 2.97531933267059667259 -0.44577521173206768879
-3.48595676062032966414 -2.45975413493942873799 4.15458860969444554456
-1.41316386198213139735 0.31985241795537078247 4.30696224193486099097
0.82334919066402267873 -0.65352298803579289554 0.03570642126502843183
3.34326238768155192815 -2.62395827793650093795 -1.44596773143992329835
2.74967013137622462438 -0.85465516876450786654 2.26901302249784286857
-1.77250206557343847891 -4.08272186683722537737 -0.04598394987378995324
3.61801510411353088870 -4.08203882941143625374 -1.30606994985439284207
-3.28869221637424002935 3.16282504542830444905 2.11635728415195156771
3.52223244242858246622 0.69155304172958675935 -0.30938723553926461562
-3.85485846863771852711 -1.31582440671688383205 3.02650480791715548179
1.00363165852850944049 -3.65857880034953941717 3.62841773078562201960
3.55938356832279279018 2.15841493869963851893 1.41772944317644711276
1.03967868602443935799 -3.39239421240086702625 -3.68519896692362669555
2.17218294621416507795 0.83285935272641253846 -3.94316208421889236035
-1.00671784896774596518 1.33459257063807879007 2.03795947334868454703
2.74624284910413773986 3.45759634754314237881 -1.10680495357890329444
1.69763397023447559775 3.16586905779787475268 3.14861190277811431315
-1.47186002326229914416 -3.37783390605844502375 -1.57691066775438004655
-3.99449687089948213270 3.05987617214258467158 -0.58303178752273776553
0.94529932005645456172 0.61811065506154161397 -4.00653045256341044933
0.55680991779973165734 -3.50637766066171652213 -0.94652740974914539862
3.10096614520158997408 -1.07863074540635928145 3.66855030860513675606
-2.20863478294785453571 1.18009278380540916231 3.54114353779059687355
0.32824737989542995820 -1.99672149491271433419 3.81180819597997366799
1.06173163729945585487 2.69582920237624446003 1.69244577840406495994
4.03391345667853595813 -2.98853125199350477814 2.53287969781487820597
0.72110302625704658652 -4.36965530019491232849 -3.95915224713112312571
-0.97183873514630914059 0.53020671766307714279 3.14749726523679917989
-1.00559801873997223254 2.54390669110972922340 0.78630660088363146798
-0.50641442829348282118 -4.13892919275010662261 3.65322453469253627389
-2.29377588806284560263 0.12550445529385267918 -1.71306885346397042014
-2.60168235965644623064 4.53033009165043676347 0.23012261871140005098
-1.13417526222825149063 -3.52449069809340320703 -2.77720196146149422844
-0.43234038447696576668 1.80332428269186895164 -4.25156711590955804780
3.61702609794819718303 2.05765486616333959091 2.84822189349585652707
4.19512898552509749805 2.34043877885680995377 -0.90489128357944892400
3.04320885059162904440 3.11915125507893442602 4.09184726942060894572
-4.27326026952166060369 -1.56350347543845646925 -2.76526737126485810947
-2.92092132907649615348 -1.86650989651264520575 2.73762644547343736434
-4.41827771862281259985 -3.98276207174610785700 -3.72811761805400720959
-2.70000807166739820175 0.98893626030777603830 2.02107678307766480685
0.03299728979524907402 -3.73449310362860886769 -1.95440881675668132189
-3.65927313606877246954 2.40819885654760934557 1.16945017360203795675
-2.15421046128039295198 1.10560923733506388800 -3.01089373520373149162
-4.21249507430185055057 -1.23716753273399771018 1.11616503286222989999
-1.54233073334096504325 -4.00738479889615994978 2.97588973408461754389
-1.77918886929396347085 -4.25407468193337479079 -4.03039825528847206471
0.85826398330508801848 2.25993192824445809919 -2.91303962991373355251
-1.50463315237092132293 2.48399135185831365646 1.85040612652412228556
3.79555585727219035874 -1.42610005530657257822 -1.81336638164509977855
-0.29307868121885238821 2.90869734181072203683 -4.50672036129520581227
1.30465705396005304806 3.74877122681717178665 1.74190801875856493552
-1.79178571845776390958 -1.36401171894937833784 2.08963229028065899939
-2.73694557249718162240 0.60106730097664673451 4.18255130543712727587
4.37790694886960363164 2.78997515840133125664 1.43042080937275084551
3.81639730981200830939 4.05207596043011530895 -0.63354703696854830497
-3.84965082530731672605 -0.66308020466255079839 -3.01892606566131904700
-0.93386403943745666112 -0.71990354275348389379 1.66459287609217465587
-0.30390927392096145354 3.65244001792360872827 3.76798904309497739717
-2.17407346090271325068 -4.03643104304775679481 -1.18009343614446082782
4.25403794109132871171 -1.97110041615660680492 2.45064963780451172681
-3.55467551764189204633 0.23606494080497064658 2.31272974667819841699
2.94825333029360248105 -0.79635243608473516019 -0.39660749219791480158
4.47960190205405606179 1.49399330730596968664 3.24012447017973581609
4.47229646017796778068 -2.92528429955778834781 -4.49170751346052199438
3.21162737964820355074 -3.70653969026069285420 4.14571654586921578556
-1.57158059817146789072 3.84028993589740519354 -2.00760152937795988137
-0.68553215612288109782 0.00373782276718692685 -2.50460026351778752840
-3.89641984061539004003 1.59208134853789307073 0.25633262293289948985
0.45499501346754289699 0.26016816029803813137 3.42107681445820954735
-4.28986616819942767620 1.62768372257511817480 -2.91990108800131142885
-4.12078114901509984236 -0.34256421744133103147 -1.07203431420748795944
-3.49967711775840895072 -2.39870843243599685124 -2.37274737775541399998
-3.11834133287933568113 3.87432463235910073962 -3.25462136597713369568
-1.75962192026677843870 2.55027104651533864654 -4.24340081625656662112
2.62281581558931353726 1.53168690803888463137 2.85696502768015925255
-1.28177882888639027570 -1.95150154371061557157 -3.00609937367832724675
-3.32206046316926473239 0.30903427649313286452 -1.74351359383937332126
4.47230778410823770486 -1.95427712754116189586 3.74489800612974566008
3.85917792225746136836 1.81131651176719454810 4.11856551485419952741
4.42091814636251267956 0.09761058521998577930 -1.95348057231826199853
0.37464379896230859401 2.15648585103152345965 -0.30135604835063922735
-4.08225120133535934741 3.92096690487155452587 3.62754583867861146729
3.58816884394474033826 -0.20259785094539051187 4.06816400437106917565
2.67765395137663908542 3.88960012559022860756 1.42316452551957528527
1.61831644770334381889 -3.40394484588159995653 2.67406512765334003490
-2.10112854292711670467 3.77395376184235420425 -3.44146974731728905184
3.14247529948661341592 -0.00631947688901224325 -1.23592429664409042545
-3.35393190568227428372 -4.22740132472874652336 3.72841780380550691376
2.99324377113578510290 1.52599608559280497388 1.94414563075124569025
3.33920857524625613877 -2.15186766866338441417 1.63847443570184303496
2.10350334687922657650 3.54303281201546038659 -2.25560620137991740819
3.63189255216737461041 2.99626072444825908292 -1.44392714765124052789
2.38646734844381658291 1.93773919531076010969 -0.29357013934408371369
2.61825034069417927896 0.33843008928723694595 2.99596426581961239322
-1.20559318800168036034 1.31596219703309902371 0.91448052683967251397
0.13625121805497109051 2.07563264316110984709 -1.37456477523011555419
1.57932177392126593674 -1.90524832276131395048 -0.17335745371483746169
-0.18949414527098351613 2.24337999431066403844 3.53237896599630207817
1.43352522768143320064 0.25737219076590189815 -0.66382949881915598311
-1.92836161778216297336 -0.67857804664438692299 1.15977189783766387876
-3.02559999769789333968 -0.72842569079965668877 3.89714807780060024101
-3.30414214984997967051 -3.82950278752645401070 1.63308599922152719586
1.14487500554180154921 -1.24637350481494602050 3.77699343016853372745
-4.34583390510974698628 -1.01013881450804898776 0.00171897323998049245
-4.14972153189138559526 -0.12990673948091746581 0.82668008873389364766
0.65594244924755873427 -3.03367342435766884634 2.38611592599818589377
3.80006384930378349196 -0.99657666889560658774 2.12244199644502984370
1.84864043567677693858 -0.28097416783344986158 -1.79098572624693730404
-0.12131749568522387506 2.25622726538352313952 -3.36060671177257175302
1.32300242508475562886 -0.79849679193263867205 -2.81129992120178373582
4.51035557055548519401 -3.84660083129854291073 2.80868246005356070327
3.68384987936385766005 -4.48136881987407065253 1.68684905257866812889
-2.08976857269527194205 -0.95926001183115916504 3.40267445610029906078
4.13494863310477089868 -3.08187468381316076460 3.52911754260515220238
-4.09522914704275819986 -2.86283062604742699619 1.87665656245360512600
-3.87806283015228325795 -2.38239213396385984822 -3.90589129779725841018
-2.54566117484097365065 2.32759137531259074905 1.69622501094674849043
-3.96232076325513826731 -2.38310458518481516066 0.86521671429474444892
0.62259394476533191920 -3.01074169375359890211 -2.63982544601199942136
3.47105825227908493247 -0.35071722347064504532 2.91541376813012664826
2.94813891664823568561 -0.24560613448172130546 -2.26738317563034730284
3.11901070918474143667 -3.65855845968185100503 2.84909624682760309611
0.95602770391254487947 1.33303762982024043282 -0.73314064356605346262
-0.13312575110965596537 2.86076273562812843920 1.33927000825282416230
-0.44038030158953667126 0.35893690772226705121 2.08506466321883099369
-3.13249823975331631587 1.83236373369838911884 -2.81406943509451235030
-3.88968077626655928114 3.78372684810780146591 -1.49844960257567372253
1.99381066002962281658 3.05967626650835011759 1.17658801776927912641
-3.91784973881406139995 0.71448267473168769470 -4.50886551340313435077
3.37445945829881832623 -0.93997407919510633789 -3.83999962766380953383
-3.07121555136419432941 -0.85111662280001310066 2.36414823860033340708
4.23020776630656580863 1.73107160987677755060 -1.86383421620651912320
1.50341472725987390646 0.75067558773331821698 3.14099742599562059553
-1.75475705221518651911 0.71395964182563442790 2.08924165579497156386
3.37122727327963911392 1.13587703281535201683 -1.40025169760041556799
-4.16000722724495197724 -2.59750814905744231709 -0.61036718096431119562
-0.15327706178711864027 -1.76992810176437709302 -0.74215429146584055431
-3.10220552648472569501 -0.08637877449206055047 -4.13917492617398874444
-1.69268945560406347539 -2.19749302366411702891 3.16924753358566579919
1.00360882985388588651 -0.84564341979997692533 2.92609772111226806857
-0.46604748070499013579 0.38848065634437833893 -0.40145155898934081762
-2.63634955128597159302 -0.02765753901949352667 2.90950531473766815793
-1.47433759505791961431 -0.70070306414601146727 -2.10634193570890548841
-1.32506713395501263264 4.25587529573508671632 3.78735405101503541658
0.47830112435444327446 1.32429409589526780877 0.51567579582383338277
-3.87403945729232157547 0.48608394764501738905 -0.59102519019237265141
0.86279421955385249277 3.49602861271140330501 -2.13370067572740040873
1.76796007780755193295 0.63797128193092511594 0.25429945405616027898
-1.75096929768056197574 -0.18740504828317572361 -0.25067356361824000288
1.41616155491050754733 -2.17018822963593827069 2.89466140505331193111
-0.70800454864080819561 -1.29170912238463087007 2.85878963815879227894
-0.32984448865844040455 4.39364938312226893657 0.03406099860557532111
-0.34016443451866518188 -1.27610203428128077263 0.21367710797242711607
4.09780877109914154488 -3.24780156979711254195 -0.83101200520766438373
0.21369354289235698019 -3.67762626048874885498 0.06523697218323043501
-2.24194395765386378372 -2.19702557299284650938 2.07194140060200826525
-0.18199666246982193485 -1.49700148714436753750 1.39538691105007384152
-0.23068010808486594243 -3.53329814209736481345 -3.78388637478957035043
0.09347801432265878674 -1.94448082706076963433 -4.25307384380384068123
0.85130753525954716565 2.51773801719697321033 2.90189870651144055103
0.66562081089040070481 0.83044724443878958908 1.30993523718266935418
4.03485617074748059707 3.64392766179932703352 -4.46531974034451106803
0.08300022414066621224 -0.60799522135845318616 2.14144249670813824338
-2.12706095133686368115 0.71685802370719198251 0.93292864690351073875
-2.23100721372667987197 -0.87707334295256345058 -3.91236243267901118159
-0.08519784566773047629 -2.43656091614392877887 -3.28277028211370147659
0.51068871869031529087 3.49959358470745218739 -4.10180218255681783290
-3.39735117361474125985 -3.70083833680745488692 -3.95964774242315797892
0.13856761249370741496 -1.91326231692676618223 2.56217578881786867129
-4.24844739385644754037 -4.24799530636284394802 1.81745218480751091761
-2.85432683804831421881 0.15762678713910016626 0.05018037794320662215
-0.28476053101588405525 1.24728880924756158066 -2.05464249097118267784
3.97113959800652605026 -1.18640892506978623544 4.37997262082458060917
-0.53722046887471197607 4.09799521860163107334 -2.07786687790131585629
-0.89251442106052669700 1.26899134977218341902 -2.87776474566661555343
-2.13638302455934470103 3.40074253900006073792 1.92857255741018551731
-0.87492814619489367445 -3.91626296250902905527 -4.44942385311063404174
-3.39107300068930861414 0.33966028396201952688 -3.06050765370267496834
-4.31133911390650936823 2.80830384496332019495 -3.89095719690899644050
-2.43919493698152800576 3.54617948281299089075 -4.41812107771333817396
-1.95945528418459913311 -1.68812612744465839754 0.71621724532944952557
-2.59040945860538229795 2.05940054043718845378 0.64718009809025645040
3.20544668363110840659 0.30412930205301158537 2.00855256177294183573
3.21916557815441617407 -3.62217880120292079482 -0.49857738409497809329
2.65469389265183064452 -2.51717134299261724451 2.82023582748219059368
-1.28124684225576057628 -2.98693841403464555029 2.52584658238820569665
-0.35648266032944686543 1.64785996192045747222 1.32616202622874190808
1.35946933124864077769 0.11406710910015327443 4.09266872021037375617
-2.95054959463676436116 -2.24987579675402438184 1.30965350805472535711
1.87253014478443802204 -1.68950294794250321928 -2.81093290507029047731
-0.98589135111047054849 -2.07153884546649225129 1.94342103179724379203
3.96482271611287107049 -2.06343770658819458674 -0.86240066194554909629
2.13559149126214808945 -0.31432998537136036532 1.58917470413922412575
2.54041208987484434800 -0.72188401184703998581 -4.45782385238533063188
3.94656428631020173015 0.78173502408062756075 4.47864469322383040861
0.67793404859122841088 3.99154190297057187564 -0.58113173477148594159
1.12057320397225890218 0.21304279224498134937 2.13324333305142044281
3.39184465870729656700 -1.53154529171641939911 -2.89495890065057359664
4.01096340334918632919 -0.70601969039948331286 -2.53503596639069339602
-0.27878751158295766999 0.54270525665081947864 -3.58926395598165060008
-0.63150112256990853510 -3.18674699245414494442 0.57309965793584360938
-3.29447444416299894954 2.62102517323892048040 -4.39428884780599826598
-1.30052607723215585267 -3.18595638007001147329 3.92017388124273669092
-1.40751173659084294343 1.47456237812587254155 -1.89114688521882445826
2.40669787730425621675 -0.93785609701634831126 -3.44086531919687121928
-2.66344610879328236308 -1.80152136638296678228 3.86725269893549050693
2.05030248561728090095 -3.36865503213835371099 3.62054163224122138587
-1.66051157684899086675 0.19609172519701711934 -3.17329001537208421624
-0.79500860189369948472 -0.48551402842435464891 -4.00076666211605136425
4.24468676186577820175 0.33089734644584023471 2.46161619909719409094
-2.97558685885749385491 -3.21204552835143308798 0.79461702424606084350


