303
-0.20816980490351166821 -3.40585340464222552370 -1.31451576668855496521
-1.03142351372243012975 -0.93805692027503839725 -4.17768019942527324417
0.70316950558839153018 -0.71882381042773424440 -3.35026629874116865793
3.41341369302877861713 -2.27602955899673453644 3.74358223589201433157
1.45412421354587451106 -1.54297934267207281778 3.00784494328584006695
-1.28027305288198167688 1.72201882092406322045 0.68125712625853296345
-1.80994179431698354321 3.31401606652681479659 -0.73297517322889893521
3.15717309131695511581 -1.78394161754703706180 2.11432450313721886914
0.29831735420716842810 2.79647467892378998044 1.11075532808535992757
-3.69266069557679088575 1.40070223697103735105 0.00484243851141918924
3.80016254172604828199 4.30098580834347199442 -2.33734171778184540713
4.22222901747997969579 1.01264474110373026150 4.40769317133741989068
-1.33046735464451248987 -1.92148941838326692277 -4.28826551279222201174
-1.74372008665232902658 1.50684684773027921523 -1.81832477506578715776
3.06058193110270337911 -2.69637621081298961556 -3.92264078426344786621
-4.31166847420797694213 -0.95888921829433471089 -4.06919419298340478974
3.10228585416123348040 -1.79530594229443529741 0.96469911897348126217
2.28198512248181462070 3.36191401275556511763 0.95826697073266497995
-0.21517105506417699701 -0.41089014796405809449 -2.54260613094407350587
3.35964488925282012133 -0.36461789747402129080 0.79693715944824106145
-0.21541503315452104061 -4.09648590305583226723 2.74217480249157929961
-3.28452088480613690891 2.10998077515720350306 -3.76811508449116416841
-2.58942143861810736283 -0.43543975184015870639 3.50447206414731926571
-2.77590092730822801670 -0.78369954874934943945 0.79047340811439337216
1.85912559450894132596 1.69019500352297757928 -3.96635140015766785027
0.18921270908420861900 -3.69141077524737371007 4.25738549563339052639
-3.50718523747923383027 -2.64985164493090064042 -4.14327268718945962434
-4.38519954634291408979 0.24727845353493460578 -3.22525417232478339713
0.61044397292029017876 -2.85544731663396911259 -2.96447576830286507743
1.95546732487692498381 0.64638040983703870523 -2.24577873817270567969
4.47522290512610521063 2.60820959577391775497 -2.08651707189858370839
-2.12400687922330577706 1.11529531052140473690 -4.20454198008690127608
4.42318097049396552478 -4.19203220499103856866 2.69582664898697998979
-4.35256047981624405452 -0.05108255766074520920 2.74245902397705965114
2.53870169603310547046 -1.29634617747630631612 -4.26954220679816032202
-3.44015641055888199418 1.39304905033710202389 1.16560496016973313971
2.56577098040533879697 -2.49562563841250018015 1.66137667713404457714
4.50113734371097518050 1.30726129338088270515 0.71766031880228897677
2.40743766429066852197 -3.48236021884044255614 4.48228798790689975107
3.81684668782521629993 -2.92903535627735411850 -2.71322412982480409838
-4.29304309471923151165 -3.33232293480203267677 4.25726286871766657072
-4.14189742228929169698 4.31829932221508006052 0.76971238590910662225
2.78774393082966032154 -2.40488944595539688720 -2.86222159231752693032
1.05469980406693508712 -0.84046603122087981674 -0.49165440367996549043
-4.22294180376750194483 -1.94684633300896470232 3.12826202424480204201
1.31537360346969567360 -2.81975536971789164653 -1.32297958634943313427
-0.49146765543604065130 0.73565520856123178817 -4.09287397052312851287
-1.14011500970922341480 0.71066130200206156786 -3.27592398818413554906
4.07160168310273729020 -3.44378958632121312533 -3.98005512204747180505
-0.68260269695589492756 1.08870700918265939094 -1.92338688527729795297
-0.46173203024377684756 -0.53468016685303343394 3.12740870040490914761
-0.11627016538120216183 0.02302479734640439091 -1.51628134280160331571
0.38273901674660315564 -1.37390621500251297604 -1.43842995203588408515
2.89888119662850929359 0.32672300646189711415 -1.60784026199268925694
4.49429625586712244711 -1.07663829802803334701 -3.04858325168060684263
3.46363799947302108961 2.02861589318346791089 1.22341783529292236210
3.41995832231865648509 -0.84032250208268211011 -2.83742992275627070597
-3.11422677726075347593 1.00649218594011902184 3.07184901508422303351
-1.99871325120874310244 -3.77816817830660589550 -1.32255717407818007558
0.59149126552364617027 1.97259304811919289335 -1.89568656148105452175
1.14764899830243383150 -1.45043435993454972177 -4.17626867918088695575
-2.59898379035964977035 -2.52230709907087380373 -0.02997919895768053067
-4.46235375479753582084 -3.39081718364710882341 -0.88967188865623025862
2.20304065132912629821 4.24076690124084176858 -0.27922193854646515376
-3.81763469904827923429 -4.21913875095299495399 -0.23616989179543779187
0.45777105353001257271 2.58324621177663527050 -0.14375787271745021911
-2.96057084447710128217 2.49397077729558791503 4.25331739822247545391
-2.02861890141283751632 -0.01708005017478697596 -2.92638098191000661785
-0.22673626597066132149 2.91874268049955709614 4.23216765876982758954
-4.29739321466738566357 2.98491444678279371772 4.38944321123360747805
2.17913470704978085024 -0.20142891027660514425 0.24484139668546323065
0.45390280832168361513 1.55909174449081611158 1.30146811637658910144
4.00823146347536596323 -1.44257136878069625041 3.93400592380861002795
-1.73091364118655377524 -3.60742976293544215238 -0.17983565084106967191
3.39255515666860407720 -2.35350556686983480859 -1.72537790939862523132
4.04736556452335438649 2.67707713022295301641 -3.87465078624939840424
3.64060304901791464971 -0.68998867170440458807 -4.19242290973145337318
2.41827680027040425870 -2.39755726694724380366 -0.10774937720359023530
0.50272824779821156937 -0.16819212917370229832 -4.52565683420027387029
3.99685620373225969360 -0.83946095666810816027 2.95867322505505558894
-3.45285878548089630868 3.07596565208519034940 0.83229378306997503500
-4.09447521942291725594 0.97729392227928180148 -0.72797197337940389161
-0.05347808932521580516 2.96738528380504629212 -1.29224361173926460822
2.49429298312759595291 -0.83060839467738034614 3.62586389152277543957
-2.49455172667577462775 2.66265687000201722867 -3.48291708921235887431
1.09306023991392908812 0.75872891466134184668 3.24899274235940627165
0.96114103891707092231 3.20126673543925388543 -2.17062128724580638561
0.16992233713692250774 3.68217919110835989471 0.51418768133723080638
-0.19994947538782170682 0.60790495532144372959 -2.82000245608217348092
2.79800408729077343395 2.41168623736796483570 -0.01483812836147002656
1.01696582516340594537 -2.92893782273165692587 -0.04845977233892817537
3.28941370485399353640 1.40177449241819562786 4.25477524057638500921
0.48680134077971182194 -1.63143887795860909051 -2.69607835231998516079
4.27014656474727072322 -3.47385705732136429447 -1.89500057873791583063
2.52598076096435253390 -0.03005594513803533374 1.50892029898391921705
0.74026060420613770674 -0.45095282357194399481 3.39004221299264241196
-0.70004442649142095689 3.22432940436416526353 -2.60035270987557121103
-3.53686496155301455246 -2.52035857600593615757 0.73035429184225808541
-2.80884957158147141598 0.10846962047897434900 -0.98823941638942924826
-1.07774091750629441577 1.78434868579165328839 -2.62398542213526964062
-0.44257228177783858314 3.89339471362826028411 2.84779734863752764795
3.22752191381084863053 1.61971369072516768739 -2.15476291899873251268
-4.05157274680544521317 1.35787422269044721901 2.46632052931022194286
-3.48869004384223702075 -2.38884034289180036126 3.89879669807867212938
-3.82760343540028369347 2.98891378684367392538 -3.54828843890208078804
-4.24706706774405873261 0.20559972688054184431 1.09176873128636842125
3.57998131075631231823 4.50694495763810376587 0.53769471370833699098
-0.04959566820174021728 -2.26011196128209368439 -3.57541633966061001004
-3.95991921396024437740 -0.49923039336868324511 -1.59537141563170692393
4.11733956171724191364 -2.00193236907053151441 -3.66319251192528216876
-3.88129749380201527487 -3.63668525557257593661 3.05435939969267256089
3.87110338579713353369 -3.71976080853544566196 3.76855628127345010370
3.26258318801035240853 3.79261091753897527923 -3.35715642604229147494
1.60876085997685702722 -1.29362309435450750783 -3.20777200619998925646
1.57878607937032455766 0.33358704117761828201 2.39446056739023926951
0.34353089302275563455 0.99210041408399973761 0.41753700359544776433
1.83381066971784800756 -1.39085457045329796699 2.07715025276891562811
-4.48749447803422629732 3.67650305456256720760 -3.90021006348143739473
-3.13414553381693705703 -3.81177037824191655702 4.07682551315612062837
0.98238119409225532763 1.94476498485295490326 -0.90249136105900173987
1.88513914254369208123 4.11965844836563288567 -1.83347515757183820995
-4.37966525370794901306 -2.47054414881176054308 -0.37068829254031854248
2.55833454212421784746 -0.30619583699501795593 -2.45496880052481891710
4.26361119260316723256 0.41627779021250699287 0.08586074932284226691
4.49104514652577346823 -1.64049610194655626216 0.26167246001998911709
-2.55243464860328295174 3.46455396746261268248 -2.53634127591737623675
-0.71292003956103444651 3.37064057712901021802 1.79597594582193398338
0.40594349776143356934 1.02847188310367609887 -1.24804121488279839980
-2.07950858335129273868 2.90933625215436375555 0.78482750537456347217
-3.00992483882401362649 2.09322341415580748247 -0.12679246525832699177
2.46853774520625979250 3.13284274313935462430 -3.00460809175319232267
-2.88808171033983818177 1.11679618090280374787 -0.78071815344547701443
0.38139802493061747413 0.53101585089827008090 1.29082851391915642836
2.09167333320832238286 -2.32378676662228977889 -3.67888597614096468646
-3.41550409609881988615 1.34132391481129698008 4.37665061472863126113
-0.45816802894334429652 4.48578150609736692189 -4.17636343921563124582
-3.26381829016239510821 3.30798746616734806736 3.37535339679430101967
1.42925370782479266296 1.96619719251573155105 0.06571054759582040106
3.54100074546550924737 1.52660494642767208262 -0.24890030151566300276
4.13942299598939467131 3.80891369300191318104 1.25672919707294017400
3.93092381445304805965 -1.87249219700405689082 -2.55527275052907310027
-1.92559601854055539860 -1.51588907399921524188 2.70086439791208388073
0.20289619862199170797 -1.87654692994206229173 4.18648665676637588007
-0.87697537630715061141 1.95905124616260639669 -4.47824329607525584152
4.43023224715407426544 -2.69300265119497472810 3.51262566954138844011
0.24364348357471410367 -2.53868018323135524739 0.57032561315634122678
-2.17642507457661116277 -0.95386335992659354588 -4.47010390654137435007
4.00397600418423049717 -1.59479591237146722804 -1.13305771838527524764
0.79611701816400781695 -3.70719367383437825580 -1.47138904589952712598
-0.15738304469728703339 -4.45578270452636004961 -2.24568789386014078246
0.34303545041904648372 -3.04398742703049229874 1.56964391200867492415
4.39034236082718809513 2.08212186020818368348 -0.62078466560939427055
-2.49847651388000135952 2.02647425777243128664 1.55139369259963011416
-1.19880218078461275866 0.51745101471773491397 -0.69484276008834289229
4.36567372734451719651 -2.56211178115422066881 0.85421684684856469261
3.29119270143845010779 4.41722388559729051138 1.74339308374339907459
-3.87963348925589501803 3.30516192347822634900 -0.79852466093577501027
-2.35823003247478535371 4.43442994702037207588 -3.23135356956409358631
2.20156653822275405474 1.20392503424686037050 4.21215173121053165772
-4.38612850727610048551 -2.30145672753327756865 -1.79570520944127753893
-0.64880409092092072854 2.43803384130282640996 -3.58908914075614049466
-4.34388747631034011221 3.07271136890978713296 1.90637407769449396255
-2.49052826496710544291 -3.53770100193520464771 -3.57825556033220992802
-0.00073602513843606943 1.37658222065771695952 4.34548979372748700456
-2.65627185924359654479 3.70037545873813566999 -1.30485723171702439060
-2.00976901262800744519 2.82492187425744756268 4.49997911110731418916
0.17593760475981845559 0.36556363203620811930 2.57776415441694783937
-0.75145551050237280322 -1.75046451285956639055 3.64229065715426170158
3.67160094333285069723 -1.06126818235738884511 -0.14698625709995205568
-1.75844941551261868540 4.25677512511621980451 -2.05270798415974997653
-2.84665977476852338768 0.45797092708648712289 -2.06668589619958442682
-4.16003355448793410432 1.99868316097972620327 -4.31094825630326639043
2.53515181279019774507 -1.31934556901143462682 -0.17047392481487921856
-3.94262010636336368563 0.55777110618203451509 -2.06870605557776299221
1.52274389023209710814 0.13135968373640594109 -3.90294865001983337649
1.22039197959036460617 0.00517209230985304913 -2.82069463746189885711
-3.17736151407540434732 0.02959626401743520319 4.18934224127398646687
-3.46212292721714387511 -0.05157202265597948809 -0.15542077518623909071
0.97620315372495358730 2.81557356914222811639 -3.45864114712116332839
-2.34978531559894276981 4.21761435712053600611 -0.36234197422239144970
3.40821756649955354135 -2.99343583479913455392 1.93025762556889812771
1.11791043547816748571 3.25053125161644196339 0.40974971635268886416
3.38953783519147666681 -2.94075474964132288491 0.61149128116922479848
3.24025145769610212199 -0.08521529556696538776 3.84979873657874716031
-2.05922501917870626187 3.59690979278083933224 2.52729492798953803145
0.27824141586739958854 -2.63092278559520353909 -0.56456018142182529118
3.50865222453179637085 2.42872967989739940720 -1.19870834526571057310
-3.63124291115535946517 3.60794603875737163179 -1.81261752968419465049
3.90286281773967136388 0.68675967489431055668 -2.06285951353419028109
2.74058158732487822107 0.39333134767852317992 -4.42527462423026918259
-1.30333269040556087859 3.44085886316530231710 -3.60603026746111421375
4.18058513529069752934 2.15761514133133225357 1.93028977578070648491
1.23389343748051949490 -0.73293782189767053836 -2.06024796126260723028
3.52663507766054262760 0.34682806388111409035 -3.67109012403853940398
1.90569202458619013640 -1.04819372556559153864 -1.18681237779879067418
2.97719487248034564431 -1.54188999015470340481 -1.13811205120218428277
-3.50589001135731281877 -2.03444785078204359863 -1.25184511370951323528
4.28784335476284450550 1.10359445809021128326 1.80141838354247685317
-0.44938789289445235653 1.29629859943555647561 3.34833253761216109723
-1.74056689821867660584 -0.30996457827674106511 0.10348970586336392330
-0.47834814189706076348 2.59257681610742984901 3.33450110399160681851
-0.68225973226001190852 0.52801942150103453599 0.36445818891252290683
-3.12754571675416670473 3.32180886994454205308 -4.18990319807138877906
-1.68954447844810573542 4.48923564458744817074 -4.04597783729118631868
-2.61013709236735236274 4.10825190513068161380 3.49621958576519897832
4.48350000656424452217 -4.39082996223651722545 -1.15726478065408677764
4.50373351108731956316 -4.15320411773359410290 -2.99392776947391370257
1.79693864423671545438 2.83312878052443206656 -0.35301995927433793554
1.19734970533363682677 0.75686431034114942662 4.29827834394217500602
-0.48616866526887125843 -2.82726755770750104446 3.90293086831962821037
-1.86133825418248743944 1.79904844192659130186 -0.27399665734772149506
2.23420497970163811630 -3.44375571808776292926 1.25120223752737924627
0.70127614856412545663 1.94811499552106592859 3.54108128205672922917
-3.76159786003757767858 -2.12976261037237879492 2.13515940303311335668
2.46203437808011482701 -3.41049601632682453101 -2.38561363011885729790
-2.37150233739044447034 -4.23648986870386323744 1.14421162611771354278
2.82417508682047202484 0.33225097327370622935 2.56468300351628375466
-1.70422912385106961608 2.79002092867570006263 -2.40890472408342271038
-3.47507202142667015465 2.30599393617896364361 -1.08437932146737603389
-2.26778711279985412119 2.70757894903431850508 -1.52267146480304127465
-2.89528726669630653845 -4.40052846465519831298 -4.21888040731979341302
2.47134516004992210725 3.51506543204857724305 2.50180730597169631579
-4.34257896162163170573 2.32752815415324576520 -2.99566890579283962026
-3.89533293741869401927 4.33545616041719039657 4.52363974869504037457
1.96492993629740020367 0.83228576648070085042 -1.08622609918823576081
2.15720518881463796390 -4.42059295406890129243 2.91318066428984678851
-2.76390944538737981517 -3.80398431335123587971 2.85616317587375956322
2.89531398456554445175 0.62117759589435372902 -0.60108511381064744228
-1.89736357105188702121 -2.84679883510804065949 4.04218209845358078525
1.96137743346220805307 2.08773112761348844657 -2.23621182255471540046
-0.56239210979702614068 -0.10089446873948748618 -3.51221530913004453822
2.60932326450447416022 1.68063001153669233645 -0.91549459709629532611
-2.37319483916404072588 0.58042362136014258311 3.87400962525565528694
3.42327660184175641689 0.65376853675865564952 0.56758386261241344783
0.70412898705177173753 0.63810291710699118539 -3.73381817729696230401
-4.38415496626494505250 -1.00309365184720089559 -0.45487246313125773156
0.69520721849226863043 -3.96587331657573605170 3.32813211766245142798
3.56220289644361809422 -0.15981988933529311936 2.02400530992615124148
2.05834088588932484498 0.35219659298222438792 3.60334125822397854932
1.09175706491527879649 3.51730529230207000779 -0.96818221303071494432
3.44772855690175372700 -0.21710314296293020675 -0.79033847518325917036
0.97798391295088826780 0.51984933199036564844 -1.95751088973407583183
1.25243692835073794356 -3.75312201459289918049 2.28212030822132039276
2.36934650122593737365 2.53652743095427002373 2.12135053245972660108
-1.46921805249338799371 4.30205344754304253030 3.06113153631530021670
-0.77567639439086155662 -0.51407596700607260942 0.87471125509837310830
1.18984942832236928467 0.21121182777979630174 0.57654120560656885175
-3.83160047277506876640 -3.46787839403769249103 -3.37512799920573458579
-0.53568313434232361914 1.35543315948829068418 -0.68839660817781744839
-1.27619733459337281190 -3.90840534688380847328 1.84218916920117958824
-3.08281832635255348407 -2.88816300848780915800 -2.56275644037527650099
1.20902911092808196258 -0.65768429508724368660 1.81321560418879812460
-2.66142910225174711414 3.11336430981354705949 -0.23343151603879164213
2.19110851533166606231 -2.28249820460384311716 -1.21933640277814525632
2.29634521627916932118 -0.10707442389373156288 -0.81655904467614970343
-0.73349458721091265190 1.44725433223599342369 2.00686847911530286126
4.23438297883634806595 -3.73473457072940240309 1.34291717028911961052
-3.59373771337271152859 4.25129785816591532210 -3.22151247346826785645
2.83495755024110263065 1.16115295759393699626 1.85808698131325389369
1.80767166528891909394 -0.43360126816463928634 2.99999121838611326751
-2.18952396621122646891 1.72831029919893897073 -3.04294256948494856729
-1.64039163074056926206 2.49342298410418994337 3.41360921527309724155
-1.59074628188649391802 3.91155745946572164229 4.04112495249019421095
0.32096309281877744013 2.24250800204716060904 -4.21585648362962128743
2.94721159272819122066 2.55950383586230056920 -2.27612789395299586204
-0.96439274298220789561 2.23509455723682126660 -1.41901281639392884415
-0.31255420276065493113 -0.83384878546030538615 4.09127465979970228460
1.53283951674653007302 4.33034465694938486280 0.60672810169841007166
4.33056626173874814612 -0.17936298898174385386 -2.39632637526068759115
-1.32090851363816952357 -3.76154634439488377851 4.43551166230149274128
-4.47292109134267068526 -2.85694361325312362609 2.47468364076774793858
2.47313438125675322254 -2.13707420261992453447 2.95889123642332396713
-3.87095878494164757910 -2.30779432042020671290 -2.85934017223943959252
2.48936224166610653441 -2.32435193603666157003 4.27063497155038174213
-2.02372659837262158788 -3.68922309752995047916 -2.59828476768552008025
4.09436890395079711169 -3.62791189455776885708 0.22098572488757461940
2.75378467440922314324 4.12868657786654136288 -2.36762220875490658756
-1.66765499173090558926 0.47270269187813518386 2.85826696907865684949
-1.21229433326484059563 -3.73459550884130209170 3.00258410523632601752
-1.73269302673985103880 0.60793528926136986001 1.31455667083163429965
-2.54204896125265911166 1.20448214345048842944 0.34509272930142387281
3.32455732392970482181 -3.12499877652700464026 -0.42186704359985860435
3.90152268306907057394 0.67792226925945353599 3.00711579812630347419
-2.40141031977100460892 -2.64354356988068550649 2.77566018919959756062
1.43698400582538710069 -1.23010126394364149860 3.98477433092571775575
3.82409717018934092181 -4.46453767660125677708 -4.52818991786858315862
1.12666789576631387604 0.17000566815803352938 -0.62854458024546655537
-1.62824953427076613011 0.13059816021713288592 -1.99783685475268146803
3.59892048596890479217 4.42595126093136226331 3.30780874881975162083
-4.53667988907977015600 -2.41226339134365508343 -4.35891626319959346603
-0.25209970420513627687 1.52720851088975617671 -3.40807699507729777721
-1.36340725237651794188 0.21613842988750597840 -4.18003253371708805020
3.76527513376598488293 2.51215407396218370906 3.37050205033876704164
2.61468123905425731124 -0.38462309815256556789 -3.66337427882043265015
-4.38757409481735827228 3.89199138598174254611 3.44303322856123994455
3.64271720286348266171 3.20528371066196537953 4.30997056081291152196
-3.37452795179298892236 2.40628532481013124311 -2.26529886515758427379
-0.55211310643735345138 -4.34975182640461177641 3.63639584749854538614
2.45901566949890604263 -3.21666367530434271771 2.82941832854421537746
-0.63627967264087192945 -4.42277233929601809592 0.92609802773509208862
-0.02741571118946151131 0.24385387632195065777 3.66181971959248908632
-3.24393500359716924208 -1.37523680359193978262 4.52986277407695592245
-1.80516963232760652147 -0.36630999623012083788 1.81984523132090103559


