280
-1.69560725090086439337 -2.94570748794189096742 -2.45912603209778701796
0.89940147408684101293 3.25890257301576546922 -3.98706791249397785037
2.88858085964277222502 -2.62334200449919840992 2.20844479546574046225
-3.64691278904167859309 3.86063375313825130064 -3.44668589818029147409
2.59827464531623952837 -0.23859806990434595519 -2.57033172136565202237
2.08276355970062887479 2.11675193006611106483 2.86028249118053334854
0.18252223709968173893 -3.71666386868863529713 -3.05192006797748138780
4.05050240722380916480 1.03623240032599639449 -4.44961205690853045525
-1.60703711115617720040 -2.04223409058350569012 -4.01918848229015246432
-4.19468478632875108048 -3.45683038938307118926 3.01152993687222458874
-3.26147449378387888075 3.27407717392566599557 2.97345536951246014468
-0.75156994668199583742 -0.28242600806145556902 0.60734066273698772420
-0.14509670635703830754 0.88304265627537414929 3.57793206109507355706
-0.48342854574813820534 2.21676211109419352141 -2.07882789055785588417
-1.24079935591961110219 0.45102034466753515574 -2.91143681778491147938
-2.13606720124454607657 -4.41047188955199764848 -1.41711909432854321622
3.94321382046109913944 2.15759667379224584494 3.98446095880019779401
0.90455578737237463116 1.82134716551873321322 1.86418796848144197043
2.73267384573266358672 -0.43786999865334141901 -1.44991879238849419309
-2.22606710871663926454 -1.46771092792015034334 3.43898202190788282451
-3.56325319544697194374 1.29941496927870403510 -0.96746769082474282087
-0.52690988371966174242 -3.14241868411607816469 0.36254425073696783244
3.91190005550480979224 -2.49975993531587903362 2.85598372259029620324
-4.25513115689079235437 -2.09355855589832362540 3.04397914373366607066
-1.31460238182386301986 3.61286136906428811955 -1.64265923416169634663
-3.91637742923079512636 -3.87549356134987199596 2.09086697695614365244
1.19982106077111794207 -4.32617109388594034414 0.32800836540805722308
-2.34088947874397002025 -3.46527099025735729754 -3.50161638988111256765
1.94056427111507989736 3.81794574031703870531 -1.30303876691330255966
-0.86274659879902193538 -4.27187288034888723587 -1.68356121658099500138
-0.85978689919542228282 -3.23424517929544697026 2.71307556911845448866
-0.26664944974106497000 -2.51248980038406477533 -1.08714173419524584574
-2.62571795443148969795 1.57207968782649398776 -2.89309989005194534428
2.91865588882372062329 -3.51668526988213647755 -0.81588664686783651803
1.60054045085947382887 1.83309411325480642319 -0.93639644429670676473
-1.96394564575229768622 1.14784953048309290580 0.97128219500583057311
-0.74132650269429412049 1.23912467496968847769 -1.49382598435377955681
4.47498575385934582727 4.26853686194942039123 -3.87543829634834624542
-3.27278149948970087380 0.72295969665151194050 0.07596087859859945723
-1.54123415534719221398 2.68203858175365006389 -3.21813559141964766752
-1.32088661972741672201 -1.69216205583611367658 -2.92679823059262744778
-3.90877098700857050773 2.47660732206854650173 1.41049082134199732508
2.97199558866407098634 -1.59793372266020439199 1.47115785266373144680
2.98505133964548452497 -2.12363028544016518850 -4.16054130794576870755
-1.49523468261528735823 3.79346508226123102503 -3.29378215995022660678
-3.24248416758211543964 3.50487931294088728151 4.40773541852866568291
4.05942529472761659548 2.20551395737036504130 -3.04270265728502353753
-3.30611336348532924845 -3.68474372165569441506 -0.15299909660153243607
-4.07994754527979086589 3.94238785434725169665 2.63408560636343569428
-1.38494899189438447351 3.17603132650304598172 1.09709836815747863170
0.16340602457974551243 0.13370517033611584168 1.96376834523344445671
-0.84709650421544901988 -3.14121447023270672361 1.54725394880148758858
0.52615314052436801262 -3.83984196386544818225 3.53831442156514253128
-4.47920591413609958664 1.10870382179299120651 -0.46507597237026132575
4.43499687374115492133 -3.85372158597467517893 -1.34650711645259413274
-3.11539130341802383839 -1.60736866779543419170 2.85539994970973332045
1.38292793795634061382 -2.16442360050397653026 -1.49639527908333613837
-0.44893548688968021310 4.04616089448972093834 0.43729383830275558864
3.12689703801533891436 4.40778480773408620763 -0.96120562714210944222
0.37886849794778765244 -3.32196789968114636338 1.65318008943900629504
2.58162311414053746716 -2.86621709199366359044 -1.62738591606590654592
-2.53887876516603494537 3.73903966986789182414 -0.57527283271068840875
3.48248315405678265932 4.10346947031667053096 -3.22121435381235077244
2.77113151516617328696 2.84024966469537698543 -1.11845102486429848199
0.34089925602462578524 2.49921360267858094772 -2.78951308620442128827
-1.61555222729526448688 0.05454357139961807377 -0.52590487627625659428
1.30351212018017381666 1.00862636463936627962 2.97220861536808644843
-4.02800615900640135436 -3.05064029707300088390 -1.74070031176703921005
3.78647932017619748279 1.74133334874696199535 -1.26882737785614185810
-3.22878439677628970017 0.75907395585735848442 2.11869870278899607996
-2.91046931999108871025 -2.57717104928842521971 -1.57600965130025594263
4.49750032249285869312 0.20608467206230862701 -1.15691097920302343738
2.17386994013288159522 2.27750991819376746861 -1.76920237197118224159
1.89305079637976536588 -3.29488243752370868478 0.97694340662890333249
4.26196927444716688882 -3.24756978273647423094 0.72889303092935442407
1.58922189149886428083 -1.87617571309718789152 -3.41992315585385142640
-0.26823377234712619810 3.51687645588771058414 -2.32641649489512003512
-0.51924695881539495446 3.78300556311548330513 2.81645418218169751867
-3.23365979422514282504 3.63779489826136792630 0.74834229505948535177
3.85192222951400164987 1.94866025360670303002 1.25693952724303148472
1.78601843022771067382 -0.03735041262930316464 0.02197520736545754971
-3.27774429631750585656 1.41833045963867743211 -2.07182010598451027406
-2.43113307723874605415 3.24545358192204513870 -2.80540593949611238855
-3.71034325931867137172 -2.45547694548872064146 -4.09017348631166122175
4.06916617146783732295 -2.79212898347404525623 -3.98814283057320606574
-2.22752824966850004884 -0.47838680868104344057 4.45125139303782457745
2.90337337361043612560 3.50268776971850481772 3.67480798233406158460
1.36531804171853199392 -4.07265592869338100002 -2.71104007162526405850
2.02043107527655951827 2.74671711196361023610 1.05907502139101428185
-1.84694969487641591499 -1.74927518100814261004 -1.76561514181744882990
-0.51846936636733520487 -0.02020370410845728770 4.04477638146568541089
2.03894454889303045064 -4.21272805361423063886 -1.11466898194712893400
-0.63738083042522397648 2.77455227449468377898 0.24552351029680341554
-1.47134581172355494161 -1.68175846423867714208 -0.39523929440535798818
-1.96660901855737701993 4.32698974890208543087 -2.49861822342135919683
-3.82346223359460912761 2.31442493482187217069 -1.59156733800788652289
4.02139487613129897881 -3.57581192942055325901 1.58559041464034411462
1.70501195364969593271 -2.85742218021779326165 2.47415359949037316767
4.35129726641574787749 1.69972217781691981031 2.72355442395853852844
-4.43476512496440378186 -4.25293282232712233082 -0.29133459833353381185
0.36977212578173457302 -4.25830888194303280869 -0.24161056206707876015
-4.20563592087370707873 -2.81543408580850940126 2.04623080745706076300
3.77052279981922300323 0.09103102515484096102 1.42130969556230191131
3.12058604798448957496 -2.16623250973917791384 -0.75040509579723391198
-0.17611433342209270592 2.42281868337978600891 2.32681344375810095215
4.40061640256926533965 -4.16763946021607001313 -2.39010925352623582185
2.27565180754953910736 -3.85334184170603322173 0.14416899221146106669
2.08763187996281907033 -3.44146303472119807765 3.89970766297240967191
0.42347114687567266600 -0.58921908922863241997 -0.17316263490673655667
-1.13082278253007562085 4.53582759306578164882 3.14237653986808584960
2.84292317897224400269 -1.64042214976239852930 -2.05284903486206182777
-0.28841537646891612923 4.02188371508048003733 -0.67547250874254816111
1.04955729360714666853 0.31399239796160927085 -0.54225960419322749573
-1.08412734153265954973 0.85818536160844871574 2.82144300518883728301
-1.07773906117172479924 -3.97452870374043421009 -2.79332972666487933111
-4.40216181531995509602 -0.87747316694113397517 -2.90834269364839803629
-2.98950418242900983756 -2.78210351057605720371 2.61623170199054566609
-3.42076286749688707189 3.36959614277504204694 -2.30466905244316366819
-3.74324386527097319188 -0.63096669515808656570 2.99432062865591497314
3.66998870389780140755 -2.87556292339605867880 3.82589702105253071096
2.06114490408974049274 3.66335245303562029306 -0.07735484103811440804
-3.44306638196929526430 -2.71871657984856707202 0.95767515717908580086
3.99732938918792957139 -1.64271885245955795440 0.36420785960276180759
1.01599666329560012201 4.10748471042566887235 -0.66580959503894465712
-0.51738455837366359447 -1.92387647255190019635 -0.19056024967488305322
-2.95916949932382911115 -3.66500001833614508229 1.58424287591215673388
2.26244730493199863730 -4.18247589238554162705 -4.07156750461193794877
3.44674634548706215753 1.34257721365667936908 3.61600228505343057606
2.00661173183799856901 -4.45188435861730180676 3.80008721511921887526
0.03765943018791251262 2.75257097036702536030 1.27760788480749365448
-0.74550506391768767145 2.85326426625194251585 -3.95467421341741287577
3.85476880953845846278 4.07903994683127901766 -1.62599291063651429923
-1.34743855930704992119 0.25476008395077354152 -1.59202177843710490635
0.39319573305771893246 3.49382629362162067110 0.10975287575965175790
-4.22486723020517818128 2.84315941407241368211 -2.68725689312745563697
-3.85491786816589243614 -0.02029487387636752516 1.40627201462390960529
-2.66641240367339804607 2.88920482444804349598 -1.71116475841303206096
3.24359007241934715893 1.48134284470795218880 -2.82922779934979384819
3.02164524244698640132 2.43494080964628878405 -3.96812525069831867341
-3.94927414207790805634 1.82801992522091527604 -4.42627964396483974951
-2.27033161716635678573 0.96825089470412528669 -0.16090901543129021434
-2.21639766711464503146 -3.30812175974690259039 -1.22022189836474304059
-4.50713453513304518339 -3.24042569302586436208 4.39006004111686731761
-1.51142553983590222089 1.25100083480398804880 -2.42010058043563036634
1.05368954374773249327 2.50092755098615082687 0.72618174021592185596
-4.01711350346582030113 -4.03353442847967347262 -3.33583077374743552923
-1.18297742157337015811 2.88620206305491855403 2.08193890620193489127
1.60359517685205066329 -3.32470939866800430096 -1.65917445671688890130
-2.22981779131734780819 -4.09026234511084751944 -0.29832247872435146974
0.57412942737507144386 0.29816659338536233292 4.34658771503461149877
-1.43870508815310405026 3.75736350314163924935 -0.27854513562079663558
3.20556825120679356189 4.14151170650454769628 -4.31887853396691223651
-3.25833651431126858355 2.39319245247123024711 -2.60400033022352284107
3.88274001277108293806 -3.55220923699285062725 -0.50553578151524636297
-3.15363537461089116221 -3.52141022459527341937 -2.72212585750732838363
3.79153074612839713353 3.98796136974608206316 -0.17135217202729968733
0.32343401934922511032 -1.65716903431306361583 -0.84846211931749859758
3.13407384878503503245 -3.66904163194766486100 4.42786435170724512744
4.44482607074596192120 3.75483338164899027589 -2.99891351204679335041
1.58624980120846448273 -0.79479856245547919613 -2.79143412817544200877
0.19845098712530706564 1.11840570897367452829 -0.58550212341938889793
0.80495782611487864955 -3.30161506582085628736 0.30955940899565970170
1.88954734476337105065 -2.62282127858901059625 -2.39173795475542405597
3.11098974907262526557 -4.21542215181520507628 -1.97539198102235058485
-0.33406844166524241047 -2.06589649419016074816 -3.85448932951848721729
-1.32184358450835848231 1.79194818033305569571 -0.82471326774970732387
2.76377851148874320586 -0.49428227072635255723 2.04254426506772457373
1.20145922892831880091 -2.70552353616797347513 1.37670261743742194938
4.05202961416504248149 -0.95807083491824140964 -0.49342296241843719429
-3.19496329741482876230 1.99651141851025482055 3.25777069994831069977
-1.37752634497690928939 0.56501970885780217202 0.28264029225251885435
-3.65728250508057195489 3.71074685195620102007 -0.99081756650660990360
0.86518995896257955280 -0.16245309269850150002 2.81187073668205123056
3.91057132606708091060 -2.28885447196874869391 1.70969338113807456381
-0.97912023834952766066 2.13864369745965365865 1.26337948078694761733
0.69672731896710526911 -1.20800250198269498725 -3.55099138548461112919
3.82809249974813869954 -2.98600015096359827638 -1.72120661931820739809
3.95101589979255773954 2.61760480081595314772 -2.19387506361368123109
1.19990471925416120058 0.20514906003549082669 1.85933930647141210102
2.04536124512389427821 1.65003157016329371487 -3.03927159087759912737
-4.21453588056493000380 -1.92618733420247956190 -1.35767654881374477682
-4.30733904697040426157 2.79747598257357132923 3.50074621921398243529
-1.61508680221966693935 2.71214160387196034918 -1.95846118780019473604
-2.65287320722973296583 -2.38777226079036486439 -3.17939405007859576813
-1.27441638428263370741 -3.68303302777177954397 -0.88447326971111817073
1.47834952188745116786 2.86803982773732979439 -0.09570917707525694595
-4.30136736241285166926 -3.03376218465672398139 -2.85376373011810358093
0.80067940431454598382 -4.44428981537623446485 1.33783590856342460285
-2.14033930400722471887 -2.60193082761515537271 3.28701403491818222591
-4.42142990642178368432 -1.76049486421251444312 -2.45228372963770047122
-3.18846017834316031170 -3.34149337143669544758 -4.18261604645972351335
-2.12257608583775514433 -1.75094623789323122764 1.66612300772875610022
-2.49229129425129780628 -3.19419640238666913135 0.57820113100250747351
-3.11637420072902671109 1.57593831201561052069 -3.87517940396739479780
-4.32413226304513198528 3.54967305126277832272 -1.77902225798564739279
3.30118711689415533783 -1.01564254074611071132 -3.33901669791694688527
-4.43084203379013441548 -1.53475703591684142779 -4.00541160270766116724
-1.68243909316933093478 -3.35283868172902765892 3.94250473865494566184
-3.40650829883509853602 -1.51992254464803355773 -3.21533422714327077330
-4.24594064898847989298 0.65853443596183858233 0.54133093104157570252
2.21396574090164754978 4.39912907755757931483 -2.40612808197758321072
0.83389655291029551876 -2.92459808204799154296 -0.94701211954590913678
1.02698331925939090326 -1.82787811028215241294 -2.64641595821180874992
-3.68361033137387927638 -0.14289610968014088144 -3.51333486516702686586
-3.92441978885672426713 2.98102778163633352904 -3.90196706023733508317
-3.07114060863103066623 4.52939241583709684136 -2.64750103550710491618
0.85060036406593386715 1.51984623059357470964 4.02267659021898804639
-3.31077152152217379921 -4.29291291373674255283 -1.27895229841205537724
-2.88828377149718695804 1.87178895108318510410 -0.02093979983727223271
4.37889097300102303478 -2.49968352210686184378 -0.41183865909457040289
3.72741960582191023121 -1.38853529369612704869 -2.53727822747686904137
2.23110004542394868565 3.74149443783743063108 -4.09359527380107834915
-0.74175078473833622184 2.87320015474135548317 -1.11272690578117128268
-2.03584257794258594032 3.31693464610007904270 3.50143863577460923153
3.36428470347218500081 0.51058243688037840968 -1.94798841203423211965
-4.29925956628781058555 0.05051432263724997540 3.36254677073704666412
-0.39481711839320166035 1.01436452327924264694 1.63535000087420900883
-2.55966945620810282236 0.81114577624846262438 -1.37078470390496587328
-2.85823502799967199550 2.63432501271486696481 -3.67748096129076973426
-1.60683559967755940079 -0.78679022073396964743 0.11719994688050228149
3.50466147844081188367 0.94292472350509815016 -0.40026152352183785865
-0.04741501233179334918 -3.50728344509290490549 -1.57959329430398387473
-3.32078921465592769025 0.09297189196538457878 3.69397901457195754205
-0.68782914953247997758 2.00569642027532690776 -3.24014140729307031918
3.90141864794989334797 -0.77744753258067822443 -4.16111183523174599230
-4.13687307809465742992 4.08196697134300645615 3.65414645610357968764
0.60856057272225072552 4.45098870651531353104 -2.23436004103584373581
-2.04522400552964933595 2.33543897591096083488 0.53316913497466433824
-1.30377355550916274041 -0.95201978608773796253 3.45424503147150563365
-4.05042693956523613963 -0.62354409678825728491 0.48605318042361567166
-0.37853374404389317220 0.58476671611479513757 -4.12696750187879946026
0.54524366665690848777 4.35785522736896790974 -3.50067271032798466024
-3.50194901093382382484 4.27073432331053570721 -0.08761021048288597513
3.03250756636073770522 -2.61500497113880525646 -2.63126229042228310107
3.76936932987138018092 3.11480747510314603943 0.76626862779273441362
4.34165386783037465790 3.34654492681565685075 4.34686554833595639735
-2.15327313055010094445 -2.27911282466644316003 4.30000936288840573951
-3.66640708148958482937 -1.23087408562717159910 3.98179815494352862260
-4.37905056558746252904 1.12652067937439248624 3.56893645793991165505
0.84579842699407237205 3.83124595097855102921 4.17382665689397125419
2.81730767932487502492 1.42923280364421412258 -3.89795802240926159143
-0.59065517142024548392 -1.69868373294250840644 0.86071563733510103589
0.95077107774074498536 3.11290540063057008524 1.76118585774704872193
-3.94167357391839967562 -4.07206156797378326928 0.74613714448023760184
-1.19945135034767202953 -2.00646681786578140461 3.72619485740292599729
-2.58716860450801178217 -0.14657305170162082675 0.20331059489790526129
-3.61894956065092188169 0.89718220715779128938 -3.02458113045962306842
-2.50411170325136467341 -1.94440137391972722725 0.75114044015074998839
-2.34712293002031247013 1.86400928816953914691 -1.31571159682581351191
0.09328233219101278451 0.54825901008138266945 0.88840490814959860444
4.47138317740388924193 -0.44224835915260296559 1.90715099175447999613
-0.32970734785773636588 -4.23571386132974847527 1.08239479604562394144
0.17766627256354450282 -0.72923356067611466713 0.86258629548601373216
-1.98728393528932567591 0.90303637619384957702 -3.93741033431608089543
3.81888029415996488325 -3.95517686097544851620 -3.41814458931469911107
4.10269689280271432352 -0.08857639526474603286 0.07976301950928643691
-3.83500567850188334162 -1.50548026351036767778 2.14024011092963917235
-4.43333203056443192480 -1.77160701925272867641 1.22962004187929974108
-0.31764378062199671859 -4.37193280588131560904 4.22273641614674044575
0.80897070767514023260 -1.63633190805228556641 4.16883935257455018331
3.91954934119829712103 2.92831156648280099830 -0.86512315782726512126
0.87734823336633116497 -3.99838602914293073098 -1.21585996305457566535
2.59612619462343729992 -3.70161396825468713701 -3.30531127526713053300
2.40410744091301520342 0.60296298441857842931 1.48931497485886321641
-1.68494224553562421676 -0.69231527785819357845 -3.63225672735519511392
-2.16140725583674564447 -0.46082550796492238732 -1.83990474979093043828
1.22564028264915769739 1.26791034949257941378 -2.39694504709927569408
-0.61571062061550652089 -0.79573266138805509584 -0.30182462973644508253
3.79019032969401781230 1.69638556171630927594 0.25259194806448448389
-2.95596332361019387136 -1.47604850131671705427 -2.26344877405577094009
0.52721780288833386408 -2.49641606195555754155 -1.94894745940232638759
-0.77658872884128582470 -1.68625080458688714202 -1.47393210370554994526
2.96295234466924917172 -1.05466432273188281954 -0.19190462306681066451
-2.55061568147319617239 -0.88903684433106189289 -0.77151260119693354511
4.43367237727217666787 2.43724189816849534651 -0.08477097332152361275
-3.60836684282984654359 -4.14687393666551695759 4.30112692110206129570
0.60857536327411043686 -0.92646660399766167515 -2.02711366968409434364
-3.11425391064952172826 -4.39081594431019262004 -3.65386670238134358968
0.16362858305582150820 1.54499309978511423225 0.66833280266141681381
0.71762426504283105544 4.35572180162956978933 2.62626860278776419477


