46
-1.87196633471960272033 -0.19455566131613988290 3.92118862985232308205
-4.02978521732021288670 -2.70769701712686927664 0.86447959387555872723
-2.45321692600302787568 -1.04507756987407685045 -3.85081095205796053449
3.34147331837686056843 4.42406632048846493177 4.17871947315131553324
-1.75351481492276040086 -2.00445042143170004678 -2.54347645230333441191
4.31810721554759080476 4.35268081539627882393 -1.46149930012473117102
3.56956522215049520952 -2.17159181874132922729 -3.34193728173787407698
4.13771948990828430937 -2.97032752558475898752 -2.35911403885817749781
-0.49522941375680407106 1.58925590802040694882 -4.07976727766281932475
0.16427377525466813069 0.45969651723092574969 3.05758025388834209224
-4.08731843711383024953 -3.91038853569657218756 -2.94389712341107490090
1.66869944377453904849 4.16340284759553380667 -2.76325432357549516382
3.64146563476574680607 -4.28323446763043946817 -2.65249864505181376373
-0.02778069179275988176 0.67183060265588867566 -3.78657143511759697319
0.99530541418439355539 -4.45809739106355529259 -2.04495612456931352696
2.33153447009514724897 -1.81723267818428402265 -1.61160115191320318928
4.48330118930081678030 -1.11014822967978821211 -4.05748715508242874250
-3.00589374615013049663 1.78770874580196537096 -1.33170812962347140385
2.13462381161808156804 -4.31745590455736127922 -3.55272514257370453095
-0.97857353537067393034 -1.92753410006933645349 1.08059253275219013801
3.75410900888795762143 -1.67743901402120521027 -1.88437879578375078182
-1.44405867975810497938 0.15347095098483443110 0.21866537415872322470
-1.04881654581503758195 -4.42518884496485220836 4.16124907596119886222
-1.64270588278006623995 -1.21553279878968911731 -0.67394051202864524441
3.67557307263743826553 1.04655417795047522844 2.18861600694855873428
-2.42234089750626946369 -4.13355252647722437587 2.73174611614544016192
3.08396431903969681088 4.29102555852832434624 -1.24983766500525961263
-3.41166736623366295689 -0.96868525897402246727 0.65017911874842937436
3.92708412785748617324 -4.52409463629171604282 0.14876643697825020496
2.08986815506542811249 -0.63055025504202655284 -1.91002560439853041885
1.94634509867632576885 0.64452723278091905712 -2.49204791996597130321
-0.18285416240235186081 0.65016306252558742074 4.21837085149506574311
-1.64065623895948231592 1.78605969076206694268 3.43273452257013023114
-0.84097703791794931050 -1.10135338353532619138 -2.29962007060337247921
-2.68095570978777342219 1.23674832219843988668 3.67750788360482605555
-0.68628766398056129105 0.33362146749045784588 -2.90597286837138302218
-1.36048207041169266773 -1.17354084125238422587 2.19478627664439951417
3.92071596634874186549 -2.44575476991458584664 1.28776939913424737227
4.10524000049976844906 1.89447883172424003106 1.17756693899822106886
-0.09051131371644860479 -1.44622517980760623146 -3.23891456211749950711
-3.08962360375981548444 -2.05402608680895237825 -0.04875577751264437154
0.30044853338587618197 0.98338323826608231570 -2.66788439064676596857
1.59921582911471649169 -4.25286718659615825544 4.24540868462156861796
4.53328758726641023458 -3.61148508997023487410 -0.31463083387213419684
0.14525100074309094111 -2.68048151980799032046 -3.10459249770531275914
0.04003090572456979856 -0.05034617241706307311 -1.51447273021427175621


