424
1.34557809023578034413 -2.69052090682552424994 -4.49258455147087332193
0.49689292118196881631 -3.17635025692545625020 -2.51662203900959680070
-1.40166638135080923178 -0.39950750971057047423 3.04008255552219619489
1.56490143079580423802 0.38703036206933916219 0.86100063260240755625
3.63047795890460189838 1.68838059364238191051 -4.24374026126032255490
-1.71573102074074945733 0.51322819855508505782 1.64450523055833386366
-3.63416782147821715299 -2.49212435679035859692 1.77668043639027661840
-0.25595866657800847577 -1.60298874571438787484 0.98058843351938218547
0.16055550119845296564 4.19114750954147385897 -2.67741733111217650176
-0.82394362696282330560 0.51055374230758587828 1.00287473544815330939
-2.47157002380461854329 -1.44223129168463737315 3.61204477257784883903
3.83709541492070282942 2.61357840349663472779 1.31701893695108562810
-1.99120126222235338531 1.81282161487788595622 4.39658491153701458387
0.57450370792622251770 -1.77717552518620980351 2.09274765954126618084
0.09751048209115698029 2.42117330931721230769 -3.25395052252191474551
3.75285176107840445781 -1.14329415934740197258 -2.04639352323713064052
2.79015784155531854083 -3.24875652196818220929 -4.15685189696636214762
4.31644749828087892496 -0.30705726966671065270 -0.84153347569711556275
0.56023362959701472619 -2.06268333566986106220 -1.37662177512006778102
3.38936196104971365628 -1.82748000230675877731 1.16908607958913179914
0.38915244949945115849 -0.46241285930845066332 -3.77596166332701832502
-3.53951207288127767114 -2.72409511280074090323 0.70752407323492860769
-3.04107348160856849617 3.82668094237931999402 1.90771832166463362057
-2.05094595615970032298 -4.07428851052045803982 1.21294637460939735973
-1.29699873664317788524 0.26457426255319038688 -2.95605379142089175204
2.32944740618135792687 -1.74158112505820916738 0.79499230424937206152
3.27100430541828401942 2.17750028826037489438 -1.25513649112928993290
1.35835386782384137661 2.36094500307004206974 -0.31161542801079633591
1.36859800148975985223 -0.04128471391330812423 -4.21833233929699780163
2.63741950324578677822 -0.45053200630098988455 -1.96129123759899570700
2.73665601091614263396 0.50245912599202480209 -2.56717458238581741625
1.97735073420464768645 1.56381898872299451853 -3.18113129834092678294
-3.04527926662621162279 -1.82765763057630170607 -4.04439254987206808778
3.95747299465838775490 2.08563813066877923319 3.26157204508682685429
-2.16939267162973203895 2.30039512755801478505 -2.80235655228250912785
-2.38807720023246750074 -2.52226410866268802025 1.70710231756101027401
-3.51973948556415816569 -3.81567727293040448444 -1.26906026876479893772
0.94675040086071415857 3.70880576617116819449 -2.07945590579379757656
0.42610137826389138382 -4.22023819812663703033 1.19740179037116067917
-2.21184491737745059226 -4.31624037233692625648 3.74401355929583434801
-1.85319621409436763315 2.20008179285596661146 0.38188749000835198188
-4.17886652332304286972 -1.48496100574965828045 2.27908779767695346408
-1.49533041584848591654 4.04476534300311652004 4.48512980621104073720
-3.25376502769906394974 -0.58302577472698224881 -2.31942542867114287475
3.42723366309156052267 3.30071032369848538224 -0.56985652573195366699
3.17622270365388104096 2.86795559141936440284 0.58110177575836274855
-1.36021307589925299908 0.10238353650521148097 0.21583919014325481101
-2.52397297975239975898 -2.60044310311430626470 -3.00708603185872425101
-1.00452730062110928699 -4.42473848201983344097 1.56554590205355470545
4.48001308114021323803 -2.42708316147795510886 -1.25526356944852413022
3.48007563216115212157 -1.87994884500967085472 -1.01273012773187254254
1.63115030030957619545 -1.85102030998817745910 -3.47982117266099377773
-2.92207444690119366726 4.36427716082188954516 -3.17376312956117123676
-0.74145126159784124908 -0.22971738954997977800 -2.00735143591161868670
2.48077245266115742339 2.39813695076918786953 4.08626851360239928823
-2.44863270496423490741 1.33441377977981900926 -2.98764455961516572913
1.24352628526478881099 0.19674495775311129364 3.53771684034871025659
2.94362378868632834639 -2.57532569609164685431 -3.05625556183295721269
0.62678080787001100305 -0.72954350829147296409 -0.46681724802207646974
-2.55635302982384704507 3.07186351994617812267 0.70228196742752668769
-3.56827209642015752422 -0.70107200556078286269 1.79863687377956171787
-1.09550977671148963566 2.27642757472069856561 -3.05805544975611587333
-3.55642754917292203132 0.93274717674794427325 -3.51518154188761888790
-2.19738075505531238463 1.00452429084188654684 2.69284608597301566846
-2.64206100398007093233 1.58048341935343117370 0.41281041922455585791
-1.55349697017294108292 -2.21618556417782253121 -0.05975677364129428071
2.98588885422599670250 2.02774766694579522408 2.65172673121247459704
2.05180122255372143769 1.34546285945134780349 -2.03880643385506932219
-1.99718089692443312444 -1.92684571912232049939 -3.68423965190954350035
-0.71686540782999452759 -0.63076541752843340305 -3.15061276930305655952
-0.54336080741711789699 -1.22684232579310670275 2.22504232369109189449
4.15192252166203967789 -3.88256212817931656289 2.38617151060523102757
-1.99368557650309163876 3.58178896706364557900 -3.60600801501926548909
-2.78172356484169203128 -1.40646986494376902144 -3.06312667033383645432
2.54329562844775125541 -0.29308750775950898060 1.26218121840397135003
-4.49041319980113673438 -3.28352004657697316148 -4.23058561695310153539
-4.11758462245260581369 0.85684551200526737347 -0.92046275109688924232
-4.18485174059714015726 -3.34583081065119047892 3.72762635730907820886
4.42465131801923572397 -1.83679529972872135346 3.25645688576070302389
1.07947095157904460194 -0.73378551362886135223 2.47575334422724946393
2.60664892547347903928 1.28772402491059612117 -0.93813905482162329719
-0.11812190692168922368 -4.16405810305399537441 -1.78044586420746497879
1.94449711729409902006 4.16656300237389043417 -1.30282708374528599649
-2.25279384070433241760 -3.01021444647987790333 3.71520122104599170854
0.18033754365587562063 4.35267353005969948043 -0.49966448075820046881
-2.31410568529676163863 0.08276680178913231600 0.55879291819069898395
0.83145819532053000245 1.05876603602294672157 0.55750868767344652355
-1.33080201078220117239 -1.00417439058681301489 -3.91603379554060904155
0.87677262896598850972 0.87385532185527292626 -3.36846418216099774412
0.56093593162184962608 -0.54782007618947314853 -1.60853330883868350654
4.20927785991319947101 1.87114871733842935697 -0.51057737543323788998
1.65495932238675269588 0.59385074332250287199 2.61498691671968419570
-1.77704695197052542355 3.59947034004765864523 1.21574300956430647602
1.71746327682705857143 -4.12281814793054124380 4.09031526552532387342
-3.99602974900191254548 -4.34983737447121399100 0.69437339730838676388
1.34293697777943332738 -2.83878420464835334869 -0.62292888587910555387
-3.96115337418760171673 0.96184380249412093633 -2.41578929611920800724
2.70779987734120819454 2.09961237310375548049 -0.05969302736137382936
-1.26098528667891596200 -1.49145801938043653934 4.27550409235120820739
-2.88338382368124568345 -0.91976984402583372713 4.48480689909745944277
2.88710943738866898656 -0.50897945331230509680 3.93261138981339453125
1.86568442108789422917 -2.78210784453535842076 3.66134284229561313140
-1.79524189196044225980 3.51925304481143452762 -1.37083756609082296762
3.45535782610014763350 -0.37405479288550136374 -2.61387323136467131235
1.91324545526329981016 -0.77526117535922223212 3.23900205706652766224
-0.06161371470845011800 -1.31252176530698427825 -2.38975088517700795521
-2.00269091390185716151 0.24221439105326947328 -0.99477726325428506016
2.21824059291034014763 -1.78115649653554486420 -2.56263789726897694976
3.72114605622779937022 -2.90932592001829215533 -1.97227341554570356763
-2.99184720646833390845 0.41397637104242601680 1.93573399126687650806
-0.51668640516814257069 0.82011621202389939356 -1.62280434682092877807
-2.67116337770570400068 1.75335491209287219760 3.41058695136626344180
-2.45833894957678644744 1.93522896573045510848 1.40453731419057703533
0.55384646036180029682 -1.88696331929828620133 3.24590371677734612632
0.48246672857352113084 -3.77685445693425059233 -0.03546432020176570887
3.33500732424223222949 -4.35516348399707542427 -0.51664160665757474789
-2.41431490724461994546 4.38290745415917282202 -0.19705129771436791231
-1.27231073090284407812 -1.25678963991107295328 0.48886989801512736875
-0.69362009284882830684 3.51320172732170643570 -0.78382720555653584427
-0.53924077008618631623 -0.36994360342336296554 1.56098325947293670168
3.85191676172142916101 2.95614037740844715074 2.38134223944369605164
2.47712233745576160260 -0.61832830591843190859 -3.13443477906652212539
-0.87799053786384551046 1.96085298640955230098 1.21604325664365653381
3.64725973525785551743 2.79406929306381268674 -3.32674849180119291958
-1.41115239596897446006 -0.44303615556725439717 4.08744106030388909545
1.84649838733143578651 2.22255277888128954800 2.17525436295620533400
1.70657834286875509378 -3.15023344980253972025 -1.74537811256702468654
-3.48607143215588921592 -0.91377887920847289394 3.51844763714596009407
-4.14035325611315840888 2.34921140848557019609 2.14163687626526400010
2.79762449719050376729 -1.59143550121145338494 3.05649016494299363700
-3.72331037594274727454 0.87251326352100910810 3.47214837571540346772
2.21712845312901851713 1.35807977767924281665 3.45377274433431580292
-0.44767761086642732238 -0.62622078709271855601 3.72805292071844984747
-0.09853163002496589939 -0.45392896395965376399 2.62339533121870882582
1.22115353230628809200 1.24537619005418598306 -1.23145361385356544304
2.05653237326777116323 2.84792598798165830232 0.77788511599649101669
4.45380213294907800758 -2.14652218669990757505 1.07378370827564761925
-0.72514998839402533548 2.60084977579381781965 3.78874699380227664136
0.42429645915386515753 1.85914685767610698974 -1.50083081451807975881
3.72259836361154494710 -1.93130142647941349665 2.37385094956434450353
-4.37927337549326800570 -3.41584414362109178853 0.51614200218654726626
-1.93200464227923696114 -0.19442190601798436944 -2.06063909244495757633
4.07903621647864600419 -1.98974764454912378397 -2.66391710661330849419
-1.47379013832102501169 2.69364103817750066838 -2.18565396262471445255
-3.50034835992617887612 -3.60654730575830395622 -3.76280518426325905068
3.93977911365947885969 3.70369321638758020043 0.87303112733784438149
0.42108651723024070890 4.18845551656454784251 2.52913018047044424463
1.59783068690616847363 -3.19867811205029761723 0.64456515929815871857
2.55578088171443074117 -2.73381004668289850912 0.09837613505157882798
3.13852971095087429632 3.69009264572743855837 -3.91119117126503246240
-3.63384094569329940683 -3.20919325633140317677 -2.05150456609626230531
0.93119207670011938660 4.42332430187541358890 -1.30764950758068643211
-1.70460436781504842685 3.32546850724754783357 -0.01754705562237734995
0.66841048165489169719 -3.55726988440435709649 -4.26263912373869136019
-2.01627370770243619091 1.34882581503736709294 -0.92791288939984983841
-0.11181492403735493468 3.42279177843051929386 2.74188699057793439096
-3.15332207155695432022 -0.83658611990890907606 -1.17292572519589111124
1.05938126165603829776 -4.49223342907746570063 -4.09825801772920339516
3.37412888066449667690 3.87442426030538111803 2.89176903437097720939
-2.29227977910199376410 0.35664146817155462088 -4.46361630690310473568
3.00005621387856269422 -2.11784116332954752693 -1.93260091605729922293
-0.45993321898081873655 -3.31350996293319033370 3.41997972935371752357
-4.23910475618946769316 -0.11050567641183395295 -3.30744219053126320418
-3.82484956367472594962 -2.48072881417173274343 -4.00846087033760234419
-0.05323469381159995351 2.35470285736328133197 3.06723769584823369172
2.82227327184290910367 -0.97664264062793471055 0.28255830973178053256
-0.14355937996016798763 0.56206089330726261011 -3.92359324126230823993
1.61858119788677257134 3.66327208272995985539 3.03194662775719159242
-3.90084656250037342673 -4.22201444428639049988 4.42087278307306075220
0.30525574114543196913 1.24550411675579209003 -0.68634742885536015322
0.03947219775707022649 3.39716215999315807039 3.84795577177281256098
-3.59034234583410993835 -1.74240572954157446617 -1.76769620846863428909
-1.54202826664473047202 -3.60100125096169954020 3.23283210844298363185
1.19800366876227304402 -0.41684579376550878749 -2.54824193679213184538
-1.50921197546825958113 -2.94545038452507723647 -3.40497531251813123632
3.29358953282458966072 0.11255636563568405251 -3.64183923198536740884
3.24433919800784043019 -1.32207242949991865544 -3.13375421050660607492
-0.76682658505640644009 -3.97860335255945152255 2.57482108669292308889
3.48754400200462288950 -2.94673571743871454132 2.69424702397182702640
-1.96285222300166228848 -0.47791907615695894407 -3.09729702689497043977
-2.25238889554811816396 2.66013670531956769594 2.04672233035500195086
4.45291603387521117696 -2.07288227453945905765 4.44757745080877331390
1.56086008218312244367 -1.21855468093988772438 -0.19236022291185328470
-1.40163625465242080992 -1.47466354927767850924 3.16841019976973914396
-0.16501916948296901921 0.59825645002671556938 0.10421154476113780873
-1.11561463373568914292 1.61534519917766150598 3.55556651228844255996
-3.07953242406939109443 2.60819627585293822847 2.88815831024478342215
-1.94524668294642699706 3.95703579361687740601 -2.47606071009104322656
2.43740586201345266204 3.10692172618171102982 -1.49869227860481846193
-1.50098980118027469643 3.33683081883418264368 2.94525220784376084993
1.35838190892048960023 3.13425196378442016965 -1.28954921057617344360
-0.61112790344857392810 4.40195409284416694362 3.53338824305009335802
-1.15773803789511386952 -1.37048002015413716848 -0.76057696916280104205
0.31250427996160823341 2.40351406189630179000 4.43001552955557276192
4.14281774599896923661 1.41178004426451497721 0.69449108628156785983
2.89281335591060795309 -4.16919050756226550192 4.42254957560027772701
3.34422842163595746001 0.31114118958775804913 -1.62819006690346324007
4.12995616533386300517 3.14776850177206490855 3.63539404102027408072
-2.81426217298604086636 0.40649975836520013672 3.26026307887364374949
1.68988153600649404495 -2.88423688527394972425 2.46852137716472608275
-0.89501575942442901379 3.71817177113182051329 2.16174599976197079343
-4.12541373383242238049 3.24615837490338865479 -2.53649490789300768867
-1.88827971061435206934 -3.44163929323089767820 -0.52324315531321285988
0.08589712295054585667 3.42823650851125538708 1.72631479191924697147
-3.92136668935766907751 3.04621686963291793404 -1.35568591831396068059
-1.37747723315529135846 0.00720237885617436291 -4.01161000962015901194
-4.13647275031831451741 3.25288071226145092396 2.60751071191423644535
-0.71902836621418009244 -2.30694869720328110674 -2.43180293852478035532
2.88497712591839938767 3.74273947981210053371 -2.55568040706504939763
2.64497564679483865291 0.11698724933901782919 2.96073904627022965741
-3.33188501774103329467 -3.59053289583030821319 0.15232733623308636339
0.28011969334168185242 -3.61286372829188318079 -1.10226615557206475415
0.28796550125125808250 0.25678995428363737830 3.76770734722132427663
2.51554095609050065718 -0.14555866981118370518 -4.17836274654134776085
4.33917016833998037129 1.04361669891127295529 3.76471256053030511879
-3.29317219533070071336 -3.08527174613081767163 4.33276276595342846321
3.73640638207935804616 -4.15156631373243811822 -2.53391242716288056513
-1.22548114249547301924 1.05956589505120835071 -4.46241786997763423273
-3.75030021901093091330 2.01926936816761681825 -2.74598979633241802034
-1.00242138241659528575 -0.04360272863205061356 -1.04317251418083412062
-0.64809589697476521764 1.94657319313259780102 -2.07425806033157256181
2.42082043445126071646 1.65552157351520268236 -4.23753612148292546635
-1.31872695445651455515 -1.97908704209586039369 2.18280313158530958617
0.91545542877851726615 0.48796214351971833878 -0.30035068531972974881
-0.73439244179072815655 -2.27215552267146581045 3.25905167837541576148
-4.13766584920632496392 4.47675466794256760039 2.66087975392308617728
3.59198402300961117106 1.00152841764809164005 2.96118875113595958481
4.20606843431972432512 -0.47833624044506262152 4.25176140405410318834
4.34570783679887195916 2.17417450755999208667 -2.59859411684487140448
0.10058859973039790958 0.20532503592446094132 -0.80784896714846521348
2.70926529900530344008 3.89437986237169742054 0.00915495662301157864
-0.38959903560193342997 -0.51930034061181817862 0.34650164731929500306
3.34876441658906998100 2.03523886220628913435 -2.25077788239429477102
-2.76754794546076299255 -2.58324792023855209777 -0.04165223157436503953
-3.97364609063467266736 3.52676780452422189427 1.06509225451652245198
-1.44729725881497106599 4.46285331124362638633 2.93716243839231783141
-2.90380214367382372131 2.94204070207761514411 -1.97424071006162638042
-0.97937432319843198414 4.07127233386837783513 -1.88871377729576206406
-1.14697689202185371116 -4.01940487534016899218 -4.27946488990329942936
-3.41456179290106609514 -4.04602332932609698446 3.13136084222194277515
2.82124153513585085307 2.09330519558432737171 -3.13311989198858320549
1.28256535058454446130 2.37509872931380527916 -3.04271402630129417233
-1.11598061095282252708 -2.67249649249397380757 1.30702993273592404933
-0.84624701183714234887 -2.95242120732925661386 2.35642995389213982804
0.92760566932232002557 2.64454363122268265585 2.63092281909355207858
1.92193874413848231342 -4.18774686676559237952 1.52647893811683310616
0.03472726941668202727 1.43918268148041494925 4.12076862662850640362
0.36442984618276863529 -3.36162547455045590539 1.88947963531003093607
-1.48652819444255523962 -0.47821096962404929798 1.14441511330295941917
3.05386966631235434733 4.07017688941526412094 -1.54198478373543590436
-4.28527119782374654733 1.94076293220298179421 -1.40870689692562134354
-0.21139564195637472466 -3.02702908423497696333 0.74161316876746141702
-3.52836058137926755762 3.84026531355132849654 -3.81436119137036433457
4.24247672399910680241 -1.39872876027210102379 -0.28782417996830123030
-2.17222310109156957481 3.40468351029313698319 3.88275296307418305020
2.68649125376153641298 0.84535301272871787859 2.23134667416890764002
-2.05221782781517880778 -1.87331553609718870490 -1.10989543696762549274
2.64314687119939950577 3.01006864638539095580 3.02785386098227871088
2.86073695490732315960 -2.69938053655674226050 1.10306286648078089030
-4.24584228432897425876 -3.89211052975158633416 -0.49012796587250395675
-0.24422580346899458448 -2.28573939534684855701 1.76266511628268052192
-0.01153192709306694042 1.53996910035112133386 1.84543613646269921702
-3.17388254340267250697 4.07287892413921337464 4.30265043334933405816
-4.27395087066655765540 4.05353388919822688052 -1.02890814911438965851
-2.50491941593527567278 -3.17091250939814051080 -4.02436506838210039660
-4.00928458204305027124 0.16163188633321734500 2.26001544812963217623
3.54917520047154599894 -2.76946922773883530411 0.34220173780690821275
-1.77042558484106749006 -4.10360795955512536182 -3.44399383718846019420
-3.02869193811046155673 3.18486287443361515415 -3.02939896954382925642
-2.60690872029370490637 0.39968178641117191319 -3.39981524471954932309
-2.07754197051376943151 -2.97733456970469534397 0.73329416890456133871
2.64605662093241988941 -3.31022382822680238945 -2.32542088236482680230
-2.91145314845805280868 1.78852692375199051611 -1.99914913205371247429
-2.81938144306739157940 0.53639998235215635702 -0.41244284955604282317
-4.40320583483635186184 0.01957365468721850021 -1.78928421190789954665
4.11181902270827404067 1.10707362179324952933 -1.56698739162116318369
3.71791951686482935457 0.60016857447722937735 -2.88965775833347260360
2.31565133670424661005 -0.02459854244531545220 0.21385890308334154497
0.05415916222423078352 3.73460500566036568415 -1.62054317918300672119
-2.73560163581105131314 4.03027096714041110914 -1.34722124361293893458
-3.72283063549708748141 -2.86169153772976869732 -0.53584293056544307632
-2.47012206257463295955 -0.41965355509260682254 2.41618638339273061888
-2.66354910026495739217 4.08289986314898367681 3.00201540361370167176
-4.41662370369107559753 -1.25806210035803056613 -1.18089625985710799938
4.26357457622162794308 -1.37959151084535047715 -3.88711912179410568058
0.98915804334066770309 -2.77966416979210917404 -3.50783919652276843237
-3.24279178215083074832 -2.00840604428255442571 4.07980371990696877305
-3.72276360734928379870 2.30347648703593321784 -4.08243994117236663755
-1.55176686562074639397 2.33448757394870831661 2.75141859256106169340
4.42026974963484331482 4.08963415489855730556 1.71956932595594214064
4.35126178322039880442 -3.10645623326051811830 1.55570047897553376259
-3.53206272545539201602 1.33972431868461505644 1.07454656589492270058
0.80757493992761197887 -3.14446811383571089848 3.48709935752649169416
4.43518424077908601788 -0.82619559349138382842 3.20421483563657893967
0.69715786553602221431 -0.23057888038239848782 0.37605741496310063354
1.24764209508463785880 -1.29301015620406145601 -4.35762301559373188553
0.81376995836502175052 -0.81340881100498307887 3.40816933335951777195
-0.61061868675140118512 1.40923914596344523886 -3.06951922810978450329
4.17102769663649208809 3.86849156104538405287 -3.92516182099807142691
1.11862867909285146339 1.04570473339390090928 1.74473413380656428018
2.94189770896994051697 1.10777363215870838786 -3.39770569240427455782
4.09919515035914994172 4.36849390594247832809 0.16042037750212045921
-1.71163443484845956277 -2.53647020027571468148 4.52853873384639538102
-0.63246772248092675284 -4.48532233403112190473 0.43505845738211057494
2.25010395141307029121 -1.93150376792870481779 1.92386566804176428747
2.91979266668073744739 2.63099327175622477171 1.79621370089540377535
-1.71425377399905443099 -3.72880152386239993589 2.19144790204696793268
1.66785700351200372182 -0.66539161464579077432 0.65620962145107775143
-2.00401579428202314404 4.21132589308368832093 2.06381758145736693422
-3.39733032016154901100 4.43095181060961795794 -0.08693802364919989145
2.78794296177159495187 -3.00676675231660350818 -1.26322792734516609059
2.84640610306016039743 -1.15389150693608755205 2.09351363669701573400
-1.03237911396785086993 2.29899998581441611378 -0.83152057083730923637
-0.80265327215818071949 3.22391496286481871181 -4.41961349607694220509
0.62757791024818931902 0.06719237542097999949 1.47042020389129479696
2.39686466398140218814 0.98337149169554649575 0.42686990989474349334
3.25292211299987510387 -4.33022826852666664621 2.14834224971200615784
-1.93810565961062453155 -2.73608321290122624703 2.68023218760382864190
-0.45152710145353047722 3.29857106320094217722 0.30978039913737465127
1.77506950320635059626 2.15840150843450206963 -1.26521798982902300423
3.76218565652276470956 -3.44767936942594666050 -0.97580322343891401360
-0.80235095807545775415 0.42434199969630004290 3.71550553126488924960
0.49444052559767648347 3.16040496289350869574 -0.69485532020507490003
0.59403626158328037832 -1.07083242731929129121 1.31470714275379840785
-3.72656935118998688949 1.52470690282553533734 -0.11486467827680968412
-1.07263166338780013831 2.12627110035823552181 -4.46394610902811805886
4.14380099402434165512 2.88861082418451964315 -1.24639766576886934502
-0.99906320737657061670 4.22115492104410972019 -2.99631173820301999200
-3.25975753944117574434 -1.66573310650951933454 -0.47624047936738200804
-2.89375662580324766182 -3.32959340731668484992 2.39068129681800467523
1.82752226788752114572 -0.21836769077433260122 2.00271305357793050206
-1.18360743924977995789 1.47411693392800913216 -0.20320021667380228081
-0.59868919125466391051 -4.18075882920551755717 -0.79894700858787892628
3.83111970725317707576 -0.86307219010965763317 2.03749360590891637202
-1.45268260628331580264 -1.62857488779216730279 -2.86808167942144631724
-3.90931503048406359113 -0.75176395273472840231 -0.07657224590418909571
-1.86578801403431437933 0.43649285451461228291 3.59749647182918419475
3.38304739871197668322 1.32017511408304066833 1.52058893037420261862
2.89417586303012086546 -4.22618236221215948234 0.97675199486370445356
-3.50982410274195366640 2.30152688858869414190 0.50469911643119313993
1.09666882263776432893 -2.04082786850116360000 1.07353640023174357054
1.80885835798352889725 0.42864653163449428774 -2.14751981119949642007
-0.47112669504545667820 3.04868925564920001392 -2.55373758534524286645
-4.36654030843946472373 -2.97163396179607897096 2.43175895016036758278
-3.85360715856049029782 -1.37121210704982665618 -4.42116099780045690437
4.48597125879441005480 0.92463875940040374246 1.71773258946895523991
-3.73550401771353479674 2.90853025083827265718 -0.34804006187261737892
3.55962517997577432283 -2.41567442819653743769 3.67537965689963730398
1.15715092805559915945 -3.79917716916985526154 2.60849086505455662888
0.94327648139399400407 1.76780718156056959600 3.41150910224152603689
0.60637669408074135191 -1.55565937275534782458 -3.49104679849423549243
4.48479600164613056990 -3.53861708147233011701 -1.79678280024890968392
-1.53750620738249876851 1.33820807865553170757 0.84800411462656200001
0.00791661657407960462 0.28759265336236428112 -2.60986044644036230267
-4.08459892802195323469 -2.09464056931207176504 0.03891118697996009956
1.07955779536399898433 -1.46417534130886473065 -2.23645415194496921529
-2.69338632212185435932 3.05826336870837156567 -4.34741341565535055480
-1.09718935245378856891 -2.61197916914983840897 -1.08739578947136728004
4.45709179365648022753 2.25062292650973283514 4.24668623441807024932
-3.67668198255465572544 0.63036003466390511107 -4.48340536084979568443
-2.48888096493551147503 -1.91525232983044180202 0.91104801084994679883
-3.07970703883299945502 4.12943430954360746199 0.84591715189510097161
-0.39900196253291753123 -3.36694372174188805147 -3.65427276287076274741
-4.29250684989038511219 -1.00923766663171177171 -2.33643213111645486890
4.40689104246847573876 -4.05198632023653182443 1.40769611087205426259
2.20686309312686024242 0.58521180678818218723 4.10092471100525823857
1.53122083030236222356 4.21123819315269454222 -0.30046030689232239297
3.09700618293937335324 -3.97920464167871124062 -1.68574346784465767257
-0.20533444629728769826 4.40469341191621222009 -4.17740648295356464814
0.38801609221421617946 2.16009989932700374737 0.89562043403919222584
2.95955847064482124864 3.47322311260698857183 4.13146866365367326779
-4.14514703938898509961 -1.62019014008354211853 -3.17706602457381359628
-2.71402808676366458229 -1.92550518333359033107 2.68270680718150256183
-2.59432215692867718104 1.39909609788600874936 -3.94399079231745242069
1.11152188136418050846 -4.45222045226169704790 -2.76720864350501072337
-4.23172720849272643306 1.43178918309514902063 2.65800262415617805090
-0.11887915764681622477 -2.40011632290765852815 -4.31063335616733844802
-4.10982031217073995322 0.50212529412391493366 0.35129773251979301563
-1.46138814110249448674 4.13527129164813356255 -0.56925925085969186767
-1.63363990213683507591 2.67347839926974639724 -3.79557960343980838047
4.32798333690038194987 -3.05256363951255860201 -3.07341784103492177138
0.13020592456035728901 -1.50058077477330797933 4.31561508154512463165
-3.10090656107023487920 1.67488028896127794098 2.49625662214447086029
-1.81564540851804157029 -2.45862479245234322178 -2.13438232665622606987
2.18159701685869933385 0.51810150383250963557 -3.46190604636419374529
-3.28176015807130116997 -0.76145249837828687944 -3.67266773691302583771
4.20689683952660775645 0.85155357869301617768 -4.06073140035557411665
3.73453527579418587123 3.09648513037124839542 -2.22156908050072354754
-3.89308972758303140083 3.97802184271614844846 3.54711611992269038041
2.60141553352344789829 -0.41522412961988131030 -0.88497847571427001867
1.40918267164424459992 2.31073967352834497291 4.28713327313790326656
0.72300695267266412714 0.75448283045884068088 2.91915675433409038675
2.37776905489250722781 3.06345064092200924932 -0.44906205716564251418
2.48417766286955910005 -3.61948381449848577418 2.82121872346932178743
-0.06978154881889242489 0.46330387563812713836 2.07091960352466220030
2.21879153007520013574 -3.91699964184763427255 -0.90611579419981591599
-3.51274061771528423037 -2.87482914833689839895 3.16225243315516824083
3.80464895586259554960 -4.24567724150375624959 -3.94626763877512454215
-1.25107066520024190481 1.52755161530016092541 2.08667954764817142888
3.40474194337731628224 3.68525965760071994026 1.73690812750110623597
-1.61115552721350852039 0.77729722256842315176 -2.07106123999342717212
3.41974911898543609823 0.51821039353453901555 0.85588737202067566301
1.88233478855797198293 0.48629965966566501834 -0.62220050874106247463
1.06222170063687837427 0.99365787700374141878 4.49628908723729825425
1.52335638720134536328 -1.78214820759393433036 3.45053949643825230709
3.25731471053123566861 -1.83489779414516362976 0.10927847847059179998
-0.15070950136441663147 -1.59094100786404846204 -0.23515866395247364551
-2.92650982674955306706 -3.40413795692390674930 1.20086229990184545358
-2.74801109820233380177 0.80871008654270237770 -1.44221431470345962111
-3.47075446234928186584 -4.04923224146726390416 1.73114395111878405231
-4.37476551367749788568 4.38211952442724861356 -2.88159196048257326694
3.80256078910310524321 0.86220208136606402149 -0.27628066847775034631
-3.98402553215435961675 2.31059149354587578529 3.14554706294364994079
1.41670582801261524253 -0.72696548488230749996 -3.47648753428794821119
3.67300120272506180896 0.26945996019523565934 1.96241061896522772656
2.33648003498392409227 1.57869115413814942173 1.27772843385057210952
-1.20514816046635608870 -1.40324770441245760821 -1.83701364562907887290
-1.99181177377068507894 -0.80961592143967919810 -1.24799982112935037293
-3.06039049326473522328 0.40363984674675990050 -2.37419814807939211221
0.63019896566280664274 2.66349762948591450851 -2.25968156691815691417
-1.07711405839618201696 -3.68562008337543423053 -2.82639766142765180845
4.34806267667636614505 -0.20470424749696825018 1.24080415416535583262
3.34616446317247540065 0.38164063545010318279 3.86143164790268489384
-2.63237079909798010746 2.85894945013225854069 -0.83097811601154614181


