345
-0.48576005707194358507 -0.64795802149228443056 -1.49434326688583762888
-3.12103232631876847947 -3.99745865500665908954 -2.67086318995536675658
3.43449575072840396217 3.68557175560319638663 1.02262046659595196019
-0.63234422891006270007 -3.02165053091173652078 -2.46606086669514823484
3.74434679757383559462 -0.01908851529211386122 -3.05818462326922135830
-0.98673516123547155843 3.69416401211600042842 -2.87748546744775435258
0.65682712885818528292 2.41206276638687722169 -3.05878831244774174181
-0.14452029776991714982 -2.27369021620602751454 2.49973494164060472400
-3.31432636137794789377 1.87107769589880579275 3.45411062394849910362
-2.60357777940576173847 4.47833466739766361542 -1.66378364902769160238
4.13252894104998969027 2.68612042121899641245 -1.70147166499717839017
2.61216915611894151539 -0.75448855164744044188 -3.22833126246033197404
1.81566824910400548276 1.74531259073425815131 2.89134431509857670051
-2.92916588597750671141 -1.46304764751618687768 -0.45552713354825247194
-2.78768735037780102104 -0.41006370780990764047 -1.51511451577752742637
4.25569149750982145264 4.32765769925659338213 -3.89043457063398845364
-0.26197387156581708467 -2.32796814128847362468 -4.09948692082164178885
4.20416836900105383990 -3.08376232859435717160 2.08155091972503836217
-1.88832800647312248898 -1.07814310223794995736 -1.58608183028038629558
-1.75035242751626185509 -2.71184794658543770751 -2.49490200480552326567
0.74635692057164870761 -3.48542307858641109419 -1.02459818687953685412
4.01492560862983705050 -0.58522010581424943609 -0.09399624759931679563
1.66243991827099346636 1.81109767301938173745 -0.82655221154151625740
3.11897583212871243319 -1.56881563518114930389 -4.11779160754373929620
3.38796019761255884362 4.37256454829957252883 3.51170662397881994110
-3.44702360726694490012 3.68220993035046806341 -3.27240561568170829077
-3.78165901222436229290 -3.88238751410916416162 3.96159475471320643436
1.20222626396691278927 0.59126365168057404276 3.05271223512299805236
-3.61251239737675211572 -4.27981543555765142628 -3.92817774151262044668
3.63813551663227929822 3.22239432845656104121 0.02830023804190595627
0.76044418053521756207 -0.70793899432748519374 -4.32524358175694612072
1.78372326410244230743 2.34041329092889061059 -2.36512998336472612948
0.78503877545185929421 2.28721187373186918279 -1.87111748789511800339
2.70250554221713201741 2.37142658282168650175 2.92095632941133143134
-1.78071651213306658690 3.26725495978717983547 -3.65645781055734264697
-1.72473205781897664934 -3.64578660164860091086 -4.07341797131226712736
2.75404264419723343593 0.12681326653210334143 -2.39369207595595634430
4.49294492438440951076 3.52208347199389226745 4.51711499394583260170
-4.25627601842372627061 2.33210734104588635063 -3.95990317250905432545
-2.93918106219917874000 3.16237872544938181107 -0.64499543071230558411
3.43720353677307866036 0.87457777675064285461 -1.26849327512979392907
-1.13688399633888304052 -2.19426832135674665381 -1.71581493302906551435
2.19955902886413756647 -2.44905045737928661609 -1.61201800697163033504
-1.74571933167612680649 0.32597943532976181302 0.16633169002959125038
2.73160109592693611802 2.79949626607251200738 0.89620761050776565071
2.96130069723989919339 4.49055350568801703304 -0.00346692599873410501
-3.13901996228917834486 1.49849371114000096128 -3.21178796607314387401
1.44722965630773980905 -1.46119573706707228666 4.41158121511991208052
-3.90746685328927112479 3.11325199330565549616 -1.34385291244121551912
3.73704263844952588869 1.30675452999147534427 -2.86290590152767610022
-0.42279643745544159827 -4.09322934928629855733 0.27054912836999456260
-2.52036481212071761249 4.45639547104924726995 -0.12271695401587479068
-0.51674762844614985369 -3.16065512426283223846 -3.45839393604156386530
1.02828801056031959860 -0.33700195739702110131 -0.33201053860030604881
-0.48030529609003380642 4.53263237988111011845 2.22318539918385393861
-2.63383433319206750056 3.79675335014348913631 3.17902264563304903788
3.75949830059655720760 4.10948200677798691771 -2.83359528496544710308
0.18828839488575432881 -4.22651399213852041470 3.48772179685483063594
-3.00899922539253239506 -2.15203003562988026687 2.65020582479524069441
1.35490700691804111244 -4.15511676592203649250 2.68562376888699283484
3.00591236043610887663 3.26835130592385247894 -3.63847973054007889360
1.81070218886814870984 0.96574103155249968466 -0.26081472636349989358
1.66679171168896100852 -3.95343541452259517044 -3.05468996936260195341
-1.01375439260807498343 -1.93377725861363103377 3.29365789503739225808
4.09533777515204189257 -3.59195046556241770475 -1.26288581086585072200
-3.77785595257699036154 0.59270022693615409537 -3.18827077109307843727
0.27171773863059289766 -1.19232978557730762148 2.43950170348603823101
-3.06025029811687065973 -3.69763333225497747847 -0.32015163029964721630
1.35419190488637752878 -3.86333999067893829604 3.82630685294068140223
1.29511513178329717988 1.82383971189943139279 3.68677982683430105482
0.84405981242075078796 -2.11284802777654023842 3.39303914270075690496
-3.06516773774657425022 0.96732718371305015381 -0.26271564903892841158
-1.54237715168743338978 -0.85480895020609093393 2.13232938080560874283
-1.93631263346367621381 2.79068488798924363437 1.93220926429988626438
-2.58815924846738631970 -2.51257968016070876160 -3.06282684430960250310
0.57229820636976036496 -3.81756908913367620784 -2.55509196583612618880
-4.46443974937123311264 -0.07779667774681264802 3.47709297071131917534
1.29483293670811772103 3.78073246357308168086 2.75872708693492985077
-1.36598422674469288651 3.93700746902234666180 -1.54326135497562511034
-1.48527522804398071088 2.00641194673418166161 -2.21432246361416895652
-0.61790438294562477495 0.53886973562215789713 3.72642406156576821985
-3.54970575452945791284 2.70652236582970662226 -3.24346147120325101199
-2.14605798921512658239 1.55686093715301421270 0.00921298185054553187
0.10160094226114679827 0.83227775671740023000 2.31805972055928499742
-2.94799052524620552873 -2.46987739582132714844 -4.42698098706451759199
0.92623142957663695540 4.09323889829341691637 3.70641093086429318504
-4.10871026363354197031 -1.29471575026137575293 -1.09964367289069109290
2.42899143942923778638 -3.17661279345028857435 -2.52021946795280138431
3.77238327321728394992 -0.90568399418574152548 1.74352242902204768171
-3.85356630824507329081 -0.08880223366793771334 -1.49905875488319084710
3.27198277251325375659 0.69690806562435714255 1.82624661299167634354
-2.14989633370522881251 -0.68042336486300580844 -2.58721309021422030128
2.85298784962152929268 0.42535009316171290550 -3.99833930480569765820
-0.93544616440633188148 1.73434989215929658002 3.54669919217272688883
4.41827165060658710871 1.79835015837387945936 -1.59936731092632289375
0.17420703214683008753 3.74563801277886998520 -4.19883209219594277783
-4.05187878232899922892 -4.35121706924188345056 -2.87752116571394855882
1.52353421533739830096 -1.77434358467459230013 2.20274934947705514077
3.86159822032090449540 2.30043871403263278097 -2.87896089318413705982
1.17623319375674739717 -0.06767662201047386361 3.96821929285682895028
1.41964957737654717818 -3.90667824765552262889 0.68262202814361394587
2.47890850001620943743 4.45817890836840913238 2.18142843613136694358
1.60164919612001721561 -2.77064144996007932775 -0.67793287239850208437
0.85026207641016782190 -1.46242542868975000658 -0.39576973952229010933
3.36788923307101395466 0.27196876002205883083 3.00211162197593584011
2.28089539392993678746 4.36272229023945623538 -0.94104723198623840830
-3.41702930451443664950 1.90322630112405022373 -4.41875013104243308248
2.21222291582852204073 -2.42850497672989629194 1.42015341514597270844
-1.90077167707464234070 -0.73342823051248506872 0.87554228136337730604
-3.34530036976244682378 -0.30327685819390026722 2.38886172469155244613
-1.05761999308103238349 0.99953131637789560671 -1.33291806547993063603
3.50347598362839374175 -0.11680035163102608919 -1.43588884523304027852
-0.02562846855278255731 -0.25232918206218268864 4.17443117759699244829
-1.28113511633838417225 -0.16852038943723623987 -1.94451565579430418751
-0.27554440066716701097 -4.51931768031462333113 4.32498997056511580439
3.28247725766177111950 -3.57063353311462972073 -0.59255431091332066984
-3.85113565039078897811 1.39084061751996035383 -2.17937311141662970471
-0.08320404753532617548 -1.45014290243784582657 -0.93272877118992214562
-0.66633378276403787410 1.36319071301820304853 -4.36783931433080230278
3.62458430180499302509 -1.39174257421578584371 -3.12626837082568442838
0.18573151120741560050 3.32745205059586002250 -2.97501180531546305374
-0.28889963534804063983 2.55526569396354030772 4.13680548958155558381
-1.23143067208010315028 1.54549092177961000516 -0.57809054618839850193
-0.55883909335332138113 2.05650471175924121070 -1.15786141398753006371
-4.04595088395559088212 0.45732887786312126366 2.52157421045838781026
2.13317585713743174125 -0.21239714277637045114 -4.49686776556759415513
4.07799208178766914301 -0.96492996075426118452 -4.09938702495740781018
3.40540947160246076919 3.35696868794758973564 3.19497579773930961977
4.09159620045771088570 -1.62952481322013964515 3.10705024534455365171
0.65854455084537200094 -3.36405665904788397924 3.27633215944610789450
2.44783968155376729925 2.06960551958269256545 -3.64195118951295482290
1.34717638781402637704 3.54042713025298194651 -2.63579146492866556173
1.56231456875253371663 -1.72404468642652108912 -1.23007792493461476369
1.73855117550619109323 3.37490798187543816766 4.19600485988336213694
0.00193042860329928345 -4.18429051234299365092 -1.66328212595375291016
-2.07983406138905380089 0.76617942356736001841 -0.76792421798345067430
-4.18094843703931395851 -1.77231886802456495289 4.38036509379332539282
2.14930927920130088182 0.87586299414093815585 -1.30594100875246477145
-3.39991875880577065772 2.97412615091268417444 3.16050625386250505500
0.89289916468907559732 -3.94393931847409273672 -4.24800850667190221799
-0.29157639506878130220 2.57437281979805820953 1.52340254907510264104
0.65382617536907794431 -2.85410824835715670744 -3.69478814568560487430
3.02709789146331242904 3.42778309195436570178 2.01234880988861419837
-1.03107059331172923322 2.86920936345738475381 3.28841847882414839432
-1.77966171562742658807 -4.28049997223120914924 -0.97792625570221769493
0.63028610186926048442 -1.74528090053358475586 -3.94764249389369847876
4.33585129629769649995 4.26347215553888059247 0.37352717154344716732
3.69252563199172190167 0.51510184954581816896 0.69989631209567626513
1.41096338199703641436 0.56613973500831527019 -3.07203235634858806691
1.32277066369462747986 -1.40229917096802791932 0.75888376548514901998
-3.07743129580247165578 -0.51561701383575897495 3.69594774612596577157
0.09177521265495869329 0.89378369529511214608 -1.45362809563151307302
1.34896003592548208161 2.57609974597354263182 -3.93051894565836779094
1.39588517138083290092 -4.11358603974229009026 -1.85912971485792244408
-4.30428297637654377894 3.34011051421572613407 -2.66100247116891042154
0.30932933248021576844 -1.43347624342512691697 -2.29312341605471248229
-0.17419729544342565930 -2.32134722878925447986 3.84355628962033701868
-1.84450855963625270917 0.79751785994239998701 -2.02020205905285177295
0.59273744521023985499 -2.83657434200225111454 4.18284090123234175707
2.20327568656872951891 1.02344471314657159411 3.90819544864724743860
-1.82340818077130872865 1.13719425126134421333 3.63818915694237343672
-0.81693363360090209824 3.65065838940471376617 1.73794646425920973343
3.57065800271243016795 2.36366256672565455688 -4.26449208721140582412
3.04260270966246260116 -3.94657295269262720083 1.25089047859009827590
0.83390361071263274795 0.59198699207342642126 0.54437789500157407474
3.19775044651415196739 -2.79799550034197208603 -1.69515389369457247781
3.37849638919256367586 -3.84754349966203035294 -3.43194691150099284727
1.92217133360619119031 -3.46491578420281731709 2.05311229528795546884
-1.77705283822368054203 -0.85894009388498426816 -0.41653411208133750421
4.26071530424975986051 -2.62439911319665553080 -1.91267167973688412275
3.19927493382623406859 -0.73831058214807310236 -2.33886813307917762472
4.32833670929649994008 -0.14364575760886477696 1.09929841302750741505
0.43569499875366801689 -2.20070034105279432879 0.82659439858186800620
2.38082234410581516926 -3.58267951458653843844 -0.07755148763083763441
-3.37702928225675913509 2.27084638059180488057 -1.31849141974069539174
-0.68377441313753450913 -0.52568148499438827059 -3.06656882989527401762
-1.93815775680884527787 -3.59617697286325022077 -2.96866552852029119691
-1.02325804039559375980 -1.92452611991005451131 -0.66418483427584318335
4.12991290116073894723 0.47477818682228267733 -0.21769938899803609189
-4.07692806951305986018 -0.39256533953484851196 4.35828521403703827986
2.78758324279091063147 2.83903698225739020700 -0.88407253538872021537
0.46077712677004800668 3.39029830561894396368 -1.06437953143411778711
-2.71508225023380322938 -3.49100194646083705763 -3.72945764750109942653
2.91297067006366372510 1.79141001869885929665 4.19608359363909055872
-3.67089765711727222808 4.07894567694927356882 -0.78823429395818500609
0.84404976425761812919 0.72214447729486419547 -0.63690076834997544353
3.91684375707940990452 2.41677791842852496274 -0.64021969327160288543
-0.99821454788374763822 1.50473999996446927696 2.43222738340763200426
-3.64817697352453729209 0.79338003516276245364 0.98763542585143149211
0.65534961710306305349 4.15543003430525370590 1.94790031312013400822
0.11204339431436238783 1.46902839552078212648 -0.39127616616902027857
-4.06569712803934724121 -1.41096811217619100276 -2.22552159220169176734
-3.97854176405700377117 -0.01656071705968997776 0.28370608500840255317
1.59849769193481883178 2.87823355433423788696 1.23222460195867444810
-2.59950500464705891446 0.40639701626149893343 2.20847651893317564742
1.59062784767651077544 -0.56077908769145023982 -3.74148169440912958805
-2.62490050374214600737 2.83565016975185635317 0.26711833771971615903
3.77616907568725768130 -2.71662172852482086682 3.07056495335471790753
1.34077458195678023145 4.32859045385174479037 -0.42462762888885130508
-0.03614322986263385218 -4.15866217992972320161 -3.41115365739246234611
-3.53528974523850969547 -2.48287732172826647314 -1.11408360847386544989
2.00859103924710158395 1.47050034722750222471 -2.69658997836081892885
-0.67007214091838918080 1.36729611866221389960 -2.80750922442392392142
2.40909320504384805162 -2.31237451584961029027 3.26277575989081292107
4.28876162497601054469 0.26934449239708158075 -4.42451493608930501722
2.27341427445644761463 -1.87038678087069865086 -3.50105341016128779330
1.06353599867851666971 1.72621575519162195889 0.41939111040428667110
2.41945820129688105027 -2.32410814659949060967 0.13002594927264077285
-1.93011726615339807012 0.39388628131515179831 1.29543813962975562504
2.94461165968163829376 -1.32602961148380016354 3.11530641404705033182
3.22080020780391063084 1.92038086589753920208 1.80643542248871025180
-0.26362434051987104766 0.41801939437437596325 -0.29110372275924767393
4.16854532729575932848 1.68692227820680873407 2.56654200923870856599
-2.53810155325671349402 2.46872370310538702398 -4.18141535348018411611
1.95158159244859330528 2.87698823406783699141 -1.49557937796072826231
1.63606867609693562571 0.98269947874505181318 2.13203351424948284176
0.13357808727012354666 4.32259938784741049034 -2.68128883207812718226
-0.97579095639089796776 2.18034550433646590051 0.41829002402835158136
0.40135159346984661255 -0.36050787495086211720 3.19938896304573816565
2.46277718307176662904 -1.13459661413093204629 4.09496455783580071142
-1.51397128788899326679 4.50430182616035512666 1.63603128266643604860
-1.06800699885325434124 -4.32026716537028043774 -2.24397497856267280625
4.42198892669696075330 -4.11932570119697061273 3.53412719331302316306
-2.29263729883980538204 4.34011481912861807331 -4.03522434279212394159
-1.53673628533727679724 -1.55149340115739153845 -3.17326107367317167274
-1.04713600497997294525 0.72578486713671086505 1.75414193437795784547
3.23256674132816090861 -3.81917612623698721208 -2.24038054146971443714
3.08365020509176002150 2.35293985841471364751 -2.14858285115376501651
-3.13287302954497137719 0.53091969715276476904 -4.52770516095728137174
1.51122987422253896028 0.11154070607598853826 1.19437592457448271688
4.30644169987783609344 4.51844526626728271168 1.80917642051165916683
-3.96889429882622213341 -3.83123312226088819088 -0.98106275750665306035
3.27872752321630667183 3.23622566991353455279 4.38932980681480078289
-3.65601662184619646823 1.84508137496250590459 0.43729214613815337032
-1.67967768285697749420 2.20641762245159700484 2.77586777457965805382
2.58455843264680407145 -1.57746680775987746514 -0.92251696781450620577
1.79739581612947940670 -1.03586583539746879268 -2.12014451062481645849
-0.44002316379807293600 -3.25707151075100265203 3.26311464598621814304
3.49833420653393201150 1.29264393419400480667 -4.20228000130477585827
-4.09376004627454737061 -1.07081004677557167781 2.90988805661460325780
-1.29292149430576808200 -0.04477587961812368178 -0.79506348454581488028
-0.12656473271569179673 -2.90821388831698390831 -1.55348727917517592800
0.91227271774517770808 4.41247342628748473459 -3.47411737495207928461
0.58759203196178422246 1.74980674991014684139 2.46247870079954100930
1.78365896296019865730 -1.03113131730393092766 -0.50309886538356973773
-0.77143716534237327664 3.01485830293504442068 -2.15206623766675653187
-4.22081971847680570420 1.31949678591200747491 -3.64681251005377538021
-1.93792102464345550317 1.75994866502550273424 -3.52520730384499758614
-2.96743165884679216404 -3.47674430655972699356 -1.78275118428087164801
-0.12877821839786474101 -0.45676926659889804938 1.84870228343180098562
-3.01335557657264940801 -0.11326873989904395756 -3.65741371288392524974
-0.84982078922453130332 4.15026867393285581187 0.79984378231643482593
4.17867527491124324257 3.90409377719846251154 2.92887206771945418637
2.67675562372863495852 -4.46954632293139120236 -2.96137868760934086509
0.40693107445889609153 0.74564819480284505460 4.32544351883190092423
-3.83369896086152328607 2.72130978485227092989 4.14902197656019122718
-0.93339844816805594974 2.87807692095668077314 -4.09627633279385694465
-1.63337265087381844353 -2.64088791073943873755 3.96005493381224038529
2.33800544701950130388 -0.44039057399725312081 -1.35683610208735583313
3.71664563453832652584 -4.37858526078788834468 2.56702352746725015464
4.06654639840202047907 0.18952658211472606098 2.19996349594780671310
-4.31807353918618641586 -0.86367676986066133082 -3.15759905752834635351
-1.48279783117219565725 -3.40190330848423139187 3.26317747909055722033
-2.00468475973826354419 3.38850285952577578996 -2.39406287223191505120
4.00957037302488306096 1.32574014224417435770 3.64951082806395721292
-3.44921953929651081694 -0.57661484236326643327 -2.55977752078872633490
-0.01458950776033773877 -3.13962298081788038218 -0.49846493275266379186
4.04474719767925972036 2.51702592975694461330 3.81070113232297469352
-1.26964906965298363062 -4.11295560990708342075 4.21977374569893282086
3.32703901771879007043 4.38853969176162816979 -4.47088750014885150108
1.97249258284743955727 3.80240212574173508386 1.68121983839875444033
-4.24228656650228685976 2.20893516859468075353 -2.51774689797336259645
2.53599619575378198988 -0.31869765381183601249 1.70103695184166081589
1.54158682979940220292 0.72360622971652599489 -4.30835152073844973586
3.13386889117054767695 -2.59982849212787003879 -3.44824246086597208105
0.75126038240620474085 2.83560920136082383891 4.24865624363538341157
-2.39290528211627773203 -1.76973316996713503357 0.41590464739693011609
2.76005096073065558926 1.28101676665361363661 2.59625895177015486581
-2.14871484900642029103 -3.23204285228695775700 -1.05872704884186585872
-0.77738560963069192056 -1.45893000986749932224 -2.21094886346534957866
-0.63522501407746556623 -0.86673072527897954132 3.02631693844074867172
-0.20321827575087780815 -3.42543596191120913730 4.42866685844557128604
2.54528872437616193736 1.76214906062062670600 -0.06027814870774506062
-4.09950033035348759825 2.87745633944547840599 -0.24373948978495274531
-1.14806590129308228043 3.96840753521306677243 3.16662990745800687620
4.05140366287059361383 4.43299841659425108986 -0.82974371107271416292
-4.22212461699192598275 -0.95045693133463160507 1.88786481432948871628
4.26950383347394879507 -1.98785313517788830850 -3.87384785063784375936
-0.81596415543485845134 -0.66283223518963207965 -4.27653140843097023804
-1.79167473586436276634 3.63462894134342473507 0.23422467358091658696
0.04814806615764943842 2.01449807155016724636 -3.91124634259912573597
-1.14353917261722326515 -4.51592473942130379072 -3.44465862133730205130
-1.96478833631815774652 4.41231757821267489561 -2.85798782220768776696
3.72299143152538203339 4.51803051397772481579 -1.82691993632837768047
0.51385347589487295750 1.27764400489803531258 -2.53241612165633034337
-3.12866917099970542893 -3.33627889252452503044 0.97610822368246186187
-2.92490457076916943180 1.40571121232131002188 1.45172855204746564795
3.27857399230541624036 -3.24935417293705652853 0.38856634560756742047
-4.10917411150590705660 2.62869908814130770480 1.29111203749333736113
0.34828357331306314393 -0.98175760706744119588 1.11334550516032759759
4.21776570361176705859 -3.54769532440443091659 -2.55994995589940543823
4.06204015520404926320 -2.55317070014050706561 -2.99442795971666297916
-4.10692416093127121712 0.90125027570373639207 -0.59708549900948337807
-3.61070407646567215210 -1.01467866316338994892 -3.90236669380353173864
-1.06453281746591255086 -3.39458498454342905148 -1.35853337618609426585
-2.44605831766878267786 2.42502358511254190176 -2.46776983040725550467
2.22839589302431217988 -0.12839708568471763783 3.42658455215099966296
-3.80062539689844269830 3.55714766248638181168 0.61821952239524424755
2.43811688123272762851 3.26403682375211623423 3.52579824432064459216
-0.38254027682570423963 0.34535755180096661121 -3.99281537931346086623
1.64742176693423214573 4.31060117578676749162 -4.38235575149221645574
-2.11295491870896112729 -2.00074206764917406076 -0.83134866667242590665
-0.15364647379085827339 -0.14338778542220786960 -2.27775427956484133318
-1.40742075029828761501 0.38606406496990253174 -3.00044989258892735862
1.92965005498685915342 4.14677391991124633108 3.55888352099338423074
-2.13111436144252897051 -3.93820111367103420363 0.54152905478344770529
2.61191092155856630086 -1.88859688025926608645 -2.39828450260553482920
0.00429108878224671031 3.40024831739449684420 3.03020644516297377180
0.99965014214375269574 -0.30584749764168162045 -2.34541903029411358261
0.77394236049823739165 2.18007240326498230587 1.60955412014330168091
3.72272928456874918623 -1.83109142288688486744 -0.47327708726442185849
3.94266505871979067166 2.94981040529774585224 1.76618916602880293709
-2.41080908590634468425 -2.76672743524963538064 -0.12350517243113312560
1.28495263237901813369 -2.44219457175714271813 -2.07125722512905374728
-2.73936244695579267372 -1.41671696256445756035 -2.81928731697273171619
-1.06782302612898227778 4.06494729984892178010 -4.31467871822893567213
-1.51966355306557687754 2.31253487098940002653 4.20834242357034593596
-2.19884801191867262915 0.48448061950513832130 -3.76023435587294407867
-2.67229017865237272744 -1.79828835623503691110 -1.80089278571048971855
2.42577481285862806004 -3.86632881625942870230 -1.38517769015572289604
0.27665154801379543414 0.72288040137541997865 -3.36102017223383331412
-0.70160781911773906216 -2.00807577712012186311 0.64500842971548610905
-4.35368752798610270105 4.04565109711084414101 -1.75235464835888121726
-0.61417683095410513516 -0.63069914241234048546 -0.11993716757708661191
-0.40345465155154958126 -1.91985648558769161909 -3.06390792049198523728
-3.49045223962999218159 3.92033906559005895787 -2.24460175214069179717
0.97963524121902523234 1.50329273793359785572 -3.55333976573514220831
4.21799652039695427419 1.28063986422086539818 1.39205971270775208382
1.61193382650875172146 -2.75169793770301041036 2.66624291665024326647
-4.04891363243030699692 -3.31625635605779578441 -1.97878456272362512891
3.89706018882191340680 1.38470221614858512993 -0.42691912329463743703
2.47252687742317078801 2.58615471683304942729 -4.53326160563761781930
0.53653541554775330269 -0.53050500907210818013 -1.45625150924785984330
2.57542295738798632243 1.88631477643691614077 -1.27964258610871794986
-3.15519558631352436961 -4.50848279488311121099 1.30022211795906539322


