121
-1.65680489969665067918 -1.14436210720821174291 -2.69598543758494102462
-1.51774576980780917523 2.92097625189044318716 -2.25526439281124924108
2.14374194553614838554 1.13313566864110626398 0.81401103370547556182
-1.99491396494953443508 2.86345493398034278698 -0.93307982542192435815
-1.00150326312012039054 4.05630947678182973704 -2.14100291836968148473
-0.41467026531684325619 2.61939874810688078099 -0.77536695234544916744
4.18000527254467879601 3.77894651736062936465 -4.10017326314022323430
0.95853596764740078839 2.74704157374664692526 -2.75557182949358958624
2.86864687066108725588 -2.14330086422106935728 0.60082235157617969179
3.84867547180095836978 1.73874132536546799344 2.13143507112170560447
4.09286215404910524995 -2.05332546783505209831 -2.26333822144959917466
1.61693105598980224613 -4.14106547994992357786 -2.62217444974568048011
-3.65360781215671615030 -3.11094259935468731015 -0.58723100370034098106
0.59733692070900534787 1.30719895433640420634 -1.69438345914762544808
2.14323543971131247332 -3.35495776528193800914 -1.74818692457549085262
-0.11913902878120374851 -1.45508377989352499782 -3.33938404844079617106
0.06470939853969692734 -0.92533702158225183965 -1.33806337309698664129
1.37377821926607168734 0.38858406644327114776 2.20294239709496952884
-0.96129273261568659592 -1.93931115322414626689 -4.32531364550357988463
-0.81557245503564113065 2.93584698374360275608 -3.90743372125988930321
-1.59928651677540489828 -1.42262153540317060063 2.81605705066864153707
-2.82082359051843001296 2.12133675227687579223 2.56528677930004000984
2.53033652648868034873 -1.43698548224534405904 -1.88665111750765124299
3.74734860821849569135 0.82029891477467042904 3.38460707016340567321
-1.70244915058348889048 2.75803850515588777625 4.36612459837642941096
1.56440950589267391280 3.64918022206517900230 -1.37170747761091993411
-0.18415052680620558334 1.31857483816223464146 -0.82749745606933444719
1.65805431379073731080 3.47439255738086227865 -2.39252399599730614099
4.42620805416366369656 -3.20777588833740878727 -2.58710185660949187891
0.72573396275131329958 -1.03882567336962949867 0.93837886513147861223
-2.79630995372667090493 -3.50075663060957520401 -2.74528386443986383014
3.77566622312985966659 4.06579103056409518757 -1.24900218933073636762
1.60696094097395825173 -1.06760658519353102136 4.43736283390960917217
3.00106191091910101676 -1.91309328469280082174 -2.84502342807368835409
2.08840826703294890621 -2.65575232580153119955 0.01255901398968717331
-0.66097476842502533856 -1.07975472045668396959 -0.47089349092049115342
-3.99593974054973299914 -4.11789471115417082814 -2.93863423829121783726
2.29477981739530978444 1.36820338606470226495 -3.58394151368035807081
3.16258684673625634076 -2.10634865945919447228 -0.82083942676297461105
-1.41549978029752354658 -4.02720500229046063367 -1.93483129939910414308
-1.03826878516256826401 -1.92554168073311782194 -2.66333653376946388747
-1.03899164527750098586 1.06593617082045977185 -1.65930212425301348844
0.11802443828731501441 -2.77108392829341898533 -1.31686166989077779732
-2.23934146885087770329 -1.92181478390162485681 -1.76388064405173494720
-0.96658592850983415801 1.37242469684170043109 -3.47315992441413223801
-1.64259350501127743271 0.06630046156601299145 -0.31366347858013732264
-1.05403422164084137336 -0.19527896563075763936 -1.75774746071574661244
3.11067619741795375887 2.00894249048751483144 -1.56268607113373247941
-1.81162831364919885146 0.36989025503044192789 -2.36149641096745810387
-1.38796976677787586851 3.95600030676352165671 -3.49431201815253134058
4.28635916522060878009 -3.88604653621126638896 -1.80084775193673074511
1.34541632200690042254 0.06957070489144179248 3.52227698769128405587
3.35208238076729614363 -4.32109434034692796445 -2.35192006692091570841
0.41837584124106808048 1.30951448409753279378 -3.78587100875503779207
3.78963744048819339838 -0.82700999974888400601 -3.40385159367021561394
-2.42617857074571618980 -2.99317276724104086583 0.65576844270977208140
-4.19114887993666140886 -3.73716704864164572797 1.71942748182339055774
-1.69313340388059652142 2.86666105907010049236 1.13203193485770281512
0.76687154773375088013 -0.02599794159885426836 -4.41927230673333060196
-2.92005554005798551032 2.33571310709162993646 -1.40490839798695921203
1.03660985245929015974 2.79799597788712706148 1.66277155553671640575
-0.70319784462200551900 -0.75165956069598660605 -4.07863239417733236536
1.47892116450204369471 -1.34218658529010603786 -2.48434976328540768620
0.32637334814402763072 -1.21731899055206715943 3.35570734530093250925
-2.07540640776446982940 -1.69370192376705297477 0.16764657824165496436
-0.83421722760371608274 -3.15632713559355382316 -3.32373084386522510414
-1.10622691895134028783 -1.47397634628014984060 -1.60365707577143368212
-0.97969429359053128437 2.80408770134523521733 3.43347758456570595342
3.13763477975930538122 -3.00815112500619008529 -1.64353334054191524416
-3.16328409803057297722 -0.84690036800719337151 4.27120179802985244777
2.07065019496913560459 3.48360791314844586708 -4.27630571894652611320
0.06993479671108904228 -2.34101244570504674058 0.68113183667355059470
-1.82013658392036825617 -2.11311764470645702119 -3.66598116263435480633
-2.81622802265674998523 -1.40275441055424421322 -2.66828011849901347574
-3.31076884653460323804 -1.59982587689544519804 -1.58686386032105453125
-3.24018329492138468240 -0.57303892086018315410 -3.33386434931476882682
-2.02877013162278085900 1.41273763995992318598 -0.24959478803174928174
3.37933514189224837310 -3.67108673743198821171 1.75688752413720283840
-3.29347443654393590151 -3.72206859286011404464 3.87028399276679646590
-0.31747677024604303853 -1.11002264155021368452 0.51365044810777060746
0.64892992034817886804 -0.57584533013410688085 -0.26533623352011215246
1.29012052413247069182 -0.70980248910758891867 -3.62771626153830606398
3.32663935455624670823 -3.22664792516010434653 -2.61391406604750375919
-1.81533950939612065412 -2.56882798696613878775 -2.50498517629412997820
-0.21420992982004083416 -2.01414860190082878333 -1.95575804315325818550
-3.67160393370203230745 -3.68360201932415609605 -3.82177928566530189514
-2.45538310914618929104 2.33202143326938138301 -2.64254675273746375552
-2.03486970429235558555 -0.40497588955743246686 4.30511051964684110516
-3.42642693085404648201 2.52830612260578746486 -0.45520400319208231821
4.10046001379876923210 -2.85821011311337480620 -1.07095978347482567727
0.34694683217729149760 -2.98897781409694385246 -3.17300835436569528270
2.19483090881897435764 1.37581501520572668795 4.42224208017839526264
2.35999537475609777459 -3.71911641770071055291 -3.93463633479587882036
0.63415323358370834228 3.72188556343525878134 2.14164069737984963382
-2.00368597143194859811 -4.05675732919422582512 3.55811698530683617747
1.16518069863031303868 -1.83289172859690374651 -3.65637338461061389694
3.84457867833716004924 -2.68954079502947829283 -3.47632959451010714602
3.85697494977647092895 3.82259091392801675369 -2.46024747120458497918
2.22844695443728202378 0.80338719572875127994 3.41198951193250099578
-1.07924258859783783748 -2.10064312006337994276 -0.46581941836130980050
-0.75911186611847369932 -2.02736818184179901081 1.35202630170379034524
4.45047567978962188562 -2.81956835216062495775 1.08533250723760943401
-1.06558474480655407390 -2.60680281007310510333 -1.50857069843519076002
-1.74586400161662691488 -0.79771818612761169476 -0.82045444581375903681
1.87768060619888910168 2.22785153046654293973 2.38327491489154041915
1.32738485321238020020 1.13384402990053612115 3.80556438195038193584
1.39403933250122680221 4.42726984037902138169 2.61111726484531647685
-2.53025933005471159731 -3.78086912360277382916 -1.38610694200773476581
-3.39903963092480276842 1.53132734501968048590 -2.06308807193450682860
2.88854618625648118524 -3.23775715719643297774 -0.66193858223201118562
-1.91146824051226182917 -3.53181120803786097184 -3.46138046426256273946
0.32545125185821888181 -1.54390987388295375382 -4.46128156682294374491
0.48626104382872981091 3.91623131450759043304 -2.78797102477667646525
-1.82706669288079837088 2.24174779447651406628 3.28894130727260680658
-2.15963076464277481392 -2.62170796769167235851 -0.99039673862060872978
-3.50286349592538570619 -2.13733663232607407068 2.07420199477376687724
-2.33163532526272998524 1.11268297209556532579 -3.13883443916200732815
-4.46297367759873253590 3.04379431107972830972 -1.18391549346272251242
-0.51950690028418211597 -3.37862450279404846754 -2.14073465464507650680
3.94594043097409663545 1.37536389875291931162 -1.60575516362761128164
3.84837075026733099747 -1.83553353183158485251 1.42892808264267490159


