438
-0.51977379432138448578 2.85615436784915921464 1.80518189903466819146
0.06486731097921438760 3.00841241719752705563 0.71339841115064928090
-1.24358013834515102047 -0.17955949957226291502 -4.46248473270260781476
-3.44250619298121263157 -4.50378166750300312771 3.53674812706232355453
-0.69352874063151093154 -3.52460271109478195939 3.75164515039614787639
-1.51299632932351535430 3.44179346872315150563 -3.55434233011340250386
-1.92116041278575888640 3.68914608072105121295 0.42634278412921222667
-4.24242189275032455242 1.85740650591685785287 1.83076301937896790406
1.50440700295072549153 4.37008015872584021366 -3.37756649821611310003
0.57049460038090682445 -4.40062833099250205748 3.53242640953762521150
4.07892626306710415207 -4.51463045091937953401 -0.57986525162262214650
-1.06053494870265385686 -1.84763044715606694623 2.28896656690004540735
4.33015736384154958927 -0.62077243787817559806 -1.62970846800076785144
-2.93413856912449677594 3.98976555034070567984 -3.32883275354461671824
4.14938719111444154208 -1.82615882859172984354 -2.86421422122123425780
-1.84906285858208097039 -1.91234495681898586383 -2.72633716414477067502
-3.09084262419738831085 1.49775571067162349692 -2.47867949195428982634
-3.49231370446030098265 0.21030349767436895547 3.16489540664247925861
-3.03085734717116794812 2.17572063212773336716 3.49052501600165054896
-2.81567930831822099691 -0.40905397105399732283 -2.72119032310874509051
-4.11966343195244455444 -1.52053331871976382672 -0.82673773605633238404
-3.74526337561850919400 0.90895455618480358595 -1.90765893153327104059
1.23252197232469473676 1.54250741997917284465 0.33691134494750230033
3.14773248549222994797 -3.54094890157026087607 -1.82906225328342397773
-3.43023210686987400919 2.79674296765134666742 -0.09553549171895614478
-3.49220235601185136076 -3.99475026298799296143 -0.72041532889309056742
-0.43627887120880881611 -4.06117839601545149719 0.20254804886947574971
2.04712525280206580902 -2.25863141006164314106 1.20214656469905900593
2.30541542474326188739 4.34276824089271418217 0.74717037942770758718
4.31284109291452022461 -3.58580778039398984092 0.98603125656581713798
0.10206661440217601466 -1.64469870913914473221 -4.18387896940526360368
-1.70706686937352358768 -0.63930111465913075364 -0.68930698156424519141
-1.97302801146617001748 -3.06773533345416149487 3.00101689183699438246
-4.13494632711425147420 4.17750833201722127086 -1.50519788243059338129
2.38201731869154009757 3.38351076317701160434 1.86393893527388865294
-2.33592597475523877648 -1.59532040072310010714 -0.63871052001757622207
-1.03804861158688233047 -0.21177510195835136386 -2.10828866431778783053
-3.55375829943435483926 2.93031005842797931393 1.60426075540739798697
-1.95992371266628051529 1.73310305934363118041 2.78868467479470627524
1.11322613071045761757 -3.39115165142050623004 -2.39787253460103766400
4.32909316586648085234 1.06946636338964484736 4.31027998880057960918
-3.30626821361542955202 2.14560421892571007163 1.05901316107452014847
-2.24871463278388139528 2.55600650248772698347 -2.16376476471668599544
4.21845179016754290302 2.79029817312850259015 -1.76150815604022081828
-0.19668692635608930885 1.94887374343243013897 -1.26022670231617350822
4.27675204510265327684 1.53014811913488646411 -3.65304871289787813637
1.16961975602045598066 -3.59624855473648130655 2.15649870206617944035
-0.65670078848352630985 -2.34902993855640529475 -3.41362329509433015673
4.36366287087702087177 -3.70791251313758163377 -1.41292849554350397057
4.47017642133703230201 -4.08870635885217037497 -4.40940544219680763405
3.59867523564057645302 -0.02637017120115725533 -2.34251032556932115014
-2.77301433207437675321 1.69745170977074977259 -1.25334145626005710739
2.95354257020848454118 1.17946397246578893458 -3.47524851290647962543
2.60855490903526998636 4.06729336602587121519 3.14555221965041109655
1.42729013595179310414 2.63825046871040314045 2.56295317923948662298
-2.08958401342209709739 -1.80583610023201046602 -1.65690963922061484936
-1.89353311323057216242 -0.55310665536771974615 -3.78719141816119497790
-0.90687849818141641478 0.20795244482252606133 0.94742293472620264794
1.23151571495435607773 1.95565902149894288442 3.39010951484799072375
3.37171124756462869954 3.61504322025236302096 -1.07038095852693349030
3.71317729532519802405 0.95335022235553257275 0.19372430239561388987
-3.47508951056553261338 -2.79745804300669487219 -1.72254262363225940646
-2.12701547181042416312 -3.47209070254083362883 4.03141910766503830388
-1.72614507529132055197 3.73773683404865852964 -1.24641730595054589514
4.47792170978355930089 3.33673206171212388682 0.71035460852245879693
-4.36042800786065587459 4.48582688533684770249 2.58523161521513511474
1.93776221261569236987 0.21723176851387737685 2.34506003386466677085
-0.83497779593042542601 2.68346514168680183587 3.08417558112718559471
0.01073749826760472814 1.95865017287042686434 -4.21927944613940653085
2.97082090190563086196 -4.25282640506243758693 4.29510624521960604483
-4.40784513172173575413 3.66912644422178946257 3.58229770916758116783
-4.19730893283247485925 -1.13988033651155529213 -4.19543085486504896409
-0.99315540478555686121 1.20954020693269104214 -0.95277239988752171485
-3.05280712084196004241 0.52461185017815026299 0.33973135726954684088
2.18157412061773126055 2.92128085756610023083 -1.61323512825192683096
4.36815170864678048446 1.80940957659412138270 -2.10293197210606930270
2.89619657807317310017 2.69078786303154426918 -2.52564677033203022205
1.18763235121707300124 0.25288967605296175378 -1.89729901628425512428
-2.75444591475857381013 -2.39683867781977122391 1.88882938269935962694
-2.51707747059191433436 -0.21656349234120941816 3.86497349605436735231
-2.33663454110670754105 2.27337232149999923791 0.54288050232427487174
-0.69689099791859376865 -4.18059719516705197151 2.76476890595961766195
2.57425691934675526795 4.21370892782821737654 -2.09381220417759594810
1.19439845977306813296 0.61600180216776401210 -3.54516155144797595611
1.54061705434673523740 2.40250078434353930845 -0.00912699007503992021
-3.22190387065337446870 -4.38653651948832301599 2.25173502742139941546
-0.86296374174727175088 -4.33037965093646892711 -3.10286599121121708933
-3.44176144913791492996 -3.47938933367045866163 0.60154938391718726365
3.29968232752285306475 0.22691453830898211663 4.02646552646698463462
-4.40961129117581140946 -3.95758643941961185675 0.14427532916630969595
0.46648417964454047535 0.14131833942991001152 0.57442065129324149098
2.01743673673445478300 2.27955597705388068874 1.09184946523626091874
0.17535642862515388174 -2.86102671768912797390 1.53061129398321416062
-4.17336183492299284126 1.30759890448779714234 3.42423557082064355939
-0.71359075850307052136 2.04201026096937798826 -0.42585931355649542240
-2.25278584998416464558 -4.53635624582675411887 -0.56933319688851513618
3.29664986802811110778 -2.11135647589237152033 -4.32906785573061814176
2.74442987037513841386 -1.34111078932232574701 3.89666286513478166142
3.05065604819456925867 -0.57462827433215490913 -1.60975308087311574923
-1.87764184403021827663 4.45328841989495582965 1.56512890209088251225
-2.68351239503028660138 -3.21782887317578270014 -1.01109932841166738626
0.04940824090876638763 1.14029807629003343550 3.45787762705897971927
-1.80185190206184486783 2.17230487017580919940 -1.03672940932206625320
-3.25304982671364051328 -4.14903284682209783085 -4.22494542155122232430
-4.28189274867096258959 1.33114554120825356875 0.23429452256847849156
-0.15182565532364478145 -1.69185796673021737746 2.90826309539715666119
-2.68650392036574992005 1.23781136277095082932 4.39995628149495754400
-4.25428333007736991789 0.73868939298806424176 1.11596308972028790407
-3.41123229803650396263 -1.50709454916356744292 -2.30548618529905757768
2.28885661252859851089 -1.32726917463395555075 -1.24837242927626590472
0.69602720458261835290 -4.06663077032845343695 0.04112837164118232636
3.35141708688696482454 -1.32536436685187952733 1.95310402551245321234
-2.89355473578977040461 3.65200902452488218586 -0.55718858019351946709
1.61244346129514593002 -3.34075157620842411177 -3.39470666499975060049
-1.60533925784607633958 -2.12991469945663203234 1.24014001802276219166
-2.39724616362372211498 -3.20961055323478072765 -2.10766403632015197900
-1.59454518350975726904 3.58917450171645224799 -2.49726767812542682634
1.14486098297238747534 -1.05228332142875791178 4.16553977276098041926
-3.93985639813741705950 -2.13899575537853303686 3.49383033681329013831
1.95464272663025351306 -0.07273571344020623997 0.68648879115645655702
-3.92925053745123875615 2.01558367643863700636 -3.68667891201944408763
1.13160217341617030939 -2.26234750170293752447 -2.84399475583407745916
0.88758072538490484504 2.27557676119157203942 1.59446936524826465842
2.85262183950152170553 2.02490599882585353697 0.02968338023262528935
3.68207202553263801548 0.68745347610307749875 1.86958899353883190031
3.07626336641037223529 3.08948184706293016433 -4.07024601149028519842
-3.51245613330285966214 -3.36609173582514209500 1.98707920208163546505
-0.28548978041638939374 3.78637176943576303501 3.02420468890789262417
-0.03670055629947821529 4.18124274874793844248 1.95658234844308243083
1.80946807390874209176 -3.83799543626882488923 0.35041631994501898362
-0.78341068524515389271 -3.02923292047775083446 2.35484592704121009632
-3.72534612297423839422 2.63657271326306297254 -2.59995913671051681604
2.85026411348054953265 -1.59124838081620945118 -2.36003364177459751261
1.16805089027802910806 -0.74554517519960983307 -1.12715249485102386728
-0.00606151773088114965 -1.59916333145398370519 -3.19135048987756819727
0.54184540997130881124 1.19539541960375927943 -2.52565949292279690042
1.32756193520506027284 0.42227507338810266191 4.45527327200738110236
0.08285522420317015246 -0.52749597414488214042 -1.99875258814950917952
-4.32749168003882989098 -3.96738490244570396470 3.46237843085891494610
-0.52628894890677102580 3.86831208225400313694 -3.51127216605225589419
3.86977875120616854332 -3.19802810019910888073 3.03206388744069599284
-0.78575581409474715144 -0.98231958472588587483 -0.10734049701378456376
-3.42213929550715478811 3.41875406824153493801 3.65870259127762675888
-0.46730329363074840643 4.00694303229020665214 -0.45831613642163215872
2.49771852219170664711 -2.39765477143374061697 -3.49043926630199763395
-0.04992351338610223621 -0.20298980319449633214 4.23550155160758645678
-1.91404020632554772163 -4.51563315283736610439 -3.52979370408400550119
2.67242738437052818057 0.71551100762140062983 -1.65041889262828256335
-0.25678084880051432748 2.91406705832677115353 -0.56090505384022337765
3.63505857898952466911 -0.00370951238348382617 2.68188043654392505033
0.92994281726146876821 -1.53434926731532694788 -2.00892968973949992417
-1.63082565952312030788 1.31228253408758543941 3.71701465113235496318
-4.21386798323501210461 -2.75547350403821988962 -1.07304410615644352234
-3.22423633598139902645 -2.27365508342862820967 4.16483421284722421518
3.55467283641323827936 3.68229779193490980305 2.45213231508176132678
-4.47538959265893954154 -0.67575359924885347596 -2.95739603361308267537
1.19976181436524775847 4.15836260330925977513 2.40682087840811131940
-1.43343041795086278967 3.42751432618921647588 3.94885992854443745870
3.59226711844147938990 1.01082138349592387527 -1.21517783418745128898
-0.40877565755259404057 -0.05129175046612122202 3.15969765074842623420
0.39209855575924379423 0.99699678289800974795 1.19472873560623771283
0.13158197154231476844 1.64961927026640342575 0.16794844251157314829
-0.40005150989357840530 1.78368794231318172905 -2.46913300770957722108
-2.89364811619410788879 -0.73548607884334282758 0.46498599061485723638
-1.33186654787200708938 -1.41871885214889026372 -3.56641477552447971888
2.50602478882364820834 -0.40530205051662804294 3.14649887829467278522
3.93026411724115920521 -3.09474078683813669244 -4.32263255529779311104
0.54951463158648827800 4.22788452389888202987 -0.53396129379099388501
3.50136085865526691663 4.33176297884566441354 -3.87237509351246256273
4.48738044322884288562 0.98889479079574638121 -0.64392670812900343336
3.65170421661249999801 3.74688274462102821616 -2.08856109782444221423
3.64915382298217050305 2.04815483238011086797 -0.93221033822359222754
-3.62170732775963655214 -2.01048056441008782258 -3.84259083562770964448
-1.48050088204383722967 -0.08609584715817764078 3.55517360824654371498
4.23981104851577494941 3.81754450249048549182 -3.15126515030618836732
-0.77120597851016592372 0.78523395922017069637 4.14349456174608032910
-2.06604728988037722459 -1.15354095791512278879 4.18106130661089192557
-4.22101246934636886721 -0.82435171408258200998 3.00903820564988944142
-1.78387852662676538174 -3.66178882157185414670 -2.97608181243881064759
0.29596873560359782118 -1.14047347549833588687 1.84948892927131414154
0.77742146759705033077 -3.94015109548777875403 -3.71760132622443473238
1.50381567405011562499 -2.47360774566623842219 -1.66041311641198285898
-3.32079020754027487428 3.88607012187709965900 0.93934405565517931080
-4.18511762969272904655 -3.07476868246581336308 4.43018152759399530538
-1.58012947852814233940 -1.08542165287325831358 3.25550397066557284376
-3.14950372781947107725 -0.09531856411402284124 -1.53459158021538133454
-1.29875124507400441232 -2.30362083435441400425 -0.17545539027166601187
3.54933211354905164825 0.99690149859439891600 -2.25422795490124050488
3.01788897574391068446 0.46137732344199822165 -0.53698116703228837565
-3.90459077411241306521 3.65348345013586861540 -3.25904606043181388486
-2.13453931724204171161 4.48006308537018238525 -1.72454131080594663672
-1.02904483607786279009 -3.03238222221409836621 -1.96300004482674772532
3.58395259802132049032 3.51215720917870388718 0.15595461605862492860
4.50758189424758537456 3.34813154503436560816 2.42411142468811480200
-2.87171515358692674980 2.70195129664597732955 -0.83131556075933676908
-2.34003792555566603184 -1.52310971520010252078 -3.90470894835908932663
-1.28582872330569797370 -4.48709299615812184925 3.63429260824210142999
2.10658824359787377745 1.56838896142269579315 -1.59926375983873692022
-2.60306344446772719436 0.58822135880954906639 -3.41770227464850506749
-1.97008706182790271910 -0.06643196785760530076 1.20018886425310089550
-1.02665867445445613271 -2.01760939304070152644 -2.06236722970071406635
0.52576358860036975784 -2.75107007844113971018 -3.50197951050382938476
0.37800943372800244191 2.19036918756012699561 2.60112728589665298529
-2.25214827282778751183 1.09332991007454172205 -0.65033913260777431731
3.59423380549342308399 0.09012664837197181811 -3.87396646747433814895
0.12952278719669152451 4.02466832155372866708 -1.55637626559730968268
-3.45006691615808103180 -0.66439297547214826167 4.00096875674366625475
-2.42170266428974390038 -2.32707881115799519733 3.61163225710899826737
0.73004784508451603386 3.04962205138783648550 -4.13697384972599380148
-3.24702300906739083075 1.12031380540214176023 1.34114419387077532519
2.01142542054521111794 2.94247769811065751355 4.53400112578810965402
-1.89787288550315480506 -2.27504469782390161825 4.50761438169914452345
4.22491147803696431851 -0.06493352846534161671 -0.61661488773861794499
0.93218100383125612751 -1.81435560645664351043 -0.14428329409271078987
4.00100192941032073435 2.32854674295401320450 1.35995451876210982078
2.07129999378887941219 3.07340703500863110520 3.42957314808687829810
2.14469307924420338196 -3.48504322172975466998 -1.37501765761794558784
-1.08557356990860665036 0.79788728776078254867 3.02553189186037929659
1.84123670953034856979 1.81126552475456303881 -3.22269742118982227552
-3.66348694395499974163 1.20380596155560404270 2.43570160479071784465
0.07422441852483441238 -4.42224291902868049675 -2.90374355490008628777
2.05769197968465977766 -3.76106383890115081314 1.47682192530963884991
-3.33720930215105138217 -2.57520716088911028052 -0.38859053500420248639
-0.58474575024389086053 -1.15536561197312437343 4.16784395636893645332
0.43671006863465677839 1.01360516096048147716 2.26850545403434189495
2.02945953853997895777 -0.26780351656663015092 -1.59902546103612230866
2.21765164332429609573 0.71399673001581032139 -2.65598399081978797653
-2.46906053843329953423 1.78391648232023403153 1.62909038649329573900
0.76532768125804562231 3.27097654255568048853 -0.04563976461849517108
-3.29566664357279970332 0.74135571471968564339 -0.82253762745194247685
0.70231969415419648328 2.37817479516924912275 -0.61900831986880433533
3.68281899229330544898 4.25779532482456080089 3.41354366510841789051
0.67667999961528746411 3.21130431541829430842 1.79376649115062303252
-0.46064034029296774264 -2.81753381049595486019 0.24300220819562046159
2.18489258709757816490 -3.80302727205191404281 -2.46878090933693039588
-1.01797309387346768261 -2.74606904662322515165 4.34415361254178211681
-3.44840282656501928571 -3.42735453005789247882 3.91120758336367746466
3.36748023248217887016 -0.54414254431323705319 1.17826422050395773766
2.24959975792510036285 -2.33060541662581677258 -4.47469546185190747423
1.37494508766182832460 -2.99245393676268811589 3.35911584943887486787
1.96653549869807520167 1.29261760985276019653 1.26835270729707350057
-3.65940844424851441374 0.89282394329447711812 -3.58172318574864512186
-2.41558747400704376673 -3.60131081739228164906 2.19331978962043994130
-2.90363071566479158392 1.20696435660246148558 3.11788816514934197244
-3.78464184294570138434 3.81709190679865795204 -4.30290901157881044981
3.21148805274773074814 1.34424818275150581570 1.19387960031165096808
0.63021419730304018003 -0.87805617744320230145 3.32317150120381743506
3.33248244568141949173 -2.70122748356966146943 -2.54940738405076583462
0.27411706052324902316 -3.52185557154595230145 0.78161599127287662014
-2.23679101532108903783 -4.41523733744995361405 -4.53765615861759830096
-0.21910919212167812020 -2.55060524762194962278 -1.43138350098011635225
-0.96962241590985343009 2.63901184084109896588 -1.84581392423631251987
-1.07162022197669593027 -2.27471883794859675021 3.26484369680697472660
2.05916515113657094815 -3.57936726437165875225 4.01871866221704099331
0.66607090641090049843 2.47657645854946384389 -2.89885111564732511624
-4.52915102734780017357 -1.73630870601921305507 -1.86983010045381270459
1.42584068416916220912 -3.07857689257320776832 -4.41637144052582808484
-4.01034624807290462911 -4.30463522798299713656 -3.34521137467100615481
4.10788795176988497104 4.37243411594249398178 0.79625941630271590554
2.75062543437617357256 -0.58486250846767351419 -2.69235093467287400770
-1.55673294526536842852 0.79209477153618745859 -4.07164801262834519235
-2.32259483848425585251 1.05725170028311143966 0.73889443848177194241
-1.25324783063671629790 -3.50455850875780994258 0.60948151604372924339
1.81880919870273505268 -1.25409046540026114513 0.69557939070711327645
-0.97949697492025444845 2.89995070817622924153 -4.36977883765039720743
4.48274612677735273536 -0.20193667784878677196 0.81798281840866060577
-3.08631698209498184227 3.84391582995564728975 -2.16847576077715809006
-0.33133394516658665196 4.27166966030361994200 3.98608659152326172403
-4.26176983537642950495 -1.95383862153021947705 0.99795781914441139548
-2.49961360986722347377 3.71485671644787718293 2.25356321260038772181
-3.22365957987604900836 3.04636485357742348157 -3.77841722496277032661
1.03649372451803944983 2.09405599327849056834 -1.60221446326018979178
-3.10145094981117841471 -3.99605831603915850891 -1.74638782738745934608
2.91406585053763844684 3.69501573435537533641 -3.24201491521446971689
-0.67530166694386783988 3.17219103474446839641 -2.82385131168855352257
1.04756399832089908131 3.58409141498742211951 3.39310852260433737371
1.62463179269327184784 -1.09039571402728041605 3.03309913026728583674
-2.47818556850022231330 -3.41951750498197037942 -3.80140306593893972931
-4.50303172214506730597 2.23511016644978166568 -0.25337457124914575246
-0.32293958985431636677 1.76996320249792304935 1.61267160843081747146
3.04956152255092316494 -3.66545421722874342763 0.87538655335530712875
-1.53909153447020052852 -3.61599894012442080182 -4.16678530455514017916
2.50883161609151095206 3.25566475613727313032 0.42037670939143190196
-1.28578558285811661577 0.95875253035572605143 0.18762742872446125375
1.12725765161415392157 -0.23444410004158200422 1.30650671136080021029
-2.21069872366326380941 0.34045757400927278979 2.78275149215460970709
3.90980313171061855115 2.69684076383249671238 4.47208549930132814865
-4.07844321285221944606 -2.23435346410409163553 1.95235820686494587761
2.05490509574220059363 -0.91115442985380967755 2.09211397564551138117
-3.02120717922605397376 2.69796675496256010973 2.58101012858020961716
2.94156296967750829907 -1.35030616239805123513 0.93613101746648297308
2.43114284803392877166 -4.02327928513752741679 -3.73950886840639018516
2.46189466062669115587 -0.21879861883370033127 -3.66445429865904870326
3.97708097472603316902 4.00808763491944741730 4.41485091132666607194
0.29782336803722042617 -0.75726816786244910418 0.29264232865858375021
0.71411581786993050258 -1.60543343414535000235 0.82364062963640893855
2.04993192938266499681 -1.05821539683851373326 -4.29619315444066796061
-2.65308198334568645649 -0.78932558527476182064 2.90621503113368806481
0.95352813724281482166 -0.06649284269783617418 2.31781192105882372090
0.94957310463469823958 -3.86924971602744438570 -1.15114325687505925089
2.28476720681176193040 -4.41616056389339473043 2.27626179278800488959
-2.25221301795246020561 2.97506228587019361242 1.28765169187765060599
-1.26308485522414271074 4.19074415323753424190 -4.32650177789879997192
-3.32709849850423777795 1.59949776564142442936 -0.17577983384912965192
4.52913710684400516726 0.44297740960851683667 -3.13383338023197133282
4.25639634771922015233 -2.64674505201741849802 -3.51079914482532062792
0.27369071741027539701 3.00075117667665036691 -1.66955905016716332767
1.55295659473218439217 -4.24971701970174642327 -4.44566413158852835608
-0.10111159481156484219 3.33509101182735090418 4.40407060005712391870
1.65840612998500613884 0.47443894364629102256 -0.60815672342316506871
-3.25673478649679370989 -1.66336228104385508431 2.88959049151510072306
-0.35259321958976386213 -3.30659997735355792869 -3.25275100685067064532
2.00074498089688734836 -1.48310801992246421577 -3.30347869629031043459
2.95932226536840214948 -2.66053862057311407696 2.65712433024471916809
1.01872806388083692042 -1.01531266457737334719 -2.95640428925458831344
2.31888119364345168805 -2.77465504181575051135 -2.48586189752211694781
3.63054705120434118015 -2.52475104892978574611 1.91608424181291603361
-0.06617216980284013061 -3.85915266483977692502 -1.84901376330387190450
-2.26401204323777971439 2.81161774065158009961 4.12277742939256253152
3.32230978345788319217 -2.73788460003550060406 0.97191429749171565078
-1.90395413931888324299 1.45883726457327789205 -2.06254796143384844243
-1.53424663318193044148 2.43007141943277638063 -3.00464733865341804275
3.82881468463040430805 -1.10421497461008444319 4.37908985581238230367
3.05873428886883402811 3.45483938057581418946 3.88591190853638490665
-3.81231303150751443809 1.44531227308410681331 4.50473797125001507169
-1.83837373756257171920 -3.66103003908468949135 -1.36179828638906474936
-0.45554996666103608760 -1.78378689143324820066 0.48199942812956741989
-3.33042836773530215311 -3.63982627805304970181 -2.79056961777962353466
2.58069990738255050644 -1.32483343918839402420 -0.29714525595603369368
0.99661784122231633631 -1.80451319059396020350 -3.68738734218075414617
-2.27162587773084556630 3.49063717123520422803 3.22560639317436770312
1.38502977479732702903 4.10065145229717220587 0.16521913600561521918
-0.10492280739964954250 0.02065619172589361341 1.86152411059098898960
-2.62900727699597247522 -0.03948689985078157605 -0.37998296222194305471
-3.73235616667186187456 0.44991292195949039723 4.44201532140913268876
-1.45051075392607842218 -4.48309171787546389965 0.11446152989762392593
-1.05046346922416322656 2.22122252362793570768 0.85087710679887607057
-4.25818299979755376938 0.29592784541204597559 2.07406671255171914936
-2.58262292710172181032 -2.98257900293755406906 1.08604387467540064449
0.97325542562157352222 3.40748296893587898637 -1.06956885173116189591
-1.64229371506275745318 0.95356334682340104791 2.05810353115893374110
0.63501381867111739155 1.09396966058493294582 -0.69874853794972136001
2.81873598251389179126 1.67766504414898331987 4.08058947493794743622
3.37749353879442271165 -1.38506144867143365929 -3.49252187056545126964
4.13536786833252367757 -2.09988263914822992362 4.07068706989179407429
1.59600556201099674780 -4.11046759197827427101 3.13703035947977237896
0.55020571571323539928 -3.53923928480821192721 4.07668035845927700933
0.50860301023294862688 -2.81852049999684917125 -0.78479789777858055544
-1.89468955621961487878 0.07321661363509157638 -2.61014665293230407883
-1.48108594888547351331 -3.28093125803063090373 1.65553144698508791777
-1.88839005917469293649 1.18665783553704518027 -3.18571858110866523717
-1.40876310774343727061 2.71844537962347754245 -0.00702414532552531057
0.19679261594532437840 -2.73440735377247357007 -2.43215128108186151579
4.22998242043242367316 -2.86621111971336750557 -1.96049508424063301248
-4.02061332706460827779 4.21702679689322135204 0.22544805438954629295
-3.04838962306370842015 2.35273641653040765931 -4.52701285420072263577
-2.34693582322072602508 3.73911454946819343803 -4.37032865824295591040
-3.98149960488468401820 -0.67475262180726502947 -0.18203745174450869371
-3.73800297209170739876 -0.85858580306936049809 -1.49913062050555856430
-0.63187677601339631295 -3.90035216235961135212 1.63921127416526868359
1.09638932322440751932 -2.82845511295910245764 0.77187788124241496490
4.47886368449467209274 3.30291856678822792759 -0.61839634087532413531
-3.03495570373742040715 -4.49448676757277176819 0.23867964457087165187
-1.74416268194186585561 -2.58924661061681016250 -1.16772772336066399390
1.87336323277655214525 3.34324485744652211139 -0.54506566326350025520
2.26569986761228481242 2.04044105873268666329 3.16754645203165186018
-3.51183057866772241340 -0.11934632624125640632 1.03545577392819687645
2.24354636289943609739 4.01915739143788197651 4.47186188276538043596
3.25008651576540064099 -1.60762160354962890807 3.00560690291060250701
-4.15454997420614091652 -4.14555577752656123636 -2.29527348257278385191
-0.85713647414396421098 1.64876367293329373354 -3.47096525235803365916
-0.88504686116879716096 3.92158215405384513730 -1.84453248577219897086
1.74599791127944481417 -4.52968703811259221226 -1.64018633321327955699
0.73695240056000077544 -4.36805070998411082428 1.50194210851145726338
-3.57883840013387333201 3.71947263717550224982 2.22159623184572030397
1.39230136439395213444 2.13240287846661225046 -4.29162585274862617979
-0.20095512332262277511 0.63922998088813542950 -1.86095912974734734036
-3.02817751185558847737 -2.95449200767555986147 2.87090190710928272466
0.10565911278770201420 -3.25024634309977766833 2.93705769340081346286
-3.90979214626514837150 -0.15119247393073376173 -3.75576366684997431378
2.91523655860744934643 -3.11320226585288750698 -4.14701401975309291714
3.48630427931957687093 -1.09971214921074844639 0.09317650935498722475
-0.28121458647506170081 2.71961858985409765666 -3.59373892032835406951
4.40041901551150882455 -0.16908093639537558062 4.30474265897518737489
-2.41421293970664185835 -0.83568004447973986970 -1.61234084552256096146
-3.01456892406075604995 -4.10926573528826200032 1.26050166785066419806
0.76064712172673853985 -1.86126135730541264479 3.46228897313038341821
1.16612089777942617985 -0.45545576616031357986 -4.05383148218390676476
-1.32870099628582849505 2.32440518753349056880 3.94053865100206568428
1.87085623736019446284 -1.01631637690370713045 -2.28362731580435340817
0.04451505352026341455 -2.66825731158128887088 4.33954958159560089115
4.07635643742171271953 -2.80416782602742076236 -0.16644907394584151916
-1.02510128882494644387 0.75248618700806968462 -2.54195129786906948155
-1.73435110694541183562 -4.33444310313564695747 2.71656732496612551842
-1.66826315198813901475 0.15878519046452588270 -1.38884308962197122739
2.98408127054267513500 -3.77219774643511884804 3.02706881630992707954
2.91931938838329507746 -2.39019847680787966837 -1.56101283501071419479
4.09133823892708914371 -4.06571992424553574352 -3.43590951508107256274
-1.21958321435579186698 -1.28869818171229111314 -1.35290220841535013818
0.96923496832735356321 -2.37813491797574583231 2.08430025403564389563
1.25524004128353627863 -0.54212226460088652757 -0.08422880790930165062
2.24794532020729320720 -2.24775398970557871436 3.46166769380785677157
-0.89089890324430465185 -3.32372247424842282015 -0.52179681018519996627
-1.98782053185417995067 -1.01093182909573764405 2.11500562554702309370
2.05908522856222386821 1.10772642920635622232 -3.99077957649024206432
2.19310490784713962853 4.37319374994457543693 -0.37814547431304124103
-2.23365610489569554886 -3.18720441961208189596 -0.02885318142030346422
-1.86164926084246662441 2.12945657951611444503 -3.91198242558354269960
-4.41746667989483476902 -1.11655110521374112409 1.99026677782431260511
-2.94838539308548197582 -0.70007555078402194937 -4.23848368631435512555
-2.52251514267484688858 -2.63482620523232391463 -2.96707717051849773071
-2.15549698650009524670 -3.94957446955906510411 0.68268318312799802783
4.38798960048385477961 2.36917459410613329140 3.23171260941890192697
-4.22151812924846936426 4.25915973817160331549 1.51402636149054448111
-0.62666764181527190303 -3.89436849797690154418 -4.00228523790638579527
-0.08739815278602680593 -1.56510119503708855504 -0.55637211892501836630
3.95054584951914389279 1.68399392451495799605 2.33005192282636208745
0.29426492952747373977 4.17618220756503522040 0.51069486922818718710
-4.33317625089861913068 -3.76005085638376224111 2.00914707376621048951
3.75888515113233889764 -1.55633299312768880185 -1.01276275663143433547
0.01099795121662694442 0.79620906428849291814 -3.69721330685170812558
-3.99328192952194216403 -3.27130918319596331045 -3.55256506662506232885
3.07704478392110036822 3.93203543261372434614 1.40393397627177218823
4.09080245359479999223 0.78142489341132037595 3.05219844985655797132
-2.94135066126070610082 0.01248813551702099289 2.09391077789980961654
-4.11147645128392280611 2.73176850289358608137 4.18453693712892604850
-1.13300260307660671799 -0.15453616661437141744 2.48687391515321554181
-2.95949247785702107549 2.03223181549690412595 -3.44128802168098379965
-0.93457882635573152896 -4.45765710298709461057 -1.16824890602481668012
0.56973826547687256294 3.55708017378214602644 -3.08197779598246901500
4.42209544426975131870 2.69411053656595900208 -3.26737333865257939536
1.27325533743404140097 3.48874696025830477453 0.92155050594638687755
2.69040677110052062204 0.94625648162978137634 2.53882114931979163686
-0.27183763587947051832 2.15832622884271252417 3.90008141709664091223
2.67267746839927244906 2.01873249075905025762 -4.09991350400186949088
-1.14988606030533935254 3.97833939474660613911 2.12622248431107596645
1.53748831961039655880 -3.14056676217125207984 -0.33542470595475570860
1.03909604430659729957 -2.06035843589439249257 4.47448992301229342416


