192
2.80597134772517975421 2.95876687486541012362 1.82708088540476065731
-0.73028043016560451051 -3.02605099346940153993 -2.43334606723475577184
-1.78392804024767848148 1.64910806503998230710 -0.36362533978481348385
3.04285101188310758147 1.60622028474548628196 -3.45915684622222308064
-1.14365382166240170392 2.55410106472968134739 -0.85829205776345141032
1.65562348216403076862 -0.65655343057022008679 2.05828057816227794063
-2.50535297554611835480 0.72649387594825309833 3.78923532535942886312
-1.18946340613904766315 0.81934668855982639712 -0.70194122898302468982
-3.46526897693718627380 -1.79533372618166398027 -3.36869048735702092401
3.21047998983169247111 -1.29219044531402449394 -2.26450641180209943926
2.58853487079127031478 2.64976542533606806984 -4.13921255437438517788
-2.81140051095190202091 2.04653797611576049320 -2.49283028282005014731
2.73949042217161942148 -0.79176622378849081940 -4.17128333076360924281
-2.08123131214287182544 -1.51047068693451436161 -1.65442241401886125374
0.79940220787447824335 -1.17325545402570963205 2.31269353776192243544
-3.57137571562350153442 -1.62662385090359329354 -0.46351669597785516430
4.19723752035094488377 2.90755409874032277884 2.74035582399598176551
0.76621331718372065467 -3.34860268905815550156 0.23921990232841849888
1.60324234698188572423 -4.23671114717083874268 0.17851133439106980916
-1.89155822448209232078 -2.48517206362075748771 -3.51174359994814233588
-0.58622274527103446218 1.40988266858899002898 -0.05626844926972829342
0.94440331334799321183 1.17788217202087430735 -0.48679357602989092868
0.95117501972301266022 -3.66612984013597031918 3.69846420965294075955
-2.92928247528311924697 2.87255343296655674123 2.46281840123594708558
4.23514784705517310925 0.17049335736000603703 -0.38516295496100294571
2.65213050950093975899 -3.36214031100346577574 3.71702034193195895995
-0.17737636090229358388 0.71803743503341355137 4.44409572203456360029
3.37697368193436897599 0.53338008505520484448 2.20919537949824107415
2.64475787547381546716 -0.09159360670262195470 -1.87497235018481722690
1.69847782432967697730 -0.18955055313826196794 -1.32982376550676439919
-2.34748166756741483141 -1.72921767925653702136 -0.25328192053533271633
1.68864890341725981671 -0.57710749446911435712 -4.05376535890451972222
-3.00424048999288118011 -3.59154743408235699320 1.62514518217302139647
-4.46895570596559377208 2.21306337592160584649 -0.67606343762272080866
-0.04547732719875874352 -3.17546832366224185407 3.03816695946271764228
1.64022115909485766139 0.68350268877351183505 4.02101205645799364419
1.39264202168445994090 -2.20620448374034339167 3.99436862777249235279
3.37243391884119336765 3.50619334302561380667 0.78984446423450904717
2.00226710035666233267 3.89995349774010602317 3.29768105774094610894
-3.81874671479411365027 -3.55186364380799002305 -2.69206978545275532611
-3.44262455608222284198 -1.61505123362561064937 -2.08806448324470173006
0.54450690046992189508 -2.31216650566939296851 1.04161833648062351898
-1.16904556235173373580 3.41592742587182751635 2.31158884218663818189
2.99642107021076764539 -0.90723743764075459595 0.33940065028975574535
0.95002342017975749400 -2.72830991273836609423 2.74427974473385205556
-3.58906251417519062130 1.13354595532990209961 -2.84514821179725441169
2.33305588435461430663 2.41982644424230297631 -2.38779985525522953083
-3.44380835103342963777 2.31976199560931028998 -1.48415407701632684478
3.74475904392434433277 1.35183207995209464514 -4.39766667780415243527
-2.36129187210062774227 -3.98425709303642605619 -1.86467776152680109192
0.63900244581454845871 -3.88966266382122993761 -3.58058673324460796650
2.65203154664612039682 3.33891097031742045687 2.69743606040685701686
3.44467520362216550467 0.93244431745231004527 3.44274059162523382582
0.38289681792226293311 0.78734856500207683894 2.24742106923464834978
4.14095547866716540142 2.61468870264041886031 1.13153214706170945902
1.34306166111462754742 1.08001662441841883577 -2.43701156700458776427
1.70764769777663349970 -3.12376103352283296388 4.02316530225391044695
-2.26837914339684543208 2.51930730460489993305 0.50309159949907122922
0.56036897396737472832 2.08571951224884433174 0.29169784648127183857
3.41563172948485505032 -0.38987329270194770459 -1.13447229844444086311
-2.37708748233900735158 4.34150689902368025486 2.46176236005146620300
0.73718286547947098342 3.35428183393263346090 2.27785248662601613745
2.14220418966325976129 0.99583416310049877040 2.78352314270716139077
-4.15617695281344534664 -4.20814651092764879792 -0.52168959170473350184
4.14296013515899996804 3.73751650262865720009 -0.10927236981788635006
-3.75020178060052478131 -2.56328726889809344058 -2.66528191639883660358
-1.54199411962298515988 -1.21209258419909016169 -0.80910763198512913874
4.19066299871422653922 2.61677811788137848481 -4.41110390982826761075
4.23476938307651007420 -3.71803725203398593990 -3.91860925907682045022
1.98721109353498537331 -3.72231074409764994826 -2.00502207325668324600
-1.86480881219026217721 -3.39190109026339081666 -0.65742986915632872780
3.26134796537607929423 3.55087023265428225471 -2.18595769005423568032
0.76490804691478242461 2.65346127343908833041 -3.74615131426657654856
2.46021385522261049061 -4.16747637665553671837 1.15341813422412631240
-1.52427870910068730126 -2.30777566503507980400 -1.09751283155801315772
2.91935059701409915789 -4.42264141855889825194 3.24302898830908414851
-3.81146948347040881444 0.97798270496622397019 -0.62633985552221727033
1.68017859769819999372 2.99893318299953914874 2.27986868840087275601
-0.51152643609306291950 -2.72255467941319473368 0.83562349667320479085
1.84592389855206651106 -3.20595286111709842913 0.14556080505546020731
-0.56245335434264021046 -0.03370604887718364751 3.77686712813207758899
1.92460083337740339715 1.19803107705936628946 -4.16586785114990032497
0.16495751273331382691 -1.33356123091641620704 0.23290752641386891497
0.25554001790387292914 4.47500654036350820064 0.77271601122015010077
2.83270288936604064389 -4.06805814084682282328 0.07608162077163704851
0.79894812700510886572 -3.97271429931869235475 1.43075713660220227297
-0.39423443897880083853 -3.89533268878113858591 3.60080646906007029173
-0.08384977654724945495 -3.10215565199556220222 1.70432371784226344147
3.94358009255576913432 -4.49857338504452552996 -3.24928518115454378901
-2.07524029869571657869 0.17512542175151679658 2.87559164876665374067
1.70747845767336947631 3.09531958142241858667 3.84612909223359533684
-0.68257872622551651887 0.99909239879366928960 1.75923294934053586758
0.14557425775839138993 1.50635616583472486951 -3.06435610667740698787
1.08617955907340668631 -1.60612619856322069722 0.49090799172478760681
-0.65007505338991800059 -0.17985693129314217487 -1.44034092472086161507
-0.50547271175075003669 -0.70299215714430118851 -4.00355238812317981711
-0.08101125750342941245 1.61349582567167981750 -1.03015537084627739617
-3.06146075779028548070 0.86290474411624451534 2.97663310377929501982
2.62950094799357625419 -3.91810757879954163485 -0.99546980196170142818
1.35721402453635153762 1.88125086315023448691 3.06854476884795168701
2.05959308346265235201 -0.16151048178841431735 3.05628825723196317909
-0.75288816150842841068 -0.55344859733806117674 0.66846019363979269912
-3.86853025229798275220 2.63656258870867521438 2.04582031155248245113
-0.48839335029406250044 -2.35480374143719872748 -0.20769901152074599082
4.35173469826766901036 -1.18334687455626408337 -1.39237701274462644108
2.59532247919366643174 0.03979533457682471465 4.18296670953196336740
0.94521994213543703012 0.15211917162631394262 1.07296337974524380598
1.67255981890212712671 2.20466566392858531742 -0.71681637219303961928
0.62005574985824729595 3.55523347763064823113 0.77240517760570792660
4.18168474004360302132 4.45013174155139434873 2.17000973723611689792
2.48282694745616172582 -1.69284511347864885522 3.95536099191622536608
0.76631818799497075645 1.43718427912590929196 -4.31772122709868000356
1.85751579027538049615 -1.40729899111749645613 2.89619432520787878360
3.11783921094335347846 -0.27224944008519269545 3.23878693947894369387
1.11801731853561836516 2.54897565686527194373 -2.53927765235836488955
-0.84497756021537995252 -1.93644170440054264049 -1.82681997570031473543
4.26922504019010329301 -1.06838080608303531704 -3.56275239176975544453
-3.07562996142538480626 1.00963362273673862290 1.55441302674993675481
-1.51814897423688588418 3.42310450235029328780 0.56187882269055489104
0.15904190495767256408 3.11354352094689357244 -0.57322437527746794572
1.64490975887187129700 -1.42053779861813689323 -0.70342464347371036482
3.09501494570843060927 -4.35584776136593276874 -4.02789100279424250317
3.22292750291282903419 -0.28067360051456891057 -2.89214786489558184357
0.26409900821384901803 -0.89031500146548703256 -1.13500286273510786472
-3.04635878164875695262 3.49908980466333030535 1.55362931607701604264
4.09922081186784748041 -2.81979437062334259423 3.13850021673154522261
3.00573867994434085205 -4.47264933913688000899 -2.72596217601563806099
3.32550891276852667033 2.05575016597877802127 3.40717989991004710504
0.55009012769041021329 -3.40103827263985181162 4.51906666584915495122
-2.83902868515397965865 -2.78092424343350819171 -0.34631419821623321553
-3.51603907362841416884 -2.63318492860211561535 -1.42293390029236865857
-3.67147408216163739780 4.42460484664743969319 -1.62429218851757095621
-3.07389625953315182016 3.73928814504906892324 3.28129365534857342368
-2.34726683613676634366 1.82035133720118924572 2.12593876260280634227
-1.11792451315078267271 -4.45494354859681962466 1.24878290864330043775
1.02066230301075311360 2.02039414202381628627 2.02445348065754870959
-1.75642068908724091614 1.67477105688915361981 1.05425803302017939700
2.26538065626175022516 -3.00784513499756522847 -3.49195884814783985561
-1.38472639818204834583 -3.79598986395285198370 0.51225920649864775669
-1.64221939247108750237 0.81736615746578866748 0.40271824212052642622
-0.13166816904695810564 -3.03425338786271936442 -1.13919541452993833275
3.71512950179710532694 -2.47177409918103441200 2.11558964700399076975
0.40054569592689226454 3.66729303189059319124 3.15993711764103757389
-3.14037188496742736277 2.16969527094020531166 1.26745657214819562597
-0.76803033508979412503 -3.87197843176814693322 -1.05158539100741288408
3.10395046280611630607 3.41845950209188309543 3.94744639857626378188
-3.70482720188294800678 -2.25167181607237631980 0.36755603661767999313
-2.98663567259950468724 -2.68049604176411948586 -3.83434261788263697213
-3.30056743092751103674 1.87328621604343936724 2.53955996374324133313
0.87640319292127610851 -2.53654730204909872882 -2.90850733437412412030
0.43603806194953964592 3.86262169146944511766 -3.32125211783626594908
2.89904015520214208834 2.82754670585735468080 -1.41492157974721699532
-1.91513832624646873626 2.64605675236469561895 1.55478338490346867928
2.03568229934464550723 -4.34069690585494250001 -3.05313115103654153515
-3.22070753312554858283 -0.45972132204503335373 -0.00172902079110492934
-3.84140996335913875726 0.84939500971122594564 4.02403628750034680905
-2.16364157551341929064 -4.43535714544224290989 1.44572292609979946576
-3.94536537413503385352 3.49279613897928431498 2.75883551909469826313
-0.97042096502528085722 2.47648291664247022226 0.31984241475199315374
-4.07436120640346643995 3.61085292574296357060 -2.26569386088660396084
-3.90730686151524153615 0.04038068645529691025 -2.09363873391432697701
2.82645470036186541307 4.18830520206801448779 1.93226678860976619490
-0.46327779509977151662 -0.10033833506980815997 -2.58654168436817633037
3.53401971050132690522 -3.33929906431358869412 -2.95073712234653884323
3.40599444273207563327 -2.84662318906172506772 0.33007423101847077618
1.94870733346837443634 3.89035365550353073871 -1.89612808336526939001
-2.64211430342426201179 -1.93078436919008833428 -2.75146504758774845811
3.36347137406690244177 0.12943913066059131722 0.28580402127449566763
1.10556450472494205428 -3.47352155483286395565 -1.12618150915401304957
-2.33890007709444702755 -2.71287240787185801594 -1.73833915752180168113
0.56138715328968924467 0.86065272253941227376 -1.52110859564428491097
2.46252999921445070441 -1.62630194426910801297 -1.45371753507855672183
-4.23596936248377087253 1.20573683917200735749 3.07530993739261404585
4.13366573782496171674 4.20993046605236731494 -4.44759124208334277739
-2.49861887572695584581 2.02615116381643911581 3.84138140612464251689
-1.66905206655970417273 -2.57575328800288039233 0.54507003585450508609
-2.36209822448330797329 -3.47693819835199846580 0.86841028558057864473
4.01540306142294678438 3.54661388474065386589 1.64751546819023797497
2.07345670699194162268 -2.33764954811267156032 0.89495328347184877060
3.96180253037565055507 0.25613690193551619245 4.07746325973935963560
-3.97042861576612349239 3.28883946762459444813 0.80209579253910767704
3.40020793133417509324 -0.00294642202491957050 -3.97366215355942742349
-1.40688209838596245405 -1.59934885486241906705 0.27733875609028757481
2.44156182717712511021 0.23299825223767811622 -3.32903302808447731920
-1.50705163832063648854 2.14877684235348187514 -4.21976934367236022894
4.05253808558976924559 -3.98731067531852279018 0.42963139254715887461
-0.81638648518391354614 2.63430672088623119009 1.48288923575197273408
-2.06297727203306680011 -0.19403887634416605579 0.13765981321305265084
-4.12200498377147717122 -3.44672172789732833564 -1.54055698499017612590
0.69728363979113705540 0.12858930247852207174 0.12819849933666471742
-0.69365709776757089600 0.78062053822382182489 -3.18900608353480485846
3.85167942513292782536 1.90157535462894600187 -2.06093276640180711468


