295
-1.91132790596978363595 -4.40286396800470392066 1.88635997893981954832
-1.36224958853561872729 -4.46893432152124692180 -0.39155524283301978983
-3.25053770295293897874 3.96819269640703087276 0.19706519134278810412
-3.38280159642762878747 -2.93419787780403318322 -1.64325167776018687960
-1.79719777835220106965 -1.27012290336888566955 -0.37350751969038498146
-3.01170245986470863642 1.23189668378575500896 0.08373612262916640958
-2.39433438952080068773 -0.87480370346200775344 -0.99507058860642416676
-2.37137269585708887476 -1.63328820331431368018 4.52791613699640738133
-0.74594477142804116454 2.16260014205453199310 -1.00912283919811418542
-4.03814622494105890382 -4.48940132791460744244 2.54173282240596609682
4.39251773630110431412 1.66177013894109215641 3.14029235626862845976
-2.46291806987133599094 -0.94019308677827240217 -3.70533267575727442988
-0.53028995755218755193 3.23751741860353892122 -2.31911264610836731492
2.19162055791369159152 3.81415093128090187946 2.20963976100910830525
3.07067452952565300706 -3.68868529517905407999 -1.06634254372044612325
-1.58192416695724524800 -2.25124055992584448660 4.31806419689897769132
-1.72550094952363464174 0.12437619955423695473 -3.05641959318626943443
-3.39263313466569815802 4.16389356542530730820 -4.46290956381511616513
-3.46088482112905504451 2.81242482256890458103 -4.44258198268325887881
0.74570771977845318190 0.48702690687503125133 3.80726982224270837918
-1.28428280741777856022 -2.27140648859563576423 -3.13057605845462205707
-1.95822763609079553149 1.24936930794004030787 -1.83650706698916765802
0.02842957598160111843 2.09193987582060358932 -3.20289016203425846996
1.84578294732792347332 0.02431617174172551188 -3.24962582909693065147
4.06060870552807440248 1.73867608403035323050 -4.45768726904397727395
1.37975308849384248333 1.75610567457489974430 -2.90044114508882877601
3.82991825983995237692 -4.14152877843432509763 -2.89201596833490404137
1.32859145079523699451 3.60561015712681065537 1.46627282299851469105
0.41519887932529275787 0.97793738257745488340 -4.02369956347903467986
0.73481585568881779835 2.55798025714033006039 -2.44943841540759743580
-1.24065915809597893116 -4.07701071788493507597 -3.71005204300826774144
-0.69658768337389753711 0.93862164055712149491 -1.11749587236003744550
-2.82027591958026357943 -3.84181311509543155225 -3.41657179664978416511
-2.09199540791919380567 3.18857975339874677445 -1.04709431270655173307
-3.42503216056733084116 2.91238894647502455371 0.22784004167750904202
0.80033933571002879859 -4.16313928320631099211 3.69306092624902060351
4.43958190516930084613 -2.14950856700984616054 -2.73853502057853637197
1.73273511392107870677 -2.03897874455065020172 3.17648442362209149081
2.67778416514015926708 0.33534302051663722466 -2.47797706781269067022
-0.01937336566960556894 -2.85258558850584886812 1.76275498746105974135
-3.68953983762413528780 3.57069203824337311204 3.75327279743175434845
-3.14714613508215990123 -0.78760642088690868690 0.00792834303448319844
3.41701384010378017564 2.46820557086554170922 -3.98149079285109186443
-2.80393178829495148818 -1.40464743575816486398 1.95346901936704941960
-1.71945635378173955488 -3.09966356376736040801 -3.74607418665425040416
0.13217249029943545224 -4.26369289404617468620 -3.10720412630773656915
-2.82874277433105580926 -0.27755733436190777041 3.53674175937180823581
0.45989261734566699857 4.22971462419608368322 1.04262062407000755115
3.97137967196259200620 0.80624279395297815398 -1.82081210175860697120
0.83167899950141599419 -3.16770011561690578716 -1.69908874438934009987
4.12519404224951724558 3.34337235042188130052 4.17300176153522084377
0.44341088192342237306 -2.35390987797942319304 0.11666289456246925482
-0.71678948907933781598 -4.40146433790605584591 1.58185840569608160422
2.06829900619939799356 -2.13704969812666689677 -2.21077041706775512253
-2.76914660045213967265 3.01158655371391592581 -2.17498021063177349177
-0.73556929648481039763 -3.02863181206874498841 3.86665406598839123120
1.87803350410858804764 3.74868172678666322639 -3.89105035089433037854
2.48942402112177685325 3.85363717126049731831 -1.79181087231302527130
1.96348108415250255376 -4.20983898311951421078 4.32127460196225055000
-4.30683454087818962108 -4.48950521823667880739 -4.27933196424986306283
1.58256643878090663691 -0.95848440003367407769 -0.94050766518693285079
-3.96404294466361450944 -1.86863965977670609675 3.03064509300042406181
0.42733530233342431615 1.48305460553742829433 -0.95088428548595871348
-3.95293033087714107410 -1.97044853052428958762 -1.81774177532712855054
-3.44500271483876119305 0.58201284303477063276 -3.01269076707475846888
-3.71461301250976516641 -2.86365078590416377580 2.35946498779989699557
-0.62409213890464387831 3.14635728723341401292 0.78451950230883316095
3.85091713887700759500 -1.86187541516894139448 2.91717239018475904544
2.19912538598009987822 2.36272420320029308272 2.17035308724697184601
3.95816633679183116357 0.68193874779336560721 -3.09243983250191423195
-1.08667914301310197800 -0.01126184229594606734 -4.33261707225894276974
3.04030740392767739877 3.36586980487964293474 -3.60636293845587285745
-1.62083832826559870455 -3.53397471042101463112 4.06835689193532967778
3.95596706487180416190 3.98162235155193666714 -3.95526950404217370050
4.19275548017850585580 4.46167326592124080520 4.01345504985234580175
-0.29527442070409115615 -3.79658303502646843341 -2.09132290372041307336
3.22979209119195065369 4.31857092661359498464 3.81823544327268304954
-0.17358436798518983579 -3.35438796731771127213 -0.88920671423352359852
-1.37298584701486170445 -0.89244851598122298952 -3.34041671739971057775
2.56636478699960957073 -4.03950635088446841081 3.26640053401712737724
0.33569504925683624208 -3.13576869898830157268 4.49234951867927190250
0.75066119022145283424 -3.45216316165102066194 -0.07125478154726483382
-2.07568352685101942257 -1.88557282757801036865 2.89244250255817192397
-4.45482739575943842425 3.69309995783646538570 -1.97339337827650629364
-2.95552888124101142964 -2.95390343594260240678 4.06417636567370532674
1.95951613513114963894 3.63136234697159832052 -0.84731540929294446585
-4.11303541073464007383 2.42000359993181479723 -3.74629550332707195182
3.87151553741609699699 1.18707849302124923696 1.66197210721454879945
0.45169821133286447434 0.18699551221295163117 0.78426556897914956323
3.08068285220972359895 2.93167197267050294585 -0.19144747915205773126
3.53872257920841004619 3.83636500131659996526 -2.61466888773603045593
-4.15888912622738260438 -2.19697457911445948042 -4.27173328966235388293
3.71655271132345443874 0.55489673625512825339 2.65613138180548080669
-2.04536658607097443507 4.24013765155830046893 -3.68545992762338858739
-2.85376286673642276526 2.01011336729786638244 -0.91947811612662455616
0.81495630859921952549 -2.01611426021758832761 -2.75311585035579220460
2.34187605165105861005 1.12364064788219497615 4.42864947693606492152
1.53352487035944573535 -1.68868333220599220468 0.57150939815158441348
-1.84374556717568127695 0.34180049881004936907 -1.63082276689949390303
-0.20191150852924533154 2.00677729225336243246 0.92840361330348653013
1.56684155334127961368 -4.32246314249653540429 -3.73534696518283615418
2.51006796852807045894 -3.16799603873627866335 4.49377568976529051525
1.45134471205668535987 -4.45429159851027201000 2.80845666955335548920
4.06623653233131587825 -0.63674398533371867615 -3.58887332875323439296
-3.42411626255087986337 3.05994176458934052931 -3.05357666604263799925
-2.78629344461011063672 -4.45847992874707710342 2.44185156758060895044
0.18827712303326382681 2.23651798509949450988 -0.17982553724838901132
0.13130069023655011051 2.37992781127101071803 -1.59335859104546173626
1.62435209299180716158 0.76055357651722665935 -1.67711529217911259337
-3.33067971527316286640 -3.80265395922879001489 -2.29609978779655454773
3.70232020992803878556 -1.96463937319322035080 0.71137746448143879263
1.22194365630858303717 0.00906280206481913098 -4.49272630906055248090
1.92081390010983721339 -2.11823348441857994828 -3.65613110192347701144
2.76758711895694009542 0.76084683350360649001 -1.35475950352126073284
-1.67132268526869331993 1.68699827692082937602 -2.86405380482323845825
-0.64319852492678641909 1.80945143106487815743 -2.32476112991684669140
2.71847544421797948644 -1.31808137575656969531 -1.87799747039297448836
1.16841067745626059349 3.57103308809203223717 4.51319343905260250693
0.46520578897705977539 0.14088767327061457735 -0.70094565004496756089
3.84234893436871072225 2.71206435898876829782 -2.09458635120190939105
2.29658453849090804511 -0.25336808965286561346 -4.46898113138870023420
3.16966971923200357963 0.00472011949413353449 -3.25409328951102816418
2.23486025059441129059 1.30244447304293142764 -2.38045728396253064574
1.35009002013243417650 2.57898402243937141520 -3.78687696818944496968
4.47844868570107212946 -1.20402766356129387049 1.27391196579949728118
-0.23359602026377235262 3.75725363722306315850 -3.85438049618919587047
-0.86673781163900454061 2.46713978084122675938 -3.48500394086313347586
3.25276412095491007648 -3.85150488783431965700 4.25307561603662076521
-1.38413819743841504106 -3.08870648525802726780 2.70510754779831419370
1.75916493631610837411 -1.93132000886241295134 -0.65057752572290494797
-0.96428136121845131612 3.56077652283037249248 -0.99640413448286357934
0.65651610335814503117 -2.27197124427047958406 -4.08827758065302582224
-3.25406212346886691833 -1.64422857521948095894 -3.77467906568194866423
-3.99847615653545140901 -0.21179984836567022910 -3.37299920383901552512
-0.26238147036698045156 4.26286178238213597780 -0.31657579263946278303
-3.58263037924464411432 -1.10709497333390149976 -2.96583501740072419395
-3.30407916035798265852 -2.17022003337884816787 -2.71768932341106772554
2.70523499141824963488 3.04254466249714816684 -2.59688454753050024237
-2.63004912078394514907 -2.68657479220600858838 -3.46516232691647863007
-0.71113157089043577130 0.33095127111349142979 -2.47528443951410359603
3.75288251439344033855 -0.65387950080384005247 4.42921575683640167398
1.46870964165756134889 -4.07547562053277090399 -2.58526446979156654393
0.58245014310685139236 -1.81789871346968823218 1.46939041190873709297
-4.41440186209707707832 -4.35760333204198335721 -2.10396874566078917468
-2.46705726305047390312 -4.52021981188558452658 -1.34675238050142853652
0.53248330141283339856 2.04592682852718699138 -4.07919272588914871847
3.78920339567369435230 -2.88245814319608228971 3.21100680249082959250
2.33850374716694453525 1.65044107616456869891 -1.05117396924787076529
0.29973669894936794122 0.51320902438257220979 -1.92832170683128190092
-0.35090264665300541225 -0.93287092207902189145 4.51078153102184220558
2.07126897448626667853 -4.27369306631715595302 -1.27551298620658659644
2.97136588245188892898 -4.51234630985848017559 -3.74465463988733615608
2.75581360578903744596 -1.59010520114962705662 -4.26086531237210497380
-2.08316935780923229160 -3.90380432922632181203 3.13215317189365816120
-2.20749426318640074030 -2.54166459843727565726 2.16777116613578169080
-3.08598213785331676462 0.53134437111858723313 -2.09198687994239973520
-0.94979894149001165005 4.13959612996410530883 -3.22648090010323151944
2.94924414098122955608 -3.30394383105520850208 -2.74957301681117449732
0.39425854889664613268 1.46941924168307824772 4.08417909843851756335
-1.25787389674832406072 4.34968163213531777700 2.54609409547521625683
3.84654895656379114399 2.30711952658760743873 1.29963037257040170402
4.00596180421203396094 -2.73393415770314796021 -4.47623943141505442611
0.43415947414676114846 -2.22957878044620594338 -1.86760136056352354927
1.47393856161815950401 -2.85601767655644733779 -3.04095890314513761510
-0.11657897231992819798 0.97903152594239006845 2.53373843190337666442
3.96161729698214504225 1.76655263697562059377 -0.32681750564538258885
1.26349792695922769070 1.43110446437207272652 -4.29586296119936594806
-3.82342388861114557130 2.83833201368787246821 -1.87659718983905765555
-3.89752429651033338587 -3.21053942724396002006 -4.16519300406291392846
4.06215488122599044374 -1.14451708321650214017 -2.60629299923794510718
-4.30499852778797897912 4.15688804702194669716 -3.18164303789898061936
3.57316082976506965707 -0.14446424424703341316 3.59680628205344898873
-4.26145652777362649033 -1.50518475282881336597 -0.29193425919411097880
1.70121868486349203664 -3.76407077701147496640 0.83072897597843375905
2.02712495482621246623 -3.27535100499797149354 -2.09523301768576875048
-1.60752421132890610522 1.93775642180902263334 -0.15341766606625384384
0.23685537675933598933 -0.05367325160102875969 -3.75942222596978092852
-3.04874748891201718948 2.10282180385368011599 -3.56758790079517895677
-3.54452859801773501047 -1.73438197341848088229 1.10266010427474281386
-0.19416960268647809329 4.12205655823704031349 -1.86359572318278576830
0.61935680726634778637 3.96369246732425306590 2.59653732533199832488
-3.68287514338147436987 0.39710183485589745089 0.43756274276219109254
1.92045811067944161010 -2.79839836767233007819 0.60574120190111546691
-4.01271086834733292648 -3.02894072343090092758 -3.08819543682520558647
3.57372384857183345019 -3.45425959649543212748 -3.83595888753164659946
2.94984801997874690471 -2.61374238445385564944 0.16724859572217898318
-0.13537552779335104702 -3.46091494988081560535 0.75897158616815296739
3.98675774298993612632 -4.31702063144322423227 3.00867040990905643127
3.93875402560361553839 -2.99305920040481510114 -2.30144647411839020634
1.13993611437397035502 -2.81798349414919391265 2.28917589970341328609
1.63976295594455745430 -3.12510005605207252799 3.26655090489544086552
2.82022391654999005084 1.54439247246146482695 -3.39470568531176697391
0.65170382034248586223 -3.65302014287298648654 1.80926640817398176608
0.92701386484589942683 4.33050311012237809649 -1.93216069545892521475
-4.27163482831864538269 1.13273039576380707416 4.13333035206618770729
-2.42008684419590025527 3.29811164806153467310 0.31823083786323103084
-1.57247306379306106550 2.43061662823478474849 -4.37512687784599396679
3.28709010931345968487 -1.95668360064763824369 3.78431433263243821585
1.50514693080539263548 -3.17924604220393547394 -4.25073297534977712075
-0.10665499109765175234 -0.19516293343212964828 2.91345624207633147051
-2.42667883530328465369 3.20876575667354568822 -3.61511216177125849214
-4.01451422941069147043 -4.46744617650790587504 -1.10363166033516924003
4.21402447540442448570 1.77988721131229699068 -3.39928562277496659760
2.55128853905338548458 -2.60636778797869306246 2.16596141014835286143
-3.77137142978630635071 -0.15304235848733060976 -1.21829259581419524494
-2.31095795847192730932 -4.17129672407188856198 -4.50603109103038068639
-0.43981033797130475449 -2.37933526578826137765 -4.12307563516015385119
4.51301204272425682262 3.64249350026821172577 2.95969675109930197010
-0.71009655764947199330 1.04662665617910821680 -3.80092092640228251810
0.22607871244466526406 -1.60351675707153473738 3.81139628089492621399
1.96528834173491695481 -3.12504291897846897541 -0.61680092881691006568
-0.87455007980906884768 -3.20683608213570137124 -3.25426137045329300079
2.77457698304620326013 4.38792673968570401399 1.25837214772840955135
2.22551002938212239002 2.41169158064615896109 -3.37772293925955979788
-3.64340528229102833535 4.13857611019325855040 -2.32520603994365915312
-1.21300735875038245837 1.83326860922879841809 2.38633709261777937627
-1.67775767579486201342 3.11476057649536741678 1.37397466210666419073
-3.47887942481728229538 2.38058410242358053921 1.24906234744498334521
-2.18234713137491320722 -4.39847204403693847752 0.35297612344468465295
3.30207351756422529121 -1.89165050582895633013 1.78949451526888037023
0.89523436188845817441 -1.14383234817657708504 -4.12288139405644571411
-0.53379372236836708510 3.30751841329261964120 2.67904358338753656454
1.38743673910675457961 3.32538290653351520376 -1.79653998531545067152
3.19434454305664417006 4.32405223664930371541 -1.01020845791966085159
4.49312546612412422320 3.19310121150184489380 1.99963487887372615148
4.21383281149171917690 -0.90641485687239331526 3.52530832928829962469
0.57102395021698892918 -3.34051420691470291047 -3.44618785621470102853
4.30374872422203136324 3.20776060799495077447 -3.13699076542194843498
-3.16649806572840608609 -0.71035468023877079702 -4.43983963011024940215
4.35754743147931034031 -3.68767857463951154173 4.44831531613436492734
2.63529283760879540210 -0.92165552586257071255 -3.21789795153390967286
-0.28988213481265834304 -3.86857255866712623771 2.52300631018858023680
1.68066949206845439591 2.20673758648274009886 -2.04301673209049994284
-4.50293391015050481485 -0.42263022711094233586 -2.26779533238175190490
0.08218851057999287946 -2.30506930981573621153 2.69271393161978789266
3.65802688801106246075 -1.75029567981661404730 -1.83639641492069882744
2.67807842787242567084 -2.75151230515021838485 3.54134910616147191575
-3.08540903295635215997 -0.56176200125030284482 -1.90167802942083863371
-3.73332602574024807751 -0.84919100286696602709 2.79173690590965772884
2.11146699325557474225 3.91231572401800509198 -2.86566853288957412715
2.08582116498669112303 2.51596062204251413874 -4.41879998096089021686
-4.42077075717489176299 -0.09505487150304769983 4.34305218870977238765
2.90171326068186630209 1.95068997155984735770 -2.01429227033438840166
-1.83598599001388729235 2.28945601678231813736 -1.59745078272494867022
-4.12775286548664954722 1.78383150005554824702 -2.21555344498365158756
4.42579447743410892002 -1.80310269791453636756 4.00294227369557642504
-3.12655834060306414557 -3.27133280965854034150 -0.18618315017196263028
-2.01461608669066949417 -0.61730810566755156543 4.29089987787850635215
-0.07059262163641566445 -2.75976518148246396933 -2.85937233055165718199
-4.45928546527247338105 2.31096398606454567215 0.58087828803150998169
3.69443399933247551559 2.16540267811702147327 3.70831427452978967807
3.23925261110097562067 -2.28134916809803245386 -3.68224160819302825942
-4.35224716939837197316 0.82808205502655507502 -0.45459993192889225355
-1.50642866573216149817 -3.61389038572879917055 1.01478221513947541865
-4.46833973490700486764 -3.90516210302327948511 -3.45634133373535146205
-0.23964840655932384550 2.07501445714038634804 2.77927094794845785941
-1.20126711632324889578 4.06448746893888124276 0.42826986828404756125
2.39623226636893438268 -3.54754204062760702953 -3.56878460480928705323
2.36888803273873005395 3.86097941136249911409 3.48331963760278195963
1.35977568137620519195 2.32475773495188864359 -0.87318515041008959443
1.71844969023588678425 0.25640282682511017498 -0.72520581891997526469
2.64709890485556709194 3.85335311453036855056 -4.47324782492225647701
3.45625624186074542621 -0.43983911326836278022 -2.33591584157434306590
-3.12890905391758833431 -3.60991460160443322636 3.05494920781868017912
2.80766026317327899164 -1.58140603980756200286 2.71137832603831174794
2.82016661572399218727 0.78459623791029908801 3.48714511870074073130
1.57503705379098146722 -0.98045582172275214106 -3.35334268063215823474
3.31865181154056632096 -3.51247833094430728096 2.32569294975586959850
2.11086337990292616240 -0.69692341058921991603 -2.33671262837737536699
3.08228652785455192742 -4.33486992014033933884 -2.05241197816658615949
-3.24455935032544084962 -4.03333731421932917272 3.96363205840170618188
-4.17605787333628253322 -0.92068071006205531859 -4.14259987420408837266
-4.19251423245148568952 -0.13341452464247094412 3.30614196542184579641
-4.05576911298892017754 -2.46341414827578342184 -0.16241899589902963896
-0.29784647784105278134 -3.96900405807493772414 -4.10860167177162782792
0.64453425668460262443 3.31131570049790724397 0.61001944505268745900
-4.10489977186870458326 -2.87708003056565209121 3.81567987376010986367
3.84046772072917352858 -2.63743662319855953768 -0.33818084354022648341
2.94313426691809798541 4.31208790810085940137 2.63524712564126506464
-3.55158029849898060348 -1.66158367742842338899 3.97992355635304573269
3.33453854532207127903 4.03214660808602598507 -0.00690735436140155201
2.52439591594551426823 3.51945054294133452544 0.56899559267444033139
-0.16265411975722265936 3.16290749753820321644 -0.30343133887577788954
2.38474696520289874968 2.85353753780869290324 -1.54554220618291671130
-1.37691884620500104575 3.99032173064455353284 -4.49635137583850053034
1.64705455784497711846 -1.95477917621532748527 4.28096860730217354529
3.79168713216119979137 0.52640615171219362622 4.48110777257690084951
1.82774562931969786206 -3.57479998627553241519 2.24417237259999513554
0.06578442326220734770 1.11215242162925331826 -2.86718235469207938237
-2.23269098173851743283 0.53000377086659611336 -3.72063755037669752213
-4.03765054686169566622 1.85787197419411054256 -0.97241376394030609731
-0.39791358415714128682 0.55604839822094120905 -0.25166162981904172113
-3.55671839413183032974 1.50994787108989569901 2.56114602878292441090
-3.10825122737537506978 0.33713358006416083157 -4.28806095528922970317
0.20594300386290687044 -3.29892438554987510457 3.31463020405661445977


