200
-3.50823037770063095309 2.93962337114237559632 -0.37199727126454185111
-0.56621661276004608965 3.35539826303668409224 0.24653807499249325019
-3.27696869138879121053 -1.83417825821189106605 -0.28278166189426467980
1.24551098584862085517 -3.73208644756774843287 -1.50571158540344551824
-3.68820568675151738702 1.26664953984934047782 0.32261154987332485433
2.47915242420027137626 -4.01400041823650965966 0.30090094585521320880
-0.60434749341147497859 -3.61437847895438357781 -0.63740005174533420629
-0.67783655751278804047 1.36819972103849618605 -0.21440294748362820343
4.33261710098703023419 -4.27947912048055378875 2.74241637019986317370
0.42597569121414036175 -3.46666617223389295077 2.56562748909406934672
-1.70952534832011604493 -3.67356258599431262368 3.46292021627993396038
-0.53470583087189371696 2.24228628052053302611 -1.43401182679557059885
-0.81549732151833698168 -1.47490835304250422766 -3.50099719266390607686
0.98646490214901483284 0.26284464432861209815 0.19188969674315003999
2.93832022701294448552 -3.99421736514856906552 -1.13568687199784790209
-2.62783639213151287706 -3.17706906470615502158 0.00399083475254791153
2.06850007217267783943 2.01804389973409925574 -2.08957113380118464363
-1.29653183293981610902 -0.50635484616843928762 0.48764721950245082382
0.09188362073856204404 -4.53158984112497176255 -1.34341477996303471087
-4.21654920879787020738 -4.51020463368589386022 4.18849163268659996362
-1.83788633820249769357 0.20556827621927542538 0.95827411957097829998
3.04594249055431998130 4.05931083006062731755 1.48172194390796274632
-3.19812344387130886858 0.85105882331391047302 -0.98672217777353088408
0.34263772638311174035 -2.91394917538560571657 -3.90540753116396333056
-3.41292856233654928744 -0.33207695535425862943 -1.02095707374809752110
-1.49826032781451923270 -2.26311982718440241058 -0.71474683761438750906
1.48672140449706358112 2.65328860747483208371 1.52953988616208746976
-0.58295621147754150826 -1.98586162905459406858 0.16650215059264183992
1.12096524534465302736 2.00580717306692335455 -3.64237354228023857416
3.40502618645554644417 4.46569543318986372782 -1.95759658955432769289
0.34651146145316236158 4.12171306024745032204 -0.15062286322123075166
1.50763380146331016363 1.34968235706527917017 1.06088501914431443396
-3.49720872714526054281 -0.63242392857836815523 0.43680383879950301917
-3.20153065499885025602 3.64795939172526306749 1.06105941192451602717
2.14831543436757677057 4.08005023770623420631 2.43663960434053006310
-2.18282167684452232947 -2.55095231467705474415 -1.75766629728224899054
-0.14683249078205218296 -2.30518959397114064913 -1.03959631069103686229
4.04228444260415376021 -3.46492800604812778431 -0.89045559203113278102
3.77114301252271300058 1.43614724263130089099 -2.56855959185477944473
-3.38598653220537304520 0.05511832630635105090 1.50541378116578794533
3.18598565984208814683 1.33658327889613381956 3.00368860837863849156
0.81215714065686839263 4.10040037138620139245 0.76570418878508039739
4.22410476421387226509 3.22834059710702891977 3.80204795850460808282
-0.54038119854442623335 1.17930222151214891824 -1.24238925594438187616
3.33604365529520929812 2.53451498530723462466 -0.46737261934089069371
-2.02248755538737556847 -4.34294321138149008732 -1.32970722426309073683
-1.52561639330445153462 -0.73926141793884836417 -0.92696295012331164642
0.07939978420973137219 -3.52803189397293914809 -2.85275217092139188324
1.03175284849635229278 -3.07323998416574939441 1.29199895170342848871
1.59752878096689254761 2.80539486136578908315 -1.43203567975513790245
0.47789806116538002811 0.99911389291361629716 -2.94746446439090092895
0.17797178621132925258 1.86846286640432079906 -0.51974388510868863023
-2.48374716466983347374 1.14869508020285238103 0.54309095998392376003
-0.69381159782151202720 -0.08765853065627293716 -3.11920846020050790415
-3.13088727491043972151 -1.75787493649352200009 1.28722989032018375610
-3.06345281192988760921 0.95193458537362474203 1.49625702302137497668
-1.44289617573709927356 -1.39721450993048623701 2.24704875236500623004
1.68080372468010885711 -3.54534982097457440631 4.04145625434866939685
0.97859579070646240950 -3.69084456359657142599 -0.52988839659936637361
-2.34926390715510047258 -1.90933883527749781450 -3.19673789804938968118
4.17021633685464276908 3.59222125996161079087 1.85631300152151279548
-3.54887555445479074834 -3.29605266475866542919 2.39132620298024178851
-0.91134636635961152606 -4.52869868845172174332 -1.70427774768262940697
2.71697537061289473570 2.32191880255742955086 -1.36331630052269359155
-1.79117963501413379745 1.29583010019369559984 -0.40695333646124343119
2.30695248006517683592 1.97376722530528603272 1.19838980092219404838
3.12759529621337595273 -3.18283344883542929082 4.32323442662707169148
-1.74589028621575348410 -3.29132389233712885357 -0.99634088497308903598
-2.61517685708107805453 -2.47288350913434396006 -0.85284529815079812565
-2.65242623848055147917 3.38353774254794714693 -0.08837209796624900804
-4.32638290694047622509 2.50431560073249581677 2.81602091545258570449
2.83014781052250707916 2.01595561752600715977 4.00726454546334576179
0.45129486797563789224 -0.88687928444008301554 -2.97211555271133365252
0.48972994695119176356 1.62725459861318988430 2.77048321704935496257
-2.37620768015356942371 -1.01213039103333812818 -0.18597912502320568251
0.20488363907457785018 -3.43464964505303083087 -1.57372549818157070334
-4.24997357839959111203 -3.15690731455031681207 4.10434448761572223674
2.29050668165843607227 3.05902153718816549599 -0.36436656963447067170
1.11356261574207859866 2.40869603899085138465 -2.19204140645172174118
1.34032440539280184311 -4.20906682217719385619 1.35740715670708933516
-2.59577296167790594339 -4.50900490933079023392 0.51505555602871133658
2.78290854458668146520 3.91988942829066555618 -0.73270706429848342367
-4.31808248141347927884 1.90185072187859294246 1.21636690598904539939
1.90225054425697415184 3.82651245507534110146 1.27941053845970120761
0.47240595276264585323 0.03908189376353554678 -1.76199650313736633223
0.47701507048251112764 0.84037787227872140505 1.76420824545633614377
-1.78373059427214197825 -0.64488580501104442178 -3.47668445840994699836
-1.04376411317579975702 3.02102876626018268524 -1.87013696509782612054
-0.14974829668345535083 -1.09911021639659534088 -1.35358911227650757780
4.47404854886708047701 0.13581698812495002215 -1.07058776376588582480
-1.43364775093667651262 2.11657352625238193156 -0.05506861822619857350
-0.93650658734925729121 1.40459879247677132952 1.22882649621430584119
2.74384983561388384743 -2.34884759840917345386 2.19019525888951971382
0.15378381340284530410 0.55042235290548369164 -0.41021699511650844272
3.52825211592659027104 -4.46573792624453869138 4.50455397437322968557
-0.07287747095277907761 -0.53272909235257692728 0.19294698543134281010
-3.10845405019089549015 0.34630533493718029803 0.06979880995463449977
0.21195265918237904401 2.87526097694503413038 -0.16284986353655028779
1.24619135212873377583 2.98344960942235637447 0.14941065040616585691
-1.52518938802837000779 0.71367644057822055004 2.16081884468352303230
-1.43513625357458529663 4.40851297663423924433 -3.31285178923043188703
-1.36054978948585603149 4.49099829943687733902 -4.40614034343693994344
3.68269738814782865433 3.29964225115559894874 0.24151360591328518979
-4.45986887911979490440 2.27002114669790877599 0.05622826183240992037
0.91827238770345864793 1.41045604743410102344 -1.72516019350968274892
-3.04832598109333563485 4.27374622670051795836 -1.02371087330341037358
2.69926171081456001133 1.42499687989884105122 0.14474203912391114812
-1.69428789940808233183 2.73946692702820282506 2.95630427331763634413
3.17987953768059572468 2.15433939620987491281 2.16363021272360622760
-4.15939993310497690970 1.39347163233759729906 2.34807637444433492391
-1.29100586552328566725 4.14545513188459846532 0.62636890357802155194
-1.04405111017403484652 -2.63752753844355591895 -1.73076812859137962874
-4.22139343084964036024 3.74477323463661182501 -0.63583101193848579058
0.85874670748400028231 -2.50259040754763750769 -1.52668339784793438696
-1.04783370329976044388 -0.33339858268334676694 2.92423478194996011581
1.63217526836692261583 4.19159147925095876275 0.09312514695818308041
4.52824556219607909924 -2.83536948062216298538 3.12582025340833968841
-1.06350600707947373635 -1.92823945891221670834 1.31355808910590621252
-3.48615034033261883550 4.06155896994600329464 0.10787210898759536093
-1.89086059938224959609 2.85972505835391732631 -0.87271791642263751854
-0.47740450167269532500 2.20669333484605001416 0.39514815732563590700
-4.23016362282408220352 -4.33385042967848477247 -1.47181443222507457591
-0.71767928013498316631 -3.65630565013301112032 2.34141605088192772399
1.12864839662922822328 4.45245742792059484572 2.82867778772636402351
2.00463441476127535168 -2.21027160259124189068 -1.89670298403421000444
4.01638833970540698459 2.07226987561431474916 3.73841371082676143800
-0.13706887874372952751 1.45433045542293282182 -3.72213723948293440102
2.09698231425290426699 -0.95427006217267695831 -1.17160489599582806619
-2.29043623941251217602 -2.11329888032254498142 0.07688878601616178088
4.34384334984925768453 2.21311763073294454074 -1.12111680523515877539
4.49349802334616210686 0.82808547151137368303 -2.19480239205869498420
-1.21976863626502396443 -0.46805476918710287038 1.78270583152714579001
-4.21333832186431678224 3.22280991598619248606 0.30781048889213558084
1.43348720945078600408 1.32360669894615856634 -2.59552198189687199914
-0.49506040539837137260 0.21626517674999856666 -1.39619071330296229405
3.37979668752697559597 0.68783437008750425434 -0.25731485169882528652
1.96071485916378218661 -0.90705778440907280924 0.89775736439251296872
-3.55041837117499881060 0.64732870911445505868 3.52664083829370067491
-3.25811890180163876707 -4.31482832987132969293 -1.88365425340493031214
-0.70060306916736303506 1.58698372472325033300 4.25239938429574504397
-2.74364552729655564178 -3.50558622686504550714 -1.34708813845078267946
-2.36570071502726531065 -1.37344237392601620229 -1.21903842022865482875
1.05275146444928768830 -0.72341637228254374037 -0.44639045978207647636
-1.17792598346010990440 -3.64656592939246548823 -2.36734443159054475103
-1.57727610255069183864 -4.09458969927278726431 2.07165912112314298810
-3.56955358214004370154 1.82301258011524236480 -0.69193580411315736001
2.81361003897075345748 -1.28737284765483206428 -2.49128580931624288297
-2.50415447422274528577 -0.77543157056047329334 1.17295253587465975187
-4.01236910932859380807 -1.00506867684834855226 1.45552578614000882595
2.04930925187890355943 2.94178868588833619668 2.59413896118720455064
-1.20136930056620050422 -1.32756960846597271697 -0.26608191184412710584
1.43979737727040468798 4.11673049196309559505 -1.46492854048690945845
1.99343022688071069837 -3.31479964964824302953 1.01812621407204417778
-3.54006678568237198590 3.38088877357242179045 4.19364121609701623328
3.81310350158920297048 1.26412329436852832742 1.66259355077357273700
-1.48168257862589758389 3.74477332113343752695 -0.59959827554965050567
-4.19926928889819262025 4.34848136049393030333 1.86687353780340803411
1.93343641523011378069 -0.19532245895382960299 -2.03805683020617589563
-1.40943431660201712319 1.20245359764837544958 -1.74721254995559815981
2.67920725380475666100 -3.04424658668887904156 -1.71714302128503337741
0.02231287207753229751 1.85314550211785356026 1.47267290538921180598
3.58255606578974283849 2.98520867897822306247 2.90140757404331761649
-0.80354904489131540046 -2.67596015757504712695 -2.76806325465373559425
-4.34706908801930325126 1.15205533845570240459 -0.85504830446109014730
0.49834604111586688902 2.98513409886437486307 1.15366480161944284788
3.35191829596532731017 1.55093882317089626355 -0.76861635338947653651
-2.98900502850047944392 4.40608927110404113847 2.92204109646099130515
-0.95080799816999395091 0.27705707511862875947 -0.44474743078999523505
2.61534298421705191373 0.87677193546832032922 -1.73826862012776217625
0.83780067512446798617 -2.55286634404922674335 4.34547646330070147513
-4.18934884518623640304 3.73057223852535901898 2.71293144314986722776
-3.68981179659794245040 -1.20672242718878219847 3.51226215514088746517
3.35732673516519408707 0.71536076053275721165 0.81783419571729698561
-0.75133471781356897523 1.66319339046523761994 -2.30315651297779577789
-0.23282156375551465999 -2.52868805838281751619 2.78901937443720537857
1.32483899481693967459 0.24396475472643786020 -1.09644700512367609946
-2.33941376328400707507 1.96239534395969084102 1.23518098242792540020
3.02675717804940003219 -2.93598122485562340600 -0.68247060337166942645
2.47313002709519125233 0.29343770917506351026 -0.76023563135317262507
-2.17768140995302550422 0.66515504292202454195 -1.12346731478139050253
-3.33223182831983244512 -1.11834730157552186824 -4.10145986545247076549
-0.93819518923696509916 0.59105795619679923902 0.50946203392840150315
-1.36008695576786298176 3.54525668880272437633 2.29194072037713336698
3.72502428000560659171 1.96339255409794777307 0.59308721814944753703
3.87538506266080684526 2.72813813136272909077 -1.92097314055921408738
-4.24523967605043317519 0.54056048122443378645 0.75871184603894636922
1.65108781498387013897 1.09912090691081942850 -0.06908875820079707353
-0.44380502046353242918 3.59634199106379437438 -0.82299375341737279754
-1.49651704672216467884 -4.26290356357708155599 -0.42881396750418421249
0.46917787325875526250 -2.68467719892638978507 0.45352862722175046883
-1.68811224301063234066 2.97940653981466319067 0.47824733658309082074
0.86405619307476300150 3.82947267894949217037 -2.56135489928253656799
2.20643576252663020654 1.27973921365934106831 -0.91458480027923805267
-2.29585478472512916071 1.16467063609370757860 3.85713334608792823843
-4.19446011004168628489 -1.43945482047654138569 -3.59419618971680199238
-0.45706387036018103487 0.44453663753649763635 1.57855602259428184908
0.66610435973619708250 2.07783476968752278680 0.56112648189646652241
1.82637008136632594812 2.20844047765214224199 0.10400753595773082338
-0.31462705126758816476 0.57347319401921925675 -2.32571178315080917542
-2.42808446462495819418 1.96598414536433008237 -0.16370436412899280754


