240
-1.36537567892486011445 3.73710700979590892956 1.26054795647289541449
1.34070937392100475449 -0.87743205218655484501 -1.45083838634740303064
-0.42813164000010761612 2.09542357349119523491 2.97659545295083471927
-1.93901490035267087819 3.81973899600364585893 -4.02202165507139941525
-0.11479774979841472771 -2.02043331642704826479 -0.20508200323264791365
-3.20968962593977025222 -0.55734865196324756553 -3.15283598369623785374
2.52159841750818447537 -2.21719617678508518210 -1.64412923045141656786
3.93353267562277597591 -0.94704930331841818969 -3.01780204396842544057
-4.21774658761024845433 -0.53358816813232490261 3.32235094369485484123
-4.07238010845484765809 -1.37584064587503673849 -0.95377970871518291673
-1.89594826406760041948 -0.23265125450992396594 -4.16432639212824007302
-4.37150599354501956384 -3.66913231366079939377 -2.84581099811792981313
1.67771785208177970361 3.57704924781187383331 -4.48515809827820710609
-2.11811291483946151359 -1.50513675257680823449 -4.52417177805635173371
1.26673361903725645305 -2.87619797888134964836 0.20428661454597296654
-3.69206709829490309360 1.07306096108069670692 1.98527844677765141768
-1.85912443674646121750 -2.34423090212365270446 3.82910673297061432407
3.47985299790814561760 -3.57610118164646317851 -3.23922533936427159418
3.51874620487839262495 4.32335113000050608179 -4.17859285210928899090
0.38183751905906948565 4.44105651016868296921 3.03687694006559016913
-3.22778352716483674101 2.98998003967373282563 1.19511072063129564214
-3.50417178680571561600 -2.97970496695355269168 -2.32938969241071536231
4.41320124817189363142 2.82472404019896039529 -2.88273440452478313389
-2.56405394432374889035 1.25970703753543755710 4.05802269922727898432
-3.31748976721445432148 0.05532384449704697005 -0.89479482329101989180
-1.58217538620192765819 3.46752161156109384166 -1.98640138097991991728
1.16896114310633869593 -4.47007984993469431600 -2.69375885304945894561
-1.58039456279751533430 1.32689277955978468526 3.10351376316171556624
3.73488856432988480805 -4.33005535391353291175 -0.25857298312241816518
-3.22038317701328447029 -1.46887846789996068253 3.27142617976400718049
0.72232075957235686303 -3.06835769712044914570 1.11937080257474708134
-4.37228980652990983913 -2.64420214055209656934 -1.47530271820291813967
-0.35468221390833942763 4.37626307006417913925 4.46359060585049771674
3.78080082642382198088 -1.84041034577619022627 2.36452331442527441396
-2.04380766807341807123 4.15492282825220637932 3.19669864846780438228
-3.92035403456349040852 1.94253059947827377840 2.84598999415504572141
-2.44074342022194867852 -0.33288003833069623738 2.52771667566586355491
3.47003898110213793160 -2.89418967705858776185 -1.54853315654593126638
-1.29764552829956869573 -2.27695464837538041891 -0.13503804792318252481
-1.57728263494581932846 3.91095640551283363351 0.30301376153782566547
1.62306745604714031117 -3.06977844483220829730 -0.89939493594619612793
-3.63163033635042387104 2.92778359877684390966 2.32088900295337374757
3.53048690004788578989 -4.14474354320175653044 1.70654594934846404186
1.16113435545800225412 3.65180148727621389781 -0.58598163316914586574
-3.46095730530475131914 -3.49333368310309388960 2.61724266800712968006
-1.79392593000694589023 0.90449890911591523945 -1.54236489077979976869
2.88841097773675059557 -2.94885974929178873438 4.42526458484591511677
-2.21006531211145995641 -4.35939286633630374013 -1.83132475648741266383
-4.10073178603117760588 -1.54054634006166191185 3.86422439110670534745
-3.17484545090978853565 -0.61899432669562060028 4.13356919752546314584
-3.15920093226897069627 -3.71646780276573318602 -3.56659727410755067467
2.01457132109552272681 4.12896921833573227190 0.06946845815348634545
0.35484980908136787292 3.04352956212987990625 1.62206126689231577842
-3.53774438183407546887 0.70324634279104714096 3.29596018252501732348
0.49222766036204745888 3.07723252568590677214 0.62230001029220449738
-0.23939379202384714063 -3.31244920401572207069 -2.56054501193544981064
3.30840859138731335776 2.62450627064130603827 4.02301530381405836323
-4.49540763738476112366 0.95175847606339569751 -4.34593175252058117053
1.42831189334796970769 -2.81719436367519326936 3.84007954829513931116
-2.08806843563634458860 -2.18234581171788688536 0.74290737986015553673
-1.44204864941607979745 3.40973164344961077177 3.81015057468003437435
-1.03188511008984207251 2.86836525260952779348 1.64169416362001996390
-3.28101844761010541518 -2.17948091420216139014 2.29857448636953787258
-3.80454531215774505171 -4.22720637646664787468 4.41379884304812630802
3.81678112238435485182 -1.67251829988863764953 1.17988901216722474885
0.09441680000239482951 -3.16476883478282555728 -0.10954379589306739717
-2.61861980057299215119 1.04380978323266582208 2.47937399158408400268
-1.59388626829657820139 4.29457333957763065513 4.26613896233945677494
-1.64355203954297479640 2.77041678291037563042 2.41651363997582535603
-0.82526426607731639962 4.02934196286537638088 3.22472269639098829686
4.43410182734744306998 2.13929517329969964834 3.93433526852114656691
-0.04857736155228487007 3.32751933695252333223 4.15119085795528608429
-4.10588645537319596457 1.00715380852296032543 -1.06980470671307159591
2.68416512685835950691 1.60870715773438277552 -0.61797712036595564555
-1.12087975460682365281 -3.96098019672616663556 -2.17637337922451701289
0.66186359499203462065 0.37932255314533502855 -1.34330679323529178504
4.24780356114588553140 -4.14650049779625717861 0.87232826313111377914
-1.36980043143200225231 -3.06685561411525631215 -2.41554487482112678620
-0.21371702701665196145 -4.37782226368818694340 -0.63372196579588013776
0.59480807781292277525 2.63264379120808555967 2.59991821099641828852
-2.20344100577607138192 2.76889164320062430846 4.41291017739242175111
3.31181144477665956316 -3.72647345052157374923 0.71775048645963313021
-1.93949020166653784969 -3.15768011596315423262 3.15450200518219059376
3.16314774101977302934 1.60105555049869874296 0.85153494808856677878
-1.02522497809006996050 4.40243234864235599701 -1.20502757016394390632
3.98825988896742966716 -2.86357070128400081899 1.13226844005411031446
1.41115250288815285984 -2.97480280888569659226 -3.84539982034103600128
-2.38935961865288692962 -3.67549817861794370089 -0.96713679188326029390
2.89988128704148184767 -4.29512505573010550108 2.68175634139096885633
4.52687176054443884965 -0.81272159384672448823 -2.07911956039580303468
-1.82753878997253238481 2.17665808839144769848 1.23972413773984069252
-2.84124837782623185234 4.09244765452064296340 0.81892743026372194493
-2.10031438667096104211 -2.96317943270696826374 -0.10024941213784188676
4.34108147559633028578 -3.95152941238210564379 -1.81920849215490409989
3.40879897587177449481 -2.74652998141301774027 -2.54596480191002694227
0.50613803883916741455 -1.98945235468538950130 0.54755244110207090813
-2.27053403795136787835 -4.06473543983558638359 0.87236718102879340364
-0.74139956495955905424 0.41261263375473422599 -1.37495209306957910655
-0.91533289071107759582 -3.29934019835784209107 -3.55307961684958195647
-0.32071946290950315017 -2.41519786970809535731 1.52468685880411314315
4.46667253362451344145 -2.28626973035610703278 0.33092117503742191076
-1.96593867432052782362 -4.20010829061877632995 -4.00424795134057820434
-4.24807731110167008381 3.95883481473239040582 -1.25641525163125455933
-1.72810894313659302313 -2.98142107134098255372 -1.47823406760340514410
0.17512948010767281914 -3.83080783752062536962 3.85953496777769888837
-0.43357221473191387418 -3.51050448838821971265 -1.42758207570675565989
-2.48470959470393770729 3.29148799852880369343 3.61537339628205867115
-2.57715987500022336576 4.37414840775790825234 -3.10108421528311195559
2.73850320577968897595 -2.81824917535157259962 2.19015305473869403841
3.67146693621395936447 -1.26945113561309597117 3.78027897135870727396
2.27252798481901674421 -4.28184969486155253549 3.63819898121194906793
-2.86935804871813004979 2.15979576676666873425 3.01147514254636394782
-4.32898907006449906731 -2.12138903180357596412 2.89760103272107727435
0.14844466875269102246 0.11705813290220135059 -0.33965595616223698272
-3.58592811884322681948 4.07585655083593589865 2.00728785135836496067
1.50407268071540922705 -1.90225617878044772624 -1.20245073808801716808
3.86664396866452708679 3.76876373958777488582 1.90112011188670670947
-0.32906661507062384686 -3.41925427503029943921 1.30944937275452577552
-4.30093627889554408483 -0.09383912652951131861 2.21165528347361028949
-3.43507466682549722492 3.56465534925170768332 -4.48999332576690157737
4.25512828552507027524 -0.08759775957220838905 -3.75475059901679708574
-1.16352818387028156266 -3.72145396652261783998 -4.52623504910169049964
1.51348386592156725072 -3.97873941283810683700 4.39976748226230451877
-1.42105582507129923897 -3.29035299173617978852 0.84047725373424508888
-0.52286118514464519080 -2.40220968385150346336 -1.24812603242959685446
-0.84278460003815780510 -1.27840983858919265970 -0.90047569043228481434
-0.17070661925517782720 -1.47851890675473685022 1.04545079445151944952
3.45266095249848348203 3.65424552298341165368 -0.33313776100743197617
-2.60265660282239696954 3.14635859119499095016 2.41924181643079450055
-0.85254577353315363908 -0.72586757953856739789 -1.69617393298466279106
2.26892054414879051905 -2.08436323298556036576 -0.28435733222889680860
-0.65178813163131943398 -2.55643190403556319623 3.97328167011553556875
-2.47669816110881946258 -3.40405850984578872698 -2.19391267679655488365
-2.67906587789668559907 2.98390080239288213448 -1.11206367216988333269
2.65513849352598452214 3.92284333375163196678 -1.03672272426900669018
-4.44101580460653266869 -1.12089799291237435241 2.32312833836420562506
1.27925916626493929584 2.97635386318592587429 3.49233090210790475538
-4.48518312850028078032 2.82391976034263958439 3.07840348771775218495
-3.52187089513061302171 2.73682086920598965918 3.52209160588254288626
2.95625677782193996279 0.41386926307957772053 -0.52169163250996763992
-1.91602264858590221053 -3.95173123022260730508 -0.11451237128042546232
0.38973956642186191601 -1.63496396852729386495 3.11061267531377261264
-3.12431290546701978528 -4.17884141117500185203 3.59034337004746273436
-1.08777134532277974799 -4.37666759071642719192 1.39913026271512475063
2.11803735574545815012 -2.55878260751571318110 -2.71329989830214213242
-2.82030605687540747439 4.44708297540798280778 4.51664355893597058156
-3.75017585982660195398 4.26404976136042446200 -3.36681018291092160055
1.52277442402177154435 -2.14792403444548307689 1.20670989214791823940
-1.86544808005769358061 2.38815292795918221458 3.41743238590155673506
4.25268769388568212975 -3.77402380303029705289 2.79103665405342038497
3.08402198723409792791 -3.28313665419851030691 3.37924912752515727021
1.24986341032071379686 -2.75980047183886822992 -1.86780746355477900167
0.82674273307042067671 -2.60378912798364137160 -2.93188703694250385468
-2.90858033336953658576 -1.33046700004834894671 -0.10373381285007710062
-3.72176040983291001041 -3.50433635951259470076 0.90415724632728267096
2.91057013000231190603 -0.19050589858200694948 3.63594580508746201275
-2.67341638393803604501 -1.29414841520374368500 -1.97320264732505812333
-2.80757675666521411273 -2.59880782739601245979 1.31192653200245157308
-3.15644829865864817720 -1.75830616046240439942 4.44590586051498082298
3.50414882189342069552 0.86182788988547986975 -4.00571246985748974367
2.46520205910014933437 -3.11941192197189520741 0.72299850083873984374
-4.01716763277103261487 -4.51056647190188630958 0.29287371482661583855
3.13185222483821146255 -1.82436386302123887404 -3.44049815461887487089
3.97248290225964861833 -3.36451551140463989142 4.33619191850288654422
0.34123847435779008919 -1.43701559044502369389 -0.93218378027679582587
0.15979684721400655434 -2.46737326275856982960 -3.72165559931322231790
-2.14489267901098390467 -2.10419419579860988989 -0.96439017041426211563
-4.12849733041922473120 4.11401492131780965877 2.98663254084335250127
-3.75732808112402016931 -3.13051819882803572526 -0.08065171959835026883
-1.01597545479520023903 -0.35546775404685071464 2.76295672961389460198
-1.72715744726358488847 4.23991236667459769905 2.23487318832179227002
-2.14939877581568561382 -2.48094223508667699463 -2.78218298549682740983
2.08002250650122721964 -4.00625801668591563498 1.31864983858280471196
4.33878560776916355479 4.16395531723801948232 -2.86019964287697270322
-3.00928723786787299943 2.02727987772029205615 1.74924087578838616253
-2.62669457030594788449 1.50796270741051419151 -1.04946590329082933835
-3.81330804865022887640 -3.59293158736895579253 -1.29350746435130847800
-1.78824211523796794410 -2.97309051781102695600 -4.23834931521033997370
3.18911869918164203597 -4.12644482590956052093 -1.50182752176347733553
-0.94166490998912433241 -4.09029558013055094534 0.28488256676316492388
-2.13430169970996885809 -0.96629646808064251218 -1.12474906290926845998
3.24440429039536937239 -2.35169578134840895345 0.04270408523064528339
-1.82564954730619000145 1.31163836540406553155 0.12076978124766668543
-1.10997723877162801642 -3.29849820377907843039 -0.67375791200835521977
-1.71884511449463994737 1.72427605448518317388 -3.97018603643940481973
-1.43861464028868413223 2.89848244405173272042 -0.58553733352564663051
2.09431706690834573692 -1.42785507508452358394 2.73938385300362252650
2.15337321990152918971 -0.47219782730206549815 4.39468432821973475910
-4.04889821166358565563 0.29258709416601824671 4.08495627205746547617
-2.38737480314728678366 -2.36061770032936379948 2.82351111287015932305
-1.64888672160920313203 0.33519720030823485502 -0.43789532740489178764
2.74748383302574250564 -3.74423611738676376248 -0.10279119014060267290
-0.84440643604099463460 -0.11636109357841384337 0.26728761968027736629
0.57766939807590400591 -1.68048844328396951298 -2.41850001829322103220
-3.53411958925035607493 2.15953219808307483873 -4.09480863775836390062
2.56979068698541190940 4.43890460321632662755 -2.28550075720838874460
3.55770626509244625169 -4.18448822254825092415 3.44755166164135129492
-3.09849383794933430636 4.23990368273183459991 -1.86533131967383081218
-4.50803668570689985984 -4.43809429002926680852 2.06407703764598071672
-4.28623940249167656447 -1.80062844893755524822 -2.64436276059576957920
-3.22833231337422610352 3.77002351643269673076 3.27126498476112459457
0.18127909388577290173 -0.99226813684228520884 0.04062893141900669747
-1.40276438545046744366 -1.57782773233433015747 1.28304389739653235125
-0.64826411814293605218 3.61050905180967607322 -4.02983829178649699543
-2.79975033294985387045 -4.40387504630824899721 2.33884117650335721095
0.04167637734372586777 4.13984934337601995225 -3.47910140778173682108
3.33484510523214083832 2.12750484656627758540 -2.82058140345136454386
3.41518920433955397442 3.98435710430756184763 0.72481635081659145925
-0.02254295689367058486 3.76885957301526364205 -2.49869682579319452032
2.57188095901457014492 -1.59895202172734895996 1.24282930948695380380
0.97329843312810915279 3.57660173966334671292 2.21209754578882122900
4.26039150597943194754 -3.36769738978392441098 0.17614509235217390426
-3.35659801853678008143 3.19027683891474200806 -0.07101766531085917933
-0.39756347062981767237 3.97888978742037568992 1.87456717978130171787
3.64598808984491729035 -2.89571971443719755612 2.67237200653957973628
-3.79922286753659443903 -1.45200656437736652649 0.53938479261218397198
3.57327586657367657352 3.94273605098504287270 -1.62983030503422154922
-0.29014958536243895537 2.83072524319610785426 -3.11684971481536443605
0.96240398293037543453 4.16725177480361264060 3.96939243686388731902
-2.18034911780401419179 0.39211138488758567888 -2.84321163088185491219
1.39552261899331231376 -0.88045381010509515818 0.73491900493758510748
-0.51289330493638640718 3.48436641610440123173 0.79957760513000142311
-1.99913285180168909250 3.83634844859356771707 -1.10572003512648731061
-2.99229023163699059396 -3.93330003004948292045 0.04591617461153685298
1.75030503201629183962 -1.62896330891753304826 -3.25835962983948013161
-2.94823215838595009686 0.91297738904342917721 -2.63066593268997150901
3.36784387330040946296 2.93189325127530597825 -1.24189033175193230818
-0.88901370953064251523 2.66195955599623790278 -4.49147659190707404520
-2.80426077532179762741 -2.30495639242373862032 -1.86356873517416365971
1.48898629085085332235 -2.91205331107922438250 2.12118302068830999474
-2.15023358876844961074 -3.95154259281603881249 3.80133016602051920785
-2.60067212318154217243 -1.42028171366604194503 1.87910541250833240667
0.73768854494520041953 -3.43281897051317042013 3.03485992446367358610
-3.95180796949826351749 -1.96128388013721632888 -3.77992214235908807751
-1.43786495767498490039 4.22700323737919614331 -3.07364740337065400766
-4.33449070303616679212 -0.76821553736025105508 -4.22928359622468263979
-2.33318756322828191330 -3.42984879433834377593 2.00635139401187867492
0.56349796997181922364 -0.68372420182850079939 1.38129963403996480764
0.46442550709315355562 3.20731136215803314116 -1.31073842022188946643
-1.68233857621930438242 -0.41033395678383755012 1.90709217404356490277


