73
-2.76475671884778062548 3.25833127514022624638 -2.88039993694078377828
1.45651119132457562699 2.31547702448968362177 3.64349866755288953613
0.05919140631126129648 1.65994891958024393119 2.02623414921431521662
-2.58246723891471008372 1.28561434261205764784 -1.64278364292325829155
-1.75942852438849950403 -3.57463967726411757653 -2.30987355324172005666
-2.22176202342290718406 0.26841209781763364361 -1.52445440477880245211
-0.41148701804170162433 3.75305546111221399741 3.06554238667420975162
1.70209435310309853406 0.88385930314636418359 -2.99682709113833745107
-3.17722113510155068639 -1.64681426208169368053 1.90903532781495410831
-2.33660835066598560061 -3.49889992443126329746 0.15735442342862704379
-4.00444134778427596189 -2.85391057981015716649 -3.14502977627271507188
3.00289374690533517054 -1.29896032997800237041 4.49654829521778420798
0.99779200121566447024 -3.81698502994865762616 3.94121528431576972906
-3.45282799480801427805 3.61367817292903570348 4.49785380248559096827
2.27199799527453638603 -0.04201253373524238555 -1.79117798714381937231
1.95654466046769393017 -0.94022521360265010060 0.53677009820891896652
1.87347952005507867312 2.99442383593549177334 0.85358717472063894149
-2.67873136521716848080 2.33705481673824166933 -2.39567527782776368284
-3.82438280984526235429 -2.58477745504302136581 0.41993063780749917413
-4.52016074520928423652 3.76920265584677149917 -1.55245700665121599826
2.17528020182164638641 4.52062901663124616647 3.88027430911374171529
0.89675644349297112257 3.37074950335363077158 0.14993248539238202000
4.05942478971494491446 3.07469712830621944022 -3.55702037746826782438
2.27444492092272909645 -3.57531135804211608331 4.51722694876163810562
-0.26068869143476547379 -4.32205975356580029967 3.50975623934644698210
2.78566376114766978134 3.41258707575174735638 -3.94843500336752750712
-2.68506284081166457511 -3.35874422911542147574 2.90636449569627508538
3.59344790921839152276 -0.21237080259300000762 -1.33402188446895753060
-1.24038882741713685220 0.80709675288890547762 0.42799158509615509161
1.08262592259219125879 3.01061024853653069755 1.55819023480776674973
-2.05847928511757594094 2.36836665743416840968 -3.32697223917609452570
-4.00814849924189875452 -4.01509969561339374877 2.22421670209189326073
2.94864453959036065811 2.08249039336199626149 -2.33527898174008363696
3.83973681032271141333 1.62375976390102305658 -3.20205611366843623244
-0.86573938765860081190 -0.98800277672983360944 -3.05502959441783872307
2.38514508309573258771 -2.09257494759738849055 -3.43599218759555879998
-1.26427683089857012533 3.26810402149848133746 3.25451828839922985281
1.74450757873605066806 1.29453423409599288618 4.38860580257458909870
-0.19714201976990075593 2.23774338299211450476 3.70899003375998415066
3.42519867193616800449 -1.23281633041232963066 0.68424372136571953718
-0.46700514061172349045 1.62220421932458336300 -4.16344156386725661179
2.05735763635278257055 1.61459336960089938628 0.46100856265623324504
-0.02972173850797599215 1.01463938961039268349 4.13446916995053026511
-0.27993041976452825992 0.92849702989984006507 -0.01249654373821673659
-3.68950704139053886621 4.45894985280999467392 -3.38797970945653892372
0.97940695900449892264 4.49905275296504836291 2.87161074211053524152
3.24725368553408966221 1.07403726342615790657 3.78257347236106600263
0.02067915084714488927 -2.00653481770847585963 2.17014913543465137735
0.33829070273155892323 -4.39400949890927172703 -4.25113223535788709029
0.37867207008246861477 2.34931836422197282133 2.77332092197643742537
2.33342148291208761890 -0.66946742306252282617 3.53136476039747204680
3.77421419059652318850 3.15897358747473866458 -0.84448039854086554001
0.04854875218476983889 -3.47569523463618113013 1.46031485442141040210
-1.71237749852883425206 -2.35989305126827142445 -3.11797440896874711314
0.92810088965181414267 3.56170884739255111384 3.57091706871414071855
0.12654142265594803263 -3.23974524710825972917 3.58083279480376770465
1.85490811898315843820 0.51553139812402282161 3.16888589161316946985
-3.07285933597814775453 4.27254091850495765215 1.84229388914359581975
0.72725890993141995011 1.31793286972467971196 -3.99569434990496441529
-1.66477451719967994848 -3.18454186435611230621 1.80110244757893944723
-0.06019968347123327845 2.05655324271512984780 -1.96573394370207532589
1.59390366676233430354 3.22925283619976166705 -3.51720587251393101980
2.29906528608314619788 -3.29416712153560586884 -1.08369517147457683492
-1.33890742873680679281 1.95541161135731744736 4.18492232085523863105
-4.31389683058358208712 4.28970702716814056288 3.95996440565510443577
2.19313990787613288802 0.58984732939093564852 0.53311178568336714534
2.34480222434643881257 0.38078606352393684631 4.05913598002169262458
1.67946317126544286680 -2.19186047632662850404 1.17826165674010052697
0.86113659058301905702 -1.18913714407528070538 1.43696931977471553665
0.56509792682617998594 -2.35347650690059229106 0.91880214227134260341
-1.70530149382856599516 -0.48442829879616944311 4.51193883737910805820
-3.28885765871888757772 -3.66631808971502159977 3.80969988344128562829
-3.51651084319347839724 0.09727784366970837482 -0.76284199899048132920


