415
-3.92003930717206117151 0.69638081701836007653 -1.68130531267022709230
-3.86567540523757280368 -3.50327958794794858122 -0.99376515943955734400
-0.98452321545188814511 2.68767646666624049345 0.53599372578329607109
1.33372182627477275929 -2.55613440706521855006 2.73337228823439915004
-1.30359824040347049845 2.42421439352496737030 -2.69341027218994177872
-1.66358192474060384569 -3.63446275354059089580 1.79163398071314272642
1.66180765053054013691 -4.51978572095017572252 3.21390224674674929162
-1.63148642720050940369 -3.66192407310469292270 -0.88291790621607635359
-1.39925379039075004073 4.38805478017073635755 2.02541060545005358051
-0.51955790596450324159 -1.43543574621704284056 3.49583124483039764385
-1.84719326689452945089 0.62053358683737513957 0.65676053162569925092
0.10809986981732322420 0.89461045686965245949 -0.08480070507736137131
-4.20861605879246258866 -2.43092050797989145394 4.19150590229940167575
2.24776171615364184220 -1.42465997007008615682 0.31156955269965713740
-3.01011825671979371677 0.92883707042174279422 -0.61098166424783162398
3.78463470653524947096 1.26202443959249155370 0.64847490045118227897
-3.09149335324917151624 -4.34852323603584078882 -0.29100084670669446041
-0.89694874574441962878 -2.75401066333445365686 -2.10085928494848594994
3.36702448847003044108 -0.19060433172309299010 2.62118192503370295299
-3.21907627232029991404 -3.19764540953041187521 -1.97304648081557321149
-0.94314824948155706608 -3.01512796477628919334 1.21830234183970542716
3.33813581527732505805 0.36363455783795828324 -3.37483957515918353565
1.95030579776894530397 1.31752683335019771249 -3.36043926987488195124
1.20033828443451984214 4.34047936200831774300 -0.90007226502375825561
4.01476821258230298639 1.16917577350301282735 -0.41547384102624729252
-2.00696587957412475589 2.95766440772792194025 4.15473099257185563005
-0.64576867847963859148 -3.48577746522337461599 -1.44889297706702802060
-2.85573557343905104489 -3.99308569734629648096 -2.47641992787212794624
0.23429849227585020088 2.26259312230309372893 3.42808587369713801962
-1.02998875546880075404 -2.01309917587775055736 2.57382282781792337545
-4.44068415899929824775 4.22015302189644625486 -0.27038234189227683402
-1.95784948471811182102 -0.79774462172300353302 -3.81111826346567017509
-0.30278325717293963493 -3.97781350513445541850 -2.53076574801918496860
-0.45670457733835156944 -4.51541811292716843695 -1.54042762432231228331
-3.88120350261477398135 4.53690429228664537931 -2.32279153365069879200
3.84866485640256872358 4.22877445595539125378 -3.99362303180379774048
-2.55418590393042732600 4.05066972625350896209 -1.18981280973754710573
1.85300222950408333134 -4.46896832497737772627 -0.13875449643975912295
-0.93347943420921941637 -0.82541023935231283559 -2.92350579320519310400
-1.95632280126450641689 2.89909976051790163609 3.14423061169847262164
0.08290407273590805204 3.45150274673583279395 2.23268654962166923639
1.91326425640762654012 -0.29126302961574435102 1.69938066117327224447
0.04192125335808150055 -1.46535963886925912902 0.37050867503563367222
-3.99930883548189397558 -0.59109934171675515557 -0.88411969203216766999
-3.93771043974425882794 2.86906839564858096026 -2.57214006532865813170
3.39048713039074200992 2.22972990508459378844 0.33632962432244806195
4.21454748530321676725 0.57010095797354765068 -2.25381027879192563645
4.08328938185217982237 -0.83463481722511456695 -1.30541956663079883327
1.58995188132559839289 -2.22416457900185093877 3.89220718768326978676
-3.49561098975121620214 3.47847740992310061614 2.13166138423345596919
0.92529425793013420076 4.36920556261209203086 0.18338789786183706809
-3.69710248314980383100 -2.13372695035956416731 -0.41666318604924601487
-3.82833492217273407832 -2.27586623369411844564 -3.86957356984769562658
-0.64969675446127794771 -1.50924966051089226582 -4.02948679856669222943
3.23341725147722591771 -3.80087539039204092006 2.44271327447175767844
2.84814779050299993202 -2.55349513254293425391 -3.35387001819661589863
-3.57212543356194389688 -4.24875472927456154792 2.58720340619377875413
-2.39643841771068366597 3.94670865154285888110 0.48815696373865336000
2.42522048976621995564 1.73210712659699961335 2.08693959945760010299
-2.22780152432276512542 -0.78211696955456799785 -2.00162516811849622300
-4.09385388807960470814 -3.91846703125513418087 4.33105177675488928202
-4.45049955681442810373 0.93585776999875935900 -3.40679507436825668165
-1.03938975718049642083 0.94855707707745651192 -3.10125273710629167923
-2.27252238889561120061 3.91949526711899931541 -2.31931342664375517160
2.23320579431332877363 3.67782710780722954524 -3.07759201666960491295
3.19457145206445947139 0.71733921828587199343 4.01712299558224739116
-4.37148462286682981670 -2.98694929822271415532 0.94432220133183530919
3.54060916456934204888 -3.89191438461257899206 3.48536713755155513894
1.56828328286548313031 -3.55186531157119400604 -0.24918745934421959731
1.05588665040181428623 0.39087317010711153387 2.08386490456450435005
-2.36207302475553770904 -2.83947768463281979834 2.50016965416543524015
3.91626297437732251439 -3.40627221307303029718 -3.49794231746425943186
3.22098646879216410355 3.24487526399247894204 -1.78732102680657423122
-3.67750924330854989108 4.16873043353806860267 3.91807695904350783422
-0.16375196599473262893 1.13298652988533721242 4.22166515190924496181
1.62712377651209649798 -1.12732857190778545942 -0.97767068011541269357
-0.58802477492018390137 1.67172845934299996173 0.61736947442364709104
2.29550756608063100117 1.13718846296143460961 -0.34651277342789921221
-0.58011270067670572814 -2.75625929532591529281 -3.40874555722207128738
-4.51927378250302780316 4.44695455565725250580 2.04853454842234139477
-1.88488296459180526554 -1.45423650271981408366 -2.78347462761516784013
3.48101698575899032306 -0.73620363025690327419 -3.64917466473304052954
0.43280085636853726783 -3.95229452140745562971 -1.02909762802199145071
-3.20883900042846281764 -1.22695919445703571782 -1.59969902817145914753
-0.54461770155744559929 1.57966213318095416440 1.90543656490403012782
2.97474855643816304962 -1.02461497706918214234 2.46255327147133940002
-2.62832605912039829477 -3.48627456263419510663 -4.51117155900535760082
2.33267964329998012118 -4.05728031967764124488 -1.13603240066485255966
-2.83834742116834215508 2.30847745437516138622 3.06933821699514375325
-1.17482364982273335130 0.26436003814433917114 -0.83293329735820531567
3.21122692224590178256 -0.85803535810041164922 -2.67421764582760301820
-1.09246584926175627217 -1.04602866372063729727 -0.86195364234251226065
0.78016164516520092320 -0.88581641473518724084 2.77842679930869262961
-3.23630111454434477025 3.00029157534306367694 4.25008453313871381596
2.80647678261251964926 1.12822729473077476570 -4.00383277248116353775
2.93910417886826369482 -1.94478437494179257072 -2.16976730891673241786
-1.58575505213938150462 2.84431420578523930232 -3.92585977445138301078
-1.45729714067150473156 -2.39585337857452618238 -3.09124199559906331913
-2.11429317860608412261 3.57275971175068018937 1.43093526700857864853
-1.91125220950412533227 -4.03866447039156906129 3.96041061035775765475
3.11566083789754433298 -0.28953656694736729094 1.60013217955739239784
-4.48216086265651281195 -0.97076106112323223840 0.75272726353293517576
4.34061779307488659896 0.39482840786354156393 -1.11959813461016066682
2.27592910675652593255 3.83947130128631908264 -1.75030619274599441582
2.77822420963933147675 -3.02587499766430401138 3.28210558680606823145
3.08127560352745710759 -2.17868221180305798867 2.18159691427330493241
-0.84557423226352712575 -3.06180233747550589740 -0.53120643966294966987
-2.91393309002700551247 -0.13735533514629238994 -2.46950406267335242916
-2.02086643443124369668 1.40134722308202785968 -2.36063438865752095452
0.02509317715939474169 -0.59611997661210125443 4.33953481162966081541
4.48870290231764723643 -1.97994630625945644553 3.39463650896527813217
4.34097640557323760646 3.65767842415220290064 -2.06609416890652708432
-4.45401260339810534106 2.53039348850523015955 -3.55622644344034766206
3.14574748580571661449 2.28409776193901681296 3.07625423104150552689
-2.46708193376826390164 -3.94116723710446592577 -1.41238977921719532915
4.45684542046250964376 -0.08085573713234950333 2.21611777952161848049
3.69574091483750333254 2.57815433448268915839 1.90390101300966207987
-3.18500420816408702507 -3.82140402757413522039 3.73424070953242459581
-0.41905440738347987661 2.96439699855872706991 -0.83397858971369442926
-1.01535760059332647032 3.18161515944954587098 3.56607703150969879147
4.02744030937542607518 4.29017602267094400048 -1.14658086062045683207
-2.55940710531874948686 -4.24193470951677653602 1.97763155056015360600
2.45605234017787754652 -0.45839476300645287665 -1.48309392969773545801
1.11358468059506776626 2.82718054291567266745 0.70286836354518023029
-1.07342845196191172263 0.91539472636363417024 -0.06484113868479557397
-3.26158143874494843573 -3.23473295284710582465 2.78744873031613504821
-3.92235807062466124151 -0.98938256070983099377 2.44038648034048932800
-2.32080129158150993973 -4.43179390328628475260 2.98375165700597477780
3.69003298901957865752 -3.71463317251915148276 -0.61379216752991005990
3.84668504678524048046 2.63782988610135049612 -2.63752408468923871254
-2.92968629355947163262 2.88036100032242803337 0.97482642601230207191
-1.41622644695890853583 -1.25832746513616822170 1.86575431173702632748
-2.13745877402451567306 2.04913823231156566607 -3.89321110732794695153
0.65487134968091353926 -1.56818986941618465636 3.49958113795561853721
-4.20211228181023965789 3.73072212373092337856 -4.31617022480026690801
0.35699305597418184988 4.21270202932333415191 -3.97673419861582777557
-4.16488938837338551480 0.17764531269783567780 -4.14780579780906766274
1.44257050349022808433 0.13828037613991295274 -0.65645342133092299264
4.42245823365751800083 -2.75912487264043759794 -0.77929886079382182373
4.08044669940024373744 3.41204785291910006606 -3.27334549019496678923
1.05267907064460253252 -4.53644620122199260237 1.96677168125388579512
-4.24284586610712199928 1.09298986544508469620 4.09535616294622872857
0.41150535090898276991 -3.21231618823535169938 -2.84204233140827478010
-3.33746194766817705357 -2.39429352352583491026 2.01908948754029715644
4.28289310843165704767 3.97747357495412234840 0.77678236894524488321
-1.10422659990068972036 4.36843086166410099480 -2.44276834156260447273
1.69180198088745736840 2.48298876417981784215 1.54651224737163506262
-4.38175596490739138744 2.75515411335682447458 2.28975601782095772307
-1.14359268148395631925 2.03173047193816103118 -0.19380471641436436414
3.96328182104567350308 -2.09052414153939514208 1.29976994149076663376
1.21490445131605184770 3.39931042174627240371 2.60541625023700529340
-1.08927863714206862866 4.28811715196177534182 3.22225655108410080629
0.38537905082867407458 -4.30767236451907198358 4.16958317087892194053
-1.74252978574350292362 -0.25843152008797698471 3.77624450348006224232
-4.20781893640094484255 -0.55178747295369579007 4.06461726000008827242
-2.35003294908493431947 -1.61121635253464257076 2.56828825394208593025
1.91915682032634471454 -0.87253309613994023408 -3.29474563390404062702
2.79681846201735151425 -0.61007390654813375974 3.76626729854369113326
1.10317099876121016422 -0.66422633109694473319 3.68505456137301390385
4.46076762979205820869 1.67130164671095471363 1.37765785022361075818
-3.18861232623989288015 0.84482617481730315490 -2.90930222933267046415
-3.24072725911701420287 -0.98826378454687890951 0.40161027182513731049
-0.11349994722873635311 -3.61603197198007419999 -3.66329661101481907082
-1.57641437858426325391 2.97714370445767162465 -0.60740126815454864584
-1.97853761435974728755 -1.88929613783416616712 -3.97733395521028665343
0.83213405368992798827 3.82675348848475049834 3.82384222040414112342
-3.19758074596773189668 -0.00055198943108614174 0.60755490574367776446
0.49413975791750708311 3.81444857714902507695 1.25994928854326637691
-1.95575105779450986176 3.07185900774866471608 0.36537044007657559774
-2.55894663826600199386 3.46365920081484990334 2.59498886910166071118
3.21068653434732897978 0.43366693382328413975 -1.83860661209516385028
-0.00132539392895036912 3.26872992370564752207 0.15421927214372743720
-3.78575704496495024642 2.73890729907457330938 -1.51872112829334282580
2.48460565594650706345 2.64097000939765269578 0.93162726309795207413
3.60097670321482166145 0.86771519397639451654 2.05962492995570922716
-1.50233241263040184776 4.04249686687254250472 -1.46089828068564742125
2.66506430168265229241 3.27432076862368326431 0.20108460174521347597
-3.02752112751766633281 -1.19254344784631927112 3.47258818254204282283
4.04526024459255584276 -0.81595621718677291412 1.67624225738885002102
-4.26903998282123442465 0.49320854633405719625 1.05814846325174993780
4.10607900691443017394 -4.32708717411582721724 -2.45153282468575106634
3.72552429816652530548 -0.20648303971626535969 3.67511648648338340450
1.20458613779328693738 1.56064913928379755959 -0.09252559614043054381
-1.58998076053795278639 1.87788952620444771213 0.97512901651001460124
3.13728979619707004645 2.25752276427652365243 -3.49570681360826807094
-0.65867422130246477963 -0.01996940983258976843 0.31972816953687566155
-2.90092688222371508644 -1.29591717815835272276 -2.92219305541665042014
0.03244264408145358658 0.49147396236989138174 -2.59255960242141236805
-1.18456619345144797961 3.44935184372612813064 2.56212818187388524649
2.84886960407533873507 -2.76022979204684482113 1.28826818630530315346
-2.32281477645424683232 2.86499418807937988873 -1.39686027318222238947
-4.26908606356482600575 3.39821738257754457635 3.47025717696751012653
-3.25175089204812772792 3.74643666294271593387 -2.80087299159987024311
-0.08012818927910103639 0.53516616335765920809 1.60724962995814468769
-3.29541507856418602884 1.88134723022220118338 -3.30733373038288336332
0.15769367628087938016 4.08231384666820229512 -0.69077154612364921604
3.95190914804004389538 -1.94730077517480548721 -2.98655311272528711797
2.42255742633797233054 0.28398454699880559815 2.52417591175438094098
0.19975060981496284285 -2.92967982420583750169 -1.82557020296867777986
1.99776739305831974036 0.38702606475806877739 -2.30435679223985578901
3.96638419725775381863 1.40853327212053525130 -4.32857065551590647345
2.31051730519800369024 -2.70575517429894141230 0.07911394962705120548
2.31281070273418887240 1.76326105155586621009 -2.47394724328286041981
-1.69342441910772567581 -2.78025207234576798854 3.42100572391355850499
1.47289418234905600258 1.34723924159940811052 1.91852540345025968094
1.56522426316190799156 4.44862626129534444175 -3.91931441895999022051
1.08448467158796013621 -2.05123558896070257163 -0.96411650378728319666
-1.76402501709565040500 -2.31717494972913051754 1.89872776881179650132
-1.24761815569240219759 1.83015080094903215269 -4.32940334161931517087
-0.07500955104758944003 -1.62918685910146088247 -2.94893767061025968701
-0.43929576475608111963 -3.62808669028497510212 4.10971883795164227848
-0.19535939481074926505 -2.41370626200611804180 3.41698476875455980917
-0.81078113291334741319 -0.55188821214409156113 3.79937467043473642292
-4.23455104499109058480 -3.21544044549338803307 2.18215876426154675727
-2.78720663583804206809 -3.35803150268394379196 -3.36342186161796563582
-3.88202775356188611866 1.74811471260957240759 3.41685977582845268330
-3.47189837783803811888 -0.88996705164983591629 -4.28826815580852915843
2.03905864937009884130 3.49003296544732588558 -4.39166889388054926258
-0.87503025406528145425 4.30211480410572999489 -0.48857601780892334631
3.47901926171997732951 -0.73439783161225458130 -0.32322773484902533880
-1.87681519350800929402 -4.14775499552703674766 -2.99608129630805075649
0.99973261441744032396 -3.86121251144651234100 -3.39966752850341258352
-2.21908384533559033258 3.88970938496830509479 3.64993499697026368978
4.04873605753913512473 0.76175581261829972135 3.36313525108602373592
0.77273165910055485739 1.44885598571109230903 3.85011379693906530264
2.71127498734885996612 -1.52599064111605331462 1.25642999253995046871
-1.00775153070422085477 -3.72776177298658506487 0.24711186634485216018
3.94671946574749110681 -2.05977437124016171666 -1.65195778797691428252
3.36488397909803005348 -4.15332406064075332353 1.41555106637010741366
2.57634979513700290710 4.19597376250229725514 4.09304530403573796349
-0.97712165670044015542 -1.29915516472365055733 0.83532439289079007949
4.02899412951727864396 -1.75888683046178062597 -4.05754063632608197310
-2.51963562960977371930 0.04601404225177141427 -3.74133524823908958368
-2.25106784440413187909 3.58427689190890941262 -3.41096349220320149698
-4.08083251891882348161 0.93479063579521248784 2.00559774428683290637
-0.95947600519693176935 0.17932565295426794449 2.80800430741090423226
-0.02586829251020628107 -2.92070328344622609507 0.25205826374642281706
0.71182768941084972880 1.89860748954067393157 -2.61273208321341954274
0.38551566164993733565 -2.11695709320766800587 2.17660648239565635009
-2.87302953410814376767 2.36034137445550928902 -2.39935359629231204082
0.55336989836981675950 1.19991827824349162057 2.79469294583424154865
0.95533722174230195634 2.12822145953000596563 -1.58995561757513703682
-0.99188581465410141647 2.64454562131194581553 1.71325734960117959105
3.31177310741419272944 -4.02971427227491485468 -4.18486780184729045828
1.95797155317869986391 1.78814424027951712759 -1.10481929466202632995
1.85560577229372736241 -1.60645535057303057158 -2.39316729709979370000
-3.46552263617829847675 -0.19359800396445425719 1.84598553852950519882
-2.00697546841606966339 1.01614769143925176564 -3.55892079634200175775
2.04784263030404911632 3.61786372148606982790 3.54565225117090232487
-4.44584860670548565054 2.22985511713222184227 -0.47799860415586170603
0.18406014234483514258 0.97870188101151533999 -3.46579991439376655649
1.23698652338725878508 0.26347142572533321925 3.32025393900332765895
-4.17748987037280450352 2.49400577407103352101 0.44416183018235777524
2.09419033226265938197 0.66700697967434230407 -1.27538605623043110882
3.69486254369147015808 4.12883344389730222446 3.26679059101881907878
-3.12329106753123575402 1.51653538068442728104 2.36302228682634751777
-3.96448963053551040048 0.31131935648054831489 -0.13147748238835621493
1.30746598466453978205 -3.36533951753665494522 -4.40139741910543946801
-0.86867289485086685019 0.43487595444886029128 -4.30743225123227535533
3.38853944674200757703 3.99010502584297466200 -2.64241907627518823887
-1.47313456510112139597 -3.09964996087160304938 4.47513103152928781725
1.48494518261208785503 1.99927524521014721159 3.01826540317047342654
-1.17203676080167706886 -2.19860395867598512609 0.27874322693774811199
3.89604325958044217515 0.37757464342753266351 -4.31250361342844534818
-2.55728404521355257017 0.42142702246257268683 -1.33243154701869670475
-2.24028182902826955569 -0.55428685904433105947 2.51921359989483661934
-2.11717198354729640997 -2.93520342856883864613 -1.84687903102384520793
-1.75890505338898339716 -4.46647731876479792135 -4.16432097143663249028
-4.12061437011118769647 -3.36522581037226009570 -0.00361632312586390725
4.22058971053897469261 3.13077696696719520730 -1.02595179696250449197
-3.18412085727069982255 4.06632455403636594582 -4.30205728184507663059
1.67519111292019928783 0.23277304990548497443 -3.63815128943219745494
1.81076777230750707304 2.60658170845187964204 -2.19965907114850622861
-3.78798944435308504453 4.04055591622186138778 -1.26255569369966913484
-4.46907147033378393530 -4.21257087000992136439 3.43839922407531606297
-2.27950023523323341834 2.15252062666614119024 -0.08389064146048497150
-3.59952244694436584993 1.97385538169036056644 1.62348010075666149277
-0.20421022717772352451 -1.81572636924734265307 -1.68836227354390899791
-4.23780897286783364564 3.26952120721329553277 1.36739078746336506498
0.91663673061513151197 -3.51488431558346725581 0.48858687988495219656
2.61732020386525565669 -4.53638198233741984922 2.76449125525823813376
-0.80846773103497859836 -0.06364162853325527891 -2.18339499054389207799
-0.15654568386037759353 2.39205882554531878981 4.42753841428846239836
0.26520071356293950515 2.10360994548924384873 -0.25127618007659702215
-2.88349536851217891353 -0.18739967840057669690 3.71526860740162501173
-0.71530188730016597276 -3.72860587801414355980 2.98603394959446877266
-0.16547323754027853937 -1.88467681687336163776 1.35177406393216781311
-1.37517390097585590070 3.79743247349641865895 0.54606992688049604823
-1.34736868784151964107 -3.56432503542705125810 -3.76151939623038567007
1.82112547268843005810 4.47424916033094088874 -2.57323551552703166934
1.52725342260187080257 -1.24837378886105998532 1.41924957233312287741
-1.84188774595726911798 -2.90922060126173898098 0.11045668278616016522
2.22589782861256590962 3.10115405502991237086 2.60044565021782148051
-0.60949756777722408074 1.37175340089993103021 -2.40152312594254091493
0.38642300037806709412 -0.75056355338600244664 -0.28346533261496720257
0.52455883565326555384 -0.59414099605607084698 1.86950669670703728542
1.41736145026461546337 -0.32351925318950502941 -1.53525992145605805206
-2.36434880558494286973 -0.33089057975932245625 1.31278351059722364624
-2.93142913929805803974 -2.87967877206492861575 -0.88756805743510636120
2.12127457481627690328 -0.58948585879983195213 2.88072571765791085596
1.13827681070516550932 -0.75681678368920879407 -2.47877157410272097593
-3.41328686783965018492 3.03497858178047597022 -3.63269608973933477714
3.63680805258618899956 -1.32227143366633281829 3.92979846812129007816
-4.19416705243646248391 -3.05799555866871974885 -2.41594994419323327861
-4.19057811005478519917 -3.90434172532355727725 -3.14828632267858843363
-0.95825595401022312103 3.30737655975829270005 -3.13672202957015677782
-2.87718979285433240634 1.30612598002859758850 0.37389260771723176191
-4.22363037014773201605 4.13398803422560856546 -3.23437696310723188375
1.83310413185285892013 0.92933690369069843484 0.60942799183844265087
2.41960485010404457995 2.43671709056817942241 -0.24321476649102535816
-2.15568266165400723722 0.08048356029096748188 -0.33485637960590963758
-3.46161404579414844207 4.19391059531957299811 1.16658631478124075187
3.14697023365569172881 -1.87246057409009303285 3.30458588891932070197
-0.02908497828679035280 -4.23750107741025860975 -0.07532655838986279662
-2.95075419645827841109 -1.75243271294609570532 -4.16837300729223247941
3.89700466954921065366 -3.07903037387256350854 2.73278887441284101811
-2.74709262966577316689 1.77823976749890544369 -1.14479230410436372267
-0.20566914453611495617 -1.26249536549183893896 2.49463066455350368500
4.09093719783117659716 -1.23405395225445779772 2.83526877615885464223
-2.87985304134863850933 -2.37924732292460383576 3.81888202823115019413
-0.02470338699799423665 -4.50680279458153432159 3.25284576912706224761
2.80476170226531706930 1.62788148879651917156 0.91784609016710838603
2.20202505410272575403 -1.86316036961573239239 -3.82621981392426091517
0.90992918918531007222 0.97383863042451057623 -1.05472225559976040543
3.38843341074407522484 -1.47774767414860397352 0.48499396755281143356
-0.09040455016030879420 0.78890280933424694609 -1.57733255159476204454
-0.13810397148452224769 -0.54386727855297678502 1.12124693270227826503
-4.04045206383036692444 2.45790293772697854280 -4.53026580483926633036
0.14408013008209419326 -0.69339400780371907018 -2.39535849939408551634
-1.76866397483835058324 -0.45136711719591104952 0.38619519823256176494
1.12756134867744695072 3.55364526792504076269 -2.52267786270624583267
0.36243092077581984256 2.46541717685371697399 1.64188948198597284289
4.02187562872894144306 3.12632468161160570475 0.10922140866494700617
-3.94717041352105280083 -0.30088838009142282459 -3.23530086379096681881
-0.41054593029842489926 1.57898407644381943982 -0.94586060422054973884
2.85807153683024761648 -4.10077195196234089991 -2.76283330775248581190
3.10074805690989840912 1.35948605878576156414 -1.19334906079917013599
-2.81026309269746654707 3.11697794977594178079 -0.48967286070842863666
2.31125756203632981567 -3.61141608868806596178 1.79966358359564981839
-0.68712194895394285155 -0.50049079342706281892 -3.84945456475926572892
1.24415889499362375403 2.45533095443956561610 -0.61734444770910412714
3.35766449952977819038 3.26006170493730351723 1.00565185269177970184
1.77237781567761576440 -2.83852353233222265416 0.99434490097214567328
3.29086603250341624971 2.94208059065509797136 -0.79563696516290205452
-0.41602670799292873482 -2.10946263391440691493 -0.62704288105887151517
-2.88637237967783155668 -2.53316629386476455110 -2.55895353068561925980
-0.38938705952242269603 -4.47022645617866576373 2.21581776893645265858
0.84155222047945876795 -0.23523209729812766255 0.57895780550669950770
-1.31569405140329642734 0.89119398449662323713 -1.70600094848090844124
3.23323740141145155036 -1.40776412323368216306 -1.25794212151451922921
-2.00021288409351649662 -1.22355009898887256981 -0.29946194414715954224
3.47462203350437537352 -2.98773224477101440044 -2.44084266560417484371
-2.96571403010114087451 0.66286452933929673748 1.37316434220299843361
2.13218262457978902091 0.15090545159454116231 3.85624821932832606564
-3.29619780858244348920 1.93050921110172257755 -0.28822637206762191653
-0.12816660679901481501 2.35457515588550680974 -3.11750550078710642055
0.10027130882878587670 2.53531601584942301031 -2.08208656267466052370
-2.48051135224145546943 0.94562432544521790589 3.02723212803247498925
1.14979489808036206000 0.89558459281636171312 -4.34993381948551416372
-1.33947577931442474153 -0.90591383981241424550 2.90248800225278369425
0.15026355458523266151 0.24541544542219373426 3.63459780405697951977
2.32650056897006241030 -3.88762717914034583444 0.73291005927022201405
2.97228230316021235780 3.42433172229060023284 1.96261300870838706345
1.46832507404972734122 3.40022004241615771747 -0.12397976496804741231
-1.11204603588505168688 0.52063252157402306608 1.44032043537850462656
2.49773537705998993630 0.04297122109522177880 -0.30639844015545047995
-2.11289641477839751360 0.90837611414691021849 2.09444373184235121954
3.88254591965613737869 2.93281870153045076677 -4.46687776152843252220
-2.06923376195291908175 -1.75660546751510615593 1.00105441261654348750
-1.12470023236074201378 2.50878401436623565957 -1.55553326603513308868
0.13905768937136908647 0.08903551782796270686 -0.90093383781129521282
-0.49795350108807490130 -2.60948453533377211500 4.41143647056224086356
-1.70453268495406629057 -1.44316737112281678890 4.06314946738782278857
2.97017550633826576956 -0.45256440229317895785 0.48349999448845082384
3.66686327207454088040 -2.85702272081260399972 0.41274446935611397436
4.09289016788662163293 -3.53586219616793151488 4.40196385549624569222
0.34640348698550837980 -2.54815375667337473686 -3.93207415938399895694
-4.15990608815318019253 -2.02170809451100952359 -2.78702642677878609234
2.57828784431340984895 -3.32469018623769629883 -2.10786276897657787188
0.34763629486201885754 1.60906425582473033842 0.63071089065003782537
2.41147428134561803148 2.77065659617169668394 -1.33101699882682522613
1.37676572288754517359 3.36735740472314848404 -1.40826310216329053659
-2.49560924659404737014 -3.33192995209243481014 1.10899325332364551144
-0.25766876962511631177 3.67074206725559282205 4.40349851513554835236
0.79067700550861808040 -1.71889944182172049736 -2.28665575337404813894
-3.22470680009943366784 0.86142588118686713727 4.06387785194689765689
1.90519916971492175861 3.97351263108834640292 0.71237983604044519126
-0.73488258942828155185 4.41995729927235014856 -4.03210967683481769086
-3.51420474986587327848 -1.38960696485986634485 1.34572561942570789739
-3.96309235136331272642 3.13640145592955565945 -0.38040235425448187812
3.78901715284967988140 0.05640519333219629061 0.60959875626482507016
0.31946004237961300731 3.61335677295921886554 -1.69324512820570172167
-4.44648494116690695677 -1.52011600572156968525 -0.19976824770823142785
2.94123280350504412439 -3.00112967992775914183 -1.04167233793226809979
-2.04700884770789315326 1.14214314756986379251 -0.61291388367810339943
1.26963010080380733768 -0.57546526920572205199 -4.37975191783426609504
-0.59577120617001266822 -4.52929551787331430290 0.81670022481459803032
2.94167923151919552538 -0.02117400425968973821 -4.28250979622773897404
0.06312580165643133512 -0.04627262478345617325 2.51691714797565957440
3.06202410171696914887 4.39826706160422542524 0.45749672066814106586
2.41621151114520849035 3.94583211536628386540 -0.77821796045190527735
-4.06189116687311457810 1.41971540085446967794 0.15559356984466976570
-1.38774679388895449961 -1.88140836418243617700 -2.06190253597124018015
-1.45740847759790526084 -3.59978079591530431003 -2.21814151685426885763
-4.00429120418284245631 -2.38745945234203871266 -1.65255873618860515961
3.40330565380040805934 -2.13886723889761620754 -0.49802963058182392331
3.22787759766485748969 -4.15225402578985303137 -1.82049916380862031318
1.08624321014368430127 0.86109019602904002255 -2.92112529857409120027
3.50491526379100104549 3.91423025297107596288 -0.39458041376852470705
-4.53112341327967893534 -1.98017343782028598653 2.21299054279328988315
3.49113748419403879808 1.34608096245449981865 -2.39776051426015124335
-3.60083063335195596721 1.34912407404374068420 -4.13456221163377879435
0.07666517585171828131 4.05463430026664095607 -2.80572459059112011559
-2.69712071126060193293 -2.10529103413415041857 -0.05796915983940920114
1.88006096352569063157 2.13726299581260548166 -4.40008701213068231795


