86
-0.85921647851981752808 -2.44971434019849176877 0.02141058837408316151
0.36817442802501609833 -0.64289719322697225223 -0.57050291791975382694
-2.51543508900640810921 1.49405305858605608194 2.72980857202735993638
-1.50793311328078827316 1.82874221290096361514 0.73133256681073799399
-1.96173803857497208725 0.91902313926591361337 1.50373466368101649238
-0.18018657655700476283 4.13606127960166691793 -0.98499691774307507330
-3.84068001146118920275 -1.75529802913918331342 -0.91807742682993165317
-0.43500014568599265630 -4.38377767777813343031 -2.94424148776781136050
-0.64904056400146847849 -4.26542513522416921745 0.99332211373089052131
4.11461204556622472950 3.22073204278442570825 3.26152578260364744978
0.86370111690455519948 0.25289181262438908959 0.11352862371934424601
1.85569347357321934311 2.51076258394187501466 3.36246021308661990901
4.06279433031570658130 -3.64106620636755584641 0.71587566868147156640
4.34709036354753930453 1.40322000766270971184 -1.85928413018950866586
1.07333947486799896609 4.34184729805632141364 -1.53451780291399852985
-3.04228835154413124187 -2.35262251686092715985 -3.50204028094203811960
-2.38096387047419000282 -4.36511865203426108195 3.49978416816389614752
2.06316592957656741447 -2.15293106667535605325 2.85807491779687428135
1.86290513072317587273 -1.79355466841126709454 4.26102571228776216827
-0.98375392292356789170 0.91340793436250589110 -0.96799365906880119326
-3.84445845098321203892 -0.12413894289129068227 -2.17179357856606447541
1.71763570434347112581 -3.44868150955401775448 -2.21619855406975041490
-3.29629262329703331957 -2.20952212716209528409 1.04876521367436392751
-4.32199880712145390049 -2.69790681338966642500 -0.02662104244923835239
-1.50576750504948320142 -1.99451244217785816915 0.98121095540726521733
3.76586677640089728669 -1.51395983377570209072 -0.74465520006547514242
1.47024762455657143079 4.12145313916870659199 0.69290465172512583081
-1.30580633362878062442 -3.09774173148896192487 1.22659210008569186101
0.32174071876817045279 -4.00613142723790272015 -1.18442332558561114197
-1.69457461708796275346 -0.43556682883465658307 -1.03670191036698922105
-0.29906621760941121124 -1.31480913610774230449 0.78674752705658335117
-0.82020131678322449886 -4.44087383464630480745 -1.75424062380091072555
0.56865647133478436359 -2.22810287582790955696 -3.43059756667067361491
1.62414989270089282769 -2.38069836454983585483 -2.82113758587590934823
-1.80910663280485195514 2.40702809613543422529 3.88455566801805485255
3.29811354252488531102 -0.56710885122888665677 -0.81610014700377142560
-1.54067173960383474451 -1.24188929435254102884 0.22172645005633029314
4.14453352624093707135 1.49860681994888533808 -0.76535757690400751940
2.72803708357808627483 2.21133896993497014449 2.03208578756853164293
2.28670038357175631205 -0.74414166722765351381 -0.90034561251064015863
2.61114079029336476623 3.13663707623948084802 2.61369492776276235446
0.40376789219538000708 4.51454308931416203876 2.93845759696639863279
1.33695920926564237874 3.92344393994848328333 -0.50125967965579221186
-1.28907272652789695044 -1.94427268396645480664 -3.75272940138231314577
1.18350753155977361786 -2.08014049927498767545 -0.03009662559638837109
-1.56318403600808508713 4.05404644085618226512 2.11329182694207862170
-0.83091780017405714176 3.02814947556811642215 1.72750850315043624761
3.80570092657694569738 4.47253162427153849734 0.22226149858141042159
1.87984325500097426698 3.82826796898577992323 2.39969166544163758914
1.38081487385286116876 -0.91718956104566506937 -0.23231538895043257753
-4.10596381559586109944 3.31973103040209771564 0.52527334854700491462
4.24989177337300372272 -1.05237968186907870916 -1.58635195474650281255
3.11011816470486035513 3.75686217880965411808 3.56551215186187153705
-2.73458987321268631732 2.75093299543258762441 -3.80575652801813024695
-0.80460654385820840062 -0.12164061181828600411 0.14479848083931479152
4.15457520326539064826 0.25569548504550532186 -0.84632088973396424336
2.65338605878049538234 3.58747887757624095428 -3.63970803030788703225
2.18316590810399890898 2.31325957067574794479 -0.73031811476550778650
-2.78552050489294389379 4.52055730582852444144 2.04960972852458755966
-3.82281889193189794440 -4.34371998373832823859 -3.95945495544402170651
2.43529964591130099194 -1.11238304819563271764 2.95356794892554841425
-2.93694394107451284270 -0.63662056390600785249 -1.35094664037251632749
0.69534758257827000705 -3.15257739186898566786 1.26538940688755907615
1.88413473340899795261 2.80337919156440573687 1.16114728026575875219
0.73153634560355751404 -1.11734230928912259273 -4.13813228933619203787
-3.08579287920663913880 -0.18613171012295381956 -0.25018286326336092174
-2.78051272673589311424 -2.89478014034362551854 3.43653402587936529500
-3.80948129176604100010 -1.22472016522365034774 -2.05964159620071107781
3.98196154845145411372 -2.18117857829269068404 -1.59450450435821577955
1.50743960497403328702 2.63280671157436785279 2.25644797932651286487
0.47491902536236718646 -2.33158179398969656049 3.37387271091758034203
3.57568527184671136609 -1.75896160146625479825 0.26937807367714761142
0.95535159834319927086 -4.06711655961121021363 0.75916466993934061946
-3.39730886824103350818 -1.05471189746890159356 -0.03152335810419515383
-3.55798221001515591055 -3.11740551131501275606 -1.17441995682639266363
3.10576157901907112802 1.99263526273661906174 3.91930493906140586802
-0.34171152474841548496 1.79406616476887759148 -4.27414347840348884944
2.94288295276205236206 -3.65413965622001279954 -3.60812982569052431714
0.76281069024778425103 2.96297523250944383477 3.11334487466336362615
4.50401904038655143125 -3.86989139630185841057 -0.68760719059537844799
-2.73692981574403049194 -1.21483104782431272639 1.33901863154708866688
-3.51878560360955328079 -1.42726002347482472388 -4.06634318573220543414
-0.04626892289269335379 -0.54428401531738934693 1.77172893138618903208
3.70643603675446176027 2.71218103312391711768 1.58080374077248198006
0.91025678994313974357 -3.07484296816996671708 -2.86678397173670695963
0.43041623309689924781 3.71436126297569213506 -4.02723814146786818213


