220
-1.22510601077275982362 -2.65480148410226357569 3.28095950146437065342
3.50946893651798585978 -4.35709112492137595751 -4.13593227430234211539
-2.73646977375286049039 -3.45555815660722043248 2.07179593670860118237
-3.30303020417061654612 1.37655124732797684572 3.36329774682082405235
-3.78947203575539459663 -0.17780995797037491002 2.66330633661754134778
1.43890695834791948471 1.69485767970931267001 -3.15364449850029915368
3.46039762718499854799 -2.04488260779987029991 -1.63906135691478160865
-4.02938585144548877537 -0.66164639328498875415 -3.18446360360885538654
0.41005397537346510717 -3.07883977781666118290 3.67874294233775511742
4.07282369193962434650 -1.37727599960483004793 1.63631861575175374668
3.84379112050747107077 2.26517471076939624908 0.94122159189689380554
2.69614734132730138327 1.47526989685024911836 2.82197091455405502103
-2.21515910365039392360 3.99735066514483516897 2.20427534332863128697
4.48616062076088706334 -2.67819162238091790229 -2.42865714690373435403
2.05868177725511891651 4.07779734006240968114 -1.22741875792670462886
0.78238938326620033337 -3.64153919422432004183 1.08720485719144210890
-3.46883478626149921453 1.21599127370305648554 -1.80518975822643046314
-0.24210114572075092099 3.62803989793969616784 2.86192347498048782484
1.12307735735092695251 4.52750483821782534477 0.77629794931991824569
-3.56999479074238967868 3.79113829226276433104 -3.92847009700223281925
0.12187577991428621971 -2.05027897880074005954 3.84919264740800581848
1.46767098453120414803 -0.87989223797940896432 4.38260872656149391702
-2.64292562665887942330 0.05335280420097365806 3.08956559674342035038
3.21401217167113006923 -4.39140790948388559656 -1.01277586861876400803
-4.07572822026659586925 -4.42458638739395571093 4.23287865414106700968
3.04391827559467476050 -3.66536889564515000473 -2.89230240678543326638
-1.14342564504182053753 -0.99827653228934076779 0.14284214443978715536
-2.73340695714608195033 -4.35031391731213989971 1.02677249904030443162
4.49858083715545031822 0.26257510392155758439 2.13621434655014308390
-4.41281145965755694505 3.47802000503793262709 4.33274955319640664442
3.82966513094926863658 -3.95645121706294178310 -1.88192125440842605855
3.68934843142999380206 2.81159731825079983736 -0.25115761804617520170
-4.49765033057497998215 2.10430966554789389278 3.50301670221318151022
1.27484595193797556334 -2.53583709926097711218 -0.50374552874452760420
-3.06839892588314278044 -0.16616748702590111719 -0.04918711078291604366
-3.21762487460504020831 1.46274091413501317049 0.25412755068172998563
-4.08082716574930159936 -3.41406050680571659939 3.19552289467004957402
0.80318696050760163274 3.69399548095119190094 -3.08950884447510754072
1.15957472478852796627 2.36298368967405814089 -0.42850799900354630267
-3.87818312246536489596 -0.92424446764902734586 1.80495526562524855052
-1.84622898997460760384 2.50074693313780560544 2.58709186780299926767
3.92417485149245148790 -0.36010520857843264508 -3.00432355539624085239
-1.05976797122870536327 -1.71988005041252112193 -1.33477708986843257577
-3.53346313596802197310 0.42330527866038103468 3.91736733716207030653
-3.38246175746643684690 2.57033423862750254330 -0.26720185921331740531
3.35481041723558437440 2.54852079466085790216 1.88756429020146221376
4.05488105674063259443 4.44512780905383042551 -2.91555489260045019861
3.96254232571738729263 4.15158560294047429551 1.71577000639690613326
-3.69488579769652814022 3.09464490284019344557 -1.32839524712456569233
0.00190268458483622283 -4.52846548957873729080 -3.79223226748101271966
-4.45578150784355653258 -3.63226778200910649375 1.08319435228582161557
4.04246744718216444170 -3.55138859080771140952 -3.29772321574716098525
-3.19520093644967984048 -0.56219465874734542155 0.92861046037796057817
1.29175952469893484675 -3.97426836707972475082 3.60409296748070939742
-4.35439355129810135026 -1.60266010695181648771 -2.19640524576335627316
1.72986733445575335821 -4.48430187691992454546 1.63652928121936191985
-2.40441615786208373606 -2.22288712729934045953 3.36087122112191405421
-4.15973101142404999564 0.38813680982431009170 1.06428668699324280311
-4.29994945727135480240 -0.45334655504287013628 -1.94193730695488619986
2.50826871257249894853 3.94295726167937043982 -3.45619204173584870787
3.70731802215747219265 1.32838481944566311199 3.16620517282161362260
1.61646132199225878168 -0.97889965598471961883 2.96501639771307878846
1.92542275776005222809 -2.68921967751663659740 -4.29171495694057369974
4.42277240124031312263 1.24986817861995991308 -4.01893079448778234308
2.80600774904527572318 -3.69485719346352414760 2.29701698416369204381
3.47827885018045446230 0.20081845724747626747 2.59445510141440838225
2.12779390500436171862 -0.49428900453953872329 0.81632997060584333582
-4.20850208003308701166 -2.32243568809988776280 1.06669027076320155345
-2.75345416088757222184 2.90296416706713689138 4.47764786484891974538
2.78542337841556086886 0.23548079372812580345 1.20103957757585266819
1.68559322814329437534 -3.90727193796045257912 -2.12231040703363449396
2.83196058569439035324 -3.40496213354417331942 -0.68183683488542490281
0.77082684254845545979 -1.37870664171574919266 2.24371618085775281770
-3.06644365175866573381 2.12872373231548106531 1.18376504214482647370
-1.32322730989932502155 -1.95704091343865549391 -2.44081906319054020571
3.55520682208189331419 0.74993547616726541349 -3.21330146049745835057
3.28155221645562988897 1.41014679706136014659 -1.08449354349341042791
-1.62415385441428039570 -3.20721746607347979463 2.41315115383410461192
4.08406648936016392071 3.10237786560474315678 2.43585010544119118236
-2.93188656696606697594 1.86156136651727521780 -2.52666605350202866376
-4.45285749186929713517 -0.44426381021350547229 3.67410316016537752404
4.05725534190725145578 0.79076650006915194524 0.15021183932335713251
3.13996307114330353016 1.53219898026255219037 -3.72577728137315977719
0.06906945863360380855 -0.03497350162094381432 3.05990190680606843898
-2.59527469068602911761 -1.34172091365403112206 4.13267328738788197739
3.52147537217457529124 -2.91031907415342816492 0.48979998288800707940
-2.26693240386836647460 -4.21478173962228908067 3.20041021149935556167
3.74798619958566003874 -1.44911348478884960400 -2.90025394970024086305
-3.03735429515622801233 -0.56832016408269314667 -1.27407470842475323280
0.21575844567080082470 -1.77044811559453307837 0.10061894274705895924
3.08561578070870456969 0.58850327480383501921 3.50560888853965568757
-3.61976357483055988240 0.27045578891742660943 -1.02860810360622512150
-3.06553248211516882193 0.19042041069769144457 1.68794452154250862463
-2.33112926482422633256 -0.25180252479498221874 -4.53154643032621873289
-3.27106889073106987809 -2.57772502029104710886 2.78990138152572519914
2.51518789083216542934 -1.10591580640230846555 -2.66446571943388299530
1.13353385633575154401 -0.06789531660758640896 -1.81074134283376508847
-2.44211624766639445738 3.47877588025437045616 1.37853423831404509059
0.01903910872019221046 0.43949791322518727554 2.08710230483217529240
-2.98135813355829215610 -3.17202800734271850303 3.64183408631857030713
-3.12023523931128776709 -1.94964868072171615410 1.12768625030116087515
3.73488995554270974964 -0.54471731167127757089 -4.45269148193890718090
-0.34122448866672261403 -3.41236592404099070563 -4.14951203056948525472
3.09279255835910671379 0.33797224960940042138 -4.36360537877386178707
-0.39595330625661873114 4.43990336730586232505 1.92444935180785758888
3.61336087842787723190 1.51071954619938786379 4.30399073267068477122
-3.58817775336380773155 -3.21941280487131242793 -2.85507833434852509313
4.30477350710087502961 1.51891719336632124993 -3.11123520228784089525
-0.05780587363296163517 -2.93455109981310924283 -2.27389933270704647228
-3.39751594915532839636 2.31338349079941529851 2.57638054830029794573
-1.24145864626508739548 3.29491558572912079939 3.61426383036673737337
-2.03883172904404963433 -0.14471182709206509287 1.58160734935034685833
-0.00129997081194499486 0.47150213785083128215 -3.69073124754518433477
4.30379616520096863752 3.82544892557274618383 -1.51018121311804165430
-4.16609317958798097692 -4.26588669790969898798 -0.89896073798561371149
-3.06463241757670568077 -1.35804487873328838532 -1.99878469379533019179
3.87091900262522070619 1.36332831839024493092 1.59773145330821986221
0.88470725516216930373 -3.21871256623128720875 4.50462997506360007804
2.30782410484893762970 3.94702591813152192657 -2.31306723159772964493
3.03238961577526389135 3.48587620337542691829 1.23431456641661529972
-3.74040158146523404881 4.40361476410467655995 3.07055490487352233941
1.10735435530738968168 1.01831510905134958733 0.31004125906465063167
-4.01041565003755007268 2.45659324157596703486 -2.85611268136022955488
2.38710489988150253993 2.33764204183235424495 -4.07209992106712537208
2.43718081788098039908 2.25397419558419631613 -0.80408711834997426138
-3.55501723283376813711 -3.17818927265868511611 -4.42090938412081779774
-1.79810860539635797295 -0.81194113860441685659 3.47012823115473079127
1.63848931598732683312 -4.12145779429265601834 -0.37868759324259926302
-2.09101274660114144766 3.55382613909289357679 -3.62033501326251405672
-1.23353521600977034112 4.31433641367357534335 2.63314557859262965422
-0.76881906449470305276 -4.12720710311938177028 0.60243026612310401902
2.40984496199032616204 -2.26497700166336590755 1.14787272270464324464
2.66778675331410841665 3.99483986228945209263 2.13773432371357685611
4.52550924629545558986 1.34194217150337546940 -2.07050918843816322834
3.11862293232282983269 3.74693307400369146620 4.33034677698722969552
-0.95354048808499269896 -4.10837203913392823296 -4.48827327413981613802
2.67580127611697449197 2.39692279237978222994 -2.94650634631119290319
4.21254241816078600635 -2.23222282907117142159 -3.59088780251028616419
1.35012487852867746341 -4.42390842811004514346 -3.56724531450608584038
3.83976033467766786345 0.14822897913198573860 1.35569914770363819656
-3.45198829535533446844 2.21559300976594553134 -3.75990997013285532802
3.13790523940560373006 4.44429423900585174323 -2.23286306936678924373
1.90020001989662734587 -0.61280532992234437728 -0.22992618034725964549
-2.19293866467547360344 -0.84522697695996429346 0.70660684667051842922
2.66675573305433477600 -4.15942930106637653864 0.76903985122476736791
-2.59003238307661609596 -2.74852072966263705212 -3.42059387482175480955
3.93662931366372514930 0.30880594912805214847 -1.97211754622464408016
-2.49070412100198979033 4.14760662341041719259 -4.30281393750406504495
-3.64629276014545578022 1.16315352842452224280 -2.91272746758907929987
-1.38944236926408715149 3.92471398565513407419 1.63070471656448479081
3.31091743595116749788 3.30747572918559917809 -2.74435332608516313613
2.40823888586707735016 -1.27904731795875292732 4.21299117264439271224
4.16596214780421103541 -1.11755200589993730631 -1.41846548087689283690
-3.50313498825544211712 3.06415865693274813708 3.49479265897965785115
-1.82268404851263321476 2.45789662800833674794 -4.00402702924491205039
2.49909417656941545971 3.98410387528960452386 0.08570344387828754407
-3.56768605205030508998 -0.52379487844244554395 -4.46692111238031497322
4.25958668367752846251 -4.01099347139971396103 -0.06455563439376188484
-0.65198570022559465542 -4.49807261260786361845 -1.47056469349110363609
-3.00754462268298405903 -1.27942086049415504334 3.02339225413098500184
-2.30149819277576916932 -3.17426511839790759240 -2.44137142435829934684
-1.44839527876134344098 -3.23463939264769706483 -4.24832222731998943033
-3.34569605756162635757 3.07248607406778084794 0.82510296663326077038
-3.73612552909817630109 -1.65436776961799969499 -1.25317595096770251217
-3.58156791651197048409 1.36359121895818713455 1.95368697469288843394
4.27957221612964300306 0.20502023550523418294 -3.81937840319134291889
-2.92363086758147971977 -0.88954145084796731879 -2.91518350660191094548
-0.29309522581590563561 -3.94842661812402129229 3.60954206825696122252
0.67854981607578412905 -3.69047396659234605565 -2.05751770278132806169
-4.43724868726712529110 2.00950730754080542084 2.07969421605407145393
2.83643953880843913140 1.77836799793045319262 0.59767323745445111172
-3.62495996381702667577 1.32637033738180942777 -4.25047791775090377797
-2.10298423798065359236 -2.73648338451075767708 1.26191452362729439329
2.38372451074371038970 0.51530831547997646425 -2.80726331153870534152
-3.31647449873481336979 4.28540985180347799854 -1.43683228422603814778
1.76729202389448225574 -1.53493275854382993373 -3.43629434335004813050
-0.57704742503896611083 -2.87262671098437394335 -0.95912533548875877898
2.86587471050134912076 -3.18807248562837219907 -1.96701713785060894324
-4.30031281010780919161 1.42905491372364412683 1.13140342125395410022
2.85467722754230202042 -0.55352948158864645478 3.38941110901177466985
-4.19165718037235990323 1.12631567083776040761 2.66695214581840378543
2.97851509759343446859 -0.03106690849848092739 0.08765594121334174815
-1.60574574823254456746 -3.49191250687998877567 3.71944157350232895709
-3.29552117520895793135 0.29366699340067459190 -3.75014653703466782630
1.59121902400371695308 -2.94566994496061163034 -3.36287581807271873657
2.54468131555630616703 1.85721253068887026672 1.72628915250719217056
-2.26788515264113632597 1.52936763925222063421 -4.41965537301032007633
-4.49902193640273129205 3.90028914967296014282 0.99869812808174796004
-1.81080343642228003276 -1.88371114527240424152 0.16375915613498737144
-1.48696429270392549427 -3.88929937703526551473 -1.94519177219187922034
3.40760373451900910879 -2.52124309025392268069 -2.70978248400654964101
-4.10162794030765187614 -0.87999878731616121286 -0.66651262326979621164
2.02803362136701625928 2.27168993222648563091 2.95356801816711467268
2.26662900501081043814 -2.32389336700809057135 -2.59302405540838876163
4.23083461715039543805 0.70131700318300449482 3.79468742426536298495
-0.61455212305609574486 -2.41686849090102917614 -0.04276263442872352272
3.83859948879416545964 4.05451235634661966145 -0.41914013740227495930
3.65446652120901571692 2.90603626437077799949 -4.03309798443078904029
-2.73662325532047345789 2.11103017314662100290 -0.93502339321570637765
-3.76292693970234992662 -4.16858783860448589564 -3.79770996577023245422
-2.32527168251067672955 1.42045355123664496233 -1.71195073952228593583
0.32455841939998197887 -3.86401943208057119250 2.47447349565940744043
-3.64431788047969806854 -1.24685887585627863672 0.28458597362416782062
-3.40440665020601684887 2.15793428118459562626 4.24942355917137160048
-2.89523836829169267659 -2.51239273306055554968 0.18117534454753236872
4.26122005214872512369 3.07095848992943309952 3.47621959982104744569
1.41278584837091436555 3.03042187896854553486 -3.81964176014917455859
2.96722491673817945212 3.44212594857200482323 -1.60451231319496478989
-2.08413671873743000518 -2.93892022648955508757 -0.78153235638256912665
4.51694511096042727871 2.43661858462567781913 4.42135234873370652764
-1.20930963151187409466 -3.41104880560289602798 1.50882705679683137845
3.22981462804805108391 2.59551572734537483456 3.04817191022139866163
-2.52803171042712682137 -1.60526290627685286339 -0.71456312025922574804
-3.38301090145229865769 -1.78425933545284598480 -3.16692943255317471696
-2.07231060272651435028 2.28301085388444846558 1.52890836982029565405
-2.81669916800401010093 2.92756479199136609992 -2.97860512545789735128
2.07728307339155993105 -1.66296433816444766407 0.08884541695118208793
-3.31601156823819742669 0.28135471992901006644 -2.35105867861177308953
-2.28689904592864001742 1.53548354058441827164 2.68912758404693263969
0.93716071334261741299 2.05579893188860740594 2.33897567383454685341


