299
-0.76375021617300253851 3.10633938646920437776 -2.68148253363858701803
-3.56877180988746944834 4.36276011131174978885 4.06600126836465936009
-1.38619915099127810620 3.98886671343105891907 -4.04101885184626485881
-3.40154768850652367007 -3.59838429682501148577 -1.12224890254697884373
-3.88514464378373869380 3.49302706299011500590 -3.29285667303993134780
2.74763460628246480866 -3.79180823218533147312 4.31261907851656633994
0.58646706765478295864 -2.83520685291642671189 1.80895108281869188005
3.17794052302008367406 2.35614456315792697438 -1.44212848828764572673
-0.11131085630603099190 4.37215074643086065720 0.87831575757473423494
0.47301688438102562628 -0.76828251547539050392 -1.79803579074795516490
3.58398777664471079873 -2.10819308165403995758 4.40846194206253638725
-0.95867479206573325001 -4.26183749276186762955 1.44174928705990801348
-1.26207104270783787570 0.16499771376472871509 -4.28159014527309089715
3.23799411801043302006 3.64022726690996289989 -2.94062377697037335977
3.71275666906460077854 2.92053224475412331884 4.48513859331305209110
-1.27122170128478284568 0.34443185548165899945 -0.36143749808132952239
-0.02878788176575763913 -0.76799118692611800796 3.01463033832847759896
4.51805733489221683641 -3.48294990820155803135 -0.79166049170510000010
4.48527180568711880682 -4.15104965133290004786 1.85076606109428265512
-3.02565870014393567544 -1.95344822970315012967 3.53084294991334513014
-2.22573814720048446247 4.48826227651242160022 -2.24173665618854078829
3.96714641576510995691 -0.04691268175722917988 -3.47591889200517512037
1.23009626976560060285 2.73786926799370000651 3.86956361380392532823
0.00942881553241026182 0.19330280428971136075 -1.49542820793834874138
-1.56656575547018306338 1.73834233956553596556 1.02364463730501764616
-2.18007623610096645805 -3.21737514440958083384 1.45852582580810885560
1.98207476039240493293 2.09514789833051207069 3.41732780629898957869
1.51268902984773045972 0.77100061813495823770 3.35256886316958713223
0.92448638819917405840 -1.76591875759386907063 3.45669986779251292575
-3.41744035157893355503 -2.39309433683327155151 -1.26858182864022062120
-0.62701500536692922338 3.54988902737767642037 1.78096551370015543370
0.21111486480472496652 -0.26111584296628276292 -0.39181001293619655002
-2.49458435104463838172 -2.18516872861752320389 -3.19861445192561477668
-3.33390445051407757759 1.01680581707837536243 -0.19716578418067065570
3.45638898977033282023 1.32929674209059012213 -1.08205086885842138855
-1.68497104747232606670 -2.90254690595405762110 -1.73974292302828636991
1.33729477117985950940 2.29637096424578590614 -3.10627660046519427084
2.74211995966306165684 3.59381049700482524401 1.33503158233053120796
2.75400059919823991805 0.49653127165177490809 -4.18729258112246238710
3.98123571294296763057 -4.02559289926816887828 0.49617456945836391213
-1.05264522714711672435 -0.63873682602194303826 -1.77888876091568981508
1.06133795790953389115 -3.48260025969164166426 -2.89745382362591552550
2.03551608656325022650 -4.04539766598949057652 -0.04693076785403338391
0.63384936967792349094 -2.94462708299479825058 2.85523904317186527635
-3.28680564390716822842 2.27694462548230891485 -0.52702282152075596855
1.86041693686892362081 3.32021293254512706028 2.14325943219657411021
-2.71853119387370290028 4.11833613013496613320 3.07966104330618950513
3.02761920634619041692 3.90755294817958098719 -4.47217986472934292408
4.36849171916491041401 2.29418722449970147181 3.10752160487833517521
-2.84906927967603751384 3.02937931234622315202 -2.07488209280502999832
3.67462699089914845985 0.99457573116747788333 4.50822099344550419886
-0.80701370065598654335 2.44996424098813658787 1.16305525852799451769
0.51857790220726585062 -3.47484731850463646197 0.87274618767995626456
-1.51658434844017442344 -1.38957347073812531590 -2.22650525585330383294
-1.90400441728207692194 4.31577492171496057694 2.01030974066588097315
-4.08086933274656171733 3.09465436740947641425 1.01468764162126667827
-2.98146623563078705388 -3.19601758306898942052 -3.13611419939578439653
-3.30144947876889949256 4.52406674495999450158 -1.86072753547662905760
-4.24037195934122479457 -3.50295254211605078254 -3.77825425566142403255
1.53607463434064595020 0.00052395484180856045 -2.32404530444726731275
-0.28910809080175337016 1.19096083998437229923 -2.46275786323221890228
-0.97429484612353300932 -2.81909986422738922940 1.42014606988875513593
1.54917794736782443721 -3.18568083933650303408 -0.08059231340156713941
3.13082676921774538670 1.65017985635831365698 1.87698122620512730663
2.12331166867240650475 1.61777453816099114903 1.15354946656981560693
-0.88292136735463078168 2.06867689691641221117 -3.14438420923012484920
-2.86167469205528446352 0.63489573243139130199 -2.03569592112951713858
-0.78789173435198023299 -0.06938514209462098847 3.43704436231972021432
0.63057267881849732305 0.80358459418822647535 1.88476753732155710708
1.91813339712924868508 3.77522868921967447164 -0.91949939890940912690
-2.82788640030626492461 3.12957005820969502707 0.10157824194772935300
-1.78326176022299298651 2.77139102178313745384 0.00261136692422603289
-0.76800418120107671882 -4.08957817752067587236 2.98389302581430193584
1.26613630401501620071 2.31133808615962799138 1.11272351620448883835
-1.59797224708787499736 3.70803323631964953933 -0.74037220569374984080
-1.32471136050014148822 4.48230748701299841485 4.11186005292026113267
3.93202716006500008206 3.86224134387168671623 4.21907553464470108651
0.18739435774885304653 1.93334432799558708638 1.45252927138689980069
-1.66567146718096203983 0.23075226631582523851 1.86881612028918464574
2.49438444868771380669 -0.72121199374533473403 3.15236645641502999382
-3.61493717964708638490 1.99635328928426769579 -1.57455806845574697306
0.47429477675075748522 -3.19869861754034001677 -0.24493238862755095653
-3.90644536313284573836 -2.54537080156591022373 1.30988584746545821957
-1.60183471116273423718 3.08159531423530097527 1.18698724086296980573
0.49632355054664500926 -4.37524689654736853583 -2.73431655922703864547
-0.06558921201746059637 3.85376878698092983910 -3.20232803578886793261
-0.96668916440156671399 -1.04582925600230947083 4.46268500324621530950
0.55914386676462246584 3.86217953963510307602 3.71122206159812773052
-1.31349749618566624676 -0.54929518368248952953 2.53268992895124345210
-2.42908397386196384105 3.00339111382967871577 -3.07365285231267737487
-4.24124513487517162957 -1.61648374317072196504 0.60041151253637092822
1.09751155269843980733 1.84482577468209729687 2.49218965520545854275
1.13041241706587580751 1.14898657994958508510 -4.52600933233741553607
3.68740487317636311815 2.08214173357014953325 -2.79770789254823393222
-0.78203796314399909306 2.02744522835064433508 -2.09731756838976801660
3.06154681261292704875 3.16901736705831549301 3.67558560903019237998
0.05137854225429627775 -3.13615402446894186994 -1.28396597905295317688
-1.44134240796091628312 1.36341067647134206453 4.14056673435073729905
0.34271503824277971262 -4.19860928608155514752 3.36679948451131405562
0.58246450703356611456 -4.52404032529521682449 -3.90642380618563400674
1.73222197624936757876 4.01237627428102339167 0.14664826334776481787
4.38503184115010302691 2.59531359888792234614 -1.02110702054359236968
-3.97168815505823769030 1.98154313096030421093 3.86779925258066814564
3.38655966132867281004 1.42465829006717559224 2.83928944775274239021
-4.14890931204067481275 4.11689393434742267885 0.44535066756878549654
1.25702467691440755715 4.34885079685895714618 1.77938346405372538328
1.57391189844702861222 -4.06289121060990510159 -4.31381570970578120949
-3.30257246897279621578 0.54089091777003162065 2.62670514270108856891
-2.33254918239323982831 3.68950093127199973964 -1.61770578199633785488
3.14978350334714374270 -0.10866782518725948137 4.09892902744648690572
2.12209639037613229107 1.04132346043317802753 -3.38056391385308874220
4.15810268068645161321 0.73372456529949214854 -2.57877343389393143269
-0.26607464346456932702 4.14632613323186038912 -2.14851761109639394220
-0.10488538860670981734 0.49348666952248176898 2.83186899532442559746
4.38882072610972695514 -0.44149305241661362942 2.21210538664233791195
-1.17076846418712054998 3.91205843861980628873 -1.87680481341611393731
2.95682945278531583710 4.07609858852936124407 2.36318678230365897264
1.43786980243455086992 4.37611727296375274676 2.81776425650185835536
3.49031682383758390387 -0.07137430381704490401 2.84714186682474679202
4.08392593316751995047 -2.58238698752190343200 -3.87785675652687755743
-2.75802257523488991708 -3.36865050184454206672 -2.12085431472268748365
-3.53128028521779313564 -3.98680078688883288152 0.43031723622664053153
-1.95877680688447686208 -2.81165939559249489221 2.53703167552947128627
-4.34925913281939191535 3.27216617108975604822 3.84047987844466920393
3.35584954773681776174 4.15085093256784443128 3.30853495298895072807
-1.00197488567087589217 3.05912454867561489635 4.50973553205268640198
2.13857038825506151625 4.29863739397947153265 3.91874473034988302089
-0.60352009856982125058 0.80964296419922998638 -0.88021000421652129120
-0.61363263482302610186 0.85887138578122712573 3.89819752732095903269
-0.79073490683659120037 3.89435477434241672512 3.53411039674346927342
3.37465057616907682103 2.08268813877845726523 3.84684355211652739825
-1.23078401772452350471 0.21899807516687186393 -1.37894218430454085222
-2.20859146628952940361 -0.11550273256471577099 -3.54884092407021789484
-4.44200117684111539518 1.25884848135961124882 2.80737076032634735867
1.07704746739026457902 -2.75990798248060231757 -3.79615112368020657385
-3.56924286527721212892 -0.55269736130137880892 0.25178778711213212205
0.58992740175657232271 0.36052336537750040435 -3.01735814430872606451
-1.97754365678756238722 -0.88021956695981762309 -1.30671626237846982832
3.79126918210406405052 4.05703371192520823030 -1.98925871491848926809
-3.08089025501679847352 3.38764344253512472704 3.78226418491034177549
-3.78251551226372306758 4.24128743697768850751 -0.56236897021291243348
-1.93801009088185383078 2.21517563982696596980 2.73533820539027683338
-0.59607607347025792777 0.01525200699444173580 0.28970531828622547721
-3.29642338962925052215 -2.26287479765776788909 2.32548325470972283568
0.49178711189064383547 -0.61857831293155252084 4.08052140545799080229
0.81554005707414223281 3.50490221054875927820 2.53425307849490444312
2.53391382082018079558 3.48545987083616903845 -2.16660371625349190694
-0.79437287080175345011 1.90997842286809760282 2.09406502671444716412
2.62074535126773700000 1.89171756860069351092 -3.02022923000565990392
2.66109746818596182294 -2.56531735891160295182 -3.27936882963529274804
0.37340491638352801829 1.93368474916292409915 0.31988799909266507626
2.00609790365772333587 -2.94377402966646384286 -2.45575886599658721465
-2.15733549347432784771 0.51365071465373723925 -1.12587820483293654661
-2.30215502304888097740 -1.94495464259449324373 1.18776454537661013688
-1.32130652275480020563 -4.07304246110103473910 -2.31615764735435059052
1.38446940674247809255 -0.12684257932568065996 -4.52698692391285195669
-0.51489062652050510138 -2.98077959295008998453 -2.46635589854763548345
-2.70047192160075999467 -2.16745242120267533892 -4.44241751996702483041
2.98540887029701185185 0.43836147423376914389 -2.85222863261548997826
1.89349817397653996665 2.85759641681098575106 -0.20909091414027880518
2.56273128786717929728 0.39187566339367307933 3.15508046297763566912
1.04401730856432539696 3.26327862581226124661 -2.73326282566500644577
0.67842659260118409748 3.76762072184353780102 -1.72719031117207810766
-2.30073942187278790428 -0.89994174464263387847 1.89914522530197871220
2.55278000039985908387 2.63581798101275488477 1.12781226272435386448
-2.66721550314358513134 -3.25429875983430205721 4.22901446525317492586
4.20622793231893776777 3.00287717432635137271 0.43748583356943537837
-0.37606244636625962841 3.25500340263744547542 0.81101327180991233945
0.63205908722453596482 -3.91879586099603960392 2.41137983786406540077
-3.36366662936246285653 3.89799544188627411501 1.06547241799889924607
-0.49030757804305302727 2.04099900270122702750 4.33685504605773441966
1.61282649677373512986 -2.70999604182367814786 2.22751613951870108821
1.95318513581982067251 -1.87387217314029408399 -2.77146004204527152126
0.34157016295230846481 2.11331975883054301590 -3.86432659712489590120
2.20502135948552258071 -0.79783457577858829524 -2.94406264478983992205
-1.46170607771980831657 -0.57956871191185843628 0.63464410179473862428
0.16120372481745359750 1.08927855664405104363 -3.98216454261755270494
-2.13850431967235632413 1.74874706309804128779 -0.21610831464362068033
-3.17697269952414274030 1.68584735865456902815 2.70937027037546496189
3.58514939943710775339 -4.04906645480167703965 -0.72460464963118731418
2.10286524506686856029 -2.45772324383495988087 3.91821599046835000735
-0.29954243048871198596 3.61955045271802244855 -0.80915110403860790456
-2.01368660029835133685 3.70295804355119795304 4.21378544889651696082
0.12244549952489869327 2.39741514099149277683 -2.85973667049696889109
1.49101348504477382306 -4.35658861327884050496 -3.36424714372398048212
-3.17790190772713465606 -4.31481988683821970909 -3.56352517237864008237
-0.84436715898722258800 -1.58624846242389905271 0.25834039715373346979
4.26682105061231720100 1.05085688644533448155 -0.27862852959719930368
-2.36621113894354051510 3.16266527523297202862 1.85407709091418926306
1.93141518248246768508 1.88507401963526444177 -4.18659411311600582195
-4.49977090793081391240 -2.19733670018312743366 -0.79492983937202632561
-4.22644126089143679081 0.77695377724337166825 -4.48486193677771005639
1.42945115122089028148 4.12865745326191646569 -2.43214787966152190535
1.98239704133969230071 -3.99755310278883246866 -2.25743531497058169677
-0.67454641651784008616 -0.37104531146160457666 1.41558757403439994249
-3.38711538659583011324 0.31031006366968583166 -1.14423361745218388208
-2.59375300781777085035 -0.55467360293032630381 -0.42733754384549360594
0.96281062806681561028 4.25551334218406918097 -0.68713462123121438196
2.70115735640761123193 2.76317119862043281131 -3.64818298737887891647
-3.40869485174136732653 -3.88674907180824336095 3.55854291023254543092
-1.65214611363606778127 -2.65861488858416317171 -4.45118798567331541705
-3.52506886885983883317 2.52886523703778554051 -2.69843402814936306200
0.99963439038899970512 -0.20884177059712527580 0.80139293730299510088
2.47362931422481135968 1.03762459161425990573 3.96070232848575631834
1.00306690550573573972 2.46232153432707878693 -1.86101922789940932290
-0.63300293912988170320 -0.89496698081927883450 -0.82416003946109706035
-0.04858465271451617440 2.73363240704025312056 -1.38007886912789778933
-1.49760102065718569975 3.38745452742376684796 3.03434593190207291258
3.48556126621369077867 -2.93950082843265825261 -1.39590673236945228552
2.95249280530212843132 -4.46746950099288309133 0.42726126362530525427
-3.26979564176647086171 2.65431023247427599898 -3.67533537719485492445
-0.01247612783996032704 3.32551602131307522114 4.47306813982735906876
1.60468706377772374339 -3.53772320369670278950 3.69270579741629045856
1.81906962314505715739 2.23679937066649969779 -1.19844797069627606589
-3.72328770809123588137 3.08957149728682978207 -0.90857618361928293993
-3.08884132475780326388 1.13249749489682738357 1.62319398937673842198
-1.09562735952522416483 -3.69540711726870352294 4.47430139856685915589
1.80928910915067309162 3.50829715392248342454 1.05386087880546064355
-2.26339646423359042160 0.89455501879041765534 2.57408786920587484559
-2.36871784584388311856 2.55968687888448354073 -4.31359756135721728043
-0.53375681006252939653 0.88298715881583778042 0.85015744087392786099
-0.42189183281051167995 -3.33704258780432194698 2.16942134236593364705
3.94520377277817058115 3.68822187289482794625 2.48760613294512022975
0.99133271037157832950 -4.01698553892222243178 -1.72522661238771668479
2.46725100908252947818 -1.82446715891443744795 -4.46961620401944781378
-4.15076784255693276293 -0.36295164018271108830 -1.51446336633919997894
0.70828384651389608706 1.70411012080247914469 -0.97981451997899515760
0.87559596192270383597 -2.74175390291322829128 4.28980571349841621753
-3.00645867391701759885 3.06147492740593474281 2.82132699670906372802
-4.21650795729738181450 0.56953734257260180129 -3.44327357662694222284
-1.07708035976000893186 2.63529579491645726819 -0.81981464653966185097
1.68090388022816039637 -1.16350471683749656648 4.22627125471113540556
3.31467410919276606052 3.43479451292311654953 -1.12106391526391657720
3.80202806076648602840 4.30070988456614333728 -3.84417775974395636851
-1.03151426814896129969 0.95200305598095802395 2.85625177796382079265
3.04895776206940993802 0.65661497203706975512 2.15583015162742874793
1.38276922006405200705 -0.22778557345812355805 -0.87200598138296969708
-2.33785807790711785970 -4.48977513264954719574 3.97737098851456760684
-2.92095487210611848283 1.33140739376256522775 -1.10296750048652558718
-2.42076896910374328442 0.99096565550829485147 3.96830616471385244637
0.32114792050416962610 2.90253946994105316293 3.42608742763771623174
0.79638694336053639233 3.25895212499348829738 -3.99724381860629351948
-4.04580819893982734925 3.22823365668908657256 -2.05203347745542519220
-3.58933273434641186839 -0.99106811441574471644 1.54202885621551999407
4.08878164595810655868 -3.01828264258633183204 1.10683938918950897090
-2.33917625290354891376 2.36050464430759010526 -1.01739279812826310945
-1.96514075836000401409 -0.08394086587701377056 -2.50547134742688148989
-2.36804379229794248474 -4.05399130668386042942 -0.26038077622654043353
-1.38618240669129288989 -0.81126097733066337980 -3.64216717682493795749
2.96731598855191247566 -4.01151360035158344175 -3.73528844385441471942
2.05436028705553574980 -3.49108270389429486968 -3.56920484797183767967
4.35402399567627096388 2.10433013419153791546 2.00933520175659374729
-2.73128135336199084904 -0.02333273333371543856 1.01023507051164607162
-2.98945032608232130755 3.90170911978370948958 -4.22626763986529763173
-4.35132758304750488776 -4.52337387309438021532 -2.33140269151560541872
4.14454800235370246497 -3.90877588117779861676 -4.44666570974455321874
-0.54582206868386862197 -2.95987191975101993080 -0.15770653457808236908
4.44338082649375021305 -3.62583653467523614466 -2.86499484136384019450
2.12510444841188839149 3.84760372136324146908 -3.74833368871095551356
-0.21672663048162821298 4.26415835042933455412 2.55060716584520097427
-1.82790841922605640235 -3.69505625679656146687 3.54407263643981895740
4.20228040984412043457 -4.19880526656821650988 3.39118730828373760033
2.02458054954317123730 1.97721953157130236889 2.18165916873906073903
-0.98135694170793108526 1.20951412570272331948 -3.97049753431815721783
-3.61351923740428349063 -2.32304473557471702350 -3.69170958230571466530
-0.10924600070097323368 -0.50199561186852381667 -2.78801446106577976991
0.03694451838958201506 -3.50434297387184079398 -3.40883379512394135702
-2.35094586832659402376 -3.03668696958319861423 -0.97126534511882356426
-1.61715570676188669097 4.43128721567146310889 3.04413632545507795157
-1.61615368886766175294 1.31398834405135467307 -0.94956933275629262781
4.41193346009819986620 4.09742278876117982378 -1.20061759912426557761
-2.40248627233347500365 2.42191587252817885911 3.65084395751812973430
0.72573321506195576092 -0.18324985241438263017 2.45836963207490111216
-1.49457314572409849518 -1.93618901169230550607 3.36381639117287711827
-3.05250594362031701934 4.00132910759219395658 -2.75067733613258846859
-3.07793819686493952403 -3.21866970599749535609 -0.13141538227383264825
1.90665811534768003810 0.64324843825612809667 1.78210131707280350355
3.13401370297066428350 -3.18637233955734222590 -2.44741814656953105001
0.86056243891430206361 1.26426533197935331287 -2.18249103926781007345
-0.83119010714260577188 2.52798682010967201705 3.10889586943468820834
-1.76657760840887911868 2.48903106387713179970 -2.33619914873475975625
-3.79652280097334227094 -2.69712400478194291864 4.30202990913608385171
2.51182209567246683690 -3.52611336675243780547 2.95461497235232162240
3.69875755245007109551 -3.89807206472028866528 -1.86097397913867190766
-3.11166546101060870200 2.53856061514271402757 1.30422674860166409871
4.31578081279965619643 1.98070013067755112957 -4.16060333535047632836
1.32119317708175465498 -4.12207052660563100233 0.68847847185493193933
-0.83280924296547453878 1.80608432233684634838 -0.21736631364316494341
-1.08278203575776821310 -1.57497033462742219712 1.88137268712290328665
3.72274949522914955224 4.03501044941424691359 1.28428227875321088192
-1.90922219091877387598 -3.90330359633946200049 -1.35095042043937407783
-4.17701839043856715250 3.27595126778292922154 2.66879948405269296074
0.45456126722996881284 -1.33805615734008487294 2.16904032748498032390
-1.79916688780074673915 2.13285289647174813865 -3.44946004169572351117
2.43638397894539249222 1.30784200536693262507 -1.73484056210649617569
2.29009315087348586104 -4.38271447580859874193 1.26720774839651451060
2.15827785592274690174 3.53134079015493451692 3.29438320447232246835
1.55793506175166651673 -1.22201968544415828788 -0.22647461015194014777
-3.14339772599511446671 1.20989318130774314852 -3.72831209215521797162


