382
-1.89070997214174285617 1.45931521376085537867 -0.71063819203928391133
1.99977849779364280636 2.60969536093265119803 4.01194881222303489920
-1.01675427329560941203 -0.77250262260421553862 4.37823291752351106965
3.78993272264752523171 2.32601199307213057921 -3.45089094953385711051
0.24109032738675928442 -1.09429287127260854717 -2.26586525194551224871
3.81336268041451642574 -3.04607530959143035787 2.51556373391943832729
1.54025489336871146406 2.27371244521617832390 0.45546414337528329241
3.22962315964039969884 3.28986972564465762758 -3.47157318224420086139
-0.27606059375257530064 -3.00521768182135939895 -1.45556483776631129246
-2.23377628243026826738 2.56966833118103910039 0.25482820043383114239
-3.48936877835802494729 -0.35928173304627630813 -0.73261014055660567124
2.38686368475888510687 -0.77779927724981323678 -1.41259175889478783006
-4.37554151058323093082 -1.47418827735188617822 2.83130325153713879871
1.26797966283546781341 2.85779333769168886192 -1.18687973328027407405
-1.83493624097074770063 -4.20601827374207637433 1.11177286074737668997
-0.68780363548161904674 4.41655566026123391765 -3.77700750244329164218
1.21515769629569536647 -3.87043854677573184730 3.02275658865919805152
3.01637655552846073448 4.06718059053003155867 2.41904077033411102349
-3.04028442579701385640 -1.67008333891365445822 -1.71261293305665462938
1.88929061970158418404 0.11285780963373337471 0.94161813967502805411
-0.66124309720552387759 4.52390209049259706120 4.28919239806208363319
4.05362631303668674576 3.14750170781263971520 -2.66278723607707634713
1.56676409633417712541 0.15548321940633691440 4.26794290229801287495
1.57873532653788295477 4.25528418617444526006 1.25688670031702631746
-3.88764359269560211274 0.12346420114205169938 -2.88824472031617895951
0.47656661175489034576 -1.96847689608127307537 -1.61942307468811019788
-1.35517112803181261071 0.49634037519957097118 -3.17866351219298026720
-0.42529777724057193922 -1.28669845588196718467 -3.49469549754288033583
3.27554669010515997485 3.84979889718696188794 4.41570996147349159600
1.87915855681771670760 3.76980444135694181540 -1.09900976184495169363
-0.75825279053670335827 -2.30504663466804382566 1.41557553737897912072
-1.45913700235171317487 -3.84379287522560009194 -0.64345806365676994076
-3.59336992286613199354 -0.12819667219625685561 0.38568256780999199407
0.19543633034702434514 0.81338105655226389246 2.99592156310210810943
2.88094783447029900714 2.32630956253173515336 -4.23506727309852504249
0.01504475589484233211 1.05782830441124620080 -0.67835325508295962749
3.73339101079869184474 1.32226657072946363058 -2.37241685548400038641
2.58536082900772523629 -1.75668635481764123796 1.32781492486067431713
1.93025844150092229512 -3.78951868384889589692 -0.94064416892064439679
2.83954778633431814683 -2.06238019262762817263 -1.06630584410721152011
0.96610938661521839066 0.20510887544005296235 2.83655088748947470378
4.27519679554637388463 -0.26897852128121790827 2.05153108013684892796
1.82868720536086115658 0.90180225182056794608 3.56856677920073916965
3.34530683696508912561 -0.43174139774913733447 -2.19722107237078523312
-2.53432213103784675923 2.51703107928144120820 -3.23462531329947244885
-1.54305324807536425880 -3.30693333220490082169 1.69627735068480145486
4.52027378207200403182 -3.01641134322257231659 -0.73434436166423067149
1.72048569233486592367 -1.17500352762528414985 0.88685969838417388900
-2.66719608299359745018 -3.69520128856504426196 -4.38827051084096719791
0.55297846297749941868 2.76750847671829980357 3.94042604098323412387
3.09453227771194772089 -3.43016943570323018520 -0.25549260218537028777
-1.39724900158441078801 -0.56957029791416280418 -3.69890789039856127118
1.39205876682803442179 -1.25541093358816979730 -0.29563320029546868994
-3.08860267828838797044 4.02344744681133992259 1.79675260251767454633
-0.10320771785474125437 -3.90319701883659453401 0.58694967814258980354
-3.63899239567271370888 2.31617649865840746770 2.95418124094345735386
-4.10549699743188423184 -1.00755125609015028232 -0.12925831072369753372
0.07006975916750235456 -3.83767695933306196565 -4.18319949518803024802
-0.45556000355573988969 2.75358412509693906145 4.25814762751101749672
3.49695878851086572325 1.92788228996048527364 3.65180993474587634040
2.73585899663348541822 3.49236141949338385615 -0.27884710968421710930
-1.16744381711850042649 -2.23171894280934379751 -2.47943063442042932465
2.63112056458155496586 2.45238510451087154962 -2.85121203715665405554
3.40922139994756268067 -1.83925152788718326846 2.27008951162033323357
2.51561366936285590867 -3.65245405332974426571 -3.85770068416362565955
-2.14490870239277109377 -3.13891869245205912264 0.78774829049961070382
-2.97424109972758365927 -3.11268238733545210550 -3.33323175384507441876
1.57866734432910416075 -0.20818731603667650631 -3.65346093799715232464
1.31953017064952238258 3.40238073641591487473 4.16176888793485044715
0.70665556370359094984 3.84915221487561876046 0.08894674016586634480
-3.88450730108487141123 -0.35355075947523939561 2.58689285891710785137
3.49270779412736676051 -1.34065610989728867253 3.91178980406623022503
0.68881974889899844072 3.79756493473612533052 -3.98496018202995161417
-1.17181416709503594120 -0.71475945700326093402 0.49915076784053269421
1.29522523294493474566 1.95057374760631052624 3.70657588101239721112
2.42058178983996707956 -2.04470443673010304764 3.58751731845732013682
2.18946795189671750137 2.19800724306417372134 2.72219080687614667369
3.83201912684438195100 -0.25624755577706359588 -3.35022230895066419620
3.03413729293286404953 1.31132890372745603003 1.35730343478106796340
-1.89532647418340793877 1.77428443708018779290 1.66213932752797877157
-4.24364306551129644163 -2.36169470749684240474 2.35271015738023159258
-1.93085785232678519563 -2.51547476544837067536 -0.31803810448508951225
-2.35317218875739442296 3.84605648854001724857 0.82039309337073706985
-0.01088614408571064729 1.79615740003670598668 -4.15287780378545701154
-1.58422747219015702669 0.34575186430149962291 -0.61173713683045649603
2.36937605202172463237 -2.91709609599171759697 4.38753425068285718424
-0.44369905982608770501 0.01525739112790702734 -4.12664875307380363267
2.03811786444665354878 -2.14712739427556131844 -1.79517561998293651016
-4.47929081231504699900 2.11302249453705837112 4.23648671454399394776
0.79910687904489829947 0.99505053427611844796 4.00876857860030266778
1.65256906119783320008 3.85380060533086687968 -3.20723598862025216505
-1.93844551362575856501 3.28916116367043454005 -1.59882326147120457094
3.18317774746991943857 -0.06133635021828620637 -0.80161840909074077999
1.67555525439838515211 4.38919509082544134770 -2.17327113908070046477
-2.04621062274650178381 0.41759916159877885633 -2.23586007895059557526
-3.38658238332084504663 -2.28534030895517092929 0.72824308006193216869
-0.54356286934017550294 -0.15843958491535303779 3.02771539832675262716
3.66284752444234573687 0.87863581688728853436 -3.56642123338882166550
1.10081106621088675723 2.89387761813932264943 2.55874232692052938631
1.20570862868292483228 -2.79758787351032456314 3.37866461164436593378
1.77046134849529313016 1.66222431684642035776 -3.21609653353030644496
-4.15997731053337282958 -1.79762193736209141548 -4.41103074918804605176
4.23750532804534341125 -0.02596192680006215170 -0.18485981714556753985
2.18858521135483830022 -4.21356268565283453853 3.55842138753664460893
3.51638232895029556602 0.86347298742043054887 2.39260780710638076840
-0.52398358715410431330 -2.54919698810491324181 -3.37868450364099182082
-1.40083945416395394545 -3.19347112136229549506 -2.16912371269418757791
1.22869492563013338327 -1.22003834336363015112 -1.71257399010660193994
0.40622845923692185721 -3.71262998602916516333 -0.64250346234156596736
2.33296360757702636590 0.53948698702004982408 -3.10206965196325334944
2.08869988328815558987 -3.41210915713042917119 0.08483955285460709206
2.29786633316060306953 1.01147003692533665742 2.17296335889314473633
-1.22826725041454754006 0.49339344405403817717 3.95793674795222738538
-4.18700282132889345377 -2.66343211427253301338 -2.26107689405103373659
-3.08470334869247109211 -0.60103514043289596458 3.49292010682259057575
-4.04197673507721955133 -2.19759901210504260405 3.42429178610595297272
1.09196920324409330050 1.71799231373464866834 -4.22338802976862215388
0.32170656373610295731 -1.20890844277941766904 -0.33309681185377559842
0.60844487659991752793 -1.90226748593017358502 4.37410336349811412759
-4.33970008290700448583 -2.03587160712480841340 0.24092802939624569092
4.08841337460281639693 -3.91760642028366889988 -4.46909112472644043379
2.48230185999322916501 -3.31731534041606845875 1.54400350235416805589
4.28736407318818546486 -2.70887038977207028623 0.93936686085802811874
3.52712641246755875812 4.37463998233588124975 1.05317964698460908579
-0.45308942676116892301 1.63511617501637385175 2.09116941680341650311
-1.73160274988925921846 3.26345906468027369129 -2.73785786702390376846
-3.75613887538440360814 -1.71249551270199162900 1.92071589957874166998
1.01152848818748797299 -3.28164061491358793887 0.62323998930386004247
-0.78921721674509992539 1.36985147809896368187 -0.13249315676448603085
-4.03177449666176634935 -3.42437693808646415050 -1.49002074665269113041
1.64130758193119330457 3.71723858507803672779 3.01537084832853974348
-0.63551570122923539685 3.00151969942884289111 -3.76581833264401888428
1.52465101639596500860 -3.64932909256734072656 -4.53071594456165627207
-4.18176055316140882212 -3.02622096295546993971 4.19122257541273679493
-3.01913975094892217399 1.01016389774702641802 -2.24661266590598529547
-4.20364196950399104935 -2.58300465191508710205 -3.57937186220031966499
4.43364657524655481069 -0.69265552411697894897 -2.56782674098871277479
4.13730668980498972331 2.99754017399302075120 2.37681989549531813566
-2.79370831971663413640 0.52962403980559624728 -1.24149839746033485710
2.61438335581976755151 0.46090657944285773340 2.95526086300176604738
1.80931313429383600067 2.48697203033434899311 -4.06711857307131641193
0.90915789028102267366 -1.72687226503639479347 -3.68230547851734613118
-3.35869885436453019523 -3.14541599183787745631 3.45762383617435187233
-3.72404478207667866130 -3.76568568806452397268 -3.90957536176904696390
-0.44874946825900252634 4.50468159397778844522 1.62283767287661095935
-2.43823344536295660845 -1.40269770495881340722 3.17099956478621880507
0.61619862880300502184 2.09397024158366473756 2.87359963152777986295
-3.13313922895362084731 -0.82398912088737485959 -2.46751322520737126354
-0.31644998363129595020 -3.61034189707765440502 -2.46217505258759850051
1.13231633663780240084 -4.33800155265064280030 -3.55715040278401373186
-1.07257215828513974287 -1.39620700126561203547 -0.53906639530526367921
-1.37338338546708671473 0.29474520642821300243 2.42709830370076584671
1.42461156581932879561 -1.60140902764914283551 1.91204418946374055110
0.68253687316559918941 -0.17844682873267991852 0.20630927667662124492
-3.20739157951954734216 -1.03943104556841081632 2.55672703691344249677
0.32927764785134439052 2.56898918254039987374 0.40380430045494808411
3.00609507390850883013 -0.82973558212762377195 2.61711037492460274478
0.50297967094044349068 -2.19232510493991261669 -0.33387375915079609001
4.29602153776657136319 2.98090182980029982929 1.30476893836738216947
2.55954714867274812917 0.16878961403913095296 -1.71414627548014175673
4.13938289262812997293 -1.86707693814489150697 -2.49927814319911334451
4.35917444376421503449 1.01722480328550535233 0.31153384545762463631
0.17345881276622510114 -0.15492159819458883874 3.90746957313677167889
3.49117313057168932033 -1.37430746176799933878 -3.02912840892873358456
-0.58261724992721530825 -0.29047766158473908860 -2.37408675988190198680
-0.79084698255174679105 2.84848451731673790732 0.63731948743911726041
-2.70262826835378122681 0.48832669590696298201 4.05258000893518310903
-1.27642199471246264864 -3.15591302856004229938 -4.30199401285284110941
-2.38625101314281584663 1.98557529593861836759 -4.29230378102881715563
-3.89505006429083655561 -1.52646133485659296625 -2.25787872488822527473
-4.45161710424023926436 -3.98356516511098046607 -0.25513710470558947918
1.85754523207910526850 -1.36607770708552012096 2.81780710949315693625
-3.95844704535964320158 2.27597457827653304463 0.80808145017785459885
-1.11954909349740061586 -3.76315389140305978088 -3.15022303955044336021
-0.52231669987836593094 1.72798807977073831665 3.38097757152293088012
3.17652949856003719020 -3.92706829169647875233 2.40603614880753280403
-3.69432098323073354607 1.02207589890967831536 1.21852713868211370851
2.68859973838084709286 1.44973181456879363083 3.35077715757542815567
3.07450938567420539727 3.72749220067481790153 -2.59993324129169334213
2.15408195933548807233 -2.47151118920861101458 -0.33809809704597793001
-1.97708847879321147900 0.43726110530122852538 3.25016095614299338479
2.63386883107004887705 -0.64088071724962469844 -2.88786719754852194697
-1.32618198736709080876 3.93547850721156944331 1.34501482734726796053
4.53424499271469816364 0.03890385028633236431 4.02217423116456718191
-3.84552947715218840230 -1.24353146526056645982 -1.27222041190124812715
1.51518383608212037217 -0.15568568021450435168 -0.28443630280277432121
1.14857204018680114643 0.88888611219477375869 -3.18724392837613024199
1.56711810469713075378 1.42725785498892854264 2.79761665781953272614
-2.00722860571919925476 1.21858254382604069832 0.45010162262789332743
-3.62640224189744531103 3.01345726000584956950 -2.28522718580333483729
3.76361640165445887618 0.72395166333563754080 -1.36003481051400010315
-3.82166157016985064132 -1.26029092312328039327 -3.38277468551581161904
3.81398391566912398076 3.16511432606937059830 0.22963162262639702504
-0.13884903358443700938 -1.04080740708373742365 3.34348857373307151164
-3.34178883303633345037 -2.71731157985573101854 -1.09506498700876697683
1.19880684506232260134 -0.54567344252755756173 1.62392791893143506599
2.17193427639651215344 -4.50956962380234482879 -0.08878095215609693724
-1.43822719143337174330 4.14782739340936768002 -2.27643081839188043958
-1.84676604080074335812 -4.40576728540723649985 -4.12441318144863000583
-3.30166573959720732745 0.50515359352282196426 2.87346757046351797271
1.10800036511025279395 -2.60198233634137920944 1.87438702290993131072
-3.10212324263059358032 3.49759742594755973499 4.02385131477218305207
4.22709324233659078374 -1.27148559955544815381 1.89256677115177751602
4.44477413890291739307 1.26804892638229471657 1.73862770971785618457
0.57637123667198153498 0.95682201803144284469 -1.77962732063873296795
-4.30445866108620389667 0.43733941173382451240 -0.86970401139870379126
-0.23855168807849125301 -1.97988215594302641165 2.39040190421192821901
-1.21991486360504763908 -1.43943134950546092199 3.07447074259186425849
-3.69276048481295804393 -4.03818484668712773811 2.97201351490342791095
-0.36621966285608920089 -0.16037063843562116006 -0.00721993287132516315
2.58260817500431461013 3.03985557524266258866 -1.72689441390880560334
-3.29965318734392942801 -1.99555074436529356063 -3.81438248914256705646
4.25473618288179711300 -4.31363124964649458093 1.74281828348032075127
4.23232083897117217219 -0.95592865033541629671 0.51320401288605932422
-4.23360577679380334359 2.40545730890196285401 -1.08072880994500142293
4.12178599872240791768 -3.23218572950696181323 3.55869159625673159297
1.65150045571074510775 1.56415546447321407442 -0.90788799992743207667
3.23274224619759831256 -3.91450975380516652535 -1.33202297380630163559
1.20359547443766157215 -1.01802331464413775564 -2.97721676977815574716
-3.68494260290723874007 1.18554999369705083012 -1.30833981133269583452
0.41847723503634082221 0.21491366573483361435 -2.42202136973985249213
2.49228008287302582602 -0.29711976717833898931 3.73774235033390223037
-0.67244956642002318148 1.05792840616904992856 -1.60010854906327049108
2.38491303704191803803 1.20293527305926506443 -2.15077567475376607575
-1.75425341266674417184 -0.54963133603602809529 -2.56749581400736737180
1.14522262379529848886 -0.74804737978228619255 3.73109508353747809650
3.46146141582412258941 -2.67966454551418653551 1.62699334136800555228
2.88124933195888566217 -4.24893021485898803036 4.41634208845958564638
0.45262487237983517474 4.52943262710522009939 1.10220107775853737309
4.05366479106504140617 -0.80873848927717340018 -4.30662126264746181192
-1.39080659027634023772 -2.18583060865254719118 -1.30413569038145604750
-2.57747236353792930075 -1.43778920748067040591 -3.17819020614559955007
-1.27268328219546766888 -1.35449228830175449900 -2.92336193610051875424
-2.39533434845702908333 2.90892564845407708418 -0.64377922220192251856
-2.98486456950529488452 -3.00511824132274041332 1.57397663596577697120
0.84816503700161138823 3.17944242611280891708 1.38411582535375021763
-3.65229745532025962262 -0.21942839241608158574 -1.78148303809542207787
-2.77032479599618719490 -1.10587152968854152135 -4.37918082215954473924
-1.35370255433301878156 -0.67951596278860915135 -1.30105351495462917555
3.22195935318596315966 2.29999705778119967192 1.43118554606777781402
0.64378060653053825746 -0.78401495413141919499 -4.07682436298462924640
-1.75307566275180182203 1.79620695077609671131 -2.09111882650614644419
2.37750885972089776033 2.59135779556181145011 -0.76163222253078588508
2.58211744017365862902 3.48723953895398341984 3.36088504807346044601
3.37260423072110260279 -3.22106956275746281193 -4.28533433869733926258
0.65575199943816020465 0.89331789384395410281 0.62574268649556508137
-1.73603460980510382328 0.34180569902304824836 -4.18095981462031041076
-2.82740635575372012411 1.70797512280399477191 1.29934792437681334576
1.49751685827859670752 -2.78999667994936562110 -3.98576119009544038718
-2.05004010280684711987 3.25772052741745898885 1.93736412413653091846
-1.99618702705686690280 -1.04513245542334809457 -0.04932747877260457159
-3.18108279848534314382 -2.15639495024323091243 -2.66993580722265155813
4.06750337075008783216 4.45326651421818997534 -3.18757801750370539651
3.53013434397892300609 0.51469594021832598685 3.45011749417670099405
3.91690721604125524635 3.21512086149592057893 -4.25038330182560386561
0.68956706243999743577 3.87381263889652327492 3.46566263397511686861
4.28755236088787849980 -2.13130063264868763184 -1.21905990964067001414
2.87933080519812278908 -3.33657512283427992728 3.46298051865411249395
-3.55686984116547089130 4.04984813902318574463 -2.61702345508034062149
-3.26655832164187254207 -3.22463657627431032893 -0.25054408213793255555
4.41736157443484867002 -4.32361020392255657185 -1.30707639216419124750
4.38459852868941180049 -0.50859809783755860479 -1.55297541524119253609
1.98489806998429774154 0.70054158268977495538 -3.97140824916204104866
-3.29597031820952546255 0.62691405376710118702 -0.20186885789766773058
3.59964809564051702040 -1.85917277975372829957 -0.34421276146604995461
3.18517410679131796059 2.97112087807943847650 2.63742521010009323135
1.16673982193188940926 -3.00933859443347584417 -0.60851663825786683759
-3.77602642177061875728 0.01302501966485358764 1.50260241359602897404
0.59423596326714456239 2.10647358266272455296 -0.61358121020930500578
-1.86624477375795061462 2.01588666004168803880 2.71908604372334039567
-4.04551323042602373192 -1.08829679834559023277 3.92205799652528330768
-1.88735934616696177102 -1.84200396206987893066 0.64851935756688927626
-2.30356908168290708261 -2.77086211800733606125 -4.12038842589224074686
3.44887263303399471681 -2.88830529167189320461 -1.23109937180764950071
-2.66320876094282166235 2.17289631754411338704 -1.48925285316915534395
3.57031190238691831240 -1.78515576955110111257 0.91178611900522543721
0.11417083908900593769 -3.58635519943234237772 3.93721469299528070707
-3.47043408804334863049 3.40977581541843921542 0.99435559111974924917
0.89233151822147238619 0.77346355154710710877 1.71856864367323680653
4.35268323988030214622 0.03729735759969354802 1.04427290874413003507
-3.88127557805111900180 -3.79636006802600434185 -2.65050751432814291064
3.70027343965700783457 -4.43514874816518478440 3.36276476956475356417
0.39263756430313989654 -1.96546211828673111910 -2.67460641606736526654
-3.21471666634094299653 -0.82881830214346452479 1.33769443933880172182
4.10933222197093339645 1.87592308978823218979 2.65792199751774216310
-2.85476252731570356858 -2.26448357998956550929 4.15454508274051459438
-3.90570198419229619446 -3.40642739903448532601 0.66372237908526443562
3.35175758753212882368 -0.36927827220468767422 0.91110678689809709851
-2.81860466152414446128 -3.53852068132710284587 -2.37171684015822448188
-1.86642286042598293250 0.73578228687193103497 1.42647125079082304211
-1.99424599307130590020 -0.47062186319197429896 4.24338428697092862052
-3.89063560325340196400 4.13121292901249415053 -1.36695370410822336638
0.48030839899886501598 4.49250831944308526289 2.30138399786539604719
-1.91813936228133741224 -3.01991171650381895475 -3.07753406669003570784
-3.17835896738647338822 4.49122710147842152395 0.92816879290563480964
0.00303687174206235255 3.66242570983940307627 4.30781086350454156531
3.05732718683827187078 -0.99794355530665068699 -4.05886735558107325517
1.50100711647703999319 0.94690034354650087778 -0.09628273380335006237
1.86753826673704104167 -0.36181197775409845718 2.75613911957554513776
-1.30602338570927578587 1.40260905359403142967 -4.28108065584973651596
3.90824850476282303902 -2.36341814103142855430 4.28985887315025937738
0.63269510401862483207 -0.23025767717911360677 -0.81065085509225998095
-1.42094075718492529603 -1.87280878696422892205 -3.88873116794962969678
-0.20604801323724064588 -0.90013236942507912630 -1.17263110064950204503
2.50675264177150847189 -1.54750432297931972414 -2.39209530748241006037
2.69700450458502416495 4.41224836772969819521 -3.41032351138358214016
-2.87774018632208283819 1.75500935657711121252 -0.48707746641492377648
3.16807330943785014910 4.40044550325844507910 -0.67458611536887191917
-3.31477223391876441028 -1.81443877406208109448 -0.53923200436029983251
4.09289693237737406406 3.77716702062099241033 -1.04059968188094087438
0.19752354502627866850 4.04992895497312677122 -2.81354689930937951203
-0.35008249358035747889 -1.97704867745260060019 -1.09943451598165875538
3.99472996695094106911 -0.61523867750798899579 3.27337053196310545644
-3.64466174987201041446 0.19304274317846381592 -4.44643441632540614705
-0.54750556825535046102 0.13067762803834526153 -1.16626573022114943257
1.50471421886893530484 2.81199669245066186107 -3.10584311898829490417
-3.05460615405776803044 -1.04904151704287418312 0.32830297340554270846
-3.98748196962166678858 1.84802079815839093158 -0.06534178394906486886
-4.00763284920426787750 2.36791097256818705574 1.82613879222902131261
1.37782782763298072837 0.21161954288913964461 -1.98561072522272796803
-1.70432385389702600875 1.39184102730777059520 3.57186644551091259103
-0.41757294301365543987 -2.36884713178203121231 0.12007878128307236665
1.20719169510301949089 2.01140513342508508998 1.96328860798952486988
-3.55386941325238225886 3.30900551022013544866 -0.80882150355247528495
0.58120405292524957019 0.47140963058787210826 -3.99589915431982234395
-2.34534077106073457486 -3.96459941128695758650 0.17012565728266171305
-2.69747682865359461601 -0.36121032995637936125 -3.52130554807024509500
-4.47498359082912777751 0.75499250304743981133 2.71820526578994492439
4.01463490607811746003 4.35739450571353525987 0.13036517825693572092
1.81392262076111965285 -2.00949222853948716860 4.42241913912187190050
1.26927892844332124156 -3.64617771140506530259 1.88642406067405854486
3.35271706750259301799 0.09783964910426945494 -4.24303077388275884374
-3.55500469920770312271 4.34756621573726054208 -0.03815783619692147965
2.72140802199604348033 -2.66367829098783026609 0.65823852657167059022
2.20754861527003587440 -2.41475839796118929570 2.53176177886670128458
2.36984918828704582694 -0.68938609403346706728 1.86360582567608457083
2.40736683597278933178 -0.43155695489812728738 0.35559736661945340330
-2.74420616112874382608 1.00427728401395199853 -3.21126657330121512146
-2.44514497207237457843 -0.59571906919382744405 -1.70266636778497293392
1.76857759953425297539 1.14392532275188241186 1.00180766337043092307
-2.84476375542249515505 3.71246212721335755447 2.82791646814373986984
-0.80623504393060896334 -1.31955945225248250097 -1.95015010393722931781
2.27408623350917249439 3.55149631067691640141 -4.00180161920227472905
-2.06338417830454456947 -1.60852556210991926022 -2.18593726725256720655
-2.87071409799195187418 -4.40434964131835737788 -3.38634667273298983758
0.38513481899998680547 -1.39411380126331607698 1.79987609266955761456
1.16742393595643623172 -2.71044588548711384846 -1.81458381115331146560
1.52175070137861734310 -3.43633417569050303442 -3.13339087541094674094
2.61521481411587064514 -1.53629715111475295686 0.17653442250778716982
-2.21038290376939627890 -0.97736026261267561210 1.32694102139496994397
1.06806989656799711241 4.53402089805269792322 4.27580482860565513903
-2.56251429245564921189 -1.95135058286696461138 1.68396653329958123635
-3.55380846274633777071 2.81115289530530265694 -0.01588206336502473448
3.09035694925734549798 1.87687893618111001359 2.37107625749203787535
0.65611122862212312157 2.79259107378186044457 -4.06190019432733695481
-2.76215665571548107948 1.21957414712930134471 2.29915708399432450193
2.53913116009868833345 -1.93973327052111477187 -3.47247357616059248997
-1.25149171252610180716 2.20652573007379171344 -0.60238483781779983417
2.05761326987586112836 -4.32577024468221438269 2.42358686424775449098
1.64518950247995920932 -2.52014670336750645774 1.02401774403200196417
1.49045520093420336138 -2.13445524724819835072 -2.77941862554763519100
-2.51613927085403110695 -2.47038355211123006328 -1.75438954704999972023
2.99844546759357033494 0.02945040601602677555 1.97478073712375579163
-1.18410642767607843240 -1.21343703659457080590 1.31191926198230746081
-2.58689782378156385434 0.37042766883840272385 0.77512604192794665181
-3.63439174907562634331 -4.04755573302006510517 1.59817861526904980707
-2.98743874887999716350 3.64121446879403176666 -3.48446900509264745338
-0.11240785110091344734 0.38006269210620757804 -3.27544544365799072949
2.60900374719096639353 4.05446946481002168383 0.73226094514151984782
-4.29116183068460177452 -3.45326215778422662694 2.02690870023146541001
2.79616955026295954667 0.65012553050597876592 4.09444616845965025931
1.94267207623514526205 -1.29226790757902465501 -3.99913665144733654344
0.56935632454847606709 -2.15460862651922591127 0.90097442025978935476
-0.94729117931533046715 -1.98568462012751822954 4.17183467040302868867
2.95774245264043944559 1.15882040080987724906 -0.41391163894497573494
-0.27869227491544545927 -0.26290436967830110859 1.62838548540168037704
2.79127104122959668331 1.35362179346183975071 -3.73211966766128400153
3.88068764777688546275 2.26390438914221459044 -2.00553946235524271913
3.45729402516926498379 -1.10347298962017337232 -1.14812508218029707407
1.48006168012773997589 1.88721615656546148898 -2.05917973128618259082
-4.23068067294035277115 1.54528015405360630297 -2.54784860833476800579
-2.17157292950016955757 2.98151335390162230965 3.24483296948839594620


