358
-0.19950986478963628201 -2.57673268112597142476 -1.11363324009507413948
-3.79433612404884224034 -1.16878078687151765180 -0.81545846030946966820
-0.07901760573311289448 0.37712818580248796962 -4.51631168710360864083
4.41182079830717821523 -2.96856949384921486867 -0.35113699634503614533
-4.50564965966064701064 1.78669196938915675332 1.41006140805920932024
2.21581787195372914567 -2.83883676931921069553 2.01095494617441783447
-1.20554610367867276466 -1.68682455790012353347 3.33051641706281476019
-0.60934022705086832161 -0.23534531638796973851 3.46488225172311192779
-3.30086380565959602862 4.39271805570056894652 3.42444830349903028832
2.14585703242637126920 0.97848836510656056475 -2.47899900349128143873
-4.28011137064093016846 -3.87757755939441262072 3.19489481246694584371
1.23638350336074420710 4.38602740358996445735 1.83184803245956562279
0.27151457516564647676 -4.39056064061090989270 2.31987321050399497580
-2.35938912351520757582 -2.48284534088170616428 2.66269634248702224966
-2.73120555617539340076 0.23468638734235103271 -0.19911892866289981896
1.68347569726714763050 2.90866232738472518804 -0.91881770928317108016
-3.92055476662789459397 1.31076426834828385637 -4.25429083069059910116
1.46738861640911721906 0.86814925997103209454 0.37212316617746132863
4.25067242362370034670 -2.72090802872389270206 2.71528983744546525969
2.46830734815411201311 3.03991110739301184651 -3.71110308583239945079
0.35174542617933823863 3.91422131695182340394 0.56509465456679208728
1.79927637417939489950 -0.71633390540074426411 2.14887047916870610464
1.63780141260668710146 -1.76425100402333834282 2.38381546285781009686
1.29701737037423647791 0.59156808285490303234 -3.13273475149605484802
-3.28226069273177500918 -1.39886169929587644845 0.98457572121146963440
1.46804875631071052311 4.13101298704272412721 -2.27497004636235411468
-2.12955370044677261276 0.74790474054095934520 0.97326726320439238549
1.61872606807798913309 3.72286979013619845347 4.43367492409723151781
1.62615035118013917526 4.03808969239786197392 -3.43265093314936287072
-3.71671786422815619844 -2.29131616276338379024 -0.60298671322187091803
-0.94099667876486980944 1.52423831239330542786 1.26151195900179047271
-3.69209152626903058803 3.17524764995648745014 0.10922898145373416412
0.70016099198844905516 -0.39629847573712062569 -3.03825818677261016987
-1.02524936087801954443 3.09903636983386476800 -3.76591550824676302156
0.60937328518401834287 2.92613131879176524563 -3.03970138668269429516
0.05536326275512148953 -0.67287567990160113141 -2.19384838680856608661
3.01633140028862545279 -2.37507799673514208294 -1.66764748993009037648
3.76113245525783224110 -3.44225894510418983785 4.46157644595707569835
-1.86267804115238932994 -1.68027858410332031625 -3.25853500476355550930
3.16684935354089258652 -3.39688062918077404717 -1.77575228601222967484
-3.46379413827271376292 1.01437979051659699081 -1.35093637202173866285
-2.83834444338403324437 0.76911539564873709907 2.50176525694471685313
-3.35329270005846424851 2.17902077012126760280 -2.23039846627726534578
-0.59915848398596960322 -4.10307854806229865829 4.29875067436737889892
-0.95720523847573657505 1.48921074758471672084 -2.54276629218633321017
0.36213786083701560159 -1.82290972133168116542 3.28712267112193678997
1.35251483570347730279 -1.18876271710113545765 -3.64768597279634576580
4.33440262990419977740 1.12283621622317664190 3.85891562487165895590
3.44134802603540013166 1.20725859108303978928 -2.65852057363019023128
2.50012583341230509859 0.38576204840809236174 3.83614677956014293869
3.88327627021087185000 -3.18397714285824129377 0.59282653926399309086
-3.66555783803247692276 3.35873731528382979405 2.16031875617067825601
0.52905015852987080649 4.38558381067835778566 4.32302023295311510509
1.93000001948794253082 -0.32145171098282965261 -3.38843747530028682746
-1.19566432023074220581 1.68363749291825026688 4.12716193410294973631
-3.58945397812871291876 0.18006364608592217991 -2.35075707029765457179
-3.88076489892820086780 -1.88320607266438333482 -4.44492919671239405943
1.68057322842958978271 0.44022243638328539816 2.02315252736846051818
-3.84727279521377463212 1.94362574881522576220 -1.10616533656883131442
4.17401582525888503739 -0.57382679778744538623 -4.26011816551656607999
1.65158038640109250395 1.71933990013179194278 -0.42057764529694985356
2.30822029175150600366 3.12147183404440742294 -2.69582438266332413690
0.58096300955226265472 -1.13261568283892266606 0.36734330235835699341
-2.96077856683880646926 -1.72548860104911616631 3.23074823116863907302
4.04725804288827273325 -1.78879681124473588483 -1.13120475335025094665
4.27376521566804168373 0.98219822326479810926 -4.01027650880423180979
-0.82467166824309856565 0.52708534833004616615 -1.01483382171146541140
-0.52780813129658099569 -4.42813802808165135616 -3.30984994865032344791
-3.13750088932190562829 -0.93708346118740504238 2.24429951749822631513
-2.54059020404719992925 1.62636815665779099760 -1.53041693068995776628
-2.54784208487847019242 -4.00424603896136677150 -4.39318347816764376290
-3.61664109102514830241 -2.68617179311288589716 3.01050319409185807018
3.39008752075672870063 -1.09287667842180802324 -2.66506037502741222056
-2.22577665219747666825 -0.23891589999558959789 2.37519811068419972599
-2.87679926125969176454 -4.03075118205669014060 -2.07603321073718616319
-3.05294657451382711599 -0.27223347418475363213 3.43511505305893916074
4.20462972656080058442 2.58138742940271637138 -2.56075753529897065519
0.84061006203956534222 -0.39927477140478639939 1.91766071748092148397
-3.07416133086377474370 -3.37896534133819770318 0.15906507638998590437
-3.38778865484418334475 3.09750368015998045479 -1.51251138886034119935
3.29705290404278361649 2.19207189889291420570 -2.15830439636296977923
1.43050457553812027101 2.99200232161774248851 -3.88950226554694955539
2.77860351285303952551 -3.46951287837255595292 4.10952134372936850326
-2.83454372234972851174 4.07998625722061181165 -1.54659256192093508275
4.06716731099696549023 -0.06938681667497537120 0.06039335423512603995
4.41477570297472521332 -0.87993115517335773745 -2.21475078120317014907
-3.98679216708501371613 4.03240428159870578639 -1.67478425379433337739
2.46683813222247039221 1.31406032366142433432 -1.55627873264283822508
2.89779913631590080314 2.47888767811741139724 2.27614320876256481796
3.43495435468749032992 0.46879769409403948544 -3.62209950253136181431
-0.11422767349470941411 -1.55527454419743271785 4.21863832433620711271
3.65151303821150552409 -3.75911060242395089759 3.42105274573560524942
-3.81984518602515965569 -0.08993414505890573452 -1.43703844775645350751
4.06845521156328882029 4.36442599853156831813 2.80522806923573408966
4.05865991452155849828 -0.69197078624892949250 1.18200238055040784957
1.91434019419478129720 -4.22656779878815669349 2.81867060804117297579
4.43323128263244736758 -4.21887138820066454059 -1.84118603312504225400
2.26382425785767793514 1.55888447430437171448 1.49812783958756590152
0.53172332588542925436 1.55117310226422855379 0.16174944449173978001
0.68921388336942612796 -1.37099186883962431693 2.24107315230901438241
-1.43043448061383093872 1.73704162116693527906 -1.30586610704535877048
-3.29011483765588685912 1.21036696972771018466 1.75612663428840587443
-2.97191536653912535826 -2.35274392339986926359 -3.03038141479758138530
-2.05250999216442542306 0.16733259064000538530 3.32248876208581744862
1.69171503809461842849 -0.39975133330580892022 1.14490983788128009024
-0.62753344418227152701 1.17780814166453051683 0.11353202080511159977
-3.77459245783713415179 4.24870904545311400824 -0.54374429291627990324
-3.88743284600105143411 -1.82075698835101729145 -1.84857783205285297612
0.24882974924238165926 2.01188736091957753871 3.23152492280717318351
-2.29897510359939083457 -2.09708508450909603127 -2.18976337349882399508
-1.90290660261555810706 -0.62116778765841296206 -3.97738604567771458775
3.57045290138467397156 3.75655340150954852874 -2.68957833210928320966
1.31214345929791775802 -0.96163352537180557533 -0.67566673558764955843
-2.88786148672912679203 0.81256898919593822939 3.99602267401364041888
3.00652591984972161754 -3.96396650211058210189 0.21203963372267509158
0.83500417455128861377 -3.66208282039964894139 3.21480497093019845778
-0.80575610481744996960 -1.20402284621514699126 -2.50384081976671879488
3.55673558362262109966 -0.00478509566977436407 4.24763221862469908530
-2.26848788408130719318 -0.91167801397734926638 3.41562914809628015433
-1.16721327521762407997 4.10690462964848546079 3.81169628484686473513
2.83504794131585224903 -2.43330616789665032940 0.08121586493921295613
2.94382471457002914406 -4.52938377041767381570 4.21679162466726165093
4.37353026537991151912 -2.94227158223166318507 -1.75746293558457189476
-2.18223657416015903721 3.41631149358521657433 2.50191782206094881502
1.85112977746196794016 -1.36999878139874819993 0.57084760562813841034
2.33491663959379014415 1.95957802264130620529 -2.73557442261176486653
2.65468080650062976389 0.22471110239717351220 2.53698123417327447982
-0.07005940797712284507 2.98202922979337170517 4.47451321788159628312
0.82622653010349011993 -0.05774803986913390474 0.86902690923248293586
1.75492721503041337883 -4.24696997786402974384 -4.33584062416082272051
1.52840499061164702965 -0.32196379500285310371 0.08360554810855891361
-0.94409529504836431357 0.37602277923032367823 -2.57479929686682718071
2.44527093303912135269 -0.22191721080539927868 -4.33578268522181353717
1.87450822686372209347 1.39620072100109204882 -3.65574475668242682147
-1.01320358089555062620 -1.20679563231021802494 -3.62037764417296026309
0.08972116312189726273 -1.68969970404362657135 -3.27263003946450359294
-1.16573392918197793477 -0.53540541990004708595 2.26621793637233981400
-1.47920026675421212303 3.84075179648056330706 -3.20790222762945020918
3.06620355945233935557 4.38077306313783321201 3.16255564203285111091
3.46808510847715023573 1.25209601102154000074 1.21135142711083343414
-3.17316887985762363655 -2.75644217017642079171 -1.94835949778188144421
-1.53385859931418000457 0.60886299366633878094 -0.24330317223509023705
-3.66171085896758485845 -1.04059354416150018352 -2.83271768000085089056
-1.89275646095296989913 3.95003947086127471522 -0.93247587884986993245
-2.05356502295039122785 1.35247099917625934751 2.12851608975712647265
4.30717676893449752384 2.76765299869215919415 2.06857275338833890288
-4.25037755596163346894 3.45123186173689067147 -2.99038514047843184684
3.37527980257411019949 -0.75130416685331402604 -1.78143979690036280417
4.33051349411679264989 -1.25150117212069389439 3.95805799863939089533
0.95029776116977338063 1.18386195976763186621 1.52389338107722860371
-1.48879027970860944308 -2.40438445287594859678 -1.59577921250053211821
-1.79941788966390436855 -0.78317218302518920581 1.26425063200375742412
0.15928283711052948490 0.60671093126401931528 -1.89603493438637338286
-0.59309224345439215398 -0.56454898837420497415 -1.30414208079091142878
-0.66538111281436540523 4.09275560156532147715 -4.12372107153590317097
1.16067294866662429342 3.11559602085404652172 -1.89980799823094104184
-1.81554299046015277241 -2.01507876673387453792 1.52849448187630354568
-3.63060127771416984999 4.17177433588018242716 0.64177486511538628378
1.75277295481571293578 2.28305660649076624935 2.90078267018985602732
-4.25620560044816276246 -3.93164009529703850632 1.24196105917159993481
-1.62435287523125770903 -4.02525007772429432862 3.76372598265304869614
3.38951728669349616752 4.25753398054280918217 1.98944457225443915860
3.13618503947156934686 -2.07934533230271689774 1.71856391832711352663
-2.56295876921536436299 -0.96974779941443056686 -2.91095339420431287181
2.15344873983701123876 -2.75708718332351798708 -4.16777177351628669300
-2.21196477487936649098 -0.23635759274503875815 -1.05611308894518929336
3.84732605011593076227 2.29100604639055749345 -3.88803708322364061090
-3.13554153712588901115 2.25618208898516403593 3.90182700396146220356
-1.34852881980112560001 -3.21824721636984456552 -1.15115464325773420029
-3.88097689275433488376 -0.39391959880148519346 -4.11726691027094648945
-1.87480503545014798306 -0.59139904245479435474 -0.02420406284108711503
-2.11147321734388482284 2.30141563697009843281 -4.39632539815056055943
-2.85314818871620401453 3.75882081593858341506 1.13798788553520235922
-4.42553255586815996736 -2.61160216084912111256 3.97132695149762593445
2.69987247323521817322 4.45254775300290450701 -2.10820024623712409806
1.98810029113654085364 -2.43563183057319676550 3.24749808233219994236
1.18391114178885459296 -2.61025705288607401400 -2.28650167982961249891
2.46909458245207957816 -1.01175995674435270644 2.98455926675336868925
-2.57070539948367970950 4.52450035500047587078 -0.48335901537848169340
-0.72415335704737593403 -1.74529631782555938457 2.35576267631589697515
-0.03262792004306724891 -2.26148865747201854859 -4.10220293065522145781
-3.89456211568263288569 -3.56909474911667201624 -2.27042271981804022474
3.33393263245241033843 1.19246528639403770455 4.36959922818715806869
1.60856927234123769921 -1.72310109599589411644 -4.44038843139427008566
1.19096838309697883318 -3.37363743509436764256 -3.40941644924200737421
2.47262411674954485363 1.36265889337787715618 3.70068969859573382308
3.95739611066502927628 0.89386454948390969832 -1.56315577276649531058
-3.48500412648312618558 0.04136010695007019677 1.25748526599781040858
2.88637403879557385977 2.06684076519332737831 -0.37631669165249803655
2.39732176172939404069 0.73272723051715793474 -0.05718901441063906077
-4.45697932023182996630 3.20840456855464228880 -4.44388195314986411688
-2.23048568897269072764 2.94603205163060355432 -3.56118447197305210139
-3.73889981277987759611 2.80117424545840965067 1.26833866912127124493
-2.12275843806434583172 2.17266256895932041715 -2.27034908950624014778
3.96853835107161412310 1.39855065319748472774 2.21010988940826891280
0.21006081965502154674 -2.57152808454754389089 -2.11645211595513238478
3.12242342768757641380 -2.41915377440257728381 4.46210170400248440359
-4.01042584887519026893 4.53397271524172662538 2.35852987537180691646
-4.37852420822555643554 0.74913762249395698944 1.79939502807169748877
-3.19995476956214996989 3.36184819165211212777 -3.40756371453079776046
2.94684550443203274739 -0.83002337336728349015 1.66078715439199431358
-0.14904881684127335717 0.08735823395161101956 1.93057870977293255521
-3.65201996192167355204 -0.89998072198420686618 3.87987394476703695290
-3.87923830269240221824 3.97719520155322125987 -3.87950792715618097972
1.98551666953293270979 0.89371271488976855579 4.44518933786276360109
2.00792029686702999669 -3.33924405438569804616 -2.48683271626934487841
-1.79992878902402964059 0.41618577745543827717 -3.67422316594193709705
-0.23838292080554523977 2.77531976532138546787 -1.38477415774542489402
2.46550103787242314013 -2.29224920818389943378 -2.54356901729008422208
-2.62326834898391592077 -1.08679038235414182623 -1.72898631599371555012
2.83468046165469544917 1.35386954476903209610 2.58169244347376380944
-0.25116107434514844954 0.32962541563995362282 0.63807939881706143836
3.84560566198902709090 3.45266817125005509581 3.64575383196635005589
-0.00732045539106174203 0.93556854804332623132 3.31254525054279547192
-3.91633345547427502709 1.20205855698176744539 -2.84646920819488702392
2.90867933291653368855 -0.45647467137230357537 -0.09341803696036166116
0.17913941340758832155 -4.13893060385424771397 0.91834129941883801962
0.85945551984204815454 -2.96270947171949305954 -1.32232732574480182919
3.15879271341330625233 2.46502352011885861316 4.20196341383159666094
0.80733788643875392665 0.88577733024988436483 -4.37830509848746274315
-0.11071892605138788923 0.35557954935649771500 -3.09504234481588147432
-2.74329061131233986615 3.42331820031970490703 -0.12574979154524612568
-4.47905975678495149594 -4.14288933723178764978 0.08398220737273387471
0.48464788874389075346 2.18048145547810712230 -1.99537699485518338349
-0.58772871330568365877 1.04610373665980560531 -3.85875558425442344301
-4.35957624292251555431 -2.66528405873415863425 -2.85326477173640391527
-2.61786080230203221930 -2.27621431133483742570 -4.23376188700060485104
-1.02968883291065793628 2.73796310234408490913 -2.19617762272944627711
-1.63386863495021028569 4.02949992559719927243 -4.31540946626572452516
3.36307346321884015339 -2.98087497347046115337 -0.75806233532419220467
-0.94192509179625405480 2.05723127617310463933 -4.08150499750225126405
3.18488497254380664714 -2.70459355569679571474 3.38254844207161120551
-1.67747855045698557319 -0.64932198105764538099 -1.92061139088587307100
-4.03049802423799086171 -0.74646125659456963319 0.24724988029509198384
0.04563212327308008298 -3.18262127085069623789 1.88988598241983751791
1.72139442083370663994 0.25815216144994224123 -0.76332038030512538995
1.89362662626773392560 -3.82354387027678876976 -0.22793321180674297466
0.38464886451147517477 4.11866192303051459334 -3.56558677215874819666
4.30490232502236214174 -0.36261175470821349620 -1.13356017196197011998
-1.61682474893246741487 2.12182735072771855300 -3.24538937987793474349
2.64557163089681424140 -0.22311546778777380240 -1.34409785884266996803
3.43290213510817299181 -0.09625374059479696598 -2.76278467491407031531
1.20023289401560528944 -0.16435022302439517006 -4.08820860439244260220
-3.85256559379562535383 1.51873982578722976911 3.52463378228804113945
-1.89765211940751710173 -1.52764334602034645982 -0.54005746227142736871
3.41121133499188466942 3.23949207611396783335 1.41202077138702275505
3.84212556287559703350 0.25014904732841447554 1.94615808708968085483
-0.49054692995657767085 3.69456692857213209180 -3.06711022453708048729
-3.94378668964187006907 1.96331192521613751012 2.54286451663528989542
1.11987783001642338121 -4.52042510457179247396 0.58609822861636917679
2.27658073749860268009 -3.92561611800764476143 -1.25984136959796222399
-4.15947095736801308874 -1.43686536247520812992 3.02164485449094488700
4.40842041857978639285 -3.50325241406143161882 2.15053017905049514980
1.52443408563483284723 0.17909342603646205561 3.04510424556904713000
3.59836493447540295421 0.70156381497446940188 3.35994312197073963233
-0.01145124703174627001 1.50276657305858929448 4.40947044053608916414
-2.32447765152522212162 1.08142617446882116639 -2.56551431092041237747
3.27146696247151069770 -0.33473511423394697317 3.05414471291400335673
-4.28040965395320238684 0.33868814139552316789 4.38969544756162033394
-3.97303525218984265877 -4.44424249951545125015 -2.75743185041008409542
3.37902042380983846925 -4.48095513174883830487 1.03333777362169421110
-1.73266023229859866817 -3.24444597003014134629 -2.19526478359610477398
-0.00953418674636097307 -3.21269722362562593077 -4.52696745013534052049
-3.28886648443071516468 -3.77245885545618664381 -3.20352775200010819745
1.33119101077568924296 -1.19379142729452691896 3.65655781466710205763
1.26132912941459007783 2.07307112626708178738 0.72200095880050874086
1.23464291660690772545 0.98731564032538798870 -2.17009240991718943548
0.09522192440548238324 -0.89021706565818048418 1.46187146648094934420
3.11974439942925485525 4.42937892710156244647 -3.85664998568395844813
-2.72815288456186877397 -2.98889926546538609031 3.81593221076729616215
3.31388116441026348014 3.46088069720044355648 2.61670206232181890016
0.48250706651497221600 -2.67773952381184399130 -0.27439960704082277942
-2.38016699648165142023 -0.18071741772455762742 4.24073624631291234977
4.35196868570124362208 4.46047593174237189118 4.07428886245779064978
-0.97140445444686562837 0.90845113288214029978 2.40934444197138208921
2.47965106505517152158 3.90522853405641878766 0.30841497524872618641
3.71873458431875381081 -2.05523873469039619621 -2.30162239578538052598
3.75750825590912196361 -2.72858212004644329340 -3.07323994129753153004
-2.99823929245333031801 2.53416740695461140120 2.80647004583266390654
1.48661688589729745757 2.10444961167598254548 -1.60512198269730355094
0.09227544791293418314 -3.18993928248040026219 -3.36632938271912518502
2.21764651926443701058 0.63862639028118994844 1.17090384008343662003
1.23839899157008392905 1.94405891762964255776 -2.96387325017042657649
0.29414006990920160689 0.34150880869890265501 -0.68308992249448952094
-1.27790958260385600909 -3.14605387473353204086 -4.39310519271184674039
-1.09779693299109926130 -2.10104076980625764648 -4.00621657001658970643
2.16834423990983804487 3.37233901898014565290 3.60407876908428992380
3.36641633965917197457 1.10445120865252111031 -0.00051747525782186443
1.56236365085313888557 -2.15129470915076614901 -0.33727582112408693860
-3.00304296459466391056 1.58870016135488345554 3.08235664052071012264
-2.85499963736429274164 -2.79659828212362437938 -0.78838625598593647936
0.31760687176270341325 -0.76145278861495802047 3.85931442725309370445
2.62953076352387249415 -3.74485875350990848887 1.30278115806311589608
-2.72848681566961115408 1.23957187247581224199 -3.84366390622501707952
-0.28183456454416244696 2.52595293443924528987 -2.90852710725589425067
-0.70324161408820051733 -3.45500857576288833428 -2.53340718038417200830
-4.27481866458738402059 3.77881094474680612194 1.35902919614917294666
-0.53648125525225154320 4.35804528311732308765 1.37593752926987455965
-1.91760131515900411614 -2.01395662301066424860 4.18900485826161439462
-0.49472071234206893564 1.83450168273138469743 2.13343897610875199433
-1.32249629462524209700 0.55590043093883956260 4.15294033865701361918
-3.75182089594061718429 1.70647608964999619729 0.55464805808541317589
-1.34648190036980208717 -4.33861833396397500451 -2.41742632719091998794
2.30087318985038713492 -1.17615631437462653253 -2.68398560984146428154
3.32409113538375944330 0.06759726550121314403 0.82220044733254482594
3.16906785391789203032 -3.41052543936979857264 2.63210446958795429850
2.63365414587463586571 4.02145402330586154704 -2.94166131324124080493
-4.49112133471930086159 0.14673367663582670417 -2.93222376882322821601
0.85681024081384915547 -3.21531672711329097325 0.62055120150407372392
-2.37997729965056770141 -3.83618593824923781455 3.01684650183233937781
-2.13324551128592831972 -3.73834142135628111348 -3.37583159400856880339
3.68603682796055220905 -1.53252294938040201089 2.68684195444779749806
-3.47214288475298538117 2.14143703124772688540 -3.93612756442304956295
-1.88574810746943910544 1.28597696379770365382 3.37183715588684229658
-1.10916365105069036900 2.94651690719013625852 4.10252462935347050887
0.94483914766698351428 -1.70121597988985051586 -2.60727222589020213306
0.50803847707029436975 1.22376975989438641079 -3.25559933986292726615
-2.31627427857919032661 3.78981175672108694386 3.73346019684203955791
0.80974048301782630688 2.04816168893590333511 -4.11851297995814658037
1.86584170374993352226 -2.04868890292167638023 1.32546651042343643923
2.59782750000112372391 -1.11660845877307890461 -3.83287243608711269971
3.66001688718653195309 2.43662494297197884663 0.42790905293957504085
-1.13605967168385424415 3.96799400178245331716 -1.90195901342807349721
0.11630486845113097161 3.66765100357741946624 -1.88221133975570387165
-2.93790837179008423874 -0.95429573143580626038 -0.09010550750940815590
-2.56837380840508178181 -0.32796996767013109064 0.83860768067720670160
-2.64956568207990450503 3.28362884247182762465 -4.51094026293465955035
-3.24553624014015884569 0.28297553197683278370 -3.43671247388492062669
-1.21945670424340102400 -1.00377209786165089156 4.33710130075429400875
2.44806993051184740295 1.65157820059515625388 0.49902386008863874878
2.61702278584322822752 -3.70160891249524048874 -3.35180131415927151650
4.07127526765869074410 3.62014865852233835852 0.06568004950407679843
3.08023418165266615887 -1.28458943507132472561 0.65980512839392169155
4.35307795271442099505 -0.63703710778379640800 2.51651330416979934768
-2.94154182014032894443 4.30685423858494953464 -3.55889414105145984735
1.11187173876126088601 -0.09051255282242731681 3.92461821136435684565
1.30468251192030582075 1.45871740133685978691 3.78049061245452033830
1.06218548549412705739 -3.04010787988648001345 1.75516135970867726002
-0.70988741721875214807 -0.95972756147132010085 0.58853886238657171504
3.85426422191169049114 -2.70096344736404248010 1.75908427260384581103
-3.56792275455550988994 -3.49771750494273847565 -0.93705803511997709521
-3.70987039466753065753 3.51844380547325474851 3.73932685603466108404
-0.54300290139777995790 -4.50081462788202468772 2.97648882122333002798
2.43186918600079327035 -0.10391544291578291848 -2.34297477967344347505
-4.20299403704931240355 -1.64988771054775451574 1.56801708215202140195
-2.42943383044068461629 1.77596635115452894382 0.87873954052247427171
0.81915544525713901436 -2.16184971461185515551 1.06805878080624072624
0.77215713207893887926 -0.12960570392988657318 -1.60678807096278264410
-0.17533673981002007025 -0.68420412042708944611 -0.21794030483059145809
-0.27505965283606315097 3.42260691653295090475 3.21627966630859063457
-2.34625600158788127914 3.13052871484028827354 -1.69667326611035829131
1.90333077797610794590 -3.04052494235859738225 0.61960151522758444287
4.53477922987275849920 -3.51840145212606936198 -3.44395613256800103841
-2.23372904961916551869 3.43253235306354742562 -2.67961174547329816775
3.21687773458226633494 -1.18283080892264536033 3.96170183418758892202
-0.21896956549338231213 -1.51650014365667873406 -1.09113058625454772965
1.66302001558215017951 -3.33172400996086270908 4.11842860213024675176
1.65926574884154742762 -3.77878285395619739617 1.24637111264554611978


