14
-0.57594080912358647240 2.76305291855685997149 3.90751772276879716372
-0.21247188263751759507 1.16918197674477308823 1.15876468716591940478
0.20227568851002519779 2.32834607055140985210 3.35026343778207991164
-1.40920537754584440648 3.44936241349229266717 4.50851973852055731840
0.99809110762315622623 -1.60680419102881844040 -1.43353474416075865605
-2.29364219824717174845 4.10193657315474791147 1.39293093515786470249
1.57410126436307162834 1.09305857736440970029 -4.29636197674649711331
0.22325631498715470258 -2.96522505420518101005 -0.46875100194369334616
-3.59051806494119762903 -3.92300485440109847346 1.84717823230524302858
-2.72731579068883300820 0.94807546006372600544 -0.14876104557907066095
-1.20087084074695082947 3.53441831637100722929 1.34351567395145554684
-1.34139519145461383332 -2.27155378364649651601 2.01727970724387528634
2.51060696352050172209 -1.39889532172924324627 -3.11178728905690515916
-3.53977586041271008455 4.30353629057965303417 2.63664767493148399780


