353
1.17612300552205262250 0.84890088025053955789 -3.16712533257934980568
0.57936351247731021630 3.58364050791202881641 -2.55044709772778732670
0.85870234436006409595 -3.79804166366777495867 -1.01054194295703592132
-1.20966553607056681585 0.73488773199737078556 -2.56028676954377454322
4.09564280375310385551 3.16046407034404186476 -2.19722962641240826542
-1.38545800711326627663 -1.60209773631159357876 -3.12306837127308600799
3.84403300982832885069 -1.43028066234200279538 -2.12524374614693822849
-4.10986858181266079271 -1.00851626581274267380 -0.47187384599638448890
-2.62990882439870210519 1.94588957983253862949 0.93193964953146668506
-0.12344980339634847866 2.10894357422322187290 0.27459188127290623527
-1.88129219316917062343 -2.82505764891723520904 -2.94850931371903346445
3.90481605506146944862 3.80417012566756884695 -2.94297886102716299561
-4.43736743907519759489 -2.41646970962294327379 -4.41637440000631276149
-0.03119039494342601415 -3.09867858118399430722 -3.65858560271529187347
-2.24532884537648635970 -0.60010487690590919030 -2.43210760072812659516
-2.14917877272727331217 0.43606695987065258180 4.41822914243540676438
1.03831262414254510418 3.56242467694201625505 2.87809009292621542642
-3.05889174269085595270 -4.49086444068475110214 -2.00593245485619542379
3.76576952553371580024 -3.75215134561132934721 -2.53344362863999617019
-3.13736401826324451392 1.72726048966271061857 -0.97070111912194878556
3.65992920412893862903 -1.24209236318568905233 1.15974859208527725229
-1.10015716158634946353 1.98431020697092108662 -2.78522880797380567586
2.24884793016959871892 -0.70780441808001892667 2.02153649177005245718
1.75448585937066603435 1.77922512220206296973 -3.37373388268051899175
-4.16185125216376583523 -0.77986018418375779859 -4.03445157015625710528
-2.07337854517229347451 -3.96216546722705542649 2.10148600115235684171
0.80401744412830744579 -2.76304914759342112873 4.24560731457602980043
4.09648305280160496267 3.57606421260710138910 4.52007649987882498266
-2.35201851359581048939 4.06499892437726639827 3.46145682008127764107
0.42838512125756622595 -4.38691439468814881053 -2.58849753507600777169
-4.47889873332990884336 1.98393836509924792466 2.61119432058996903123
-3.48751355131986873204 -3.08241971495459665675 -3.30651604599402748619
0.12305538371959556798 -0.70168696452732692848 -3.52470984802709796924
0.20347456987779910520 3.45944826005651329126 -4.38918662744072296533
-2.90430313410924378914 -4.41401952872249481175 2.65196185365193048966
3.11036147502006077303 3.25103673683828819918 -2.06886705684215277401
0.86623719517221164921 1.33462062757268373758 0.94929040924162944037
3.48317318557686039782 3.60505759160189409585 1.54995914418544433744
-3.47998219788211171632 -4.15589803079507191796 -3.60832032895313314924
1.87492632328151120902 -4.01751918352243464483 -1.89625617227731435577
2.88681415298798960123 1.72993812929540080603 -3.68073156907333842724
-3.20824321042112270419 -2.47244753012928342173 2.84398183178335361987
1.98929967217543701707 1.71421708796118377194 -0.57419083217996647051
-1.09833843906340433705 1.59999193075959045274 -0.50065877273604630915
1.80073200170769442963 2.71370734421370851663 2.51279942145666446152
3.05715212607169117831 1.25990494769552352494 -2.27095962679689211683
2.24243808913294184748 4.35238601363702937164 2.62759626745912733270
1.05652905948193520658 0.17811603507898698950 2.15795997685037033165
2.66585632372671366142 -2.79229878284042287717 2.35333437816873392023
-0.38960743014376131299 -0.70514984675639436063 4.39150972301089037586
-3.74975680547751100136 -0.88576001167714268902 3.98204432335883051763
-0.08341826894555026684 -2.84457239415502094459 2.81594579146460333163
3.31775716088768479750 0.80819047900909346538 3.42244420287302464345
0.68962436509320035327 2.64057339716726247048 3.73310394211789198238
3.23642484746609415680 -3.00706280589221197630 4.10234659894574615890
-0.92588044491708521022 -0.99109491708508556940 1.87451476787718718242
-1.30989840110227540038 -4.39819338898752487665 -0.25935191204564400635
-3.53916028115630165729 2.46208480793732586989 4.29174674964372027119
2.67602613889759588517 -4.00071473654885156890 0.73416816201292345312
0.90305084638762700422 -3.13546401538808261478 0.92938304112149516811
2.69534716056641787674 -3.85753875913073907000 -4.19256801148535007684
2.96401465895581228693 2.79779224864793985006 1.12862716471967505782
-2.32574309588314420694 -1.83253431207826178451 -1.89491181766633509653
1.56755325747001350578 -3.98536281646162127146 3.28276545361984961602
-4.50112271134520902649 -3.63150958286870695346 -0.62346599632220067733
-3.35308847536263243683 2.04313866630243445854 2.30629878267243615397
-3.80305239831356978186 2.84091283878175193678 3.00718894656832880230
-0.68291841859286783745 -3.70202634079755821261 -1.61845357459797334343
0.89246310803091599695 2.44977107370653168772 1.44161426032813189124
2.48751703016272696090 -1.27257315308013474464 -2.74037341052991134660
0.10326189635958815671 3.79520693910950779326 0.75756025427476192391
-2.25843789241047110394 -3.14733055691571728119 -1.69092522124729116584
-3.46917821580880669785 2.96807842986524672568 1.78067018378351704655
-4.20853739121421988045 -4.29492985649659342329 0.89235068557841668024
0.82999601375104692380 -3.31436560345131203675 3.16158740770501989203
2.26055156201308360409 -2.37328906831906616404 -2.82017546622222958774
-4.23385693825675080149 4.14648380587043785539 -3.27847111837323446082
-3.81328113473204188821 2.96419984627820287670 -1.26064117787186624753
-3.63168653049060763394 1.30523754976844852393 -2.78242400417543178648
-1.96541257295027538277 -1.76289597856330182424 -0.57836386255561844649
-1.10539828306541432212 2.82249010348318929431 1.18985530076516532461
0.39491769388201536373 -1.61858479618057859994 4.37664632281918830614
4.27744446964533420186 1.64361242580715050110 4.26343831885541479920
4.05037343507282709965 -0.01530844614354975874 2.88369410935374670402
-2.00119312308889574226 2.20209670961952230783 2.13288604101419920767
3.94188103726425875806 -4.50798104500649010618 3.95411684276927655191
-1.16702104549545593315 3.91490502454912725483 4.08219978976058595066
1.54924765598139568823 1.67629270185639267510 1.93985505687125048269
-4.17594991580033969569 -1.28036546796811201432 1.44297719793732159843
1.49972987411561664572 -0.98109484311649763910 -2.81263497301543985429
-4.44171007286548569226 4.45213232119326551839 -2.11787378549282312434
3.38625328635129019261 -2.65658547604316686019 -0.53290353535498447002
-1.76887728941000377247 -1.56482527890038580765 2.73165991635022198381
3.33118884857211572381 2.69833313741246261230 2.26503624377829115843
-2.46890306416302740544 1.30675217578694002896 1.85316717455950996651
-0.81612058709309476257 2.56972889079031396875 -1.67495133266659301796
-4.48267605097475563269 3.12071801892756806041 2.27555473444591438437
-0.66974565991451751046 2.23704279360080793282 2.70365951411457761111
1.59483369438085365033 4.49495623823850731782 -0.91603012390566140866
2.35664119226478696589 -0.67810031182363106339 3.81461980153096558155
0.61240020160200092647 4.36053628703137352574 -1.51645745194432990388
2.69832216030293547959 1.15199884109673877930 0.31327617042715960594
1.76847525812174932724 -0.47881704948714709502 -3.71117062018620025299
-3.47479400223655066071 0.37887727577653596001 2.24062724745570118756
1.02994658897563606814 -2.36434059120945727628 -1.35696924657729667274
3.43729969676658964062 -4.51209976549671853974 -3.89158471621792845241
0.67385662508948840355 3.43504134372097791328 -0.54180609488514575034
0.34973937091030116164 1.84579127869938641737 2.38220178234769086600
-3.78904952681399675996 -2.06533408744653756983 -0.32630224022514031645
-3.87661592609405580845 2.97568398319591231882 -3.59331366657999362602
-1.09542974375310508961 -1.51523845735708606597 -1.97745332929041595094
0.31554394579599165382 4.00351107603230982335 1.88067377361909837674
-3.19187328983154516848 -4.31918856621022051456 -0.33883657605029515736
1.94098259371429460174 -2.95536510521316797551 -1.58073460757900141616
3.68559552853304861486 -2.20043675191686638470 -4.03039038509446445602
1.65315984134604487821 2.74355000575765917148 -1.01568638244607356569
3.08829483549479721916 -3.36224446309548907763 -3.28154993274370010425
-1.03545423542895731472 0.17163757988428951506 3.15036504079229118247
-1.81951865551462255155 -0.50159657357454623394 2.83366023373291575638
0.08059527633017182779 -2.51679287707795040774 -0.90499633509382482188
1.68495068120945390433 -2.23011343942768514026 0.17760845076232545381
3.67522612827070016550 0.98511411150720462615 -1.05827838686897957032
-2.03314380797867988449 -1.67502060579588896161 -4.22194992066454943824
0.27756417958108858812 -1.59479100342342183794 1.83901925491578666083
4.25915808911197490971 2.71242344779693400625 3.49889065708917446074
-3.56235195642610102951 2.95806920470257939115 -0.07550452802083729154
1.62478956553519182648 -3.13886178121254388884 -3.77482442250826100150
4.46187222939670302679 2.79070061810389535850 -0.61737235512438592977
-0.75860468027171190641 2.90027591527520556269 4.26996079002995809759
-1.35903943301943197497 4.37736645668025037281 2.99759361888366360205
-2.70411255690820295783 2.72696684383920651129 -1.25102126751826681073
-2.88064015846943410892 -3.00802271713021740496 4.45524275064828767512
-4.06235287572563930070 -3.50982281701899800908 3.89477072855889172587
-1.02638805795339393967 1.75043375575193937976 1.75571333102438842388
4.43852053858979811451 -0.76578697029758746595 0.38369666813229752478
-0.58413891930560790655 4.12269752934907085518 -2.93976344883773643701
2.09380178475763667478 -3.78882644833597170830 -3.09295095340248415994
-1.32644356564364329643 -2.82789577279076587146 -0.19874909095073256537
-0.79299054565164306396 0.64490105815058385019 4.10517858480969888291
-0.23816968647536373993 3.15015231433339248923 -3.27656852985865887362
-0.80277575760902220026 1.76387497823841687961 3.54620334662528247094
-1.20989334757826894062 3.20668242792695945553 -2.93164569797489038550
2.87795265218603013579 -2.83540153797906535615 0.68176517010461878954
1.09637579210789670725 -0.60443918544564345652 4.12889546055969258731
-2.14450625223070456826 1.59002594907113792289 -0.24804319694132548335
0.38730204451954719502 -0.61119458763901146625 2.47481886830040043179
-2.99399383709187594249 3.53818553750794517754 2.84371280246761237720
3.80362458807007097761 -0.58051406408481831534 -0.59933901974945236191
-4.38149171642802492954 0.68210247071893004289 -3.40770383445790026045
-4.00060811948436523267 -2.23502697607644895683 3.40021530144423866915
-0.82608338760934296729 3.76397703831248175987 -0.30482651540691119152
-4.12647293466993581035 -0.12364991512670986396 1.56044833436376961799
-3.11155899776906386123 -0.73577233545508802237 -1.54468642899202102114
0.14814130626036892124 -3.06319110859026899618 -2.45190249431021989324
1.19074846994538052769 -1.33053032880872423860 -1.80863690132924670451
-0.95720481783344890658 0.01109815970482408432 -1.99658956628973660585
4.16731852003795300021 0.36052851043825207000 0.09934164098415720900
1.66401239255948052431 4.15106571803161639167 -2.45241033327251223284
-0.48913133125126861955 -2.08255070526217256344 -0.22376761609764095340
-1.52149479257260278331 -3.86457638491838251227 -1.10027780244995643244
-1.60515940852161120844 3.54613536797133921397 -3.90589108243286720068
-1.72051882317909976550 -3.17289636264033347857 2.79871580882356507658
4.35891094114090105194 2.18210376213796042322 -1.74046178652076211080
4.45659112991217210009 0.84551324109723946520 1.32018263086077158874
1.79445707786744090839 -0.11585932666135700941 0.69010257770603278260
3.38540878190216520949 2.75459381526857161049 -2.97285826746366454998
3.11116490836703629697 3.48840299243704432541 -3.94734190650435889935
3.77897034699383116418 3.81961245056804177267 -1.13796672284367206274
-3.12817444751551620996 -0.99295692374977617689 0.50265139922622648072
-1.37424951825539576333 -0.50385780866406726375 3.89452825239373456867
-0.00819148046127260443 3.23718973096223194830 -1.32556006561431738433
-3.83552691949338209199 -1.06946484948867359677 2.91759667966700853015
3.70053398970752400743 1.23534066411706344724 -3.37036140317329468985
-0.04532742624818641985 1.13537926382812059956 1.56873481262495406696
-3.11526923908239083971 3.55329666476984495915 -2.07466821391759204118
-0.28658504761387781912 0.66900986521355765291 -0.34225690342202241823
2.66290519124583990873 -2.07992881089409653583 1.51448513492688174864
0.33568996634256809131 -3.60510875145353271165 4.49521447059560141923
1.46645729050476969491 -1.33985731343004843552 -0.85207433615815109107
-0.87686163173595055298 -4.13187800385552073124 -3.48669331973699803129
2.99835006186238040016 -1.45862202992435507909 0.15514450831927906194
0.15035771390698826622 0.25790506736750451466 0.54960887630722954356
-0.01498902320674844191 4.38371451727218808259 -3.94618726034144895465
2.29292260820704019153 0.95911803527236472178 -1.68636373275689432916
1.59308886688792217257 -3.76390580364812432634 4.36553492111501473261
-0.62678696117148557931 -1.87429318387390386746 2.61852450432611583153
-0.55775412626281539730 1.60073079720145017291 -1.54215234739783735307
4.48462678700212524774 1.98649181365967653079 1.52631656418937122766
-1.72455310304700759616 0.68195820029962828102 2.52772102720153934996
-1.96933966548643413219 -1.02873131086575231308 1.80342789676100156981
3.67735329713092706783 0.18695064122964577535 4.34631593892229073361
-3.78227109915826265052 0.60968949378006698225 -1.39702602338098547108
-3.16453698665944260782 4.09866847018389446333 1.77912126558674987820
-2.76278038838216755124 -2.18700369385962378743 0.18637315247526675677
4.13520408025458952039 -3.86332242487539412323 2.46226266621572253968
-2.77852547772138835924 -2.62429793630688834583 1.43370501396284577567
-2.28060160799522204655 3.33159457910622069932 -0.15293287414367284782
2.44651439877400544987 -0.97791542742625114926 1.10305385006115219682
-1.02535122036897918818 1.51177812817287549052 -4.43676565910784947988
1.83748770190427190840 -1.80528367382969889832 3.92937633600958147184
1.27104689671208515023 4.01270024455831997301 -3.96343960245010906718
-1.72350543350719309643 2.57571452797686895053 -0.73924132737448378094
0.76910694784404576296 4.11972011630775636348 3.86662067942730924841
1.16873914974710846337 -1.98666317354205945733 2.93481639065053290238
0.86079985081447585316 -4.01576482124441280774 -3.67121034453810324294
-3.53084422335467529308 4.52971942290099871542 3.45204956465756307438
-0.89054346380635429625 4.51819625674514835367 0.82846491910556796512
-0.26914369687599126735 4.26633061759898435383 4.13007936426648125661
3.91877307702672350587 -1.09532691194764453257 4.37205539099783191404
0.18934783617379657983 -1.36940241236005455505 -1.35317777841469721878
1.33973870537251560364 0.93172648860414319927 2.71062924962348272828
-4.19010247307601613187 1.89176069165382365611 0.30070529505152432392
0.28187783781073338929 4.46447745796597583734 -0.49487966981003861378
2.87198432076698484394 4.49392066950985391571 -2.41916854874481490612
1.35463154967350796198 -0.73093699590470873062 1.58895091039394831256
3.67892641315572443972 -3.47112971391100799678 -4.20024177077171323447
4.46989603662714340970 3.32862197967819017919 0.88298229320887511307
1.80470217817703559859 -1.83633601460104900482 1.92230137765711006637
-0.11498252441552470060 2.02913830730575206474 4.30964385316255427227
-4.41453777405047187443 -3.05984517852694581919 2.27638952704130748117
-2.37182709944653158374 -3.69308136945969422982 0.19502457965260600048
-2.31173987731381025412 1.07145457989450765268 -2.07998624464741288520
-2.72926442497404186938 2.32014476397800617491 -0.07543531420228344331
1.19659439329348860070 3.42481391944144331063 -1.78986234196843740918
-3.47908760316771070720 1.35540060816887564243 1.39465421524054900004
-3.28453245105929036995 -2.94704805299905547855 -1.93363965353795030921
-4.27686063609532851615 -0.52228386648955815730 -2.35879740974077023452
3.68915794709330402412 -2.53457429102396769593 2.50843754028765086872
3.66190792258647501711 3.19138173282962966937 -0.02495421866374769593
-0.41560705775063322420 4.18761169977356306759 -1.20895191805523261053
3.73895007829025960433 -4.01379378344105042231 -1.40181062809977907690
3.16138587668764081684 -3.79378241835986873554 3.07138639195280660488
2.54944473178874542185 0.67729344756532583460 -2.96105490761577927472
2.81705623851154562942 -4.29280126106463377766 -1.23520249661967351784
-2.72667293463920712426 0.63950655089757990623 0.73503660418508953711
2.55934357238284615477 -1.59718956009083878911 3.08516110283927869062
-3.61215506921650408856 -3.60224036648197198929 0.39681208555817448769
4.41344366516932762323 -3.10935014291627176419 -3.25606885002945034557
3.87126296298318894884 1.99243789985667874021 -0.35189112096408958763
-2.83950378283307403038 -2.15411683968794465116 -2.79721337249224699661
-2.97777083091493866007 0.08254640282002156937 3.48449286071155750477
2.52261021861283829537 2.10025840084623549586 -1.72404341732159638312
3.22001471711546738419 4.01640822286541432362 3.05582048369635383978
2.59426946056121554562 4.23616607924212384972 4.08415525790827782515
1.85199350944010898701 2.83533272121758272988 1.44491793692898617962
-1.60022782829348519940 -0.61875370499797766044 0.91740502952080404953
2.60071335539063230868 3.65991821646170034654 -3.03982281683215882495
-3.07890620998870501168 3.51700677621977053633 4.21508607620779773839
3.03385046097953026134 -3.08923082262668824427 -1.80365082510559293638
-0.60516845170701838441 -3.69648506121692932425 3.29846868876982046714
-3.85440539861284037215 -2.07534875073335856044 1.91736807050661894891
1.55833839800939610853 2.40083557665603652964 -2.21907458708672988834
-3.92505627149977032175 0.64989922812522138429 -4.31256392851757919260
-2.63888544412420067431 0.83890845472037156583 -0.70031545420160545845
-4.37899193258740115908 -1.71718694654548453826 -3.46476386020440729752
-2.52910929169638665215 4.39003579065395665992 -3.57886751134786385009
-2.01808748353770806006 2.32980245942084707167 -2.73120419546728232518
-1.16860450781928326691 -3.48834281602782381171 1.80701616163542144733
-2.65294670317771164036 -0.72011045632370507263 4.30966173880675018637
0.28217045937969675862 -4.01267349050189192639 2.50039284099444447662
0.78037388841327803846 -2.86501659931191188235 -0.26244723332210551092
-3.72615247693661499895 -4.11808689168199393293 -1.23858354174826068572
-4.00079208825027077268 0.19179821314981548852 0.46654888307050956797
2.10866219356088890891 -0.49609722547955392713 -2.03494193057289995963
-0.97228224845050537084 1.06221215934144819215 0.69834202446045434698
3.95574343628714952814 -3.56983429066417068398 0.93005504898101598599
1.10917042756789019364 1.35118099538305624918 -1.93972151397704539733
-3.21987013531263155386 3.93717463249186305774 -0.94042796703743780640
2.11529139755850881244 -2.69356082189987766640 4.44283185158363647105
-1.26985024892472520008 2.09764294177168153510 0.38748489388161377889
-1.29127331026283886928 -0.67947855626267816831 -4.21500310806753031301
-2.76975782551953386701 -3.17934783652663499609 2.28953448921694935336
-2.81834683446135247920 -3.85642988473213144118 1.26608490108368609839
0.64320081134543993784 2.41709162235669072771 -1.38896214600229317426
3.22318110895209297695 -0.75881128941950226618 2.93547395411063760662
0.32753406020269704157 -1.29511609829007756645 3.26035037410303996097
-2.49771659854130945178 1.60356782583845269841 3.06248873862450299299
-3.87172309641783130019 3.89399043821953494415 0.30424872219227339087
-2.04596660986305778351 -4.45570799577686482706 0.82665625103224105175
-3.49878754028422322975 -1.64958039584693239021 -3.79591789684856717457
2.12995093104687516217 0.35388700685121854406 1.75859104292783463563
-1.79674928436099712314 2.16144232034752992178 3.66806413772218053992
0.61539376400210610285 2.22758656260967757845 -3.52128298572444453640
-1.71408863084363227713 1.67122854017643529545 -1.25551024556399948295
-4.29204015230026847405 -3.58773480954488821482 -2.43136036752379913750
-2.92225862756374654694 -2.67658410096640597686 -1.02936799151730928870
-1.01634027380241098726 -2.10517521073850710778 -1.10404300535376442838
-2.02399636337531019237 -4.24987940856117862864 -1.83599573965223283878
4.12990149247623872242 -1.16229680669474610966 3.33981728318193038518
-2.99515546387444953069 3.57028750413679585307 -3.33962408880036765169
-0.03454719820871243741 3.00281969598449993697 2.51858098828882592812
2.41732723936533577813 1.68810431362862445326 2.96033016987379138385
1.63432577356742125829 -2.11181469354463047239 -3.70258266732297203205
-0.20236376324332727705 -2.92983099406907321338 0.66222421330741543244
-0.67183567371880226204 1.18989243830916535671 2.57984476244531979461
-0.07782919988170799996 2.89587432577364278785 -0.35543414249757976364
-4.04957991843935882770 -1.63170512585965443719 -1.81690756022272914549
1.44507227162711338053 3.09652643528646542848 -3.46887512794880503719
-0.25131405176641941068 4.23478758920446640701 3.18995839636324429733
1.07523193744470990652 -3.02634037181070025824 2.00411814734841531305
2.64425857940997044437 2.02419031324658416082 1.70754241473603496360
2.27661722049652315292 -3.31262582044129505476 3.52518594229985549049
0.21257863179677194410 0.20144915627767012722 3.25970089450493549776
-2.03352162475886366622 3.28049941389147470261 3.99207463405242091170
-3.65441709801288139303 -3.98748606840385111383 1.94793835878253585037
1.97655967970449797377 -3.07592090539118334647 1.71164974944010062075
1.55031479988801113024 3.70673839761675427695 1.77143857895812306680
1.92866354088933267263 0.13360111067042979016 2.78530150001853105124
0.35175973578924146778 0.13171310080871734272 -4.23278595146499903024
-2.13294360368661184424 3.76174244922153899751 -2.49476249944406047732
3.11099017710329839304 -0.68516078680186565109 -4.06611380854426673892
2.23690923119820173071 3.56897347552674926163 -1.48969470259195668760
-4.31628045423599981945 0.28691841935520123741 3.80208828343034621611
1.91729182311480261802 3.36993820352675488294 3.45106307187970973160
-0.43883911806681741297 -0.89482616940623094237 -2.66224294753393531110
-2.64419690551270347711 -2.47375273122712791007 -3.74558118780371884782
1.09500510164630959764 -3.23879152694617777897 -2.69028719136719818295
2.17798393972796677787 0.83143986964819927010 3.76239586317680174687
-2.19217535336261981627 -0.27362208318693781450 -1.26770800972893349368
4.13855928492382663109 4.12401901882155907941 2.15400942945418272245
-2.09846137807257182573 -0.88642152893658687773 -3.56016836164029237821
-2.76844031761470699138 -0.01647960655258096097 -0.13641033854863682251
0.29938526182851532553 1.43816028897777936635 -0.87313842249599948886
2.39853741007056076029 2.67726532873381284361 -2.69255119771377948723
0.68450726614483770049 -0.10159003956530732182 -1.71237131605631454079
-0.56522400246455362094 -0.75944875417626445113 2.93318838371816692501
-3.00351830423403987069 1.24847595328393001779 -4.34651906396772158558
1.14720635010709859358 -2.23751916609308620920 -2.53589229136094695960
0.75458510960950953006 -0.07205580232460206958 -2.98553078201287380722
-0.04476011993065309724 -1.73060255577930766080 -2.30102890790463865400
4.21968645943691367250 -1.73988185009890194976 2.32792799611031053786
-1.77394165786958257769 3.84321045091946000838 -0.93715699900096316455
3.29306224703891015082 4.51649413260313803420 0.12496920537526179373
-1.10479173251000828415 4.11709758197456299200 -1.93388021818592426015
1.54089962811681058241 -1.01711235700090751877 2.64585007947493444647
-4.35488802264306240630 3.75234474080559454734 -0.83575300180559430885
-0.07007591391761813782 1.29063843103997566431 -2.84041942936734370662
-0.74307443593862831932 -2.49846131007398142287 1.53704013207361267490
-0.17192865246949740055 3.32545772867802646999 3.52594252534920382658
-0.83706393878528562169 2.38988899147625755148 -3.75324403765204950290
3.31990973714128134731 -3.16645876814518612008 1.66902060720617750889
-3.45752214953034986422 -3.53492455620510437342 3.01240710266744127210
-2.56854683646059989144 -3.69951899434055508920 -0.95112619354802774296
-2.14121054671440624873 2.57312528281532326702 -4.31043508675904707417
-0.65099624294579827577 -2.84428409157396444584 4.53609844365473779959
2.30496688446381892135 4.26620271194037226081 -3.84189546267799686419
0.12825899288332465176 -1.89937290328856711596 -3.42818519828721468556
-0.49681486479492420472 0.14249510226415562641 2.10011973080840697037
-0.12291369340317981340 0.46977474189580270547 -3.31870161781942041301
-1.97592289819947142249 -2.27338623182040899806 2.03940721348690257031
3.32883298710666419851 -0.45045507614026014664 0.61496006529816771291
4.30094142289947800606 3.75385763186483156773 3.16745023411780479705
-2.80325324016124888260 -1.67227468709847615358 3.43137543696545410654


