264
-0.59625414652134889337 -0.04951843548079715163 -4.09808060130308859925
-2.18794421457780918772 -0.68004067393121259144 0.92056181420982685637
3.51568808958314438229 1.33130755119336985359 -1.81019937536875374917
0.29692414685388435203 -3.40733746581316232493 4.09651393857272250187
3.91764741075415567906 2.85434914382617055395 -3.78591252858780835666
0.88547623827370003369 -4.02145859631696023229 1.62597908500748200566
2.12179149042695147642 2.69376020292331119776 2.52719739546888089166
3.91707187414954116633 -4.09722005979610059967 3.36669045276530187749
-3.48466453354766558803 -1.42129428939752244787 3.15885953840803868076
-1.29528755384612770385 1.12464127453882856145 2.91788816814122586862
-0.74518670081426829910 -1.78395477959369053167 -2.59431345663014223391
-3.82984663421163551433 4.46543750541555350964 0.51648757654061228095
-3.95380846792554407898 2.75737160029824757146 -2.80367309780131446217
-1.09967369351631738539 2.12786541930433958925 2.14362244268304191763
4.28458659802184893550 3.08860266915256875819 2.76731520349449588991
2.72811649910520248596 -0.41591318819334688328 0.27062856716194350071
3.00535994764079017472 -2.79313213371467616852 -1.87101437077354582073
1.79169926020154068880 1.22927538607703024098 -3.74609243188636575894
1.97344018305445789707 2.28129805877220093180 0.50140525038250682854
1.49716674317868303490 4.11172179813404259363 1.83986526204082778690
-0.78392982016257750644 0.58306212391219602864 2.14100124036168093511
0.76506462089748517030 -0.61719206245947955125 -4.04432409303824602631
2.64492306065266635784 -4.16386068556518740280 -1.61352682395616664479
1.74142681080455208331 -3.65364179190229920735 2.71057433682059123470
0.26272023593893756299 -2.58042911284958087492 -3.86729373554987176931
-0.07418580749127468010 -0.22107092626455582263 -1.38033067137202181129
-0.35350004764524989298 -1.59497904486453778716 -0.27010795483084049096
0.83110845131923838380 1.45102676746375092165 -3.10188629992280073822
3.10854432974497552067 -0.27460504704755717142 3.46782644273973073012
-0.70266235992206693695 2.63216817767572397457 0.72367793874529340314
1.93185669362297218754 3.98101552868774444249 -1.37571499938354602222
2.77108171644041600956 -3.68206104783349230658 -3.90520538859498556050
-0.94436986053748661618 2.81757917355776399404 -1.09984552723664386065
4.05279317550799245140 -2.08730298984577311572 -0.31050583930761455065
0.63169590335972980455 1.33290272684152810712 -0.87357923928733871577
4.44780960574572059585 0.87699707802169069026 0.64984238293140350606
-0.98657982054032267172 1.82655756597095475513 -2.11464380396754414448
-3.51213471463767401559 1.80086529766187997126 1.56303171854359757020
0.62796585982192976161 -1.75690020109307365459 -2.38782148218741863133
-2.20949419513099654111 1.94421759896309254145 -4.15555772732588923901
1.03178539823270210007 3.34550242575118073063 0.63686437607613477496
1.07276231762287732607 -1.29909423208879815093 0.55558261494305583028
4.42377395687354901810 -3.17550966910006948751 1.83734027141965849950
-0.47184102751481038496 4.53554213025362340517 0.72338949697855259302
-1.44818464262026180833 2.98374581596531296412 -0.19270014214766106875
-2.58147721760089421394 -3.66788671564816315396 -1.39087362108434398067
4.18559360695534987684 -2.03827196946583688586 3.72319410620032709147
-0.06041554877198418438 2.76848686492001139214 -1.95909770972871255523
-0.43712214898249523998 -3.46610714144328424524 2.06156290332174396696
4.01968119249270738891 -4.02632344012941256750 2.40233693528824066021
-0.06013725067302200245 0.66143586296869738561 1.18081889652030724847
-3.06244149508340957055 1.60199565696931056635 -3.14208901001001184028
-4.40243851356102933181 -0.39208476569362016306 -3.44614912645565052429
-0.16425284244909299503 -0.32122200555242663711 1.63708400859673108840
-2.12648245424341375553 1.77745391934073904139 -2.34919162316497276422
0.18422331878084463597 0.31470674295537826026 -0.31716247314877232810
0.82824795505147541519 1.63875689819892755850 -2.08933254738730811439
0.82643271436589849088 3.25382553829733556228 2.66795196834471415315
-0.17195940568561862705 0.97563790864248201018 -2.86654667436520860235
3.74204554684821655286 -3.15116262657828327676 0.31417318461316057210
3.92314975235433660572 -1.82011236914589868974 0.87599018856116828147
3.29206242486228095601 -1.45661160637455466826 3.88465815943332071214
-2.66603385852070928763 3.53654230354236087663 -1.39806005235894126315
1.28624291072312058049 2.21525257529737107376 -4.43496786233255591014
-2.56421567295808738862 -1.02583471295496320153 2.41464094642438098504
2.85596880766622884806 0.33486197241086657073 -2.79801694052749683195
0.24906166476538604826 0.75079715895299781181 -3.95412542185046333998
3.75311320593416919422 2.52825687414389665975 0.85909785684753803281
0.60150723966994146252 -0.84010465498956543584 -0.67303130295469371092
-0.57595180242674581805 3.78458866163847584829 2.78086526901863972938
-2.26448059716689575893 1.33604332729797814494 2.83338999546181291578
-0.03360648896628948279 -3.44814022146347776143 0.18631267487253211357
3.78017184175254872258 0.07915459489592446829 1.10303259492487359950
-0.42543904316906289154 1.89294107987864546061 -1.19750143456384217089
-3.33971539306005738013 4.41170108125086368744 2.58610685063364797998
4.22162878948310993366 3.11061512406862306079 3.78159884938984003355
3.13024053871324969833 1.65299461265303815338 3.75251596696549416521
0.36672725157774443971 1.60205569060788644009 1.02947935454843975123
-1.25802372555915198404 1.10059612673317719356 0.42238349809526454237
3.34966757042429019720 2.50833771746218392451 3.18563128281739427194
3.04626240775148016127 1.40562687093154092821 -3.02489204975326719804
-2.38806163815859617827 3.50589845990922643892 3.05934308434745272365
-2.46426040568598292424 -1.73499628036589692570 -1.56899390154619622351
-0.25329648317656250356 -1.38701269167821816808 3.72169675775369146464
4.25253018287593587132 -2.13014706177173795965 -2.34877182318011978879
3.85065240641300743363 -0.79072397031800445433 1.75727678499659667466
-1.53925497463312854762 2.10551953927187618376 -0.63394752970576195850
3.63459050280093887153 -1.95853661082999330745 2.10534194885338621361
0.03905171106567895123 -1.60280064926988385920 -3.26364332005450208385
-1.01143867484694993664 0.64956837906668862814 -1.38533433185053445058
-3.79297290875922099573 -0.21632359179386906334 -2.42006176087541335917
-0.79423340629534688873 -2.68339536802631517531 -0.07378276925504234640
-1.19967156496172355773 0.75954069937418111635 -3.70405769310947796669
-3.09122478720147642051 0.99254691559155361347 -0.11523031837627950580
2.94161138532642851828 -3.51398424552658106279 -2.87955968366551662285
-1.09714431109218635285 -0.19310678912409962038 3.53302738954122563797
-0.54044202067807090017 3.57321956161866172152 0.54381570078324426021
1.70654398628297876428 -1.29934030864387839443 -1.09320766078076125893
0.33594511536825422127 1.12470295071418835420 2.25560498585740099031
-0.23784947555662760976 -0.84089755902556184708 0.66654448070267413584
4.17224714435772714438 4.39948839805737090813 0.81529352344328742674
1.85891430937780288701 -3.69234508031985209087 -2.50378420986483796185
1.53971027598931886615 1.67411682977026732289 2.86876346510034441195
-4.22682917863007023840 -3.36830843854904760093 -0.05725375793321152429
2.28743344175945129138 4.53355768772089628982 3.66000811352206856242
3.29138622353003729160 0.21458368513964387603 -0.38910986904013800114
2.96295080756905893082 2.40054377153454545635 -0.04407741386476438095
2.74015608855301540103 -0.70842988719576727163 -2.02556916449521118295
-0.12855637072621384220 1.75677404863088426623 3.53935187966788955549
2.14358015297788373488 2.02695129265185247647 1.61888508163069122503
0.42399741213964770026 -2.28334069505890058238 0.28374511868679697102
-3.80216977748873219412 3.35695316457222592277 -1.34200933998817761861
-3.73900843477472255572 0.97820969244581235102 -1.74921219528534077625
-0.70358314554695233767 -3.41467284700336204395 3.38048672079531797863
-1.75911731914364510843 0.10883117271193221143 2.48537957781691876136
3.18116537244480301894 -1.58989284403542319168 0.02847601807227739812
0.53716788241692015049 0.85777585543577306026 3.77371165128233965191
-1.59313127736965043368 -0.79773945472628327025 -3.65820401463620159532
2.93375531108607212616 4.16546812711057601319 -2.86984608525974183024
-2.42097968577888966735 -4.24449447354629505469 2.62419004012541812187
3.04383915120856318737 -1.28998367326608631700 1.09467696865366637127
-1.10416739344067948991 -2.45708276976268225056 4.16619546083571190564
0.76621180565735347301 -1.87601279126008968490 -0.65874948400446653451
-2.28330706029515662081 0.25089320325600006356 -4.26369978596162990669
0.42313747856484695831 -1.26817956043313628811 2.06861630504965088306
0.66557273903303393325 2.02200821921954609905 2.48954900839833737081
-2.91264556829919252223 -0.22095065995794893610 -0.17320489543146244671
0.10543801056234958224 -2.05574698918610598852 1.21930040861995525603
-2.66798991002119834093 0.90347552395061470065 3.74493691541691386959
0.35899617381810156047 -2.39936905016053225737 2.53006537193511782391
-2.25161501923526907731 4.41003712914235901366 -1.97544979851252033853
1.01391205617626223301 0.91475416792436359259 1.48383325008700150960
-1.27799556409413872515 -0.22613818236481009194 1.49702246689935236645
3.69351732523511788742 -2.94263383110916221241 3.05585776441940559778
-3.27271132256005969907 -0.88322696968784741856 4.02541363854249834020
-3.07820483864185190370 -0.61210258707241926857 -1.51608339875461783919
0.99467475424881257595 -1.73691266558224910455 2.98422002265258168308
1.19955448523562413499 0.58773560498993937529 -1.48618206693896981463
-0.70632451390582939865 0.97206548060746644779 4.00750372341649008234
3.84130187878132911550 -1.77671470341025194983 -1.33401396760593105029
0.17906925885980484736 2.07185919276749608287 -4.23169264211183460134
-1.79201840205991036470 3.93345656568912804829 0.63351052007761676776
-2.47814934573602041468 3.61599446048240391605 1.75259024758589010418
-0.96469760279117355850 -0.08367811605375941042 0.28738228981499513992
2.66842995902155077914 3.25958219136282867368 3.28904940209069795998
-2.57007692604579940365 2.73701851067280621521 2.17263589547857005613
-4.40018719807084579543 -0.51225130445812450120 1.09275273026700237011
3.43018139618135275981 1.36559329543962082454 0.71264795952570114679
2.61115920093336395524 3.05705519958575155925 -3.95929877246532058166
-4.40461103514674157111 -0.23256965782667560205 -1.21916215636637392805
-2.01069960049703233551 -4.37757931797167643140 1.26100719792197057956
-0.59260555109421497733 -1.86400473149605794276 2.46218197503543212434
3.99532007333868843801 -1.01976790742824530156 -0.67341618375923495421
2.01396270013558353895 -1.54138728510500344626 -2.06309447961276504202
2.53395171096368798658 -2.49503450923626735047 -3.51571797648336303865
1.94519119084239999751 -0.67931385114754139209 1.07533165618409487507
1.96456607587173159857 1.92113033473922811822 -1.18304973646178668290
-3.03046879978447236681 4.53442853790371369627 -0.79666526977644558372
0.81106317109195735782 -3.34207701947868152104 -2.42078313177634862896
3.06643285022606804091 1.83525966461795331242 -0.97192944443537854227
-4.02175495822284201353 2.26635541590683775581 -1.84042333905230659497
-3.18827439082273000892 0.96299540395434668483 1.26092959245356173170
-3.84890955557892278094 -1.46730924927772443667 -3.48977294699803453071
-0.18009247697735464300 4.22365755831300315748 -2.17006938025798223890
2.51264486045925572455 -3.05751470231444022474 2.31246421932396462040
1.18106617046809603266 -4.48532713364624058272 0.70803712568376830916
-1.01084042901571180550 -0.91397684015476610142 -2.18976435119743184643
-0.86903649210742495157 2.44156883056923224018 3.09428550061030183116
4.22026686817421659015 1.88628915075830239090 0.18383272392493665848
1.36817448386787621217 -2.81143304036924135403 3.22388594790549110058
-1.62810141467149716021 2.92342758101006428006 1.07610500775932838025
-3.83927843391792489314 3.46626863516426997336 2.36122649434399001223
1.08257284789033469963 -0.27331470346796127302 -2.97541131068283748462
1.68067611175003417401 -1.81923510377497343882 1.17888404812079095052
3.54108368763761749420 -3.34339179687178367217 4.23664622912396904297
-2.23333955416797191873 0.51801405515727605433 -0.54669306702056275071
-3.64237643076356576444 3.23585926941965329462 -0.20031313928052618678
-3.51924998576053260635 2.88854741235279899314 1.59393706824235348307
-1.56118979960179693478 0.79323351275464393240 1.38242690097486242706
-2.01254834945263283430 2.77006279464134053114 -1.25744669905211559069
-1.43361312427163856142 1.80054493120345426860 -3.42370079603268484547
4.16382912572408425689 -1.44909815464787383732 -3.86700378993249049842
1.95598830089106101582 0.91245604179450712223 -2.51706301678272348354
1.24649823650707336498 -0.68072347746677852598 3.26417227115422203809
-3.28444794169762488423 -0.07348816027590299171 1.81695520891536066443
0.93501416501637990564 -0.83211879340209637945 -1.98295706296570140026
3.57594718437283543011 -3.58557185255356936082 -1.44797997350988794096
-2.17172566794129684453 -1.10741246502845047672 4.44485361547094992574
-4.20797777966710295772 1.46624871055804728570 -2.68560653976869412318
-0.01594731010400529669 -0.17667732181156470261 -3.17105828769134134859
0.65725761902404489234 -4.19502326633960098690 3.21912650397614985565
-3.20864297803049280944 -1.04092656124191584865 0.42595661991778310806
-0.94682442398151955842 1.63018084710066002430 -4.31497701795902788291
-3.20600565242065904670 3.64970857532535841727 3.65696679226969667553
-3.25132229699642172349 0.61486017929862235576 -3.07336307886176829385
2.61999133073110890280 1.31281683194363729683 -0.16564629915902173707
-1.23814460239587020851 0.61932794714743799602 -2.44773852590414842112
-2.46677401896809334048 -1.70057282346064564393 -3.00656350030300734133
-0.87782597698002895470 3.76026289532005986160 1.58420736823020114059
-2.32366032849107551073 1.58411715586160628533 1.80562835764872797739
4.07392408462651811618 2.78348883951332659592 -1.67772485646765323608
-0.60587067994465293452 1.52307294574432283696 1.38671214453742752681
3.37529924608538056674 4.15854669516777075700 3.99861083598141764384
2.23595698821872090889 -3.48832690834994130213 -0.53544394882821855219
-2.58894885487879333752 2.27150846446707443960 1.04240850323294420576
4.03536716302386810895 -1.36431580663994811431 2.92585781819643120372
-1.96325627175430472704 -2.82894892208464510119 3.61795953849269746883
-4.28197489272257225679 -1.46352586732322365037 2.12072449101753601752
-3.53674535452478266961 3.45006416819880801228 -3.97089513717602438092
-2.66074919975003387762 1.81975531351232167054 -0.50550492328562945943
-3.15024524253767213011 -2.68525080037293051305 0.09877823379773964518
2.41060008963713645613 0.82333290853466145620 2.31814374983111814998
2.46430515201296440608 -2.02831969730846362054 1.84853059894606275293
4.45300597561296651605 4.08834318056188639190 2.55988165441681125856
-0.15587627921132352071 1.05001181187230585579 -1.72714053993184935010
3.75760808376126309582 -0.83296436150390995579 0.39879242639136336379
1.30351475830427254721 2.82606643994871209458 1.84587739158499086756
1.31674588393258229502 3.48174046226982003560 -4.27685659145592111940
-1.65772146176867130052 3.90717538475975079137 -0.72634797040720044947
-0.29501954821459897005 -4.05123006272787122839 -2.89452349578423273613
1.53747994297024970223 2.68691586814699423513 -3.54232844598528284763
0.23845444435036444730 2.78469547047990317878 -3.34678075475815495210
-0.36283844716309321399 -3.11860191624042482061 -1.91479916993453880281
-1.23233261024529472394 2.61213036163008727186 -3.97390592029697709009
2.82790160201784335214 -2.50922765253343404979 0.56760719800497039245
3.30047499629010854250 4.19096926597731123110 2.84591661399550321931
-0.24254218169372787628 -1.64697544637873827256 -1.56511914979824728889
0.59026828753112425829 -2.53156528967198157787 -1.36777700401522972484
4.06754649173338922452 -2.94883329573927488454 -3.12315339305241268519
-3.32251498263841460457 2.80848520028007264671 3.05357515574202853514
-0.08425079254753953251 2.64738694749075609280 1.76519489804204177119
2.90911863502327605602 -2.56704401078173605200 -0.52782226466006676446
3.87461311267934416236 3.62821839187894301659 1.75767633774164355742
-2.52638792131169287458 2.81492594055275890952 0.04705470378655451924
-4.04379415851736556675 -1.53676506917399802177 4.53680049678786101452
-1.38084232516087279663 3.19024361877836959422 -2.06522340918257318876
2.53918370021373274170 -3.48377234158705562095 3.64098626285948778758
2.07346342658476867626 -1.97721561485525887392 0.08611410917544937149
4.32104514846445209031 -2.50933942261944586960 -4.18411146962778435210
0.28641261840693310603 -0.58743210925444122594 2.71106580121769180636
2.03664856943955907553 -3.49155693731619232167 0.80645096518345660286
-2.69795933578390201291 4.41628909904046818014 0.37721375685323810245
-3.97945235441905875717 -2.75412609197767288549 4.15126727802575334891
0.63195867644344705383 2.63994527818163771116 3.62567548901693026409
0.76437170464371639866 -3.36533995107403516300 2.47150916304294110404
-2.21665755382278817365 0.96809926079442121249 -3.01601216389728277179
-1.02903621896914643230 -3.41818842447690895980 -1.13902260705601188207
1.46277100634934242862 -0.16689569891928091039 -0.84528147841639977855
-1.59529551433037797281 1.86490620394844786034 1.09071454713644477863
-2.22254800417550679725 1.17212064810273819404 0.52513498249539036777
4.09560119067971495355 -0.83179149813712394135 3.74602307312544891005
0.21491433076292310034 4.30842305907213596328 1.54974061359650061576
-4.21853971264630356330 -3.70010469131521890773 0.94293414563991895250
-3.44022678913440582704 -2.14638383053551429214 1.95444287861178001009
-2.48219839216325555142 -1.61788557035698454811 3.57385709899802694878
2.82512855189915246257 -1.57658625098681604015 -1.29636985994920284071
-4.10887920058455158312 -2.02350576014030725247 0.80399006172634468470
-4.11986641405017106621 -2.55956085557198287361 2.63436481037864655974
0.39236107827066657450 -3.06759001495753302891 1.51743279319409563044
-3.96567079674213385232 4.28539122691241214369 1.63499936217517394255
-0.94372959115880306058 -2.79186944446527274266 -2.97604903206484472378
2.60507789022466784701 3.21873105827318628513 -0.65587473195798651204
-2.31035248341666221705 0.19017721994200531554 -2.22471313627084787967
4.05371511423479358172 0.10962442078469081252 -2.30965732997148398553


