42
-4.49167538334554183876 0.48951909195303855427 -1.43003221265197488776
-3.09199767436260142262 3.02489710124779609401 1.44600232136748640954
-1.89856288786639471056 1.77431071724625955000 -0.22560657050207844065
0.50292028607728855860 -3.73175731369609575694 4.22096805381403950008
-3.79439599857712250852 2.88086587603298305282 -2.11917414462000497366
1.95867203467995487642 -2.18267373282674226331 3.19015731057481932709
-0.68178206514014538797 0.04452834792398618902 2.55370979209842641211
0.28099800698737720239 -1.60903775323720132917 3.93720046722761640723
3.81426678578087940963 2.06189045869500997554 4.04420789645205669416
-0.23042051517832451424 1.46392131670772940311 -3.87244090002686069951
-3.60189046726192962922 1.24694592619807309575 -4.37573585408611709369
3.79184384287715214867 -3.45915520090925632246 -4.52101340533383488918
-0.07564359639320450412 -1.23971577315690106857 -0.08520274124286064676
0.48118457779892320758 1.09509800770782916857 4.37113701580679947511
2.06322585089786869617 4.09838074437268229389 1.14997829873998114181
4.51228391325589850425 3.04675260018694160635 3.09697088719174740135
2.82297247021856989591 4.12590397885760662433 -2.83277557594972240196
0.05192296854166666975 3.38392115810591498359 -2.14174109135992774000
2.63372664666624878294 -2.36992140495986580717 -3.08616773457616044851
3.10029385804461021792 4.22724350968156681319 1.43626582374588185331
-4.44369906897076027974 -0.98440574926314150517 -1.54454297239455939916
-2.77877837311438469214 3.19474291657716058523 -2.62847999068335269612
0.55055916703573082316 -2.28899690268698075002 3.13218936855157981114
2.68275498768176756670 -2.98527865752051946302 0.64233651771681010700
-2.71912726110389124656 -2.71646687594315716652 4.47711636176002425458
-2.60642205811810301341 2.90366914976483858624 -3.55291022822117952273
3.62640660881449061748 3.71761802556499798555 3.27865928709627230120
-3.13029033934993439203 1.14607267419010039333 3.30926032832110283977
0.19694443914389392347 1.06195553567209266532 -0.28241872449592886340
2.05181348639222083108 2.62211225428434246965 -1.59469696418970041663
2.96667965278922363126 2.90818748177736985383 -2.32866953151713484971
-1.78381667243689445712 -4.14689676891031844264 3.36256942590681529026
-2.07898585597442187023 1.36887585404479050766 -2.82263243856751300243
0.13894092810565084051 1.75383027351269049632 -2.73148972502608300417
3.09264499764272660087 4.03063339122042751939 -0.37850568718882104946
-2.43853846431962750785 4.32785038550647715994 -1.77461087521292881775
-2.75847364475822098839 -4.38040024031857910813 0.84014699416047111669
-1.35500905483162803478 0.86958431909068956145 -1.29559236801233979008
2.67695342937099756142 1.61788428397033090533 2.00995379872212165395
4.43407207260674507410 -1.52374394908315213826 -2.99878933953499604570
0.49906625849423313923 -0.43222060727142253000 1.02617359970922272794
2.76327214835753220967 -1.48317061641973957364 -2.50441085167108967724


