32
-4.28634311633495368454 3.91014390499683006652 0.48419677847991060560
-2.00627300755275861377 -2.70729538442983796998 -3.84336139363377160549
4.12519296818339764599 1.22686784369057821920 1.38941410519191688167
-1.21037841171562643439 2.32139822042804677693 3.14591935420019552794
-1.61279546962784303687 2.72800003243510413853 1.29808540745512512871
2.64434722149700629501 4.07982577510509525354 -1.54190349292782125090
-1.58307868380111704809 3.76859103808572459826 -1.70363708367666433219
3.32340995612445144758 2.02903374553159121518 4.39504336373456627740
-1.48985946422309112336 -1.22533666686743281105 2.36871138945347237126
3.60091441500938014286 2.29332573109383286436 2.98537549635616450416
-2.22055488347561613693 -4.30013065875931044246 3.63221434743494864250
1.67918753761813110970 0.51785550181189332619 -4.16661743544069640421
1.54116686463213081737 4.39123762018163166232 4.11119143115505902841
1.07067656155565060772 2.18420795646607057705 -1.10326009975481698078
-1.62985776752875777262 -2.21176419366884147166 -0.09633708778311778076
3.76822130154524881362 3.72739260582493781016 4.35417176977050868203
1.98292452573556765572 3.37708959239808503838 2.44308079617194362498
2.39383365951721227560 0.54444432784360063948 3.28403698727531345725
-4.16469849562944638421 -3.99144580839810991790 -0.17270782320812294586
-2.51786831686789902562 0.33741425393420509948 0.77722785537854210958
-0.14314155251964155724 -2.00243452709926295086 0.22074865815183564166
-3.79234641028883290303 2.04596058557282933776 -2.16863833322238219736
2.95876021319401782961 -3.54227033045340178319 0.41891779939255613385
-0.15558427476449576687 -4.28894871854282300205 1.93044883021546187507
-1.27406880237553288282 -4.14495973965919173310 2.43886586890086398682
2.49073372310876184343 -2.54704304536617831545 3.58421535759917109232
2.53225949175124664947 2.35492762642121267191 -1.28419233546535949131
-3.09171782250491489208 -4.21984330880373015304 1.15598181227028096174
2.46467284591058533039 0.82002340093004644217 -3.54341466063582410939
-1.77648878465533943682 2.27995762922353950586 -3.92464601194869677769
1.19767927764554293901 4.12348939113946055812 1.43418189334427381709
0.61568167439400145469 2.11744214009174047675 0.76608126586394309498


