351
2.22320133655733087608 -3.78121304610204322927 -3.83926869844605578308
-0.37408921577041009954 -1.51920496384181635818 4.38613171166413362556
-1.10841237385940472038 -4.34208298178094853625 3.31481342115754618050
-1.56841026705456432211 2.42403178226304216736 -2.35501320643597278348
1.93047013181816495830 -0.69191879325654870314 2.86458005268828408418
-2.76220450671292860889 4.19577918314654585430 -0.24081389310152090388
1.36983361460881791771 -4.01796619638914886963 -2.96517554273427563771
1.22867394094543680438 1.00550845914969944062 4.14792576169557403176
-1.67097897727411348612 1.09067888102250076798 2.03820896836660470086
-3.97348256724360648917 2.71004223933497101484 -2.74854593758046394925
-0.72180846122741204596 -3.65426732643477825135 0.98904219373985746699
0.52999335388841828376 2.43518408079415937806 -3.97891417297706562195
-1.01546025724278266011 3.14253159904535994684 3.72530259948745001708
-2.80430784234058716464 2.24141117723313598731 -2.48504449078241584914
-0.99342888729527345504 -1.50659803097397659855 2.42808204284405615425
-1.67336153456197145317 0.67856664513701137054 0.23419217512495382749
3.32943334337202134776 1.66347567374004245977 2.74703385840714364718
-0.71120516729467952999 -4.08716711548273270438 -2.90570657573277069119
4.28080646731284009121 -0.17296017871941327115 -0.40374349524044461646
4.44888638631463262385 0.99237539415311637470 3.80477174523480865531
1.93359179382542745174 4.21165618883862702404 -0.69281023803555719098
4.34932369401733343039 4.11884107392585629981 -1.95207123729275489055
-2.67039008159335944370 3.05998720231400067604 4.52172663708286659556
-2.94069418925481107507 -1.75110434588748375973 0.99786078119465493330
3.80035959606627127272 1.64301836938657963572 1.00108906226002591922
-4.26449426613461834989 2.97923303973935915678 1.92070193758351503988
1.30783097114142332629 -0.21287467592378117587 0.54428898431225114507
-0.70891066997633433999 4.25650180448091486340 0.37515892688225349616
2.41123953082007869142 4.39143120352833360442 -1.60107356605033235297
3.02808232528362974989 3.82078386770961220265 -3.77509493673241136591
4.26846777688194034539 3.55794975132437141241 1.12801406639172885349
-1.99404998566375191160 -0.62672941248488678312 -0.22270327664123357181
0.67842894562455136054 -2.96586234932994630142 3.67159704888550830759
2.03241275352566752588 3.35508676850432863148 -0.19542899917133649268
4.11439870163226739663 -4.15617029894845302351 3.65955504383385044065
3.47060132197076764982 3.80868994173861263874 0.35261071326618598221
3.43166507997292935528 -4.14794733976642326923 2.39330212161334987542
-0.36990725734040541539 -1.93320380298960259324 -1.19232087105836548346
3.43870499818395369829 4.41200746982965963383 4.23207087895803635291
4.01032933963710913616 4.36715906140517429179 -3.11340143605966623852
2.76318630874321069513 -1.47136980634906455734 -3.89436175779794080398
-1.15144191312782773196 -3.12297546893581889904 -4.37926989392569332438
0.01852374896342556809 0.85339607569315756308 2.77124274180330143480
-3.06426060503760755438 2.58535854241081697324 3.04284234753047755362
0.21684507659516416567 0.63610474648457149272 3.79708208951767911543
0.94167564791231050947 -1.39817155934732939571 -3.14085462089788380879
-1.03612223596906316558 2.95044977169481992263 2.04574507295475171986
2.36932345994993731608 -4.29538696235107231303 2.77624364718908633876
-2.30967633405591632467 -4.45995149358869547029 -1.24064062246181450178
-4.27155423098274766858 -3.33665725914922228768 -1.99899061351091145156
-1.35144122956667622759 -1.92201926053953409124 -3.22401988529867811195
-2.00887081584702498205 -1.92727411663468028991 0.69951201921403072248
-2.76992285368545498869 3.46500252777316486430 -2.61198379841755023989
-4.36837704992912367885 -1.61361821925844894920 -4.20827565744775711210
2.34456060737399507587 1.51879859188982990759 1.29909855748353386673
1.42784047213157894163 -0.68324147919925426464 -1.83477714029376937077
2.35700450498482982908 -0.54918194127473540789 1.35189136090868711193
-3.46106468550180901289 -2.75046236207792249573 -1.23514655898257430522
2.03631825380001618697 3.15656818212466028228 -3.74575559081896658498
3.22054832215061459522 0.03111480056036786124 -2.95872583767007313327
4.39416446667431426221 0.78447071365563658674 -0.70085337694186700119
4.16974356591496597702 0.55350452759650092815 -1.82504273920957871269
-2.30411042419218459187 1.93571417060149997269 -0.00230974196226174655
-2.90256711982676396389 1.14989125974104577921 -3.61578100915426103867
-2.97072986808329719821 4.46158331626542459247 -4.36950192951227212035
-1.69329960274902679984 -2.96467766363055851286 -0.01137986424358938820
-2.98416483607252347454 -1.53784273104534197074 -3.31797838672547351635
0.74877399799134725100 -0.35375476383457193919 -2.66390408131647760115
-1.47170782253332799172 -4.06624649876055332953 2.00409503362586516317
1.71577501354295414160 0.44797528768664562904 -0.50256363166433359879
2.23101521140994574210 0.31362938931743133963 0.73178083065694909948
-2.42912085542919475856 -0.11998243602273195307 2.81523464473888029858
2.90381209954574348586 -4.17474810237090299125 -0.04382706454905704874
-4.40276195347262788715 0.22227490164450536270 -3.80236736549569709354
-2.87625456600848705691 2.52438259533818953884 -1.33307896522045155052
2.67458315276358060686 -2.62486979805839837354 1.66409965954282146328
1.30582812639422574108 -4.09339192073988034082 0.20859515953885043871
-2.87393972093593008665 2.76968310421484975592 -3.44497409251101061045
2.34728078909760196069 -1.13315720017117582685 3.90642878055089592948
3.20894863392560125703 -1.66532280560699019745 0.73453173241784686098
-2.94247410748687432402 -2.36054741800768042026 -4.00264699294592318779
0.72375393908929730458 1.42492212895716008347 -2.34751086982851964180
-1.06548182241525424274 -0.96209545488166270388 -0.69945906234155597048
-1.24750988352349345689 1.42891742484736816721 3.23194897766644828607
0.28942243911597298478 0.06776093120987969343 -0.56151333719994278582
-2.09471360992365651654 -2.85704750594688228205 -3.35457729355828604412
1.79067450528553528954 3.09776458241039698294 4.13703767238000974515
0.12493176888629076160 3.03273798553424978053 -3.19797261326661752534
0.25577187050369598609 -3.41349683205497456129 -3.87274215423477485842
-1.30253204698856484001 2.07444431270030715808 -0.80376578522377783997
1.36084188427282715139 -0.06927655560828060999 -3.52421672184445133880
-2.37148208757102851862 2.04196823936740301519 -3.96508807698906151629
2.61865727190225339172 -2.40744234930601130884 -1.75579569638878485449
-3.52612537044297980060 3.88275347318587105150 2.08100802885894342609
3.45869453295197182285 2.36362378953004093063 -2.50808398796459286473
1.19030046167945435798 -4.18051687071700861509 -1.75767386685274384917
3.34502378351363294229 -0.06766365663482876158 -4.09317179345856985151
0.75446177889322640908 4.23632789917772623056 -0.56603344699736934942
1.30253393755807689303 -3.01693897433335278535 -2.12054720211033931321
-0.07022154898776911125 -3.28125650286442427372 -1.91213673194639088848
0.30909565616647327602 -3.98444166776080832548 1.13073921723858905608
-1.75024545991391056177 -1.28686781885885315191 1.48446588893610975646
0.19909699083055087954 3.94918380332830398771 1.23393719660676737249
4.01013473349888993624 3.03190909089819360389 -2.93225086205689366992
-1.25626988514672977004 3.86810341961438286518 -0.79181426291394485517
2.43649597238471482541 3.05644820989024434965 -2.84932935079265492462
2.25052762298983122236 -3.44837184966725640578 -2.45471648800396957668
3.13878773091945451057 2.78820544093959998833 3.50152906670210750661
-1.77406440295912126714 0.39045343808032395572 -4.50335791117979145071
2.65672785839026648347 2.18221377758550971748 -0.41770294854246703409
-1.57969726495492235330 0.99292867051450350857 -1.08571933735713388458
-1.54069387454921891134 1.43206046822528509921 -3.06376496661803798816
2.56620960407211473608 1.50581794017708947564 3.97103479691806082741
-1.62445111441119394158 -0.51108699159045567484 -2.46832764393018067040
4.29486611773312088047 3.60024282624596647651 3.87737150719484358063
0.67009639333989312604 1.80372599744672523769 0.45707036009784651753
2.11928020777317893675 -2.24680415954926093747 -4.42638805047507144508
-2.22125110336572983982 4.37410795640756244751 2.31740013973181202545
0.35135211324981518999 -1.53968137815055028383 1.77593720079977046566
-3.58177751531040877708 -0.26956343461837395381 4.35871687438531463243
0.76077195473919978497 3.49864489421182600637 -4.16948274082538627994
2.22775054439886588398 -3.12381931011606628346 0.90002920287077792239
-0.20115052237838870752 0.08383244796036048996 -3.27156480290714535286
3.23538640225633145064 -4.23546658750825422146 -3.84403475340257516635
-0.68301757454775380296 3.06969492564028278991 -1.24742221872726233300
3.15573970765729594490 0.96107466985563760886 1.83483456418484003336
2.34830469868750757456 -0.82638974751873117697 -0.81167553959421656629
1.14331790667486732360 -2.86664219135229503266 1.75852598280758964933
0.80108309466203220239 0.44271790436802227475 -1.39763469091808456568
0.90706152576405774113 4.48011154368099884238 -3.70899209803695040222
-1.99815608909554232042 -2.40855019335361708599 1.99678495231165786805
1.68321518066387376678 2.28737321267874893493 -2.54670040520070939394
-3.21042513716671740198 -2.21451427797713851220 -2.46314347300869762591
-3.83600068555621342981 1.14419040214038947312 -4.04258123099181965188
3.08252852008097111280 3.19851730903567599285 1.95076237501629012883
4.11526197796574688681 3.73870865384361561468 -3.99720348122606328189
-4.30112828236180266828 -4.09103149219599160347 -2.72706177752126954772
-1.68344590856497111631 -1.67059234358033581458 3.52240626753302965568
-0.57718685255780943777 3.25383450521927830579 0.95747746915082831975
-3.99698101952199369435 -1.85330039996075424114 0.03438136355142695777
3.24314331699835189937 0.34150289181069837241 0.23831204530157723553
1.25161293186443511871 0.88681735525315819046 0.53383856269411111839
1.77326983464393084233 3.84958265746994943157 -2.04162483047508436229
0.19876520009225817631 3.30623007241289368352 3.42839337463075111145
4.08588105688286962192 -0.65120161606477733329 -3.40042283145278734224
-3.03959028363070071777 -1.70164330983564537902 4.16634545594610283814
-0.21618428192217375994 3.49458459461081982766 4.41292883947744396522
-1.37538412616659488918 3.21157142269161788306 0.10593607664810988922
3.67129075127327109129 0.08278403960583968768 1.94961716496712700319
-0.50362717654083066776 -1.10268450760586222970 -3.46131263199829142252
2.81277585558416287626 0.55429446560877781991 -2.16710856179235289432
2.68322882816798991001 1.36828732962133603479 0.24321751069927799449
-4.35437471723112867750 0.78651355263477373825 2.65671160765564717821
-0.05077658266218953997 -2.90571015276989141896 -0.67475321233135687748
-3.47127074604397822810 1.10548740059587036200 1.63672103530301082941
-2.48709437560730250993 -0.28233380424710396994 -3.10104169613880387146
-2.75064159152733811453 -0.83146652204076909598 -2.06062178274971330438
-1.04080917695130192868 -1.69703491531875005904 -2.21052532018535874414
-3.34466117536812479472 -4.20855671461265679056 3.68962812558207797764
3.36390921269998255383 3.15579220721160869090 4.53062509442614658184
3.43949012450622415571 -4.39817879663374622368 -2.18010222166573353064
-0.84376751415896666941 1.89052666092277732446 0.12333254770052182181
-1.86500125354449286519 -1.86993709910559147147 -4.18519447082070339405
0.45727521828246864288 -4.33902550545953502592 -2.73187990311690853673
-1.34026849399014702513 -1.11587104120109836813 4.31351610582360134316
-3.15137636152180045102 -3.97577501126381704921 -1.44022583900133138712
-3.78628566101345809258 -4.48830056857995352004 1.11148534664012377249
3.98540297663275477902 2.78223280682095808203 2.85754234800428275065
2.20537715531633349286 2.23205575253134558267 -4.20852828586221505702
-3.30969262116691309572 3.26460272873428181128 0.58668521878645751855
-0.10385826862104874380 3.26462235743218176509 2.48033302801531174708
0.26210982592607479091 -3.03852767364347320367 0.64825102372278475826
-4.08308200570708734745 3.14712592623075160247 -0.53727855180453865103
1.72936322042324253090 1.66972619807981814688 -0.15279064160229438585
-3.82980234772577876612 2.99003079417775285975 4.06884569511188498581
-3.67809735198673015688 1.88742900701467153368 -1.98855330886648928868
-1.15855525104244794221 4.03186301946060776658 1.88767874647081157491
0.59628420470159237965 2.33613058272037754648 -1.78726234163311570313
-2.85564388669249780150 3.66732792182538513970 3.33882718896388563934
-3.07967910700107383448 2.09568805011062497812 4.47004280747345017488
-1.95870723067723506716 -4.39458877337517872519 0.88682240623349173347
-0.39197481427886771144 1.92656386348679742326 -3.05368665854291565509
1.44051228655338547924 2.15160162680049094064 3.89910596389188679467
2.22580759334429334473 -4.28044541663167521506 0.78457577282704882293
-2.03204073879869984154 1.49409849401159444682 3.91911832392179437790
-2.16987447683281420296 -0.54558045833688240123 3.89852259508803822285
-2.19667363224847678183 2.68922093394758388030 3.52833320775698222604
-0.81161463047177750951 1.96597778770953013350 1.35409314179706452563
-0.14690675511037021295 4.05783429949527185698 -3.70020406296399206880
-1.14832203743339444912 0.10766257981004923039 -1.20491763918769390074
1.59231240231859327849 2.39315020001254996629 0.77495741312553256819
-3.80896526142728086839 0.56499776798564749214 -2.57520528187909603091
2.17715760339913888544 2.67898505160591948737 1.65722701849789721962
1.77300721367624092295 -1.12811270994562473646 -3.62951880341637300731
-3.65968097914050183306 -0.47991444168413721627 -2.32763209511838864429
3.23427590320428226534 3.71989836641130633410 -2.64255102395005669891
1.64227983066886107366 4.18635953188850695739 -4.50744487616582301115
4.29702168127923567198 1.92398002529581901854 -3.63104058418751707293
0.77008736000581468062 2.69373836795792875876 1.87001162551329880301
0.37921768164496061360 -1.16122400644640588752 -1.21185837426034836994
-0.84043216503811368767 -2.43042204098117142763 1.06217767224868619991
-2.26498689306204648020 -2.50547062818902288583 -1.45278505983778227773
-3.12603145091370038244 -4.09787792909584425161 -3.20583365538998421584
1.40825911954263283121 -3.83290050289482042700 -0.83634835467757095984
-2.77488541468945992818 2.06891151238108950139 1.88361468750795157945
-1.94191592801453172257 -3.93109163913159243009 -3.45421860360312393823
2.88508434031405247566 -0.31401987761556870993 -1.59669781150451717266
-4.01482532642593792360 1.89027782495416918351 2.29415636506573239473
1.30108707861738270850 -0.25995107662410354976 4.43090095781139492459
2.05782851948282541343 0.39996434018437021507 2.03970460610325776685
3.36767519243352264624 -0.77585527780220298055 -0.82172701731738229114
-0.51498426898309546118 2.79821403563942983084 -2.26190121327673843155
1.62751617088542221978 -2.36950332970182708792 -3.45828811767543520261
0.47484124830844987031 -1.98916658596203177467 0.50316130874973907794
4.15151849745322021334 0.63063211250928397078 1.13571729621349959416
3.10359585937942306089 -1.41611642250317837366 1.76310311947645725894
-2.10717062940886723510 -1.69674160346347058237 -2.47743120049831011542
-1.98439524987847848436 3.28793167877032033175 1.46523025033982623455
-4.35524516897309688090 -3.23404729892508768785 1.24313537831169806935
-0.09365015263962117587 -1.58394970338938900767 -2.18228642698815411549
-3.34264396524021645263 3.64252238696978825061 -3.92379974695117450523
-3.94090736916706863013 4.17340440037158888487 2.96545579066796793910
-2.97721224283827634594 0.71669471536974960202 4.23940297134312427119
-2.10379188903201219674 -2.15762527865746411848 -0.53203572721631253728
1.33746393099669536042 -3.82533036445427265804 1.38205411372390152280
2.64203641716043424736 3.78363332278165120925 3.86764907194405171964
-4.07942684053536996913 3.66309267371446889427 -2.97464749398746475251
2.70211803484856627477 1.44563668046766657937 -2.59576164509466700281
3.47716590317487206363 -1.84711620235205220553 -1.53943759485240239115
-4.11465481479667172238 -2.78248107898552277106 -4.46670948794803912563
-3.80155570239759788009 -1.18942576906973185302 3.55480632152057740569
1.31747993939418694964 -2.80796092133364627585 -4.39996010547139970726
1.02600776814650718194 2.31632482551034524221 -0.46722375119576842195
1.48772977451932941761 -2.16535448894059312508 -1.35481212139874251932
0.21656078335810668989 2.63109105726362990652 0.92675200709341254424
1.13794324682289005324 -1.75738394910970630036 3.03525039608482227749
-3.91440320877855896242 0.05858306649546651812 -1.33279380620375897948
1.24712902411204051845 3.23819087751596601521 3.20450694667832980400
0.31924787528487996724 -3.12886404477813817593 -2.76746794139879526142
3.19438017298426846224 1.09133791772247068508 -3.53184806180777588480
2.82832398212297864148 -2.38948435217821986143 -3.20135896164816546872
-3.12728007727025403284 3.53302192235117029639 -1.58812890436281861639
-2.67099194933879990899 -3.66246311818092262769 -0.49820115325454583655
-3.33361961948054918992 0.45830768204810201638 0.82998615035619760505
-0.00418419090716781739 -0.88824668225042557879 3.63446931707178233495
2.19765905379787707119 -1.97576201121690875340 0.72750008457437598253
-1.09017537939487496601 -3.25000922363687250183 -1.83816994802504884987
-0.58436960395502879351 1.25083824632009044109 4.30188594924724920787
-4.42139026847149008148 -2.90915232480745178378 -3.18065789165681644945
-0.57615419608147888653 -2.53067399199672005139 3.90592543521939372653
-3.78204030217745890141 2.35250915834967333495 -3.76506296611844692990
-3.93327429596276312296 -0.62975076568280341505 0.52433370507853904741
0.30438462756275175281 0.17402848600406972679 1.20106419728521096602
3.88756980048095091007 -2.39568923368538655438 -2.54256178947890099096
-3.75020086217423553876 1.48641308959508489096 -2.98099470698836821470
3.31790338587666600034 -3.21716606493431456215 -2.28203106042798786746
2.14241324457167703343 3.46733462261640479340 2.75414953660413353020
2.39282209202976847706 -1.96514527414649009529 -0.63027523247251249217
-2.70534423804869961216 -1.31292295812326287319 0.03434597293892593939
-3.76712277510503490419 -1.71507931538056723753 -1.45158034184510142950
-3.39970037204940256359 -3.07816597541863856691 -3.36704272931639048139
-4.18214361702086812045 4.53543853561491072668 4.36060596189623783658
4.41752175260837898207 -2.44057375590910119456 -1.58643735703779187318
0.26002577287013917129 2.03836068972130846078 2.66265573844420178062
-3.92980221819258357385 2.39472399372084598923 0.68625952852689131589
3.91909421532405044530 -2.38807673949757903742 -3.84111779772233363772
-4.08153781211753674540 0.07266603651992298296 1.62556601028484415394
-0.12820333396983851770 -1.43530063539032681774 -0.33175870132003026924
4.49580173813723060761 4.43507551927743026710 1.74085675824953334256
3.24243829114014747717 2.45591169189565494690 -3.56080140505769637826
-1.30062855544734468083 2.25180737392509655592 4.24641882017744531908
4.19193229955049329050 -3.80977426043432032543 -3.94412339694806801660
1.25926896410729138864 -0.71007818215534213024 1.45752032084897464870
3.31430667858040539642 -4.49461416102831901043 1.02782190521780858461
1.75024392727376731926 2.85701856568392908997 -1.23326827836812302763
1.92888499754631403960 -1.86975383054508093039 1.91230605006261011880
2.42984955294614923815 0.31255924116785838152 3.52444466354484564619
-0.25086675366301047774 4.43501986962162231265 2.10590857116223251211
-0.33191479830215353530 3.87350542923802354522 -2.33072183457781534344
-2.59342495693038577187 -3.02656571257456130652 3.94728747653536604645
3.90139114172271828096 2.37861969228770941953 1.79092051295154863766
3.36801495532973138580 3.21031298498362982485 -1.06740022061417949573
2.29684005648020406198 1.57183587410953773400 2.52249200528244355013
-4.40221482353745319216 1.62092265509483102193 -1.35402231771701320184
2.24846461988582291269 0.64451070584708514133 -3.14193434730771326002
-1.41678056121476458884 -4.08639290647080777319 -0.55133555266283496010
0.20875367246197562565 -3.99645188767349202053 0.05554633659685137559
4.35115089592592507728 -4.01459485558807749328 0.75908611687589466754
-0.88903026474288626702 0.11558361616151735518 4.09656819507290403948
2.44490141092134738443 -1.60130752428244704788 -2.65167532073223188860
1.01340486273882124379 3.72432835694928154879 0.54874553793063451934
3.65612020673526938452 3.87340613054409654836 2.78159696229754160868
-1.12061537903467289823 2.74464670637906937856 -3.91451523369891507542
-1.06340935063578090336 -2.77871562379688885613 -0.80917896208478534703
-1.99159830601245602111 1.94447526699970651975 -1.51059143956870789438
-2.28608403489760769745 3.64216435456861287179 0.50686591028100114187
1.98032675552117520823 3.50068274221228659115 0.86074160108192110386
-0.83139361737930039808 1.89742695408170281013 -1.97578239841311464886
-2.05612427424436328138 -1.10506561903250855039 -3.50721488865575548033
2.17349192190833306881 -1.83284696858479811965 3.01831370284070121812
3.80604630736957449955 -2.17760774135137724627 1.63147603749586167510
-1.80308096460573130670 -1.46926233554678020710 -1.39780913377242699269
-3.01231453529493897747 -2.28282917992646217087 0.15803846081127748135
-2.83759735528104251046 -4.53530140350946808780 -2.26187348728570336576
4.26466633461380251191 -3.31186463279554033079 2.27197465070753690242
-2.76126581443139329508 1.35261725428116008629 -1.01199556164051518437
0.61733026576629512761 -0.52316641651855722017 2.41954417450777636844
1.19399251280901363970 3.30245744639847682578 -2.93473030558293501713
-2.09587108060094529094 3.33113490755524122022 -3.42117867801038633147
-4.00936857330870743965 2.98771907332016173342 2.97750776124492677610
0.14455283963582132856 1.86181918490117137566 1.67784936628752578969
-0.17660898267474678391 3.59447560486579131833 -0.22788588521144959032
-1.75204944764442860361 -0.46525492826351744213 0.80664075699870618763
1.35714243566627157378 4.23953252553178838724 2.82472711616450045113
-2.32013378528614122587 -3.18912524718659939893 1.02949368147601649781
-0.10825859049678232537 -3.09385631942342120837 2.91156293778143293594
-1.88646483798243558283 3.86632551024095239001 -2.14290809384093972056
-2.98310073610237047603 -2.89332991216680301960 1.80181111183417197452
1.35096636494086475011 -1.39499985908772483612 0.54025238726436786152
-3.48733360514336343527 0.26465373374238776449 3.40776933621407707165
-2.53619200765308061563 1.20331849975785321050 -2.46132712626145266910
2.70587160210747423861 4.24525998850314589816 1.85421544621225820038
2.03576405979250107947 1.70711797389948394255 -1.22825924660799534749
-1.98712070417580610737 2.88126655254514307813 -0.98841647493843698413
-0.27572044553177921244 -2.53954697144636654116 -3.89054840032400406358
3.77845872416748651546 0.88065023643832684996 -4.41013121414425857125
2.72951899155618171733 -4.41088601114414302629 -3.01498214549086940295
3.42207589295941883023 1.44215642685392442246 -1.82026533652735889035
-0.93736203822759645021 -0.54013760814522626674 0.23950314822547102978
3.86325283270393082802 2.27285511365164527575 -4.49391063035598570252
0.31764518569721467145 0.75159295936822179129 -3.92866078202151536303
-2.14578020718066309058 -3.72578027492815744282 -2.24262061567820003560
-3.75025645389778805594 1.32997368006627159076 0.51466321819688154449
-0.32854779501653297302 4.16936697327766747634 3.36211524167843034405
-0.11602784344802508087 0.85942222945729707106 -2.09968145836407016347
-1.43855269026839538427 0.58636777306547394062 -2.24127605649061178994
-0.76705195832691508429 -2.12281662297898998659 0.13878111030256512493
4.10642761369402098381 2.49997031859193530323 -1.42943877917023698387
3.45252813265250679819 0.68344780710646269029 3.07096665374279620409
-1.07649999369574267405 0.39103920964566274421 -3.59217528798283725067
2.44911122010497894763 -3.45704799024656539430 -0.92514125666177893237
3.62343661712612163939 -3.22766897135973662714 -3.29536658707239205057
2.18718680118112374089 -0.59010062118133932429 0.14728905361221134029
-3.66128310425444380982 0.71676234585124287690 -0.51314814639953620912
4.29942470429129652842 1.55213340920788045452 -2.39014664668380261148
2.07201618186586866699 -0.52546664479193339048 -2.77788236202590876900
-2.86214628063789522372 0.04168511919413653288 -1.60368844655341602490
2.00821006983071637109 -3.36866548439194302134 2.15285749159053008128
1.03044872201981707605 -3.57794353690332078699 2.53298728042145437911
3.67856600460695215560 1.80528635849619245590 -0.61594533859077849058
-1.91716103540066962196 -4.27963086504767264984 4.46985193151575099790


