299
-0.72104273220483605655 -2.02780930857309460436 3.99912725759152731797
-2.69504497055512670656 -2.89552550645005180030 -3.28483011650809997306
-3.30974219982467099399 -1.54306259802264733594 0.93428314847917892649
-2.78678440354202860973 3.27116629204330777725 4.37096018372858186041
-3.82159005450460620423 -3.46449629840408634962 -4.40329189582538571557
2.44965579994915838569 -4.30892607312701692024 -1.41213699888480359590
4.22255509882345680950 2.95316881138674425245 0.37699957256191840571
1.96595289733426259460 -2.15882922373226371349 1.61968121176400092764
2.49744455678343069138 -0.83320106498077795010 0.61610440006400857271
0.87354010343353394319 0.19688930853400865573 -1.76895898021902242547
-4.04298979030139982171 0.91542707558523073175 -1.05593878071095614857
-0.45058199467603454735 3.54108643647179466285 1.25998118273078052454
-3.15258367506303605055 -4.14405449817681148517 3.62679603268086925283
2.02282123531064073063 -3.54283524856578413420 2.05499049606519523792
1.24484833362057845108 -0.34990576817760921102 -3.27254341848237118029
-4.26261120838717122439 1.89294017690850324698 3.97149879305611275271
3.33826351973399759743 2.01869118543169800972 2.75383453090918006723
-0.70734689187474364402 4.01947841914979075995 2.94248478247011036046
-1.65580979531069161226 4.12371776768368913935 1.56331523472395428342
0.41219951626585249471 4.14689250350316651605 4.15617273312928059426
-3.84455234522827948851 -2.53599621038518474592 2.49866066256658658773
-1.27134151485711566210 -0.69627663228032510290 -3.62281485027153760115
3.07454536871861616731 3.97887476898817293858 -3.53654874525081908132
4.04729255131181009375 2.33887061597886347641 -1.94741600587951690926
-0.79063315704633474468 0.51725458337757412863 -4.09081612794898674679
2.00225539374871619458 -1.34660733474188498704 4.15797644973778357524
-4.25454610565152258062 1.74380477921113818951 -1.64189276502721970274
1.03946033542730376098 1.39803222513907332569 0.74003679482094941733
2.76541354506508429978 3.00972563785428093297 1.03564684889510427723
2.00207862618953225109 4.10683044196249991131 -0.04360637399488975774
3.92276537904000388579 4.04045751389419738331 0.88264316360828409813
-2.51933300167747731280 2.34087980507429360699 3.00120148628319949324
-2.32544988087259918430 0.62468242335381951591 -2.00587298509065137253
4.01903760986175218051 -3.61479337626290186947 2.88766209555640696038
4.48124922000464120941 2.76339702825862243429 2.50827446102663209615
-4.21435118934040886529 3.72354574916036806798 -2.42051728604808857881
-1.05395613741839300204 1.91746489553552645901 -1.79945340980081081028
0.37726872548118262074 -2.19452244736597457120 3.80875979492068150734
1.80660993579729822756 1.58552364672195000850 -0.09521732529356530250
-3.47933621785215052569 1.68295694194752254447 -0.79216902247888976163
0.50419906714708151441 1.14137457303174016943 -0.66974267474211224282
-2.67210670712105979874 -4.19443162228022270455 -1.33823640212615657674
-4.44577491244588429709 1.66320801783984961730 2.49708525606368869632
-0.14539234789426647154 -0.67488031224597300195 -2.37372728592708970297
2.89176482605322160424 1.43807091757374561070 -0.23932936259052883798
1.29082155294919775912 -2.63916259749516779465 0.26627891355194410750
4.16701294272872591051 -1.92012901709124950145 -1.00996297124938472223
2.03870922222579409322 -0.57178363504126217265 -0.46687992605809292002
-3.10156250385758447408 -2.18525224668925632798 4.17856176509924903684
0.72146819776018222825 4.23562073637891867151 2.59494520761945057785
-4.20873872163608719887 -4.23590007313517169507 0.58925670466998258945
-0.38186881600856192875 -3.59704681769178025164 -0.18826482599403782103
3.13857286884943587069 -0.33398337671277023020 1.18776425782131500597
3.93758867061181216940 1.77388347228649134735 -0.04821993944340174920
2.98222407424521396280 -2.31551342059264575468 3.88692854681195054667
1.88683744012186505046 -3.48986725935216623995 3.11451504372388932040
-1.46314424275589249902 -1.09858019461381584136 0.72744316700172717560
-0.12511986314635770157 -2.88931598823183222180 0.58123796219591117307
-0.26857206345230988376 3.09485833053362835443 -3.08568173878132601118
-4.08535937312561170387 2.45249242437350734036 -2.85854336195474889593
-3.11616323296243535879 2.56442299425900976928 -3.18044787875077306083
-0.21821014185016185394 0.19867592656206589652 4.08882509844047969949
-4.00216723320216161142 -3.81276060448299736194 3.08756628429834467653
-0.69604994521013274777 -0.05862374822791505125 -3.10228016973643905274
-1.76803648726440876260 2.49867285582294851309 0.27868349638498379761
3.25698916247426328852 0.53795660086845753511 -3.30726849018876212227
1.73479732631062422143 -2.44709512419255670324 -2.03048469773304818276
-3.04730361132748228670 4.51988965422060307020 -2.43937248184926191996
3.44649959505547176519 -4.21070708555894679392 4.37853367184135233714
3.36516804521493373414 1.77076509468554377236 -2.44091976360785301026
3.51605511156115024818 1.39561422693658609973 -1.36918343306873646625
-1.51173891677566807346 -4.50464115812108101267 0.52123257621863317013
1.63881225526561546957 -1.48391988499199101170 0.31623433319146965204
1.66724481883481079336 -4.00328574618183186118 -2.47794951705905264205
-2.26260671883633568413 1.05291729494534980205 4.53522548632311117700
-3.96391575285757635783 -2.85970492038992096795 3.63991934838505937222
-2.31047995153494856169 -0.09371799390624246939 2.27129189753931814977
-1.32507154051488917901 2.47318361724294977222 -2.88879918601098406583
3.27633528111382243964 -0.77561340398691935860 -2.56069582799657302630
2.28903163188350955437 -3.55200089453412592988 4.12002869908163926738
-2.33992388774781012728 2.50126455558301596938 -2.48903602538933954591
2.10571689722132493472 3.17341301284765542334 2.36334312966775250686
-1.28454658065573035230 -3.89150296044181498445 -0.89396547899998779485
-4.06942595798080919423 2.80182966538881483842 3.47251934913322823917
-3.84434350948831848882 3.28250125453585095414 -4.39824167172428026618
3.52447543509236549397 -4.15025353315950251698 -3.61874894922481127324
-0.06782998923384475631 -2.17453966137657639379 2.47093576382279156434
2.19815710050005108656 2.72443462772439826125 -3.40071970795806199916
3.40450258006159423019 0.28720096429578045871 4.11334417576268673855
-2.08813976227486230997 1.83230109105351690602 1.96285471028924440873
-1.06948657092443832894 -1.47125756021637510429 2.71634816517403354652
2.88162354406871035195 -0.49816647777464417857 2.34035838882171542963
-3.70838515771268983912 1.50911598527491985777 0.43442033670823310132
-4.08855968158937788104 -0.32688071900273207859 2.04421325744308735040
0.31732515685675188877 -0.61710544071907236230 -4.07587834262125170426
-2.03933925465850052205 -1.41185178989341064693 2.40088535136136815851
-4.42556662247301346724 0.78205049035258067391 1.98364287508515513281
1.78442531751004995755 2.91119893697789589027 0.24349613531600944327
-4.42051583300931838494 2.88329577117307689349 1.26840237526477839225
3.61502209153541276265 1.18477159122461639384 2.05041344096575617328
1.72652659979282407932 -3.62968255109570447914 -0.45944836551664369750
-0.10171918165614446394 1.53582398053990143438 0.39691149656389068667
-0.09556688166678117824 2.91780597306286271220 2.38388210646217668653
-3.68514872145294303252 -3.70706782308440052631 1.98756345619029861638
1.23315269279815797887 3.07539299050012449044 -1.22364114644373067620
-3.99654943186986866266 -2.44962388480537285318 -4.28978803332285085759
2.92139972366369882195 -2.35999006058722970991 -3.89355549500923414641
-3.33940590707430384754 -2.14042433080897920306 -1.54489366698291608060
2.21184716075891163456 -1.94043173719127715060 2.97454192367837055855
1.29967263919184627952 -4.12599379317991488136 0.30747120369547253915
4.13846809796871450970 2.46578983203595836216 -3.90720965265636666075
-0.33844488680385698132 0.26113518969096727318 0.57089426620280914193
2.07776317313552549848 0.37120002566897625229 -3.21530018574465570325
0.31909190578528612292 -1.12363975425979623068 4.03976598165745581781
2.95672315663313955980 -3.25859563650669503687 2.74615357002608195813
2.92262397641524707126 -3.28713492067392998308 -1.49757995352062511785
-2.71941081902624626210 4.45894484228972576290 1.47372120077586643561
-2.62454137033588263961 -2.07580659984908200144 -2.50206296192424471059
0.21075842940219935429 2.11747200532330026590 3.51127914096386373188
3.39681276739854354219 -2.34114993427911599611 2.92917412361885798333
-1.60757999973123766324 -0.44004462187433102116 -0.20236103037752872780
-1.50653786632006081447 1.51826169095919816243 0.74149754852464599963
3.33342100885808800825 -0.79705589298907231210 3.57948104164130587179
3.11961725614195017897 2.87488603353233518334 -1.69870114897900359452
0.81607972737040768152 2.28510427951418737536 0.13536054810994357922
-0.14970435254915770429 -4.25463171789261007660 3.55575997893578854558
-4.26889490247267122669 -1.26507400994251684168 4.05030814311617515244
4.16395721457412104627 -3.45400946509642592375 -1.79246102160572018391
-1.01723145735489106656 -2.11836800387344936780 -0.95124365016212664159
1.19356226232399986742 1.09218605465627316420 -1.47450209671680410040
3.12625791074215975129 -2.20149488441509610936 -1.69460728603004628923
1.76646110673535439162 -4.44591046361661135222 3.87318491143504584073
0.57250360766125574230 -0.23958929235947223901 1.78017318287460479809
-4.37437803419179704889 -1.31757375004735521884 -1.53987691931859149719
-0.55845618267169161442 -4.44343744164099607730 -4.00863151847091181423
-3.05254064092125609875 4.21858833797834886781 -4.27553336332187772229
2.63194445824018519176 -4.18626426254977079822 3.25617779314604671725
0.51681935553967317531 0.63427199291032465567 -4.19540313983842949597
-3.56087628274889800295 1.04465534175900032210 -2.52787603518447001605
2.91699446517359017861 -2.11341963117777975611 1.81806127513390425321
-0.63702335898234263567 0.50559848652736150143 3.05355604662552693185
-1.07578409014760456586 -0.15113979530695065279 1.24471582391070434426
2.14640259961923529630 4.11995681436029048683 -2.21780169646175417952
3.12206609480103036702 3.03936473357892467106 -4.03049115746172326169
3.19497715324437425721 3.41265920427503832713 2.37241787015102811864
0.35630501603521480547 -3.91385446166283790248 2.33809187734035628381
-0.13257726753029697164 -1.08339541689788543266 1.78662948548713629293
0.69452435347630281370 0.43354242096509398863 1.03307401562443157417
1.90677521643276293162 -1.75853705016367900527 -0.70640383500789871718
1.28896874254776339086 -0.63899720426735973078 3.37404009880324284865
-1.08984421428457523007 2.47237848002222992960 3.53867176123476401273
3.95684109403570882790 -0.63745142467932147667 0.88641159145213599402
2.50288970896117302090 -4.34560075075994234339 -4.25133552085257182540
-1.47337256887793888183 0.77994352064446825779 -2.97763755050775236199
3.42212583334973174942 3.98423533975779609051 -1.89858825632032601760
-3.09200283671367825988 -1.04650371512175111022 2.76281494607359690008
1.30941193719782855709 3.48280700010207500128 -2.99269155477336434856
3.22331698470137251178 -3.42739514049047633293 1.67962058330758789992
1.02066991439648724338 3.52364005068448360447 0.59414641483398789035
-2.40448075606704492202 -3.36737581784210648905 0.02448043421044054924
1.98353666329106470556 3.83057237900420144427 -4.47982797000878107951
-2.20372582727557286830 1.60709739555521924359 -3.50554355440994980242
4.25495590220617270205 -1.66759163992948611366 2.79964216909990959437
3.88262742053983966883 4.19245767988057504994 3.70616545526648710762
-2.68139467277769361075 4.23692789175309325600 0.05453503257167380269
2.70440268036778608263 -3.14112578637264672210 -2.89595099633558961116
1.33397896537668625427 -3.00246080147873017907 3.73701458520162699273
1.09320451472465318687 1.83673966823923606739 3.00171934275503726752
4.29391904468289364871 -2.77934098231846160587 2.20869168451130981623
2.67750854948801819688 1.03145707627581906252 1.49953527539785902434
4.32471880672218045305 4.08493568267460016585 2.54096166384495614210
-4.18064810396470942777 3.79924618051391416174 -3.50370800033165830101
3.17568873799001227809 4.11576469409777256914 -0.66852637987627172578
2.28317795699262315878 -0.75109533822473473208 -2.73790655115025582944
1.85065134846836532034 4.34232266847189674053 2.55338529150596649231
0.27669498065711817247 3.66109797430204420010 3.34238542023654972013
-0.32680237972339476471 1.90180090156674186375 -3.30263828193551800538
-2.72497988803471624664 -3.62954078343749220181 4.47829168363641283435
-1.20781595316343981494 -3.62993203458061675093 3.54999522520502974743
3.28426959849817468040 -0.92105384817377267126 -0.73070611339082081059
0.85721307958060677379 -3.31434184616052629480 1.52151263662270963550
4.46910848126680004810 -4.10360414644745929991 -3.59981293137353874911
2.33823447795958205830 0.42203386025762235079 -0.46993788325099306036
0.68424527098206144871 3.12195058672521774668 1.65874543599552470852
-2.67777974249862271705 0.26964821149232065522 3.33931268598332398057
-0.39159140771063771780 -4.11156704189022903506 1.58687374680382031755
-1.50901027008663835005 3.43850706506067904655 0.09701323445140896951
1.20638181398603183681 -4.11107418222760223614 -1.49481074351852782911
-2.74747610142845610781 3.38587509367695549400 1.54342916617822734082
2.71979768787270881347 -4.33890878743709329513 1.86860444255158331117
-3.49803435921686300958 4.39962160390224266138 -1.04164377456364842800
4.23720127571120119825 -3.74983699680470072835 1.73083976935452454882
4.05805965341221419607 -0.08111749749373053930 -1.39980016803957152405
2.17791080421567517789 2.27804266400679189530 0.87287257460478873128
3.52945244893718790280 2.42182100709431669117 -0.87371634852274127070
1.13945452551271042552 2.54855252989790859175 1.00068371182420801091
4.19761468736410403579 1.28947369165317393680 -4.43804188267569355020
4.03447087657776659597 3.21215094378989629575 -2.58858254529947107159
4.38170974396781698346 1.31620084004657744714 1.06717057837029205558
2.08018398806539206447 2.73734719391769143471 3.88174954196584121036
-1.60134553545241598016 3.47584764457779105129 3.14480694412439998331
-2.71223782942963875797 -3.92151776000389107324 -3.60104270285306826693
1.28211078247090259907 -4.52115097008508737275 1.50937766046883670157
0.19621582642900747828 -1.05247900900101409860 2.99195925861485090280
-3.48070388287440746211 0.55445917447997139504 0.80398356002730508862
0.55602313058532004675 0.15880330974215794981 2.99310843367268386572
2.09021857400184085662 3.92561902061978695855 0.94336664217961363477
-3.38091268081722118310 -1.36426293690932531888 -0.82406148586981053938
-0.84198840031151833685 2.23842069442646351973 -0.36901418981115607920
-2.18201609173442401257 1.07230856191222123641 2.79132982999926060330
3.81886193308737187380 -3.04492261160016486343 -2.67440038017309333895
-1.18103873901530187496 1.48393139344320168505 -3.78210130961404633609
3.89381702313032906915 3.33593696854895416237 4.22130215605563119396
3.43473981049519050401 0.61687762952324121102 0.50349112073682622537
-3.60534075320667435349 -0.01675304604550564846 -1.93928973962882977844
-2.27063470302352143904 -2.22644240809192872632 -1.45072248016155658235
-1.99015993149149839070 4.28039111654467863133 2.60208958742157658861
-0.62112525410430530215 1.54071260548881916463 2.91695523812342827341
3.87852370653998956840 2.30115135864530095944 3.67851100897331395601
-1.39926715514077848468 -2.83580162265630386642 0.07728318726756366885
-3.39656606803503313685 4.05209623654394324177 2.30986541622999208556
-2.35152513508491800565 -0.88001639865368153082 -3.39554976878761172188
4.00955454061672522670 0.13220233147750803937 2.67945535891122332828
-2.98097957739209551420 -2.36749315017823525054 1.60302947120494199140
2.16838979049271163291 1.99029063905651959487 -2.64185430833340229029
1.25591588982531732199 3.32210573634601491477 3.03594796877281414282
4.07461146198237234017 -0.31009035085586234004 -0.09068650838465686093
0.90748526647245597587 -2.65488941721369053894 -2.74785429595083474652
1.12096771450946963711 0.79854428227842699783 -2.92487007943594212733
0.61214933368187907092 -4.19410994909233192374 -3.66729969282185708224
2.65471737165675936154 -4.31458026875839184555 -2.90113604036365346772
-4.52044290630650547058 -4.31531698750812697796 -1.35957665926850790328
4.02600608952083849346 4.13664068142598662092 -4.14553340811837411906
-0.73559603334164291866 -3.12541437959675905134 2.14324890296050618588
-3.27821571647182397058 3.21863368394020543661 -1.21515480904237804793
1.75619976825542334353 0.16999719181497496834 0.47184068984136029457
-1.82609664262926330025 0.80017524995577993252 1.63713878444981109084
-3.79348757485005982915 3.87137606333556316685 1.21880574019500276250
2.32693449263936091853 3.12407312915137058695 -0.80080353370974899363
-1.86560066266606749963 -0.58335311192816075021 3.67200901169340543362
1.44775389919342423184 -3.20990002072493751939 -3.49130236175028363377
-3.57599537076595019869 -2.16376826947953748714 0.10012217919239407848
-2.10882525925280051027 -0.59238073384324207993 -1.92405144794330595914
3.44211159833921431783 -4.52451435450670214067 2.83353331604790525944
2.72122200277345349662 0.75537548994194292362 -2.02450813525072570442
-4.18869308348498403660 2.78582293757902821341 -1.43217802512574721163
-3.50868629333258263969 2.82974764757274233062 0.64862017816454553554
-1.47389897808822301073 0.41482313431361461653 4.06853637855808525359
-3.48936102133794179281 0.26376508695525124892 -3.47017758631491357590
-1.64086588992901738493 0.36368413963425183510 0.50584039549915615908
1.16415472123413632488 2.52112790053160029657 -2.25196511257345832746
-1.44491104814532045353 1.56804234212255089176 3.72796391050532971434
1.07568073937730090961 -1.11244396355841645985 -0.56604703980466597457
-0.81212429256119467169 -0.56321765498451936693 3.24616979297472862953
-3.20072454469859435378 1.84442454237487662994 4.29384914459815103527
0.99805318642898832593 -2.27348653329015082392 -4.36239354825933123294
2.39331673136318734407 1.89021748886840068593 -1.00758854644453510474
-3.18016011971132872560 -3.22757180845364866073 -1.31461541030779738293
-0.16614151281584632613 -2.27411234049751165287 -3.63426808855712701884
3.62690872679225062569 -3.50751094266184093584 0.59491957165078623859
-4.34621381689586439023 3.57099537199666539067 -0.52910053990575089955
1.14813507158995786739 1.94300754810757769775 -3.16279249392701711230
4.12670699801934137696 -2.70893820138162011446 3.95867070752927485700
1.88252116834929328348 1.30298422603196595304 2.20656184791643017462
-4.05272476497496825232 4.16196922510068301193 3.35709920960329544215
-2.17001877391955533270 -1.85872710977576982572 3.58232246488530758910
2.23764795450900511042 3.82475361180157147345 3.46825539054445552978
-2.61111243978594576021 0.72131431826207315083 -3.07127702967955196200
-0.81783951247255348704 3.68422841502895703769 -3.81326293184103848333
-1.52319797388247835102 2.56349262741663697085 -1.25175949542137843196
3.59784832172960289398 2.14940109073454088673 1.00845005463651204991
2.45982657461214326844 -0.18307469073142712546 4.52553198340886364548
2.25781632104220264523 -4.05066029548531147952 1.11225356918125850569
-1.69636979596641790380 0.19502002514240768249 -3.88622201462482985690
2.93848513585316695185 2.76304612937746352230 -2.65394077599289479608
-2.74873988016279069413 1.31357141170386793050 0.78593566027474537350
-3.67158828943076676055 -0.55338163399568918166 1.05849171126973562451
-1.00654429865633998631 4.00343911224414039651 3.96841526944984668290
4.42585379538653977960 0.39299080106761508091 0.46038049700798477915
3.02178151134980854664 -0.13390320945606504210 0.05189198048769760874
2.95590893471792526270 -4.50694332653850970871 0.47636609808612906392
0.87443562107769778891 -4.07384118042809717508 3.50348104071779520297
3.19814825826016591037 -1.31713121327945703598 -4.25466020472475126013
-4.35739403229065036527 -4.12448984021760800545 4.08885766012087348287
3.95819962883647757934 4.16791821054375777322 -2.89374369071936987652
-1.03591459204723035370 -2.71121465069686617966 3.11026035244584697637
1.17042678583553794169 3.47117859923890303975 4.08260291291706156613
-0.51803132525720663182 2.46365580376020165687 0.62531406123977806288
-3.15525163758274462822 2.18950168658628196994 2.10747302579735684702
0.99236353217749684319 -1.62999741447849233467 2.33695615444358484325
1.16943954960678286881 0.00707980504823169099 -0.54197130144072458435
3.26610263762592634151 -3.33692700386937834978 3.70694463442785515639
4.45001769607686892272 1.07402644320477858031 3.45671868482117883303
0.79297986711518131386 4.45642326856555737180 -2.66866426355419639194
-1.66175166342097169192 2.51039122849749762878 -3.95696273298526168816
-1.07983056791739562286 2.56872687277956135432 1.88836393560931359303
-0.46083183905361302379 1.36628301947165020636 3.93727045207101955526
0.51682366078672004051 -3.21365574381990848352 3.10331783484318091126
3.89350837027401208701 0.14595989571135525864 1.53717557470117416329


