140
1.96881410082614127788 1.73194492594989313261 -0.45669299494514792315
1.75726297074897885864 3.35993699848048343881 -4.11415661740978677585
4.45579575519667780981 2.14615364068310299217 0.40115543738564340970
0.76277266093803230973 2.74933502721101863386 4.46941112625233838429
3.45858956165006059535 1.20191222795709862226 -1.15608081590055888910
-2.12793459477574042893 3.22090546925709997339 0.59309214555312284034
-1.40404701180410862449 1.62692169552909948749 -2.30854415789591183028
1.02688344170706091774 1.28879882365847908687 0.61392169420446673911
-3.08117602173337790106 2.43946560725734240549 4.03375619728013301568
0.26614043202532844390 -1.34524164884861852087 -0.77421722244097956889
-0.01116719708139246592 0.04205977920770909151 4.02887071730155366112
-0.66135988155445124548 -3.33922355105093870975 0.39317388189084656602
2.57527894981053417922 -2.56473076926745635618 2.25507475234912568851
0.41602700836569450615 2.18989379772445680317 -2.69142878840035582044
2.81722384618301635584 3.80969978211569237914 -2.82606042413604319208
2.84332680964506234744 -1.20186646605616420658 -0.90935716164018121077
-0.59299999536366332364 3.02174131483389007968 1.15785701877900137902
-0.41651061592007732060 2.85264971452626081572 -2.55941119776872927361
0.23248579723227802418 -3.58647780975241170509 -0.91163772332796977338
-0.67911205945633623671 2.30231844885083258845 2.45584089616439005255
-3.72150683713030172584 -0.58607330751474240316 3.46905491517852393457
2.95990796990079108042 -2.81942406113042798310 -3.04661947317536663249
1.16129188799014393396 1.43357245511567565899 3.26461307420372026655
0.31516982432229667666 4.20367639140081461591 0.74089356785894366908
0.92223670422194015117 4.40849056505655578775 2.44215882107794524103
-1.75329004138162636295 1.54381067861297172072 -0.73035929441182556587
-0.72116519629765551969 2.20066799717893246680 -3.38347226734414974203
-2.32533560193215205203 -3.01879843888628984772 2.91465937711207256910
1.60425990435618803787 -2.16843285349163084064 4.10440852994228766448
0.47311667170467952559 -0.40081430013876317986 -2.57398965309066207752
-0.14417726665935504116 -1.03674041195282562455 0.64951357335138215632
-3.12003366598755693673 0.80811234047175695139 1.54975902912000673695
1.94442366549652145835 3.01604147054751425827 3.07840392544596319624
-2.86719640892793092846 0.50472951041999447597 3.20407416446341297700
-1.93929246963416535010 -4.19746585607891020686 3.20845922947479866849
-2.12635312347521132637 2.79018652077834072855 3.13381569655208824798
1.95080987526984372948 1.74017004982473899588 0.58340892434178037718
-0.51188305038133741220 3.43867634927939658240 2.15997781153866075243
-2.01701067285801372009 3.09564746802093804234 1.99247431721677248362
4.04062809738822448224 2.77023266718010852117 -0.65583911332167943442
1.41488842959918681430 2.66058381424950596283 0.32371454156289924953
0.15127982769286862919 1.51653800033448149520 -1.46064941755958876968
-0.26565915407785478664 1.19247097723019290783 3.11110021834143246622
-3.47372910697990588957 -1.41353845743879391605 -4.39652879765548565416
1.21600019742458620442 -3.79835412468638367045 -0.15624131724399692445
0.98504720139422463632 2.21667339127902973672 -0.92220198319856816482
-3.79915403639145887738 3.38513292963551837289 2.73341067794052072770
-2.65433587599863329842 4.19933444670398881016 2.81520339704748057130
2.05853552947992302080 2.96917192288047626647 -2.30563090975460349696
1.07857069348006362475 -2.57659103336720285427 0.04625100979780416566
0.97955872354540840519 4.03962513090022046214 -2.07646616269647843467
-0.53313603982164536887 -1.97059169172822734595 0.70474077279480074054
3.90452998032749665214 3.05898009169894091741 -2.66853553530286369266
-0.88007278892439799733 0.80168036380193452572 1.39398820234192921674
-1.14730510448634515086 -4.21574003316246415096 -1.01754784049098612186
-0.21658275008509964010 1.60221723713141450673 1.59172796671014182834
-0.32194840913530242688 1.44976667618275190108 -4.08501236474876527893
3.33622112395526393414 2.83396731795067058357 0.36086889332320382096
4.20333495175486948625 4.36597342923144804416 2.17404409276428101094
2.52085677464445989671 4.49053204221283674968 -0.86960889935056329136
-1.94322539831590601622 -4.53459980404360063488 4.27427836633135083133
-1.77349703910230394044 4.19539127569321390610 -2.02805222120309869283
-1.88334191882613222191 4.26950605245656245046 0.47707341450521134618
2.51443305234331315745 -3.43636067521517007961 3.68592602390034418391
0.39481028523358574489 3.22236977336653840354 0.25514173480341373335
-1.52149990853706906790 0.49188575103245923970 -4.46386105787042986037
0.04298678839288516684 1.99975385522562199014 4.14249926262122958320
-3.51993227470002878476 -1.77499873777938077524 -2.91784139290237432007
1.50964375943838469141 1.60198233703601999878 1.47988542928526189968
-0.79615805050597021619 2.02512520110101945647 3.44894751437795132887
1.13027773602597125802 -3.46224780323757386213 3.87233604651360163729
-3.78533401447672979145 0.93585098594196303168 0.57829462009294552161
2.30072185126036909963 0.51289258488138678160 -2.64510836961049600191
0.31906911950074778872 -0.10706858433398469543 -1.21702615429603433483
-1.58643927304700671499 2.30592997200011673442 4.25697951416156694648
-3.48059496099850829154 -3.38121549284340483510 0.50223009994354672614
2.55132291404793942746 -1.47773352816333281012 -3.65785114078100015433
-0.36967527745861517019 1.34613436841309930259 -2.89086617232748999129
-3.05491355229502925539 -2.37026649479408524357 3.54880709285771711592
-0.66634829808171680554 2.31751692491803940044 -1.18784784051912328806
-2.38069145674973903226 -3.90993972661347211073 2.16316288956951918721
3.54974303619736364368 -1.12755347431551378179 2.35780689312505753463
-3.48937888749469404814 -4.36099017288205725862 2.37520801208073262245
2.76158687992318885307 0.18349756056054378206 -0.27242717883138833912
1.12852110836345875811 -1.68402209997494622939 1.92816845177383910936
-0.23537148454680334453 -3.11692199085818177906 3.17259487390338090762
-0.52375365865009992916 -4.27934786015341117604 -0.12664668851761629043
-2.78595379589267766463 -3.16081478717385033761 -4.53597221829159824580
1.31396066163994085230 0.35878135023064228193 1.12220304294439454651
-3.20132233913053676488 -3.67286662621011039676 3.75462982584991511459
2.55864605496096952919 -2.06753919178235534559 -2.16610562568555087282
1.96805993457508243694 -3.73900168629248286223 -1.76944651449086221007
0.47202967050677990812 -2.26956054672433316100 -3.01698770530607518481
1.89052263257644526107 4.07326868094396754572 -1.52827161235514541460
-0.24410072321081699442 -4.39496305569959577753 2.54594131820979097114
1.80626438893530316676 -2.70749012700135871512 -4.01092069922892680012
3.20561625181989917621 0.47936043616956869329 -2.07719450261742499819
1.37061713113263028418 -1.16555537957063215515 -2.17097076608372230311
-0.65551580858376201633 -1.08913410655832976204 -1.28392544638701311399
2.95955680656156960850 1.72692589995032630412 0.06262999186948459140
-1.52870258589707930241 1.74022123319140042952 2.02291731130970386943
0.85919059025107458183 1.73258782868596750149 -4.28179594642755301237
0.10025378301808185455 2.50850149995739091224 3.15169013764797334431
1.45460132762638494341 4.32092439226580093958 3.35745335672009925787
-3.83864950090532142113 -2.82915418281173991488 -3.39969294877395533661
4.48308122947420439885 -0.59238180074253676821 2.32450258456736325030
-4.52003919610653426275 -1.94361358063442546396 4.10913365191333479487
-0.81873819798707581086 -4.03001921308355459672 3.30772423829339157209
-0.43532275824311117418 -1.53497259754000170417 -3.46558524655414368354
0.17078483876148009557 0.80042486225142539524 2.17361647669566782071
4.15768387694276508881 -1.96336575943034441494 -3.39495120736799016470
-3.02821789760593729213 -3.47143769692728554332 -3.08581142215133352735
-2.03623199430889556538 -3.98812080896980969413 -1.27342810268435258081
1.12385704643812456283 2.68370369390471452675 -3.41256443454154467787
1.81482828808218865646 2.28329549883419602452 -1.48127513957670942091
-3.61020771961814856965 -3.22424656107779394887 2.92673605901924904771
0.38501781293839787423 4.03079789135041988146 3.40362886592376412409
-0.28478832081498151041 -3.59960176332158843238 1.48305435282175146483
1.96700879921377680404 -2.08408752441972389136 1.22875365539001979442
0.01128649059220787620 3.44380700506676706851 -0.84428520826820729894
3.41473276960440141892 2.30560810430094864643 -1.88189858318660441228
2.28564174573733946971 2.58790562064781326512 4.11688669444823762689
-0.23998499459534183842 0.28863333416829117795 -3.22180290820465664581
-2.73250675036118018113 4.51411208633845095761 -3.16477771549101305482
-1.32250198041172817298 3.88658444485237009047 2.54216347045261414905
-2.10597734531941283009 -3.99774313211720278005 -3.77688741344058120930
-0.62888774329710450672 3.53950545255592441407 3.23762253599278704286
0.83860818901466327446 3.88790221109333788974 -4.17077799837719709330
-4.32845715997631508287 -3.26669700108701954733 -2.07481518179837154392
0.41492280655878399642 3.35420154913904600136 -3.23350397646111131778
2.66197009190092348518 2.27492137734004362670 1.16675034576532343777
-4.14360667924072068047 3.03305787083363131984 -3.45363964431725589677
-2.47494454520035933598 0.28871479729767113298 -2.40290395382610677544
-0.82055729090548457094 0.76934503405585363822 3.89742259128849877214
0.74220110982717191206 -3.76271575577718841998 0.79306773377779027356
-1.23727935797105104143 -4.07403470038306458889 2.47659008579557315954
1.08066136197392737017 0.87068558384862981825 -0.45929290983099768653
2.34659269876798770582 -0.52453734255314188317 -1.99155245963757820959
0.28830806291392985230 0.17109146233375316370 0.08620350466358939201
4.47783119276573682299 -1.60677430038521151801 1.23409008367285899510


