466
0.00080031566560734291 -3.70951279133819999956 0.79120030059457580052
2.29642933700805951247 4.22246250510548915003 -0.11405365279321610927
3.63801437824295437196 -2.10853559796087308698 3.16441993570718604900
-0.54849482970409901839 -0.18906360998040483423 -2.01197881975241843477
-0.21844116574747829418 -0.28787666107965748097 2.25034923941665621072
-2.47099957896403843449 0.13217650525705160192 1.67521815256620865142
-3.21963673202469502499 -0.74038594379096789311 1.69140764229751905390
-2.78606576829131435957 -0.04907335818304492392 -1.98563558750072033376
-2.62907360363029019013 4.21861667741382628805 1.90956309814530023061
-3.30413703658985724587 2.39857874218652344922 -2.72691730421636169268
1.14941426194106188774 0.85168681442613092258 0.43701442272339274808
-0.79292915980069667015 2.62861169476670664125 -0.96967674071580267636
-1.79577134635956880970 3.99502444577507187518 1.12322769644899889130
-3.89096008053421327233 1.98837001091889487014 -3.91807364902821930741
-0.83211041873743063491 2.97694245755294772948 -3.45533933212133170798
1.40544763368364300504 -3.76367161865631993933 -1.00944338693236757010
2.27962648901648723410 -2.68095819340133134645 -4.41049316281581216259
-3.88928806782506342188 4.48071096453271433546 -0.89707822714259100039
-2.81074220348015169080 -3.03787634400929285050 -4.51994974357937362441
-2.26593701993521046134 -2.54765941215587021773 -0.12590545132648323090
4.24902940342469026547 -4.27981468207378323854 -0.81956842115432237961
0.27219656048706575291 3.57627118736133997601 -3.57544489347136940083
4.08371884743805413365 4.08745930033372584234 0.72479578605799588331
-0.17351175885396763476 0.10492317098119574581 -2.90443188086246895097
-1.56251879838757101737 2.92612036538655662099 1.16033812588214146899
-2.81673718276207241118 2.90338001572300097308 4.06801203086498386341
-1.74160087908725902395 1.78842446805364652107 -0.53718752054757867853
0.83493433911494463473 0.99409546200338549937 -3.33410411184545640850
0.03064948789175314658 4.37522803005934601828 -2.16609539077130008877
0.76359507667554993304 -1.37123861631969345964 -0.51289556928163282379
3.62977453697063712212 -2.40832001625926261923 1.00189457436124040868
-3.14014832841421931420 3.50135706469745411340 -0.13137850092463487783
-1.67969258677301569449 1.15978002907139821076 2.94456922097869355781
-2.10263281849874550389 3.66112918468017145557 -2.12391067684231948931
0.55119073001130658440 -0.84390586804974265789 1.75352628969513002488
-4.34878382374489724782 4.13972629801865732446 -3.52941870763426868152
2.08281721914081874303 4.32268597020032441236 -2.01557905845674412149
-1.30446063176384230431 -1.85909503390883479312 -0.60897516521641836817
-2.87837081789397641884 1.13609807013902486261 -2.08444904861678637076
3.65477225412333428523 3.41779695098093316830 -4.12368143182270063818
-1.04944698179709750008 1.80684048175891476262 2.39997829986463973029
-2.26985912868790817853 1.93914707261676966255 -1.67516004902988813186
-2.29935177464681794746 -3.82505349970335251086 3.36036217687159766143
-1.53846040737331435366 -4.27403622735826260737 -1.10283658531300865491
1.28889536336564081154 3.35391635012620259459 0.65649171226044344962
-1.57326037216152547771 -2.96412931910034505023 -3.88936203211997577611
-4.25341056555596797040 -0.51363152001379042133 -1.68733656722969227459
4.43519894128316760629 -3.93281209607020487695 -1.93277957607682537855
-3.24024510926073983086 3.19971385563577559452 -3.77412341710858978416
3.96372443719329847767 4.42056712549447450300 3.76926703352689695947
-3.46243914331884239388 3.15472965695435814126 -1.02292518822447675575
-0.54709035198199940098 -2.85116474678490039452 -3.23563872776904126738
-4.40157387755018181252 3.48469888615554790334 -4.51699830109214151008
2.26735973886060016014 -3.88211656310755515165 0.96699230006988567965
-4.31841369370882777190 0.03916827120122690076 4.10145722708766857778
1.77312048669014643565 0.30443206058605287723 -3.50409541387382050814
-4.21396064708728612658 -3.88716453459526301017 -3.89340182235443199588
4.05093291789816145609 -2.92743643674217235429 -1.93419955631774875826
4.04670533421887146375 4.44085586386214625776 -2.67039927728731729673
1.96612631605088683528 1.47049018898288341717 -3.65789925287074524363
1.25473703506873324187 1.63581153244757970810 1.68457253933900918952
-3.87039637850753859283 2.18821999200229644345 1.99197167185690116042
3.69079363236084656563 3.37952886066901836415 3.87220829162693913617
-2.22596046786982171284 -0.99251981231753116930 1.61269098569050939318
-0.46244005345206673496 -1.88651782201626794233 0.07695887449583871387
2.56257678369118568895 -0.31326641499253060630 1.79534413320617058929
-3.82048645178992574145 0.86956009395153799346 1.54272706936097669939
-4.00057513790874974546 0.68296095014773339216 -0.45524275338487818487
2.97545809676410133449 3.79877098882611630160 0.87251358566960313112
-4.44934561126453598234 4.41388060840869922430 2.54426886686807485205
-1.61353645116890387357 3.70860672401287327915 -1.09283808547653960019
2.14800537882755548935 0.66467608767738628472 -0.88561154747322801128
-0.43006307459366421853 0.34770209499012505461 0.20592977005911095034
-0.79143446260751559862 -1.45242540534680930620 4.34190718636226780092
-0.36270865569384724836 -0.86189034406749120976 3.27840415156817588382
4.07910326788332167069 2.04926527013564463431 -1.83961455274962837336
-0.94340085501780857058 0.76613591744347697698 -1.58718811440085971753
-0.78790166697053409806 3.65728615191645811677 -4.28651803737484904389
1.89677354281495613719 0.81740414715575759885 1.20424947554595451749
-4.37447475585598510861 1.75744268140323445238 3.24004282461448056551
-0.10604482694251782249 -2.53726437768259849292 -2.20639040455314638933
4.29901702556956966106 2.52427512472169013336 2.18144741429562039059
4.16662571652170665715 3.22465656370486186688 -2.04555651149135409028
-0.04988747781791680325 0.33218964912011905710 -1.17025429574299000279
3.91658797235251210367 -2.42147131404014270828 -2.98438130447095861797
2.03691549615200795387 -3.42971252405010895714 -0.11896976633856581884
0.07925970578720331616 3.46480157503077901282 -0.11163733556691024518
-3.51379858091543306742 -2.77177520354240680689 3.69156244041558334601
-1.27075257292428789313 -3.87996918432229165319 -4.21877408177074730844
-1.84673372880460728851 3.39294640916846379497 4.21057244296288768481
-1.49893726025356999187 4.40471559273245194532 2.99146894610403624171
3.49536683593656594127 -4.10285957282856639239 1.26744236692173739556
3.11953641695607419848 -2.62599910175815276503 -1.37758501303978997399
-1.01095602126063210946 -2.89273326253451568135 0.15519964638905126009
4.27129315199451209395 0.53745825034941496767 -3.45151898592623895823
-3.44848401354440214917 -4.01856445578754506442 -1.75328768996621642273
2.68909283521157060903 -0.44520645014950321894 0.53470613497821872784
1.83829387458101134456 1.80686280945063693082 -2.18251816465655679167
0.22659336846644873020 -3.61286881564846851234 4.52420726665952610546
-2.96365820210612884722 -1.83442628162944609826 -3.56300930678193727985
-0.48367131126276419195 4.32882157354453678266 0.04885101227628307896
3.09031099174437340338 0.38034865080878432764 -0.26712151679584739128
-3.48456285882146188371 -0.58043145756675773583 3.25807056945018036487
-3.31426553629318032534 4.14082843387321997142 -2.52529459838768399749
1.17104646498607056770 0.18495891438970524234 -1.34540099129196644157
2.06318787734969877334 3.14563129167183319623 -1.82782974713131141087
2.46829740732588209795 -3.46613972901751532518 -1.12680738018886339447
3.69142117567948258028 0.48912817371197547800 2.71005244843823689394
1.42595933883065484338 2.50948920105324901897 4.52697924101132453956
-1.59967889697383824910 0.00213566321532443482 -1.46737286431682889543
2.85898164826315781539 0.44629789402573827317 -3.85245509921443884949
-1.22939296750514870382 -0.71637865178319248827 0.28591150323240110964
-3.50778048824985511089 2.62446187055551138911 0.21813797724898886798
2.40902198172409853782 3.15143757529358925495 -4.24750508112510694048
2.52995809318845221725 3.70501572173364746021 2.77718237224541564245
-4.25120721374368404355 -2.97096977527464733981 0.83720631794240674139
2.03877243228586912949 -0.54125487059016474944 -1.92825071270749237584
2.85321326706657263372 0.67012761624843442121 2.15986050697999409920
3.78156302821256939950 3.84751302158643770923 -0.19681437391705447482
2.19989302192944879977 2.93824884514873385655 1.34347731350750532187
2.67711790786477887849 0.57398953746828151878 -1.71100603399134776339
0.71205404665625149363 -1.08566394952912936844 3.36078367750540785153
-1.15850651580650465533 -1.97338090674741417629 -3.51432363234114797379
3.25217961680532052782 -1.77199364499779177251 -2.08187427844789807452
3.46767856524450213129 1.18944525795618627484 -1.02757501364255521281
3.46351912654076254938 -0.66719690356782956897 -0.28585388413906187566
3.66354064529899670077 -0.40152487193174746238 3.93108618505441942403
3.62183520687715354569 3.25295765815914261765 1.51276287508380136160
-4.34295804210193292505 2.41786487300387520349 4.13953039567149883027
-3.51624916310928847807 1.52006394424876578597 -0.65293798234438638062
0.98456213423221505820 -3.30071740709614402931 1.14267649904591728216
2.72638588844126594779 -3.10742570284291153015 1.88922738970061665498
2.90951538429227074545 2.47003589428577630116 3.26352012267566582437
-0.58833454212583902176 -1.10282784706851799683 1.20385101303822228402
-0.29907705240805704250 0.22195461916170700079 3.25382483196901883815
3.46927684761648169598 -2.23561499777146366341 -0.41110904513484758382
-3.64139412266037965082 -2.27463277445161216050 -4.36782838904947734449
2.77210635287832030116 -4.46831376698512006129 -1.35766964974745629746
-1.48846027732175034686 -4.09515750897460417690 -2.57838365972511773805
2.77582235821892098215 -2.44635510461486482825 2.70504365141336045042
1.87088159588059887994 4.28598736505277688735 -3.34880714917116595331
-4.32328053045621985007 1.13382264051031711460 4.17925740514162225026
4.29571721193572120256 -2.17523676845488367348 -1.38660758743417966699
-4.05898495247585344714 4.52618220223941047919 4.28282202648791976429
0.25996825075014662332 -4.51347032498158551306 1.51352052884248244879
-2.02287643761431423783 -2.40471131111475910913 -1.10360221509523359629
-1.50474631471744402234 0.02319632729869880450 -0.38552911521885224744
0.14554040698190551240 4.21895249286157625335 3.90437667273536792578
1.56911175420475235143 -1.65619261664074191032 -1.20514031502771201687
-0.46927773732765309944 2.25563249137545795975 -2.69386294163101380761
3.27586665648943853313 -3.00204387837637298730 0.33768797243452386425
1.95723683134608172907 -2.46140228589780685198 -0.63323373670337534946
-0.30096197718983308533 -4.41597845046975479022 -4.22057228721438093544
3.59159351521456837730 1.54382446020879005033 0.82840734709898189436
-1.11567969752934947891 2.86013572116036929316 2.58526994434353341035
-1.76058873002754268100 4.27989018630304141055 -0.18824052735366780809
1.60567018038910980238 3.25565138881909188484 2.41305149611236746665
3.33014343311541249903 1.36325635484471252568 -4.28022876056715517734
2.84784353756904273780 -2.43240531864757425495 -3.49081560133953328062
2.39227554098858075093 -3.63822370256690241774 -2.60416139778599697863
-3.48672287653423396137 -0.55035649666582386885 0.73753775945131483383
0.23963914715436906988 1.52459520913344803716 -2.44587115343223882036
-3.28718002305889234194 -2.15082916557454595363 -0.07046699373475107109
-2.34789312420366558243 0.85940657850935764372 -0.08311945665477615819
0.53822983935608714745 -2.81080267247151205368 3.85075267194112758062
3.65811686276950087660 -2.79864848540398192256 3.90044606579922170653
2.88600932348715755182 2.86787167202574799774 2.32093454988644598558
-0.00921178106290998500 -2.49252347599822243751 0.88089503194747909021
0.12632814492417043795 -1.42094893878873840265 -1.90854962284368934178
-0.94362705942363511724 -1.74812167265919704562 3.25771141662090979452
4.28987151022759238828 -1.31717738616979973543 3.71893163748851574013
2.80981196142127664928 -1.11752330793045473456 2.50030675085614983999
-3.10020598340478903410 -3.36655806694513959343 -0.51923620403345349672
1.62517083767695069696 1.58513307021294735932 3.75569292058533843459
1.21666337053789508360 2.37101846475398136960 -1.43735043034986853527
2.46879126952895955327 -1.11837846226095205537 -4.22920682080061727248
-3.50413938704293093096 0.00437052860354114614 -3.63849750633797297539
3.37072312740783264218 -4.07271495608562350554 -0.09746257983209805076
-1.11521401320929669509 0.59394696750009767783 2.26218135698559486002
-4.16785050661299560915 -1.56580492246630820219 -3.55684457606674309105
0.80724875136823825983 -0.09484581936572133998 2.84288481530349823601
4.10442326447194272276 -2.09066881308409913132 -4.38254793171473622237
2.78226990218588010606 -1.41913626925560931724 0.05756177344115442907
-1.41817900363545756903 -3.70448771675687460458 2.57476640901039655063
0.94853434657332513780 -1.91569817674415254771 2.75659461298037733457
-2.27190488391903588905 0.92459970688917803017 1.05437828908934427830
4.31573419400193980522 -0.41085219871469380593 -3.04892579648521078184
2.35837395579346154051 2.72227898099129728138 -0.43613221726485118523
-1.38281486898043759481 0.84783810532794223747 0.28158686295221091456
-3.40169342083973713642 -1.76206501103818524712 3.45531057821718157186
-2.63101695979360350464 1.35039128860342216853 -3.06623711925727793215
3.81646699261642563528 3.45144672819199982428 2.72358855517365849863
-1.63511822070330747891 -0.51283258179627910778 2.46169692798601325023
1.50615092420904694848 -0.47246871003778689868 0.28636047716648604933
-2.99212581519149134479 0.26135427766317942400 0.50091767258531660900
2.19718063587380108004 -2.57144647006419901913 -1.90688999075052034726
-1.93615761728343382941 -1.55903550494725351427 2.55870447653260324472
-0.87149298990371981688 3.38713076252646327902 -2.13604945701360504628
3.79657436809512471854 1.86056099174233935400 3.99935082516160189670
-3.96287671830119725414 3.96933054010861052774 3.40631737837763548526
0.95434297279787916324 -3.88926325985598486668 2.85084736751119471876
0.80896872323398749671 2.77786314553712454511 3.62119242137047603336
-3.89564660826540576366 3.22908626337186799304 -2.91785804451273333981
-2.84319227208579095034 -3.66644452724123537379 2.53990434445830093324
-4.41977249625350321338 3.19306659202819975718 -0.19556018353379744923
-4.28514519754606748592 -1.79569677149643958103 -2.21806394560337682975
1.56512847710527491785 1.37229598412666931040 -0.30170705757468141428
3.79409677255888677649 -0.64747834093705414205 2.77256288315045740234
1.43332684261479403887 3.59486098024310773980 -3.98346633840427610807
0.18626758590232839197 -3.57830018099504520990 -2.33653452176321474454
1.58236835332734582238 0.23747702262446690469 3.75370302220792506631
-3.44422181455619069723 -2.85268166279624946213 2.62212482718972683671
0.43152295591368172722 2.38967333933431547166 0.47728147184246516588
-2.49761343169576033318 -4.35578015910021409951 -3.05663524326606950154
3.79092408435709682379 -3.35148813276131418704 -4.11760454400636088934
3.08415529993126114050 4.35383922723489735773 4.13269673353671418425
-2.31711468510466955806 -3.74142501304919239402 -3.87366614455687408025
-2.08278585736840771148 0.93762596213095772413 -1.46081761067530679910
3.34220389181798349654 2.40524257491375426099 -3.16497578222873032772
0.88060678103802558780 -3.66441055017366279500 -3.31189957308686411253
4.13173949227297132580 2.44041842067775416325 1.16200320988675454004
1.77180757854509352001 -2.86745181069539256669 -3.33940147761683725491
-4.34656573417782432500 -1.31074281901258871130 1.36253430909994310838
-0.04724268886285365454 0.76180068379319720862 4.23638001629977534179
-1.88057701525269660436 4.35917300903362292530 -3.90618327046849689310
3.67239769452332520672 3.96750049704139318152 -1.47037905152883485727
1.10371669252481385826 2.27655881899456158379 2.70680499761800508196
-1.08368773414020136414 1.99267121132933677785 -1.88723072095788024782
-0.97034816329009210278 -4.50180903786063257854 -1.86818990916609184438
4.22456375894462876630 0.38655706560209868172 -1.00401959363613890730
2.58653016769468013791 -3.54248623691898334442 -3.72707340000857012541
0.75199586193840950443 -0.49134072853180121854 4.26194603521432480164
2.76767631825345539198 0.97355031953665793765 3.70588585539995474250
-3.88898500095817212241 -3.94029150077198986324 2.13579707032696397562
-1.96116185142935384178 2.61472535559631946711 -2.72819365017993176181
2.59132871973242728814 -0.15241416514060190934 3.98601279836190780514
0.58242798827512576310 3.31862670685150451533 4.45836264392859593642
0.63871170141593047731 -0.26214899249156431438 -0.07481828692845304829
0.05739869331248925732 2.21400164824576162204 2.81461956430016879693
-1.20346602484312681369 2.24255189263123799748 3.42805609798726074189
1.30312181414712124905 -1.35153742542240218327 1.19507468968576180401
-0.64715567759009662296 -3.51260464365494318173 -1.42076015425198765030
-1.58728128610510355045 1.60400847516562272688 -2.64142822914702302128
-2.93310573710951238979 3.05256083427476720971 0.84573166770084373667
-1.32676430457630889492 0.64905247823577916222 4.14995366569276580293
-4.05838281812662238224 2.40592346331405249060 -1.83124967977251795759
3.56959374962019015953 -0.43077744953737440170 1.75362621863973000558
1.08418712437508535373 3.82265702368442372716 1.68626283670711263341
-0.76755675810721513130 3.59167582195710277659 1.79267013987075696235
1.23072657652576733511 -1.34498424207877942393 -2.17666857661841062210
4.32210162835799760472 -3.79939158559808776161 0.18823128266757649385
2.58639261990939761660 4.31576101050409999260 -3.99469801132386859166
3.42872840330120265406 1.57155028780531846877 2.56119557091965166506
-3.32798698331616105150 0.49738235781154038762 3.39098315846999565082
2.14343879029988482188 -3.95384815994968841224 3.08311515653218393140
-2.87163909481513757171 -4.24245452392411248610 1.07949352464868564283
0.82525213123692786610 -2.81489952714428115499 -4.23519712407219728334
-1.18215759488159477542 -4.50990967601443504265 4.01942546165504221989
-3.55037380249636758123 0.43800270755182779681 -1.55563738914438109973
-2.77682723507007489516 -0.31576060281788187467 -1.01095376057989083662
3.50886393088110093430 -3.55314205246128356208 -1.02825850097795523652
2.07725380880461685251 1.40593063623502789738 2.52365287539808047512
-2.37474159494723391362 -1.48387200390874696154 3.72257550502109513246
3.46406409418847172077 0.37817871941412661840 0.93432290608519164010
2.63194686906107744306 1.66731952113285064598 -1.12658129550856767054
-0.81605613401983223554 1.52228289701939356604 -4.43377774339267816117
0.07030248926966908840 1.63386261773081287174 1.92514594138638894805
2.96942423627888274495 2.67135672943911472998 0.63023463595304640705
-3.70174235581987609578 2.87819460685685868384 3.11596661023142029734
-2.13922773650755226882 -3.79426985429846386211 0.17050143883694701685
-3.50916381227058282732 4.07137417952692270973 2.52099678260807991137
1.94549994598969799853 0.45099482610002983307 2.78080404658991486855
1.70940890184894378478 -4.00189689271888937583 1.86835161827576623494
-0.77846722520262900957 -0.19001172941058541710 -4.38193502987700522766
-0.46212323228894636173 -1.10173765098790132910 -3.73442624395283262473
3.35248182666712235545 -0.50188292104869258736 -4.11503079593724940821
3.10605806564269393277 2.86348063089276294590 -2.04335228505111210495
-3.38937085701524232206 -0.60981172774720127094 4.36361209050344012184
1.85245695480556804569 -1.28241072971967762228 2.15338793840045994443
2.03951841658295407456 0.38481322898739200866 0.22205401165016169784
-3.26961590122094047928 1.88136836913919047731 2.94165595280299907444
-4.25810128780479413280 0.19816368863555666735 2.79712504236864756280
-1.87270151248240157571 -2.69386611195994873924 2.21327066916774306549
-2.19692794699403126657 1.96477681603836007440 3.82021832784075687783
0.87190744727597913055 2.54152146276676038639 1.61920951654551714682
2.53821466096906167564 4.05281398066539200187 1.72083928005150266216
-3.68194616796391560598 -3.71466333507654011825 0.25317433169388436909
0.31507196629392542064 -3.77825685698328417317 -0.29431295422765391123
0.27365550221376189199 2.60837901860056753378 -3.29455629350069845174
-4.40348460141887887431 -2.67336431764114346166 -3.65890637255542605644
-3.36672181437557993533 1.72215759406514212770 4.02168710065690060418
3.94479650183387331452 1.11491591805418632788 -0.04874531726042530266
-4.16924396397679775106 -3.96414426309688927574 1.13865667373004075813
1.58496965415818280576 -0.25336443323992341448 1.33418971579957901241
3.59259929681761835951 -1.17345179180917646988 -1.26989446004354356035
-3.46432899957562057125 -1.49694673064302197218 0.89330663426000267435
1.62392603411047975470 -1.01924133504919023352 -3.19600913376604633953
0.15516436418779200324 -3.03659479312490132585 2.19510838673065311610
-2.95393460942272678693 3.11740629677522917973 -2.06603978020565870466
0.69082615055191354259 -2.93979085668452944091 -1.40239704842013424013
0.77876101333643532598 -2.31156426369778555951 -2.83057084816925064175
0.06186566598982423670 -0.34506013175620786626 0.97128275650563100641
-3.37936564931868499428 -3.02101767768373541401 -3.66063460964437581424
-2.89771873795177770106 -3.05182228613117922933 0.64636342231743526554
-0.94659875408443516775 3.49772233718194502927 -0.43052677631751912202
3.34193901271413462695 -3.89578561577072868261 -2.10938841720778258448
-2.43351423720842596765 -1.76878289980510938761 0.89846883575922920073
2.74914821578531576307 -2.12398422524464969285 3.83124750468378305612
4.37473191060116572970 -0.46377609009443698795 -0.39807309450019090491
2.55865111974830039543 1.75440308332983185835 1.68062102793474377194
-2.11593552901217796247 3.33817164355153739308 3.09475679481486931621
1.77163813330995534301 -0.31347529638874149782 -4.30313717690692332241
0.03344082304718565268 1.00016720469593511922 0.85171333700042684001
-4.23379126337024036530 -3.49496325551016440158 -0.70967972203629603456
-0.13383516984295695806 0.94768661947650123523 -3.75642040878332261755
1.35732530533441497766 -3.37706695808481427434 -2.43512975024579247929
1.76905207235870154392 0.53054255868951560871 -2.33976626924490993531
3.78314351463378795160 2.96146295478871302009 -1.07710741661457509721
1.05460948228323658782 4.18718798317470142223 -1.33854661778125327842
4.05554329863633267195 2.13654138800982007496 -0.07090173829825996421
4.24595790770650705070 -2.80418518650856984920 0.00275884588308361600
-1.79113715980640497705 1.50620738794719422060 -4.03548355392375412976
-0.62577796834472554366 3.34042035679406534854 0.68884831876388030736
-0.39761717230672122270 -4.04460474700824690331 2.20399010259469818607
-3.40778753159754943525 0.62230006575061391771 4.43807261759731641604
-4.21854816631357110168 4.07239282725655105111 1.41593294642129308158
-0.10643935752158739660 1.42879296212240891606 -1.44638558548855922226
1.69790936067875986026 3.62974738003981567402 -0.71509433397253108211
-3.88338353357947818623 -1.37469763247525156302 -0.82843796704160865829
-1.39255414679684852430 -1.77271621594055561744 0.95855570740967444010
-0.94646810324847718832 -2.19615909521210639355 2.23627008840661734013
3.77541138842226065009 -4.52806958688059690843 -3.98469889301862378872
0.30725252388291668382 1.78463432977431057935 3.69087948925670783495
1.93471108139065872678 2.96969824874081389510 3.28651931809578545796
0.82390824868292256156 3.89102624478269643049 3.11285712458491037324
-2.81123101698195609899 4.29804832680581139215 -1.02489022952219421825
-4.32738488205169957723 4.06137038443139086752 -2.01235153719968318242
2.57416491712232176070 3.14174785944159928874 -3.08756867712540472581
-1.51062392070018169932 1.65128162870979355858 1.41757109476031750717
1.87318999150180331981 3.79267553138351853903 3.96174626297115306528
-3.48000477585113854317 -0.32561461554289028442 -0.26929362955233049348
4.07124147261675073395 -3.59093653587766414859 -3.03246701844584976016
2.78513490142604958066 4.27057523822337703479 -2.80200927970613689055
0.41324455704605966844 -4.11056402732359682517 -1.33384063105314254472
0.40639918328997914898 -1.31683151553009780699 0.55057175276497716254
0.99498370918783418659 3.40140426535174444922 -2.21080655423844252283
3.98859730469944029352 -1.44941736805790144516 2.09501050272207667291
-4.10811392624564941656 3.29531847968628444079 2.27906891924516585846
-2.99576081937702110025 -3.45369167787591013763 -2.54499672442208035861
-4.42325868034478730806 -2.46317634084337999667 3.88632585203740799074
-2.39698083660725203003 -3.58242564000352059495 -1.27770145236880416917
-0.83235187946375965851 4.18600437667493618932 -3.30885199356482129218
2.86324030010554331227 3.57218543969961022100 -0.79740737696899666176
-3.64199630356756376415 1.29923722364879701274 0.49182209263655973785
2.90007218018644330471 -1.10453264166724096640 3.74180402445492976682
-3.06457098432731944726 -2.52232649741783188091 -1.68713310180771847158
-1.24314488470920458951 -4.00535063527177559450 0.62640588005172848085
-1.55047152134237142818 -0.28529745063599687427 1.31612344416370152800
4.52752686738958676216 3.63455094273147683026 -1.13706033367254333299
-0.03036584905535288925 2.35662252426370866232 -4.22385692508109578114
3.77898186154365323119 4.09574746563993041804 1.90766510071316641728
-3.13812718854150318748 -1.78765386482501398291 2.16755815960771780482
3.99233917872846522101 -3.04144428812599709744 2.28399205520738135533
0.32114780106923124237 3.83312920724987282739 0.86722221699656554250
-3.85335431053220789366 -2.79300139829206317543 -2.26107995280038664987
-2.92874116440679310713 -4.46307507879185827449 -0.00510831682503454232
0.81569424960027347993 4.35694752567342558081 -3.87710666758536515175
3.06182103168320729480 -3.40922895595993136197 3.13956087782877535375
-2.03789608302268687723 2.04187133494788763954 0.55786187855583069251
-2.87207400011605651358 -1.16005448913669173550 -0.27726993408248468143
2.88776661741294926600 0.26927153325854025212 -2.83766270587520441637
3.65545567907752566583 -1.23150960137849851961 0.82798913290488318495
4.36221302042469982752 -0.92852585677778343154 -4.35264818499117467354
-4.44348586492660402314 1.51289453605777524103 -0.99743785630058212632
0.63266937077067986195 -1.19315688233545369457 -3.51561647409272337583
-3.74756013503956175725 1.32817310056203563562 -2.94650039938308738741
-2.25206118715465963831 -4.23707892562782895141 -2.03863269193808971380
1.86411878685353471496 -1.83422571603781214833 3.21092827530952007464
-4.10816962771719484948 -3.36321357842694235174 4.32322171473058514124
-0.81451930280548534569 1.28480386818677683181 -0.57348281577654258712
-0.57314497980063716653 1.28575453869031619547 3.36322536745300570971
-2.35232180777218724543 -0.60703807128939812898 0.57685563166444797645
-0.01480670621749879956 2.54698296725189532452 -1.65664045585817021333
-2.58351213572819471409 0.61116474723051261719 -3.91374033902207729696
1.59382518058464128785 -1.46727314666015207223 0.11889340763397004963
-3.17862581428622181789 0.10848066974060621703 2.40163021718567382123
-1.37375768392250874328 -4.46607190438344403560 1.90923318381921447440
-2.97222929671377933403 1.90042718487913031566 1.27932121154722455714
-1.90104119334400456509 -1.03919066484352606849 -0.87242531968659475794
3.76772451561998256153 0.40090643236465961508 4.53320419662187656940
0.59579767722131560248 -0.60153424594460469521 -1.56897851813279398669
2.02725632992151005851 -0.77068638715979442821 -0.79407755477506514197
-1.92325115693039139231 -2.09217492661794635112 4.32694745025977578479
-0.10300431778272933769 3.73472764781627564190 2.55205520267788532607
-2.38209631136117394590 2.94951080806984933247 -0.65948816949788202635
0.39842787834843385042 2.78840627130491647279 -0.83907409716814518319
3.36180979438741278642 -4.46546723009910007107 2.85825355779680645441
4.42872997194170014978 1.51350595083383065997 1.87231077891840946847
-0.51283107675059724784 -3.07593601878377587155 3.37258836587503019189
-1.48993109963108016913 -0.06257119565706936726 -3.50984541313346376512
0.84503871440395350589 4.26848648752471770962 -2.82044049450034339799
-2.58310641079019687183 -0.65610444134646739300 2.99894588868614864197
-0.20235946935409643288 -2.55913062976788019398 -0.88029247497856166760
-3.23072414285031017656 4.42306569895832613071 -3.94635595600052058174
-1.81104710598649365494 0.38730868535346552051 -2.41777329853150790839
-3.97905993258014190062 -2.56793869548000541769 -0.79569987475781722708
-0.68317549349720696483 4.44792052375878110837 1.17449548643465995212
-1.55630410520144968345 -3.25188699234133515859 -0.67334443159145829227
-0.27742939782785303038 -2.44232522992136358297 -4.26673548781633371618
3.82097458614337615046 -1.22338486972194271374 -3.38129849500672152729
-1.47897140917909375446 2.59790698770448980071 -4.51874555592093241074
-4.30689819518398131493 -2.00707434717163790694 3.00855822873280498442
-0.97787282027530109119 -1.91308871673948610592 -1.61844516470514676598
-4.31098913370201586304 3.05544297463884806376 0.85367538805504938892
3.91259020154606051989 3.37590147051036648662 -3.07837004423327131875
-1.60079117120348701775 -0.71148298417315558595 4.10981655250383237643
0.92179083301478836887 4.08316607939435893826 -0.09786408663397683227
-4.04092611082210684259 -2.22483097666074192134 1.61116863414754618589
-3.96931592707900682271 -3.76623000271939201156 -2.72295928245222329522
-0.54534139726685859628 3.22896862960537500697 3.71126270418345693969
0.69375451758572914684 0.01666315844070087593 -3.75407003492867685779
-2.51219611199770609389 -2.58903037772975519459 -2.92760947485825751002
-1.59151727591887048874 -3.35676678718451793060 -1.91094836317012362059
-2.55180401629309727696 4.39847439324657951687 2.89489313768983347330
3.47760452215181548041 1.13014412895518745472 -3.06194566131934031716
-2.40094691539316151818 1.45786363728405365947 2.21695873474724347574
4.31170939278698650554 -3.57104629787529459506 3.52231149856930780828
-2.56622991423542456957 -2.79609473918652584601 3.15596461270069550409
-2.90576371531495647460 2.50046603666950861822 2.21786152019640780964
3.02877768173087158488 2.31310051366580626819 -4.47525458773210527141
-0.20206137233328469449 4.28005214436198944128 -0.95311629734052516483
-3.94642852459015802680 4.19627293711294857559 0.25906472471721819772
-0.22168336801369559197 -0.60107009146154144474 -0.53190115286117212179
2.53001093686022837659 1.64708987827073105592 0.30616176237094983037
0.95617654701427845509 -0.49592881872639082985 -2.67207520753012417458
3.29706891778931510117 -0.61493920305125016057 -2.32601450635387507759
2.63603480362120912162 -1.63961732055531728136 -1.03858097531781856659
0.61202276885789874683 -2.84008480290656883938 -0.23201467238081452393
-3.42069845485069334856 -1.44392569948677751412 -1.77036743316765621259
1.76057004821343010548 -3.00932119164579603421 3.24828741558607614337
-2.56795879870053767036 2.38698448948223163057 -4.03135391815467158949
-3.99678107002116966839 -0.92115025486093538021 2.51208329362509807936
-0.72081357942129686833 0.39978403157212571983 1.29658156419245518265
4.26941691085938668238 -1.39577295898541997587 0.05984880141134230058
-4.47239347912205165159 2.34552883339659157258 -2.89567083551613890791
2.94189689684111232992 -3.61938157504726776281 4.39288380744775874831
1.79061186886852841127 2.16729863768943964430 0.80668120710835466980
-2.89249766806421915177 -2.79087423232982256849 1.60995020037839609017
-2.61541033848075832324 4.12953073094019362799 4.08025799901291374994
0.07564043273751064334 2.95567770560071618746 1.95424409950587119056
0.69525790098841611098 -2.20652986305254916743 1.62745724699179472594
-4.16317008132397425868 -0.18013429055811158719 1.50242349639565286878
1.13575426201270790472 1.11990670073817888408 2.87763046848527803689
1.42076542300453034784 -4.35670444287366365188 0.62766466856703484467
0.94945973590653576224 1.03597375747301345683 4.42102128180354281284
0.01906869569909819262 -1.55436458762787665933 2.40347830355316904871
-2.11037410937240066389 -3.65392365245853456557 1.80036560017524305266
-3.65155712366443152561 -3.90448625638057977838 3.18782787971781278458
0.93984822434405046465 0.69525976129730082675 1.80339769601390020881
-1.12463376229896727665 -3.38962087591474015014 1.53496527780809710606
2.45802213381877798781 -2.52083989791475771014 0.73981283731629687850
1.26354527538824967792 -1.69453571279920867099 4.38284015591228293118
4.31242746375866925490 2.54821670242772935211 -3.93596226216025213418
-1.98700821407730909840 -2.94807393636672365744 0.99111034063893477253
1.84258176582346955286 -0.80752970970418713748 3.68253876781303635113
2.99509651837816637254 -0.31030585621125883478 -1.15830276742570825732


