100
-2.59755776729825837990 -1.37494151833355182646 -1.91216731213868174066
-0.93545058499902378202 -1.47336740979051272760 -2.81345861896169857630
0.95478066082336532361 -3.28813328973770824248 -4.51885323033493957467
2.73799303166527074893 1.02532444982279624668 3.99520542770469955229
0.38768468996480454081 2.43892838222151286942 -3.17584664346090095322
-3.06694634933246046415 -3.11539362857709045684 0.04322604700895205099
-1.68615130529051970854 2.65882569063893914318 3.23903649731799792022
-1.57204741062244579552 4.19105480132458563247 -0.86638156465681337437
-1.66854756938734150040 1.06479333213654125956 1.10669734709434397502
3.61773255283113304159 1.15221830517691348206 -1.58418731318238181771
-3.26269516513127921797 -2.12231703313866892913 4.13504069839339383208
2.89482684029189929475 -4.26149149312835628933 -4.52783128762959119484
4.38624080652619330323 2.14492074694187540018 0.52907364938450829328
1.45781174694082427123 -0.58784158675875897160 -1.70469298355694220959
-1.61710843634015466463 -1.12924796572151553420 4.19352284299871858053
-1.00488989797481798050 3.32708423086498950028 1.70086107490020577160
3.01568466390853551218 2.08149059038023587220 -0.96933895643890277682
-0.12921356520892945952 2.56229036646609209527 2.81518820071843123287
0.63804897690990003412 -0.94908582145704656341 3.73809498928691308350
1.65803359622045842769 -1.56858160724709927436 3.73747149064631312143
1.70367974784449582870 3.33836761917522206744 -1.81904719917442481147
0.88114473045662311534 0.25879155139131881924 2.50157068247847025333
-1.91791589202684020776 -2.98712289569858890914 -0.06309966785274045975
-2.16722088525570866224 -4.42193425641951698424 -4.21815344263843083894
-4.51295069921267621993 -4.35609180491845915384 -0.02920693140226227058
4.45827165077545028993 -2.13020995894813092164 3.81577923224375847866
4.45427127043484727409 -0.96775578675063256284 1.14961494914725026462
-4.48447217002797859919 -1.13438426976172967997 4.21129819473296063137
1.83219115467198001568 -1.13070067315989231105 0.62262953557912847913
2.67644354412378149277 -0.25800272359022180524 -2.42669866454714533432
0.10620622268612311956 2.82201518579659893504 1.68561734788108896765
0.93711256053381219999 -0.62755800627849200879 0.12569274643731898067
0.32284545603070835540 3.08487850846006050887 -0.68734133605519254218
-1.54196054342012667249 -2.67558685999054812754 -1.19891394094752090638
0.23272429440482778062 1.91488113876156429427 3.57331034084637888526
-4.29368961481778921296 2.00316844608993616106 2.10396102346402269490
-2.50513242287323123492 3.44203280860556048992 2.56437892988828775032
2.45209318126852782171 -1.76480910308329086433 -4.17402367797039453023
1.02254399732228140607 -1.59079915234737345742 2.78894705945141829773
-1.27002930484434761738 -3.95854371336687504979 -1.20912870746895162455
-4.05351988570624133246 4.40138225999377663555 0.96061465762345932262
-0.11873861094859350374 -1.80164869263162419344 -3.47161846628390513558
2.92163225748609800547 4.33994424432075032172 -3.50680626551758090059
0.26361958366970306145 -0.62507026280221289483 2.85135696634580160236
3.19449558391590215933 -2.51416372541273158703 -0.20102629906184610320
0.84786899044502295197 -1.75650110554663552165 0.44978304295431392745
4.32978732814746880564 2.17449724686116852013 4.04541418435115485153
-2.00478709081113137813 2.65976331390419584721 -2.60455880978658083080
1.28234144825677809365 -0.70726849629079691084 2.30894787031156223378
2.11606993407475574287 3.08301691257508903021 4.36390902050534190693
3.88975414156854615300 -1.89402778590883258403 -3.61653353978646174838
-1.90836498150321487444 0.36040768428173652893 -2.16659650659913349813
2.83691547168283886293 2.65541625386818491705 -1.90790284927513598134
-3.39705112575916512441 2.92628173510212441499 4.20746070484560608094
4.09027450935135039600 -4.09327498964387270775 1.13464166150107725883
-4.28033146983833390209 0.74402332824861616700 -0.17557067795720815440
-4.32993135216727065284 -2.23617283797363120001 -4.20183661883762482603
-1.35093075366650605673 -2.90788975559898599244 -3.54253360816753648521
3.05997647668804528820 -1.29673589556538937373 0.44474218655383790377
-0.26929429126021808827 0.10566914851040998258 -0.19727797820977066579
-1.13313919538791507691 -3.80245235124226876877 0.94991387161091100921
-3.24751133836550698319 -3.72841651131043327894 4.03399050047431284582
2.04843910972379372737 -1.19850816948607086232 -2.85783119858761525123
0.83464414370936079735 -3.23018461198070561124 -3.43082879219566772022
3.72270511605542875344 -2.68808413244888999571 4.37816769764064073200
0.23820743665588839377 -4.43426882022931323490 3.85330894312615956920
3.76258507128141150844 1.39987663799139472331 1.48144657678579516613
1.42511296099808593141 -1.52346491603184075458 -3.98832329605395630168
-3.85474308527571718486 3.80477587472621348041 0.12803189560789096646
0.92234915665723260503 3.98480273305798693428 3.26970306830986423563
1.49271853342169702472 0.10408704368353838277 3.65843072449110007227
2.33274750763485538840 4.27804699834890111987 3.66221468086809043285
1.15181314972850046274 -0.36118203184346420187 1.25571769142144784581
0.53797874067007711574 -3.41992698485928148244 2.38601020366438554277
-4.42472161745290382129 0.30060061746277177974 2.45879806330411998516
-2.94895679680099354059 0.07121874036510078554 -4.14223251199622577445
-4.21043508550469169904 1.26052611931715485838 1.31056514682942992778
2.74282796821978624990 -0.33926088704801227180 1.29470324072594067388
-3.65947107858295206384 -1.05093403858701517350 -2.26635952183342759270
2.66322479921980459494 3.79943240642886781444 2.17254771004277369428
-3.84112453196442249492 -0.65650632192047098101 3.47278344249597292759
-3.97775942290338146989 3.42288757635919704825 1.74965976009716772666
1.98892427270108296256 -2.87332859336565471509 4.33105800807831986532
-2.40171318129222388649 -3.47830524957631892491 -0.83307330427070702683
1.97106069123996974213 -2.12798245667165453199 -1.44826522955933612025
-2.39972757770477418404 3.34637627382537594656 4.14801112466902299758
1.96838558725409651373 3.81504530062111424371 -3.45397542650345767967
0.89360925468914587100 -1.61372025444250422055 -0.63743903667616752529
0.67776039412973698717 0.83508001755094074525 3.63798692615386709548
3.11967238034246108214 2.45852202577524270311 -3.00544278141430121210
-0.52647256548603227344 -2.32768381616413577717 1.92784949459021337503
2.52562773108682936396 -2.21678452661381841793 3.64228988570013800796
-1.52998216446551671410 -4.09620980447932581114 -0.01617846111623588712
1.26245787444656354381 -0.33703917281074513568 -4.41141664614254125354
0.19627078940523201567 0.89556405757017376601 1.63862803778827714751
2.68285700174998442691 -0.91743845995665562754 3.08253047414721148556
0.37526560317980539594 -1.97911726856830672006 -4.51881632932474541775
-4.27485903182106952158 1.29025592197456440147 3.41816155498347651331
1.81671117572777962579 0.58654023652710662873 0.86394964891850012378
-2.25631336029775786400 2.71563702456807831709 -3.96313403226588834016


