251
-3.22036972394579334988 0.38826339605815540779 3.71695660032210906110
-4.47269730221948869087 -0.14803206480214914365 3.98717802195595449888
-4.07337631465277105747 -2.60869755647147361088 -0.21988753006786954103
-2.66939141265892976307 2.25063621669353697285 -1.23276052684603820708
1.95642317548100397318 -0.46024991089179323467 -3.82522693788599976727
2.05083086024635630196 -4.21920713422305482254 -4.35363145786361194212
-3.46476239044392331223 -1.09742672002750873972 -3.30648850973510954887
2.75093507262744463304 -0.83349822129855422048 2.14768785130481720813
-1.57027808537240520792 0.21810043635141873608 -0.99586609860337782507
-1.57568635456209937828 1.67412240218081898036 2.45859913922926054397
-2.13427859716889356534 -2.86239955109348276352 4.10554665323273493271
0.78421987654335545415 -0.92356665105101454216 0.12267832120630561832
2.77624251408366173877 1.00735045533919898020 -1.63510280867101975844
-2.51059804224005311823 -1.07784894797652786025 -1.93502869688439638196
-0.13891548764408589989 0.74310351240327232603 2.48313638213014264977
4.48364714616625459342 1.28403706119625038440 3.91061194688982372014
-1.71306390604358504959 1.02710582387138060767 -2.67504328992811579724
-0.65101402051824042161 0.83587393431613588035 -3.26033762060036069741
0.92447079149186883740 -3.61535796976406276215 -4.30581629328562254244
2.86966875126996079359 -3.30419003726077820104 -3.40969160451110653298
4.53345766166113417484 -0.23323600379235642777 -1.40325510480274573410
2.05912907501748421168 3.23109219581696560653 4.15119783289564292517
0.27148149726647829993 3.09421707168885173900 -3.63036967498783180730
-3.37624784922758802708 -4.26852984142517222210 2.87052832572565552738
1.62366947621538404434 -2.33812728026487803845 4.37230738607441882237
-3.32656071892580440519 -0.37386180905694743615 -1.76006488354057744061
0.76431613569686529530 1.40011499522636384540 -4.11041030003690277539
0.92324512005595060771 -0.28675116099792852253 -3.13346002421000413563
0.68444016304369714732 -2.13784115115499906423 4.28402000460849929908
3.72921950385957057250 -1.20069217324434074357 2.73249240762896494772
-3.02759757632701953511 -0.37873867708241881758 0.90982122948948429553
-3.74571658760861359028 -0.12119582000775608321 -4.32532050297801529126
-1.47980719659919390807 3.66765958927868229722 2.66923113971872361105
2.70791556990110926506 4.08671785958978528441 -3.33332862354261250104
2.50688457056554003799 -1.58174953444447208284 2.88310707089859352692
0.23393884842444023775 1.16053519380631353641 1.57099052431649965911
-2.82578888985369802711 0.72000561335990997947 -1.91631144780797590954
-2.01211514785301970321 1.43672864620965778926 3.36313997573228373739
-2.88307828868947302325 -1.39984336732088054944 2.36821247651912702992
4.39501141916768478524 -2.28152969006587058587 3.34479837812713665102
-1.76989594266873817574 -1.74485072809805208394 -2.04790496836395163882
3.90301945511851666737 1.01948134065977846774 0.12588403273586390441
0.54042487026326568866 4.43936666292245529775 -3.12349081118194016327
-4.30015685022455507180 -3.85754830367352585796 0.08738705510731659132
3.27535833652737817800 0.65056045140431617568 -2.55156385070169511309
1.38954643321062398797 -2.90809038791656826461 3.16845261251482934739
-3.12449022481945659635 -2.04968821332850925643 -2.94720313002476252962
-2.44160875494133611241 4.20467444961006631132 2.96338995549244188510
-1.47829060689730296119 -0.11858531585070863912 3.94335455608678397965
1.21910175842817114500 4.03154735648408912851 -1.92216132683488982735
1.40643552524132964265 -4.27652947751554890488 -1.11975838433730690014
-1.13978343437302420682 -0.19068035185753284821 -3.11759127353365350643
3.93624479717530828538 2.10611072343399730045 4.48759742939991479460
-1.86052051578035015922 -2.08639776333111059969 3.42139438937516704442
0.81699083765931757029 2.50768462793306934344 1.85237992258420458569
3.08262987444327407616 -3.76580585868959882845 4.51983988871071584725
-3.20579805762260994229 -2.40536095454839848884 2.71773156094656709314
-2.33734853934264386055 -1.48689324550170054451 4.36226855937819291142
-4.26458517400489256488 -3.66604221455347234482 -1.23754258376472314751
1.47094471122183367839 -3.79017873238862490481 -2.02800165954413325053
2.51063933974038810959 4.20672010623882197677 -1.89836332376998750959
1.87124482812848746960 2.88881968965513813430 -1.43057228768097388638
1.90306242792050728241 -0.03115898022647733967 1.48719283868931739789
-3.38333804295653228777 3.37570923044367887655 4.23679496242311959264
-4.31535785758372725240 -3.69360062748622297590 3.93694214272415710099
-0.14131811154267559516 2.05646483653278089321 -3.27350508921326666112
1.07827650896597315722 -3.03577806568918040497 -0.86681370587489992019
1.24553556898083961357 1.81688712657138218276 -2.64522205904075580207
1.55634037432301131076 4.15013634702920786168 3.63897828027260938910
-3.48753887599255785190 -0.39709832828592972476 2.50853698135224956189
0.19541012158928072751 -3.75185242936717866513 -0.76047427053986949019
3.05074766550439058221 -2.50239768594222766751 -4.48006959878427579724
1.03475732990980606729 2.24291968260196306062 -1.40126767513886107963
-0.80300623787987079893 -2.90713044501574513490 -2.31885834577291438663
-3.88863493193617815180 2.00957193067708228540 -0.64560425723982461932
-1.97684271041351200537 1.38243832620430584512 0.72376133861279523529
-4.22574558579614656395 1.21504015110003127376 -2.90827881512506447592
-3.05310446473164232017 1.31586256794373479551 0.29068064770644053141
1.19388632640901448667 -1.57172177212309982508 3.29333003361002774056
2.46801822095700185145 -3.74162744470923236406 2.02479704343381161635
3.85752765615402548605 3.79762575042838346207 -3.99458230232238964419
-0.11374967230781773964 -4.48491092463141871605 0.82621468090633687353
2.14006414301298608649 2.35540521153139081889 -4.11329205875634329459
3.66461040997668607844 3.52015162918873780740 1.83646422466530712114
3.64072649379194057673 2.73660080254083215578 0.48519843508971849388
-0.85632292146058963667 -4.04753688165700253876 1.79489373156523690511
0.86551886878469108666 -3.99006816454604695821 0.24141097697740132588
-4.46525639391106299314 1.93519205438996788615 -3.71809119948307342796
-2.83167396483298805521 -0.76727228675753345044 -4.06209888348390624202
-3.05157598917272920858 1.18488953621996007115 -0.81205251503132158675
-1.18698246272882190766 1.75931504855218356909 -3.70656011027958820492
-1.10184106152216543251 2.23356645832239397720 0.73921431490100797390
-4.28452360962440437220 -1.99387180751638037890 -1.03865445017870516864
4.13991736713080182852 -4.31803934044683135340 3.26507465957765230513
0.26912685104745825981 4.19901834926454764485 -2.04179441261977734356
-4.25483418306840999179 -1.12896822762286541675 -3.98482120836495390392
3.69953794279031367154 2.68607675639530629752 -3.71395616188632038401
2.24686914160006967478 -1.65143210775512994104 -1.45245249457642522373
0.04262145225742131061 2.06909577700492164354 -2.21599826069630134739
-2.49424919384405185951 1.50933913482948334206 1.84842905567716453419
1.67708713403579157131 -2.06740309621433171472 -2.20292227243808058645
-1.58234140852491389495 -0.56109096105731248727 -4.09647238759584020329
-1.37753815371947618829 0.94586829002294869895 -4.46693674129862383637
-2.12529855236695253140 1.29086684287052033682 -1.27483786438825230647
-3.37032647834414289534 2.48111585057974881607 -4.17888738474449805693
0.89819308704620937078 3.41587772759821195478 -2.72519859115118112669
1.23299783632686921209 -1.52944478506691172726 -3.34994990496146227699
2.08269463446837388432 -3.77052325162081070076 -0.52303307151919842255
-3.37689955621419946041 -1.63883741022283668798 -4.46470280632271876442
-3.02425274899347318325 -2.94492518461874164259 -0.67350156857566112478
-1.32460854495086088889 -2.77539957474795606629 -0.38920597814030521988
-0.02214232263822069058 0.19500963511792690497 -2.44671107148874744652
-1.20904239468141039282 2.18099068077460156445 -2.37146098703236374305
1.61667485489033690982 -4.51346635320635236610 -2.81374857793124011351
0.50902835230755894003 -3.70646066886494729431 -3.40666032824158726555
3.95158946590971371648 -2.70138454550336071236 -3.84909343463720254874
-4.48467050929465038678 -0.74862446967661488983 -2.18774592855923044610
1.76588322154386112572 -3.99873887552669371459 3.30479024616837069317
2.92285227507515532608 0.14568081928361831245 -3.74919951454417654801
0.39341091688037099772 -3.90812973400444718663 1.91659734453257346587
-2.02918919554796017835 1.98638559308162943040 -3.25438446918148338582
-0.39244144403562142287 4.01535760729359747501 -3.18346116688677671647
-2.64506192751086954829 0.35032466375831283756 -0.07968893529273568532
-3.17689737370485270063 -3.17193378218305532812 -2.85653552314575387427
3.02494158841915794511 -3.80401265163713331319 -2.27620892779518912974
-0.19694314087136177704 3.24891274545102159976 -2.48168123994286116130
-1.85065931761479252060 2.62602837531730948228 1.97093274319887523660
-1.94921784768046046921 4.24260656407128333711 0.19947580886879912043
-0.76799965412442405821 -1.09213909473773007619 -4.29623708551777117037
-4.38241915872823639688 0.81917991812724100242 0.95799608452242424050
1.38141110643362630128 -3.93767058499884603506 1.19597376350840889359
3.50205884664887445723 -1.96564146353965396585 3.74034901844461931120
-0.77903565100835647783 -1.68215622688287913533 -2.70420433924565806194
-3.85139987136095252040 1.93598143045564885512 0.46781087412647526236
-4.49730582001210521526 0.26631585918502054255 -0.47817500415478697562
-1.38156923891522032122 -4.49103370070710372630 -2.63750359521322197409
1.27251973384518191068 0.67245401322151732160 -2.43907176894918586996
2.22292383802664250680 -2.88344324934922102699 -1.54786655173036535871
-3.17936850193571407530 -2.64213104212009630700 -4.36166641596498649847
-4.31944474861561023005 2.89235350885024455891 0.92049578449049551665
-2.13803803381957902019 -3.17371624919883821292 -1.46095752335395356880
-3.61827179900755702135 -2.99510641580576164600 3.54573785593538470806
-3.57775745739259765088 1.63891025310382421054 -1.60742504440331046567
-3.95599557781595079220 4.20693662751541719302 3.45951047151391666290
0.99359139650986882941 1.12820909946608072261 0.20330180278662801641
-1.54593314634545242470 3.48650700271985858336 1.23376678998060818060
-0.47851914799065831119 2.88853962318068990811 -4.45588729321601828559
-4.52144792483183710630 2.49064105437018756817 2.71166301612323401571
-2.35381573526470155855 -2.64381812875319877065 -2.90715929756595103939
1.58297067347550157734 -3.55016751139485942090 -3.42841931402841249010
0.37022095162628954057 -3.72032454208231300186 -2.17598650416602001911
-3.43672266131180181858 -1.69815768906496389334 -0.29436793142688788549
-0.16606363260093459644 0.17516849350616858771 -3.81913455173791893671
4.48947338379343374726 -0.19608779619099880875 0.54080354162049104616
-3.62776020192273174203 -2.73214578465282587061 -1.42659307228636489384
-3.90205471383499169491 4.48786861885041243880 -4.41174951761525058203
-2.68462165548720221864 -1.98007471439811322256 -1.14417225363020857998
-3.16286249866997515312 -0.19610433359721568536 -2.85202817358186244689
0.48488987898727042847 4.41114764197500885956 3.87838330539015796461
-0.95757957942207561075 2.71606316605497788430 -3.20771940490555484971
-4.32928503509919782033 2.96678601882765491382 -4.49305139764313477002
4.02919669318830653282 1.67975826338007117045 -0.83082087518643543689
-3.00447303514735875041 4.37304375835093761538 3.91773017312687787950
2.76037430821385409985 -2.21474767539745887035 -3.32652738001260672718
-1.68209016151127954686 2.51156261902012101217 3.39184581105917537514
3.50144552270672537730 0.35268924700284731699 4.01728471188823643701
2.19622232524541427523 -1.37450311232562638608 4.18052696510558785548
3.13351775892633543918 -2.44754005282680386912 -1.99264023435936765694
-0.20136147492839118200 4.38425121659092109638 2.92083400839516560410
0.78621798397908104761 4.14486672453508386837 -0.66593425220599877790
3.13880687709783412487 3.17618180871991651060 -3.06762925845150435933
-4.08131692487121089385 -1.64454237952338644391 2.80863257992614112624
2.66631117432524877842 0.32740519640730170181 2.06509183311645561076
4.02714068176389350384 1.44853491165052705725 -2.13236687346591269332
4.06370612919442120159 -3.67515754314418741089 -2.05846558222177922204
0.03674109891171450926 -4.40419722758658060968 -4.27056071107827150968
3.59307827733999207709 -1.03248959277804130963 -0.93854647840286187233
-3.28903021550193264133 -0.45305724722937590343 -0.69723659904278445509
0.48952789667878882085 1.89243225615427146380 0.76908077011932984846
0.41943485820946868614 1.20505533133745235119 -2.82786334108461057113
-0.23109121832750290082 3.28438125220309640184 1.16889529649752521578
-4.25197414977519194679 1.12220193491886810477 -1.09297459141862329801
1.90636896722531901105 3.58871946344577619215 -2.53238701468309823639
-1.26004889920359097744 -4.09667264847445888876 -1.36686297495585495909
-1.14705628322725061707 0.78198976462124569764 3.00691138011507419492
-0.79422015727836559051 -2.38560274728107302167 -3.47409628369620593347
-4.42558997352559924110 -2.98939753692966414533 2.57968959482536330796
0.30912593935545285007 -1.76389612015714281057 -3.81796924666010406568
4.08549008400533875118 -1.69183234600514786905 -4.29331427065822612832
-1.07902232058628566591 -1.27451996544993884086 3.81581327585635232680
-4.10791188643410265513 1.17647040837228100685 -0.05735516389363759515
-3.10431067007220207188 3.55751468749063004537 2.10623848847763728287
-3.63660996361466715143 0.27475558551909085025 0.12461208189593175888
-4.48437388508953205246 -0.23863009111029231946 2.87644358775958597363
2.05241890858721287572 -2.61288246964704207187 -0.24720485251279988859
2.12654589770550206396 -1.01163608760378798124 -2.82072790976391507556
-0.24872244175371882591 -1.71487339651866799173 4.22285526371932196099
-4.03356799418681521985 3.21248199292151870310 -0.06619823142523362236
-1.30745606473587105967 -1.89146849966653052277 0.25787631197150950868
-2.48130736156287534655 -4.10118422159363049673 2.14947887915168855955
4.00913470891929346607 -2.89506700177080844583 4.11295057654230422628
-3.57700059167528516824 4.46055058878433907665 1.16385217795724127399
-2.89047786456113176001 -3.64924727402134108090 3.61482999764734724835
3.31498365862477850641 4.47481963105430846639 -0.52900367433393036265
-2.01827928515027910095 0.40481871485680009926 -3.56169886501588628391
1.49828242105026898656 -1.25010438287518521605 -0.78080263966344087834
-3.97169876365178797784 1.02686467003152781530 -4.17719856432603808827
3.49529250490670673202 2.95657253125011987294 2.74387118611275315772
2.73818355058769835608 3.96523807004623751737 2.62000650066977680552
4.41089704475505772763 -1.23194730693086684781 3.89782149207202710528
0.90417435751295016644 3.92760036339918539028 2.64176982719247011033
-2.65038020372130533886 0.67069095030756198383 0.99369959162148635556
3.79332391540070101854 1.15361505821461829413 -3.48503443102087295813
3.12954025862496099109 -1.44121854154048900654 -4.28262931887745690318
2.51471220428299258032 0.40603810740318468930 4.41788610056309050123
0.60380695264969741487 -2.40947940341244581930 -2.80320310360969404684
-0.59533561417032654361 1.75203181359058834943 2.39348878335495118819
-0.50274525942684356039 0.34940055189909813294 3.73268287255583341988
0.30149267836219628691 -1.12904565361394570999 -1.92662011752536344034
1.63956383958734885908 -2.49343843852360214086 -3.42299621237034346066
-4.33845309469104645217 3.85543004759871532627 2.28909789260657792198
-3.96920727106843784782 -2.24434522012336490349 -3.58746820177593628287
2.58319954164500487082 -0.24974414311816151013 3.10754090209674060930
-2.69143558584392161848 1.10656206578479388014 -3.08732860038831313787
-0.62954264445332785982 -3.51121811356690161077 3.19061102622543391050
-2.15980518049637160161 -0.65240439316341047871 -3.10661063966051287366
3.73095874073795830128 -1.30657295593311628679 -3.14266471511618128432
-0.16462886709036528288 3.04332152558669477571 -1.47913328101663665848
2.54482220121552504821 2.63863268566901609802 -2.45627484972492293736
1.77089310915163888893 -1.39798177737347062433 1.37453463634783634717
1.08733557117441304030 -1.00963248633112279151 -4.25075893134878501911
-0.08726287064163162910 -2.19032993265932152127 -0.20570516010973882715
1.31837738344479493691 -0.56624627670404592550 3.84361276351788117012
-1.57781059103316456671 -4.44764797115963173013 1.25187807276641649423
-2.10690310083973031396 0.16798942009147754817 1.97278736744642557710
-1.14939883456047420296 -2.11909389513456192233 -4.32934474712467043389
-2.61244974262008788912 0.97122820142587951153 4.48264980725615469481
-1.61187937987369656057 -3.50234603935311783474 -2.69078811426890140979
-3.67480780119414340845 -0.57030025969291564536 3.48104239411971949636
-1.53449355877014603777 -2.99105936737896049848 2.58186926954405837620
-3.43649206924075523162 -1.61395973508429202425 3.65314298718803254218
0.90945740526445817409 1.18137116963095856192 2.43752261996954189271
-1.73456584035189731452 0.08727537195166945594 -2.14201405838809488813
-3.50175988671342519609 -1.48200702509411019747 -2.21375038355842557181
-1.44550551463902010596 -2.89704593127119691687 0.68252147181023570255
0.84515875668184836655 3.80394431621807793675 -4.23763466820028522619
-2.00255300405876202063 2.47357345345389756375 -4.45102293821870897972
2.91401879285821241439 4.05293840564229324031 3.61807703175646633298
-1.41626530924580418258 0.71390392359653098708 1.11519193928650306447
-0.29975467773738984079 -0.80715770009417386888 -2.75522594910856888362
4.21036194902093985348 2.78429625074272824037 3.70987646932467551864


