143
2.18919891647379660782 0.86740654923230753326 -1.57955540362970658919
-0.51916809466479563184 -2.51888376457952700704 2.07973526440726974585
1.11235052539919720971 -3.54470692310433799221 3.12200238441455191207
2.00454530052371282522 -1.20004087820739524517 -2.07679068553309198464
-1.63371047417178427708 0.64399874999395834152 -1.58328925459346070426
2.86869348578137639549 0.89280554078721952038 -3.03210651392514662916
2.64787928712014242194 3.64339437228198637087 -2.39796619925345755320
-3.78309018028617094487 -3.56242462624643163593 2.63856126979013527745
-2.52980756353020463933 0.35516391875399566658 3.68145344515794104012
3.41207921615262943504 1.74319573616028300478 -4.49780242265966290205
3.51497684979068747424 -1.81189198790831751396 3.19512304250050238608
-0.77593523195563562922 1.72454627637623492120 0.63288626999590658073
-2.49885719351665747112 -0.63878241004038471829 -2.36506099111409850977
-1.30387320449910859566 2.56861842057274447626 -1.72685324826050123903
1.31163144767838790727 -0.08723779552097621348 -1.96557983814279468859
0.51654027092741205962 -1.61871099022582720650 -2.64832124118945833047
0.44678454307421233693 4.50883876032184982563 -1.87430529370481391283
-1.38904006105073207777 1.62848313585225756839 -3.43236309851859244802
-2.89761353420471889919 0.33471806772667278551 0.46044452891124265648
-0.65825247575178691406 -3.59038864107042066109 -1.12199320868066187984
3.05891950390668565518 -4.35524088765915973198 1.23296782627059009485
4.12368640133328323572 3.18274214093156526673 -0.35069669923655055754
3.89917766552891453813 -0.02251640021520273649 -2.03667435602070678868
-0.66160882674526311220 -1.74890683510690125857 -2.41912128452509245236
-2.95060866834617030463 -3.58650146580322592982 1.66945650502280962257
-2.59405273634593047660 1.35141408489325964837 4.04753237182722092058
2.04740509113781232742 -1.64330428959628971342 0.21665497642208020324
0.17987574428510200164 -1.06295358501984882338 -3.60360785186038601324
3.85039745297435498372 -2.40039696921621814596 -1.23796768341946172853
-4.21684402070681851882 -2.85020333389163393889 3.30499654857753455417
-3.82896774481256052525 -3.02208464364567586102 1.00914179476676135749
2.91010726915055517594 -3.67793623688224702306 0.37427317782041225058
1.16776011940364021768 -2.59073662169247453946 -0.38491344607418209733
-0.21605589391036517100 -0.10343029538340520190 -4.48334518301223283743
-3.35043096966877840259 3.47197742935825548471 0.35938127093489491415
-2.33635763440516930345 -1.80322437906353538750 -0.82705913877217174246
3.41237691495688810761 3.72110040320389234836 -1.20347430729870819022
3.96737608110311423815 -3.95781986941916086309 -0.20206980242488992161
4.07241474610459786021 -2.77307452169493240390 1.19202509922180777124
4.22946852115714744258 -4.18145861161413812113 1.38908682577940467695
-4.41580027918316719848 3.52366138303511799990 0.74588320511604688789
0.18258226121917076057 -4.17246378347543522835 0.47041824915939312035
1.26022852519019323836 -1.72034537337551762803 -4.32941921382566619059
-2.67417188203914069078 -3.01204304589069327136 0.72212566508072040250
-1.35686240618763820365 1.70324255836554794286 -2.19762416287127582137
3.79110313265898124513 -1.49622364047968803291 1.64353422059497944474
1.58285376715471137743 -3.31749985798735158582 4.41633748087787392222
1.12473182513761216228 -3.55968227266036096879 0.59716885572266598103
2.19133334151810554857 2.59339539630314597218 0.45387311212682401873
-0.38177800390968652522 -2.58724421139164340033 3.08376051566017483907
0.25591917403928476915 -0.76064602542408099595 -1.15101383742357565865
-1.37638995124418439531 0.37575467165508236178 -2.89370193846275824967
2.37341465319807998213 2.58700190395862783532 -1.71254984737536020134
2.60363533107474243167 4.39009133450061117543 4.21629312495553865148
-0.40832966264795089728 -1.96778281893100137623 -4.21535631529551668706
3.69871598392504896680 -2.74935959163186183218 3.63725298115056094872
-2.50114017195462068344 3.64983919015822788623 -1.36217789184051651930
2.07429600815483450305 -4.42334072861878357941 0.11172027816715335291
-3.94697576516362769183 -1.40646131219264614032 -0.92839839307881621977
-1.07401934703223655987 3.93798869948928409457 0.82357067952433382629
4.26620756347080298809 3.27758347407794392581 2.71121685007083801366
-3.93835729006359036575 4.18405967140868906284 1.96022250148505161604
0.71078016055886816815 -3.97980893957303782926 -3.94634764277014049583
1.32323794249942761070 0.39725848126016316542 -3.75510576756386882380
-2.42297839294026262635 1.17121459411823192198 2.89510743367895795330
3.60185603510872009991 -0.32692950210367488495 -3.34234698123539875070
3.93586037171203972918 -1.70528500255983983536 -0.37581196555572304874
-0.38489502683519383197 4.15405462319146945305 -2.61892407875565469411
-3.51305776799042668301 1.05941937225898374919 3.33417793646608728864
0.23546891629459754114 -2.99757665235919290581 -0.41756227958648928222
-4.15519129739580872496 -1.49191937283734299413 -2.00639666480568790163
0.30580704396388913580 3.60380295807392680985 2.97524690381304868225
-3.61875037089593787343 1.79675360996345023779 -3.45256495271132290981
-1.36740432381258436578 -1.30686666405188667284 -3.57075251397648774088
-0.16678199230415025056 -1.12350552331737674194 -0.10088042545907693892
-4.18143860581978898949 -1.95973189450960472158 -0.04085326788599008552
-1.28213830384931215534 0.36731549671686902769 0.12619101889655759408
4.29046615448192536491 4.06611160849415664842 -1.68288750397755881849
0.53123013293638976506 -0.91571289975281411344 4.39900516302776534161
2.80549836703307331476 -1.51011291853834972443 -4.20290632667802732669
2.39895565713628577953 4.41607095651880410259 -1.06467335034248122838
-0.74079577520586870065 -2.35407615808941494961 -0.33628563603008565508
3.89905080973685880252 1.43784502224028454265 -2.14176318215829919467
-0.04188671422929335364 -0.02928932175916543201 -2.69127430430146397100
-1.33121727698980052423 -1.36459433896434401134 0.51331091678133944356
-2.31774590402384106369 4.11438888127806645656 -0.04401583648555451589
-1.07866295087471408820 4.19132664704225899044 -0.22080769139554501379
-4.19585360133567952801 2.26808983359659865897 -0.16952962356006739952
2.36352862795417717479 1.97544161444614640999 -2.52605435339965067598
0.60836020001963486692 -2.68642881473901073974 0.86659903254585302079
1.70609660575526689286 -1.87403097766234072452 -3.09346753975958055349
0.84931679264395132378 -2.65115860764499888802 3.99730785647812769668
1.25075925135899890250 -0.88912057945507960710 -0.72960155440862228815
3.28752665340781025094 -3.35111453990911156708 -1.23396292983970301549
-4.28021257937275567684 -3.19002860470992555264 -0.77995082829428330484
-2.46717351180487742823 -1.12699421454646575569 0.59628829482147072127
-4.22525860462047564425 -1.66111066832961284945 1.07804383978864848359
-2.95022452934837708938 0.05566677158204935694 -1.29905031180947805325
-1.24148959101298261842 2.69052186217241029453 3.89314240083770091161
-2.25830900477064933085 1.13071788552008545281 -2.68359212126778423624
-3.33142203895165156524 -0.99502184604915289157 -0.01426601168802932307
-1.21571709981412912072 -1.49009818025108575767 -1.09991430126964040426
3.68963642237452926764 -0.67602787293937494084 4.32308694655019021269
2.47310408433511064175 -2.70142732615836633769 4.06355822904565489040
-2.46762185658558852452 -0.28877742527303063014 -0.31941407853431247332
1.35153735309449629653 4.49624156435415311961 -0.86366412288417260257
3.30604280237359127170 -4.35194250487216915957 2.28102789632996838520
0.53042420912407628464 1.22835455040340679744 0.24153735794528508052
2.99181719717001382008 -3.10904510982911341799 -3.83539124426151323277
0.29759762002784206913 0.28039051151500160586 -1.36037248795100573773
3.82603600343973671016 4.26764546657714927136 0.56463160882281471231
-2.82982260749089142848 -2.52244650354872090858 2.67438081441004360528
3.60562523978841920069 -1.80798992916473144632 4.35476626669067901076
2.75480220957137333926 -0.48783054043407059197 -2.78635281878482876650
2.60524583448346813697 1.94442957082514400469 -0.88577058742517333911
0.48869792018290247881 0.05565712596359873032 -0.48492846220248164713
3.48390062236688979880 -1.96110806749759136736 -2.11558637267009119753
4.42197885633646858849 1.31682594752752013534 -4.34650846361290721376
1.56738389831922031448 1.15840396542806889357 -0.31957544179902530601
-2.16163153595531998263 -3.98936206966876616420 -1.47581503319836038202
-3.55830047948598959806 0.77178273530777996569 4.41339820199549404123
2.01346643547297965426 -3.82975188169427571694 1.14443101604529484661
-3.69093181161248651279 3.39882465596132377073 4.52090735633297580165
4.03759640790133911281 -1.04070276981899745294 -1.58473208975295865031
-2.80048786176785657887 -2.14137151392049274179 -0.08090792200873231366
-4.19876019466182093254 2.48438480572045161665 -1.61411037824567138443
3.97851963220285664846 0.18471083064101811999 0.34801130363808407964
-3.35277102733098875120 -2.51825537563172519029 -1.22069143137744351435
2.63105845045476804955 -0.93221081038827779963 -1.25107768615677805712
-1.97280415198955783040 -1.97972358723974561912 2.12024517886897090335
-0.35621336609980414067 0.95064140649607242750 -2.18910029167597297572
3.11942202049130390407 3.68984518611844425351 -0.10617923603785328623
3.52662669883621315847 -4.26109349291886640998 -2.17756155899109371532
1.04900623604809251077 -2.00920717592508646376 -1.35436865098017689135
-4.46478964351852969372 0.85268136586009468658 -2.75436328575334332669
1.53280816001131459103 4.11087570784502087662 -4.33448164838209937244
0.69689939261216871103 -2.37979641743298575562 2.38488372530895365031
-4.12191033118437388794 -4.05363487321941384778 0.19838418126327450608
3.93353213551255809222 -0.96982407796452996251 0.76481327245380192892
0.87054188947228894335 -1.67718265017709100562 0.05829811765247239208
-3.74702830340301140666 -0.31865830533697447891 0.95617053021137454749
-1.41339635913895911301 1.27896069143419932601 3.25515123892054969446
1.90406592432995047659 4.09048899040428093343 -3.35971984471514417692


