88
2.63804112263252399373 -4.31506052255510752502 0.04348257097167085306
-3.91666183352280805607 -4.40587781945043754916 2.28497295980627690426
1.35359820148799325779 -3.83531730122110170456 -1.97554774666657539939
-2.55295310999155855569 -2.52441711948295610668 2.30885018434488653583
1.75802608088357370519 -2.55831192303596388626 -2.10679128572762808247
-0.80329555756120996080 -2.93046116256194411065 -1.42092749863111311726
4.48371745778930286264 -2.72239860725322913027 2.90025042998425508500
3.08883843223745291340 -1.95355560391070870452 -4.05350736755759033514
0.23476668948131607095 -2.19062685421444180989 -2.91717627688363867478
0.56407088156381934851 -4.51246868466803885411 0.91335577846858218010
-2.77070769119338189412 -0.01369559481132931467 -2.77728153013935141757
-1.70660679186803498908 2.05961698798170456115 -4.48780451953291681377
3.12119167399898422843 -3.34635062656439918882 1.72041289028581001475
0.74673002469686267091 2.33372890483901773706 -3.31910687962773209847
-4.40610841563334876270 0.24070127984995703940 1.07808874401039034296
-2.41874380658756082951 -2.22853060225525334559 0.13876835022914235651
-0.47232182717807535965 2.51776624373812740743 2.81823422787802169154
0.20374071303647234288 -2.58027684006832647157 2.38527947096494319368
-1.62845102530474417080 4.03519292453760680672 1.00809585722818795261
-1.27088406731631664570 3.28036641776376125534 2.31663623910920524196
1.36306767711863230375 2.20170826780358286356 -4.41822875998830255639
1.20559830353451591378 -3.96297553055879303585 -0.80158606902124684979
0.08235855623172483320 -3.24876480414786161788 4.30473319255889474988
1.18775126053988966390 -4.51345957984316292766 -2.82843475688603884777
-2.37408429124497954987 -2.16320029937823354871 -1.09728965112359322376
0.85709780070136254437 0.03807278787233947526 -2.74513149139106271690
-3.82715554392401502426 -3.27485245877436925710 2.12702409068998132824
0.30050058081034158874 -1.35908758573163845895 0.25280974639480380262
0.37558380316806427857 -2.12837061192733090209 4.51681084874895066861
-2.43236179123007056901 0.26125986945405177408 -1.01370516302760016458
-0.14182739244575159887 1.86809589310030155218 -3.33863065257151969689
-0.38579719908844278820 1.41630408620543857268 2.24312186823478842967
4.08393138386502041470 -3.69694326765955194602 -0.51998325070320561281
3.80724608589103663547 4.38777666362447238413 -0.88397946706144958640
-1.29545855802765785825 2.31232976225171871221 -3.29541520872805859810
0.46056134113683988573 -4.36844333588745037389 -3.63648913875596413448
-1.35491068005198656010 0.92212948860016830110 1.79084580439677587549
-1.32559994369099465317 4.39058803145033760273 2.35001855313792784585
-1.91496184978457772985 -2.39516233586041549231 1.32428259534204784131
2.02037005324353557967 -1.46258668310959105696 0.94343140304309169863
2.53751537208708644044 1.43307221797858819201 -0.24876708669416913722
-0.53808033005956712458 1.37790340698156033028 -1.82067437963988965066
-3.68276938428377942358 3.92693350930351225969 3.49126112336290272964
-1.30321016648094101242 -2.58909601393123134372 -2.27619768972803226958
1.64805665270804180267 -4.23509749853137140718 1.94906464300703508030
-2.54039806412660507107 3.52473596113401210772 -3.60728479279841396377
2.47268835957071075882 -3.69080330668335721001 -4.10651589368065916830
-1.99014247792276766091 3.73019036301540918288 3.03973182469477976042
2.96582156658870577104 3.61713074191351591224 0.28926302930276648340
-2.64884935794742970572 3.84243047256795566824 3.83716410848331701544
1.85185837426947674800 0.13922121989875257952 1.67756065181072511194
2.09814865067570632817 -3.55706188874360451635 -2.75500472277886387928
-1.05180244252712906672 -3.63926379096353480591 2.70725231719329606506
1.19764644811408071945 4.12587025509141280821 2.77675938574633462963
1.89952776235319742426 1.20883624339020379068 1.87574412460934336622
-1.52486920130914116456 1.00201563661120562898 -1.09387745021858062699
-1.73489778654457937890 -3.67602982953927925891 1.79621682095282420022
-1.00374343312124469918 0.63359802064328274440 -3.18417964485658888663
1.91762410568215369011 3.79413150908090646141 -3.38908444442534451113
2.50090290752497867999 4.42993919487054821360 1.41310155736726539288
2.43104910551376196537 3.82279884683828630187 -0.65868501084247332855
-0.12315124966578050447 1.58097102710004211445 -0.78696092561219810335
3.06837239628434410577 0.20395092516490986867 2.09929748668621574126
-1.29208213306814112542 3.50784332488035044406 3.83158980853936359523
-2.17648977512327990169 2.84772854832633992572 -2.69755152696280342539
1.65282112784023205165 -4.13290266406464645854 -4.00937542275354452670
2.84082749527232181208 1.19827657022226130579 -3.54284886053792025251
0.98261974371593652222 -2.77255145656735058068 -0.92553701899756291027
1.98765131867693423118 -2.98040875684918527000 2.24745820128030260321
1.76986181473493875416 2.59522449044044023481 -3.47803386253155322194
-1.63412477894101959563 2.06938778676548462698 -1.26969049791997878884
2.91991837431106038281 -0.05932736542384109413 -4.07193185110217648059
3.54266476860907086888 -4.45836137580316282936 0.70819003306651673313
0.86714506089418108559 2.34633530891718233846 -1.17985639340380155105
2.51093738530485666161 3.01057253422913095875 2.54630437834667944230
1.50738660290389869800 1.59087276139544453457 -3.36725221629298898662
2.59580280912837135787 2.34094526553115311884 -2.98679134939889845413
-1.99469131229125506977 1.14827795568363910661 -2.17231717878503660657
0.13567845902484076959 -4.42023217489826425464 -2.40767086482776226930
0.34163271073760004271 0.94089862362504739224 -2.95359688413216980862
1.29141742986212282318 -3.71682731459753679104 3.08838682649015527915
-1.92935500618704036668 -2.41872353037782250595 -3.12281955169866964894
-2.98001796993356249388 -3.89659692293453385759 2.88484240083646348296
-0.74711435094011546809 4.21017074699974269691 -2.20287299334746045076
0.31938337055930965391 -3.33791203792568103026 -2.20968700897488457002
3.22362934936617051562 -2.93693994696540761069 0.35903328407573820158
1.68217087330384185151 4.36777698135013903169 0.67619654471678192209
4.13986782427981392374 4.04459237030843521410 -3.03216848423057072637


