212
0.51859092990863864259 -0.44246484998532054078 -4.39715519985175440354
-0.84339445805215618179 1.46566589461933727279 0.96930574519642753728
-0.56392535256580078595 -3.97408051257014527380 2.33577751494121965692
-1.39631091941280160995 -2.89969891561480785924 -0.92532804699621618028
1.43866479930572932489 1.44524695423954163687 -1.85013254696208884198
2.77239645986285587753 2.67604154615436318210 2.29886071672152425549
-1.87951267292541057685 -3.48462019687640101040 -0.21309650150644809941
-0.39238840870409141814 -1.50661088048936830930 2.96197368912616898484
-1.71889231154510602195 1.54817200512189945272 2.74241904801935287850
3.70524404412685459675 2.75149425960308757766 3.02082214268415860658
-2.15252399396331606241 -3.22514643109983989433 2.80772043239768986922
0.85965416402750438607 3.07195011545811791365 -0.85380024500324314118
-1.31702027723258474623 -4.46044085082586505564 3.55046445543586752791
-0.86540848881122700575 -2.34923346299638335921 0.02945140340596719142
1.34261267646015269861 -3.87096395526331926717 0.45156548029369325548
0.45303245678678205621 -1.06286944517615067340 1.25431941016039960601
2.01971780079664053886 4.22689103742459781898 -3.14015536060004274432
4.25903979224624418265 2.33025025682853215159 1.87378681261905377653
-2.40378558901229499867 3.70549762933055770731 2.91565768207835240844
-2.48237321193642523909 -4.38717185180323365756 3.57604196913465965935
0.64923507798922042156 1.93227583115018486382 -4.24684969892395614011
4.31307572284111007122 1.76637498958597127796 3.99309601198318997461
0.41252163324713908565 -3.02946368410034461149 1.91834090310537863644
1.22290505337706623123 -1.50047663920217511091 -0.66936111866050351793
0.45074717684858800482 -4.49210988096450947182 -3.88327736405184031909
-0.98343827039185427452 -3.07481908399923220543 3.01439520738027422198
-1.88055774765258654213 -3.12639223677790978329 -3.20572264915128002372
2.78959420755140286019 1.45755006039885781632 1.98458233258044103309
0.69290811928934648023 1.04715614014105540264 3.69349660006787505750
-2.76860393181518027461 3.52708825986306973022 -3.41360502600868853662
3.11141368651139682555 -4.14208282913422998206 3.55738026452711419978
-1.43327842852879738800 4.30511081727480426906 -3.11954764350654967231
-1.05046349539326122624 3.18738585240966010304 1.93608343522317039032
2.42921935546894918190 1.64337447636455369349 3.40660229673737280365
1.36659874010143500556 3.88330994972732579384 -3.90302259626762104716
-0.88640374181875003501 0.11375617158710493726 -0.39594842286795906006
2.21568428283651464028 1.29347446300015889165 0.69618710109288173271
-1.84874958535945932425 -4.17194424424161525167 2.53046563440934946243
-3.60809743512850733538 -4.21915058258362218879 2.42849075938960812238
1.23258430793684681248 1.36356163627859316989 1.55511256356537330703
3.95148698083378757673 3.52536900908688988210 1.67305615883343516970
1.02631504441056886634 2.01220436479080877490 -2.84967873930532533677
0.12310627895359349537 2.58471633348768481397 -2.74425796744771899327
-3.68102071982650125292 2.34408047044056022656 1.29939789612373335359
1.93692282266523019274 0.10267382679804093470 2.07533113592898654787
-4.26222523019074284178 -2.57788974452711361351 -1.33895776050216497310
0.20531975404214986014 3.62931829505427483440 -4.50616294620195745324
4.06664192817433889360 -3.47016078235184632916 3.99461878257066249631
3.99841784296638369511 -3.14392939060464993162 -0.70775639750095553637
-3.43421297282852089339 1.95134815853702914268 3.59744940744736663163
2.56660185625680536958 -3.71453419510904714329 -0.23761377605404021551
3.52787350943655564350 -4.36357404760395084509 -0.86980711913333941254
2.57233207192127455443 -4.45413678098459886456 -1.90867070536896399346
-0.54620112094859729623 -0.72706995526063300517 2.13747064894226834753
0.05327293426657675468 2.18049087111570116804 -1.66661625341663999222
3.15528700734771394565 3.95414281487185004238 -3.59275754737145458506
0.28171630985184936691 3.68672882883751373839 -0.11445878558591981999
-3.35522379506252699244 0.90577665253723083083 -3.24074200815948376686
-2.63519581617778086979 0.93590825287525714060 2.51505062631661235883
-0.00491244183778860588 0.05069773983439684883 0.90187519762947498947
1.60218256000047620802 -4.09945318013820880765 -1.07770039897212033253
1.41411152185578981033 -2.82821253868231181627 2.53370186255853635515
-0.81299128658078734233 -4.11127947910950553023 0.55750825884635535346
0.71338720078655804002 -0.42838699804390412140 -0.89663158489563432596
-0.01907739343464331938 -3.31095858340814164222 0.98007559720347803278
-4.08321856948420780498 3.89764166244361032199 1.61966152611990565902
0.93541127397358891926 1.76081500137019730801 -1.01239947486175907443
3.28555318275183161347 -0.00955574312816320770 1.96501789596655651593
0.57733373139715826738 0.81955532387546092821 -4.22495176034838149093
0.50293822181519320935 1.12231848628555841429 0.97325703552276632280
-1.99650705053113952658 -1.92573864825047458282 -0.08137011685047479403
-2.05667608040974103645 -4.31075679741111006393 -0.88433570486032664348
0.55637491787728787784 2.34152044706585105160 -0.06985512889826761551
1.51359560275195192958 -1.15304621712915356113 -2.28080953887087511944
-1.22425007848450873027 3.55881994829896886046 0.39268775316128667896
4.13481612618714233776 -0.96079108018724390661 1.69088687636629231292
-4.49701705983834099101 2.94264793464885965335 3.84487702831747579779
-0.91157265978581314414 -0.26695615520106930063 -1.59267181818944614236
4.17810938121146602242 -3.44613801749740655822 2.65305468201812200135
-1.71453353524066987035 1.87710197824571700664 3.76336071261210403094
1.53509862129543073195 -0.84937986319259817236 1.40840196531547245939
-0.85866534810935180033 2.51694813988057397580 1.03617501092169117527
1.83204496626320700869 2.36365721769459025126 -0.69241252301611577735
-2.73151706272957328636 2.42367885236919544667 4.22597826027859024833
4.15827220560815558059 0.19087816472759211450 3.04906056514199086394
4.42246216063980934763 -1.54058838720295154801 2.81690508601523603716
0.46883856280517566262 4.48853055306245618539 2.94578187008354230869
-4.06528121231227057564 1.37532048311584276234 2.82851193370501352575
-4.14606793839898379872 -2.07254482774798143296 1.52684450185769726716
4.42862237180338436104 -4.35881785435647994831 3.14384123420815786432
-1.42133268326790940250 -3.81298201619163679155 4.53554606350948130711
-1.90903341771658752180 3.15425626444930440329 -3.77959073481675211781
0.53313020259273358192 2.02799991668537504808 1.80216161843194377923
3.45776051035961540236 -2.39884853564142463966 4.47526459104064056049
-2.53250928277305442649 -2.46204519841189473084 -0.90751474092974948604
0.13068658478918937504 4.05281720770723818958 0.95103431349538869455
0.27576288922508851442 -4.02554596018792931744 0.22886144739020952699
0.60285437676722342104 4.42432350397919460505 -0.85466053754597082204
2.24746752462681165241 4.27498639851514194987 1.88766382133763688245
-3.32095068149018901593 -4.40725044798322773687 -3.94565164712651750278
-2.81126170967733601813 4.20613430325762660544 2.17803037525275211550
-4.50241430900864525455 3.52972452639962153143 2.46991182424131761053
0.17276893921779645780 3.77551849062696565085 -2.93940640817104581473
-1.33263051565794787834 2.00149585193014978302 1.88486133602798400233
-2.70804227699287958231 -2.73080676221861207154 3.69977564025154936900
1.56287694448559655314 -4.24650192219879940581 3.06396997013976246649
-2.30788178360118223509 4.45163773555058295273 -3.63582503709627502531
-1.96748753223733041651 -2.22466387716661051499 0.97561529625012699540
-0.55223445667265158576 2.75459086811978171028 2.73241476438349639722
0.79307037376173905585 2.85407710032682793155 -3.45250250777239386935
-1.97753106340465656388 -1.22014408419926967397 -4.53246661147081031373
-3.49501326512774079802 4.03504508359641800297 -0.79794732371908105861
0.17487663448411971956 -3.40526346631261001008 2.92092358782801664319
0.37209856503257476845 -2.40360050805337976954 -2.24702718894148256723
4.35221111967664153752 4.38005545329974221858 -1.99170096807893282076
1.40055387330783975841 -0.59480466033891676858 0.11646392801583349552
-1.71348604062420495353 -1.48958203914632836273 2.17439274816989591699
-2.41860420608215775928 4.24796403232625063850 0.03597920616289673745
-0.27898426320298952419 -0.26990702297306334856 3.05373791100312619307
2.79101134574708975578 2.55912879954619754130 3.49623608409716180034
-1.23909713861496761922 -2.38506311882774690858 2.03245875686774102320
-0.98256678279814124721 -3.54651117179884067809 -3.50752176182955421879
0.47799933384602688591 2.58914051452362858896 2.91106384032581377852
-0.19794044290036794109 4.28773431699282436824 -1.95816693478198855516
2.39691718958094757141 3.62736916724522640010 -1.31071057709873750596
-0.33047752867334079241 1.18554869220000025365 -2.58960325006780234247
4.16032945340485138530 -2.95086192307364303389 1.72726860776431223599
-0.50751960487124136989 0.75419647295651515151 -1.15058456374221451668
0.87532478816286740653 -0.37917940702832808597 2.09944384520127602656
4.26547777141616801799 0.81684304499211179973 4.13863841804164334093
-1.01414295451856339980 2.22444662018179961649 -2.66103089700839490206
3.65833771403737184613 2.64227255219763090821 0.93992307519327411569
-1.11919939988078454007 -2.80531813544919295111 3.99627465174764662237
-1.41827140765149639634 3.87917051816577984624 2.81953761018598836330
-3.25289199218430580274 3.19081746145283862148 2.57439246593080195424
-4.45581281231164716417 2.63678655127571470729 -1.12851316357399911183
-0.53778110837225989727 4.11136568435131710686 -3.69816442086955454727
-3.84244330196326444593 4.26831292646855242623 0.47419503145316088677
2.81892225643689098291 -1.31205207710188398451 1.54177267739973711258
-0.33470700716287193899 -3.16794111602645545034 -2.78273333939054801078
-3.90922527732044011728 2.13502861513040720354 -4.39355352867832582575
-2.76527022847837189445 -3.50326552958210157840 2.08030708403980479915
3.72929474471280730796 -4.07645618666995979140 1.84413381169275147897
-1.01873424990520700106 -0.75932769991001514143 4.51057639214037120468
-0.38084744574430917652 0.63602885738518555314 -3.72874226638637429332
2.56225278975557468897 -1.05269317879285706496 -1.91622044040923800168
1.87882484720987630311 -2.70363954602295608609 -2.15185246070053537437
-1.59712251271387906115 -3.48381626327244431351 0.78592654954409013612
1.50565563847061678615 4.07307168828613885836 -0.27720041391032790301
0.99592509463497691513 -3.81798773875574903869 2.09367043357269277948
-2.75054506396223441556 3.85555058435755970692 -4.34393096744443774071
-1.34835968797480365566 -1.12438360455313812736 1.22432523534998782822
-3.74471764492999747986 -3.68584217645408163122 1.23767687806828696750
1.76413257265154932441 -2.90049613846463794076 -1.00435355694646233360
2.55333643680391197961 -4.09810372136340372862 2.48459967001807235931
2.01229179097559462974 -0.12675247848927817529 -1.30693677142687025849
4.07528073839133053724 4.50137245719419620826 -4.11752814499337471688
-0.69199864512787589987 -1.89443290398585961753 1.01563845125410878723
-0.84442095235265490771 2.60194762800526291358 4.10918677296287082612
3.50946818720344477782 4.08317134896203004502 0.69100622259142774340
-0.20991289142621827324 -0.66695123594440053338 -0.62864096491153187429
1.65709713273281433743 1.77406037427841045684 2.63224542101157243934
-0.50926591582654801016 2.35399436198713019053 -3.82090887012701641012
1.62376766260940730291 0.69351144931211639033 2.99784201799884453266
-3.17890785023168520596 3.15943540124957689130 -2.46938470556697131641
-0.44985486769073279589 3.48641305551285807240 -0.75184239433714639134
-1.80140620938501250237 -0.38176347078573069638 1.70488433117040916187
-4.49303265202982338167 3.48035611484081908173 0.32654883918100985341
0.68447289123289500878 0.75808619451432335268 -1.39309686157889434099
-2.79158930925453807603 -4.11896441712430227966 1.00168302447409462985
-2.93098676842657068775 2.10767283270123773065 2.79248590531332663289
-0.88707532966339419644 -3.37332671077310042307 1.50710868094122130145
2.87056018887313513233 -2.33244840942974374087 0.14704708460969673212
-3.50889867300329250099 4.37566298190105928967 3.50414725917226643759
-2.50097919952024794199 -3.08671483042264327423 1.00030983963963127081
1.21655066276149970150 -2.23182006062516702372 3.61467133946016705437
-3.15595276215759223959 3.21393502856615320695 3.57228961726089888629
2.95415220817003909559 -3.54350651340949118762 -1.29549219243355162590
1.30544142749322311658 2.92632592574662542262 -2.01974028010313455539
-0.37639042891867990903 0.98639714528113131564 3.43632955897097236431
1.41164269473208836558 0.40451778986754316492 1.12764347303574918868
2.59750832677768794809 -3.31060158493720413375 -4.25258215207852519057
0.25843240132706757350 3.34241483103579017921 -1.65243348699455250284
1.56782830879725931794 2.57280711413535012611 3.47211867378322036615
-1.95610805387826669488 2.57165848111017236732 -2.58559715473415252518
-1.45558378721424741542 4.38379274932464380043 1.10514407796272084994
-3.17509895913235196119 -2.69440539826183433902 0.30023881434954713399
0.29150729325336932618 3.55914934905157576139 2.18600717836290758811
-2.16058075156606888001 -0.59865345588907370455 2.89921705094077974962
-1.70063644142371650503 2.58297845090129740697 2.87930095618209236363
-1.49239157235906194643 -0.16778858183330047638 3.91013337310580855188
-1.42437432453023182788 -0.73023783027403466050 -0.69176805026886034611
-2.45052580425541766118 1.29035957461563111082 4.53423820796309318126
-1.09212023090250998081 -2.38961182757852164116 -3.91825321274635962610
-2.63253895309990060269 -3.67827956991633575612 -2.50725068362448588744
0.99049003538611213315 -3.72024396652755351411 -2.98475953960492157435
-4.08722215305737091029 2.57605937642450211200 2.86143998630262164085
0.33255812974412091165 -2.73907209856599642706 -4.19234567788819489920
-0.44431246233774412957 -0.91476223403525658284 0.59122020171855549364
-1.75417035070272131492 3.17628666071756970979 3.76955694823231635127
-3.66964494519986805798 -1.06992655511190593032 3.95098378332644184496
3.36753024160692859823 4.10387016898243661700 2.44334739643306697587
2.72287488814331890552 4.40234942533865503123 4.35044052867843245025
3.00797819764401364040 2.61023735656656086235 -1.43607210074002455968
-3.42104896925826951204 -3.34419182996542030395 3.21898282830755011474
-4.40571432006760943523 4.09798206569207490446 4.12673539709967851508
-0.14810931482569333895 -1.51955935280535747722 -2.03484617837132697460
-3.06125981317801887371 -1.61110382051106215684 4.46395414842356341723
3.82233578101525051096 -2.88295203031433189267 0.80254253828086064004
-1.10465650578772178747 4.32507349984208477878 -0.47097473645801457565
3.64563355485167850389 3.52283795484060302527 4.07635513508514879533
-0.77565404039181862217 3.28152095248094077817 -2.88070462239245461689


