161
3.31715873568017904915 -2.40999108110843129893 0.46648327776708775616
2.70576259479912639705 -0.05187838595973026656 1.61128438342239110881
-4.33861629671524084984 -2.69974409708706053479 -2.01996195205600281852
-2.94097282587372088614 1.29076565961249833947 -2.15530848173704203674
0.38497726292877043619 -0.37545254070660671886 -1.39124986474079292975
2.96911849593218057919 4.24374888631797286820 2.04279755411020236266
3.30950788981445231940 2.71264827746105030570 -3.02816052116053757715
0.85328026103832321780 4.14337591007697536583 2.09916535066262444076
-4.37922635992451514397 4.32448326406974725700 1.98900181840607537254
2.13301436376206599022 -1.20228889516321713060 0.36929597252599943857
4.41973528087918143825 -1.76791559580550927677 0.16989177790787302058
3.86105556111884506976 3.69753094946730431758 3.08869528885961397435
-3.65659206633231104178 3.66729625341762055513 1.15704995713689395842
2.29263908018391049382 -0.84337478552806111054 -0.88916157045974930639
2.37939743521217383915 3.34922667878727242652 -0.09453926417777314128
0.16682127462211315816 2.21426979369122634012 2.30702574413068539627
3.30875755792654135945 2.54483285084524002428 2.06429905183297801585
-4.33550918669482143741 -3.86421217349296552968 0.57513599705752493918
2.19838318809807020671 -1.91310968885619558932 -4.07221313841342791306
-3.14341036314425847920 1.52449066086108064866 0.43897208080524219298
0.84914184645717583066 -1.29805818306725129219 0.08078410406983049796
0.49432656753373471759 4.39270285420313566505 1.09509115660972700113
-4.34272365680387739673 -1.06463417917485703157 1.23513002346754507954
0.49498069538358357988 0.83533667221104135336 -4.30855318915995955109
-3.26286418111912945861 -4.04729726767001452004 -2.65903883590254119795
3.21383514181233564955 -3.41430399587998101296 -1.51927872599645352736
-1.08904304781744043495 0.93295917762073532487 -2.49575278068510630902
-2.51393746706513576683 -0.13782438015207798543 -4.11119322415968113660
1.13790247072625572144 -2.07607643769808136724 -3.48226137608652841493
2.63290399805659180998 4.16146497377919200034 3.24944245602021553054
-4.52418790928210601265 0.41297098699596457294 2.35555720856105121896
-3.03838467889713870207 -3.55232675967122224492 0.54913924265963220961
-3.56971859429823856757 -0.97686430658999157117 4.25647931815841129577
2.20886669400126400831 -2.02262885246614443346 -0.42663904745822467390
-4.23349103039225749257 -2.22358023575569507813 -3.11108154144756632320
2.90122748379563422105 1.93714881080023371140 4.31226753156784692322
0.27192740457125363918 1.03836115633251058199 3.77082413227236212805
-2.39880773809574820987 -0.97236599309795179735 -1.67908518470821732649
0.45027089536924691515 0.96616079715872960065 -1.73128270277742002392
-2.31431139341431935108 1.02252048810922335775 4.43154962256723816694
2.20882096093767810174 -2.56154189603887783022 0.47834418786540400248
1.29182442828972732229 3.49182451278639494063 -4.26822195817868443868
1.97705538194785557238 4.22233886546978087750 1.74441310463730037128
-3.64824606407524942853 3.80769227201473636768 -2.83944319554123492111
-2.05278108018476368457 -4.21184790310444245875 0.02277067980276470394
0.07864677305681055941 -1.31542072129967380079 -0.85114223079608475331
1.85576573171568082188 1.76092293862895843404 -1.03236152769052624834
-2.26194419538235758083 3.11052179033184916790 -3.57248306522333791690
-2.87806523671564873368 2.94818915515691148954 2.70155829637141398081
2.66798115450193140674 -2.88103739917219581201 2.08849610928701689971
3.31039871458378431868 -0.57597742916509320210 -0.45561664474224627952
2.07170117945884335597 -1.96141248352725261483 3.90184976992756293868
2.87490908287748503369 -3.69620798996937693914 3.38350818525738894493
3.44687802897862294316 -1.80834925242765409692 -0.54753422764311698856
-2.47116019079934234881 -2.60624943557471056010 -2.21883845784955058278
2.25129733994307823508 -0.02263708146711351787 -2.08938649529023301454
2.53878673846680502635 -3.85165750099718717792 1.54253615517295106230
-1.84248937445323157647 -3.19548881923866057164 -2.90423882153874002299
2.05759144209935573855 0.35306134718037718301 2.82803060255072935547
-1.54255904401255250491 1.60192753534542831062 1.60168834712927843356
-2.27772931009848944583 -4.52759632864509509176 2.48050498601038160729
2.87404061407526878469 3.10945479622223697191 3.64549420536823465255
3.01962426191149990728 -3.80181947555578014786 -3.43459624200645707859
-0.69449180603971250036 0.44150564998169450348 3.78435717073852995185
-3.43074683393526935760 3.70114604942355196471 2.27257539603967462227
-4.16944640078558048657 -1.37092788385267461138 -3.82133856110879444046
-2.33405881212581656214 0.70236823940238402031 -0.27997369398057436740
-0.37962760796526850982 0.28640253691634409705 0.05014512235712142996
3.07837686916772668155 -2.82256421821638525671 -0.59837330261186405522
-0.83672810531296848424 -4.12837660746629175890 -3.18702177199299407917
-3.13135352016174683953 0.05944558243417130683 1.16473543541316271188
2.02635056776046962312 -0.13037500471623175713 0.70640005487089574387
4.49756527394372529471 -1.66484355848972853664 -0.85442014537513788497
-3.26389504178104505883 -1.91450921168036414244 -2.03137488829197110363
-1.59175221797993238226 -0.32469048293509139569 -3.52068550490241571893
1.15475554097751942351 -1.21944897293296561358 1.19449892869025475761
-3.25789716373968207819 -3.98986367637928385221 2.64893150148454559201
1.50556409581655969987 -2.20121799704444143231 -2.22096026035079363581
2.98250516432153300883 -2.28873332497698411814 -3.32546348019198134693
2.63126991501649865057 1.02786869277549808288 -0.33589476398463613549
2.39478171862467181796 2.20298655322436864878 -0.08136696889432926127
4.41023752256881085287 -0.62716003457705316038 3.14666759149661068307
3.43851873265054397422 0.08906096780031091953 3.91685141865825681151
-1.28517873617235123263 -4.48485179458939686725 1.91712517271503646299
1.52493272857985839863 0.83874618140834034108 -1.50160196330886597238
1.59746074925341385864 2.84761724432267193663 -1.65808109666447034414
2.44864064840724537930 3.62977432499407459687 1.01878518942184559393
-4.40118603114206141669 -3.71764795118690161146 -3.92912822642824632879
1.36767201896284440465 2.77594576722474517538 0.03415557965737470170
-2.22583221669209985194 2.53459147049514843530 1.64985629848063997116
-3.56300353131767977288 -2.90030121458504996923 -2.72309273689597430845
-2.03401246421414683141 1.55769082131334357655 0.18630825277372853321
-2.83911189960313903313 0.03698917319219763300 3.51903938696166651567
-4.17640611147095697220 3.72084517925746549594 -0.53036969826198543387
-4.00128890659168234833 -2.77234673663217900952 0.48956895955586787750
-0.84249384363238144502 -3.76152896105758172141 0.13910633851591480692
4.18144664954674194490 2.15708638568772048671 -2.72828956150487877963
1.39283379892144321133 4.41585366147436086948 2.98407169196564048264
-2.33206801051561241067 2.25044170524218589691 -1.65035688216986020649
-1.93033660893718472806 -1.07727642607511064909 -4.17719703605134817792
-2.18122925240382103951 4.14283568809013313938 1.03899478546593915240
1.19261544085530157844 -3.77448801598997585316 2.40876944164736972454
0.48099616133861200495 2.60394287035381655215 -0.60032694738886283048
3.18082319643272004583 1.27955193824244251033 3.49049033171131473097
-4.42847217547725335862 0.03113536004846384486 4.33120000784608460975
1.96856896392131375251 2.63160239430659004256 -2.92507454457321314223
-2.55740521524491537519 -1.84810989883025467151 -1.18599766415114604712
2.96014327561731960259 -1.50199232746241451153 3.18951985770588120062
2.77735627628323378246 -1.00805518322458720348 -4.41600403816773656729
2.91702339121665321642 -3.27666248684746674869 0.19164831645606472676
-3.85220265963803054632 2.97229741896989541061 0.31604839869454526280
0.51141700852880056516 -3.78726981915068483531 -2.42764461448612234307
-3.18326782246736872395 1.82999481936549912575 2.21562957865639464927
0.75912561935728195550 3.67713253843029175272 3.58577918197890266327
0.48790894168548248899 0.46663125859886278590 -0.61492929680937757908
-3.30510705219115052955 2.05600144187248368155 -1.53733411046935586342
-0.33216166885350606464 -1.20601469572719954826 0.06269377483547255991
-0.26082291845794358665 -0.38008422680014586348 3.09814579987989624499
-1.21086386327796269313 1.07967655883960311769 -1.12391166228571837138
1.58766437964952533690 -1.26952241736801196836 -1.25587999672156858111
1.23985244436970898363 -2.18634923671311343085 1.35158241842660142851
3.17184038307861104755 4.14181451400040412381 4.16096201113256736193
3.82743951340987020870 3.82325896736817671950 -0.08432722175445661605
1.20894122164296735633 0.11814545030630707600 -3.50027763839718586425
1.68216528827084310649 1.36795864341461292923 -0.03103350415231798110
-0.59978308699678573035 -3.45954739444123937631 -1.77770427356097826532
0.83387328965511020584 -3.06244395327617624503 0.65876382592505322577
-0.46115598017505021744 -0.79389125160147777649 -3.41409809457873070215
-0.38264501667401606966 0.39920825915284119390 -1.24091125445581784703
3.22856692551220181286 -1.35732521715913945215 0.55746912464331987991
1.36802224346310730141 0.14747106522246244964 -2.47878192018887899550
0.13912905322302027145 -2.98176860515794173168 -0.24232699772159715934
-3.03063386704673165539 4.50309036901107884177 0.38725015656103600747
2.13979646862923633677 1.79439889177173306223 -2.08201489456059141148
4.15440115470566606604 4.39808462887744777703 4.26169436051219374662
3.73876102075530081237 -4.08153475898892548202 1.00757817074946043334
-0.86225690568347079790 1.45005557215014402317 -0.12318087317866233121
-4.05232110369818521178 0.84136172501437744842 3.42440110336911907041
3.41566053335071462271 2.84966323408592803190 -4.28336765955683773655
1.28473246906609350759 0.58472448727471793006 1.13960201377501757491
-0.49410819754072754506 1.45347059100219500039 -1.66055040710987444896
2.39946740319957463328 0.85368286208600441256 0.63004632381818748144
1.57085938081325959814 3.80861990178449882904 0.55149401394474661942
1.02711385681238187573 -0.22291376775750570971 -0.00221052549686007183
2.21033121097320517379 -1.85442385536308140814 2.45561746203270026001
-2.75533617284967347061 0.83035255141678465662 2.46093184415739063553
-4.12225710052045624110 4.36904732201349599308 3.04445076612274601047
2.81574781130264728546 3.28132173921316283582 -2.15734902891307012140
2.02150200108608313343 -0.79463245626106715491 2.08186958298973845416
4.23158464484706531294 2.08195069431182044895 -1.42229161817172489179
4.40903051997344430646 0.64699429556933907293 0.96344519422802754605
2.71839257867674621849 0.79261408162622526419 -1.60902562922082648100
-1.59120467329910031395 0.27281609346228918866 1.19788226721326207524
-2.73037717980183680666 2.70671258331606168213 -0.39861953775665526223
-2.97838263271818259881 -4.01255650895234605713 1.69124134708083051493
1.45275251337688793285 2.38237974392268014867 3.75710206506337396348
3.90314698725201747465 -3.58890778130777121646 3.64464213250127766486
2.01851854314003364976 2.52633944083081996013 1.05654921855541505948
2.06879423788578620247 -0.82717863119504553282 3.84382981849131599716
4.19369127389835316677 -2.79127661828332307437 -1.12006518523878995097
-1.52870841753618069703 0.11209181046699878692 3.08146606329163841309


