124
3.19904532580440381651 1.47306921405055923913 0.51990745637736779372
-1.09684833733204367689 -1.20152898435074018124 3.54791830583938949673
0.22483579016825405716 -2.25057589815047265347 1.10706159637708534405
2.62623153836677225570 3.35209647929929399623 2.61514270730544762245
-0.02977521114590331308 0.47363876901102131001 -0.92343482092606699041
0.76019287446800376529 -2.10824556846721744563 -2.42844459104854193399
1.64189621221575254850 -1.86234367148211488185 -3.71143402393258670102
2.22293809814137954817 -3.02190212876094754790 2.14042534111204130198
-0.39255572645009095822 -4.11093073105347350804 2.65040152565774977944
-3.06125841060818215666 -2.71953386654273732148 0.71642149392065324065
-3.96336406914065131346 1.38422496426479568754 -2.68680545491370059707
-0.22925525330503671029 3.56747497732143070692 -0.88842162695789728133
0.08941088167555921729 2.89046160968584775475 3.30767089996129648455
0.39510640975871513803 2.33192347929911569793 4.42874296836987912940
2.23963039147651521432 4.05653425436566106299 0.56635488187284988015
-2.36226704412854271453 0.81071943347489572318 -1.25865241583153952831
-3.42180297279968570479 0.41892956047492990734 4.34888268986693748985
3.34800957397647902525 2.34532256280853257380 1.34162323459104815271
-2.77325986423618431331 -1.62939666638593072534 2.41814555031188316292
-3.39433944742155890850 -0.88657201811734598351 -1.51172979441591559535
4.31613432698812982125 0.11208894366532184961 2.65209263805659034574
2.23246109028888284342 3.21420934418907133789 1.40515142743287491101
2.99287293753935745855 0.37531942828926823097 0.72470347763165410271
1.37429348501018022688 4.06133765600276941399 3.90846997104803417500
3.59933856649745731460 2.73538300340848916647 0.21020738503341540593
-4.04294343389949162315 -3.80527691403352541499 -2.12404695100875962055
-3.43439782169098561937 -3.04181106970164183423 -3.01041598473896110377
-0.00895158182733712948 0.56841834761876075532 0.17082856792819978153
2.08044897216851243371 -0.75140345787207518669 3.82107329540542384194
-1.40073080722059328806 1.14494192697877128495 -2.02648379741047435232
3.23430477514148684293 -2.06095752556787470411 3.24297017605024073816
3.81912587707309736373 1.22773926074475792092 3.93483975465819479922
3.57412500197610238928 2.22631378719500094832 -4.36054633045196471386
-3.34926581418389801570 -0.45327677576041303098 0.51210344450871403410
3.38501328308187776628 -0.50967762636168956192 -0.99311224494852057276
-0.56557323978022910893 1.89116771613918732697 -1.51042308308191230992
-3.97869129422269862673 -2.07670152902290228170 -0.99497356906155287604
-1.78811589871724674339 1.54960276701317578585 0.06881480523762029122
-0.98840697628862805857 -0.63975420447240960442 -2.62364762121118566540
4.02250264908222288085 0.30639679859598167866 -0.08949774881616523459
-4.36008110393879544375 2.48457965364247623796 -2.28235506304891222484
-2.46499039796624996868 1.97043727117382250213 -0.94593963948399517605
0.89447086137449627330 -1.09733903034385171793 1.36922862132770806198
-0.54825895050283079968 -2.73180044361723073365 3.85111105530643893502
4.00219492603931836783 -3.09312993456555451743 -0.23264725310906619882
1.55697461379456303376 -2.98304626631127600689 -3.04597164908634399083
3.54647111640930123855 -0.96570229986418265611 2.95430211615220361665
-0.94271084881217115381 3.05156806766155508370 0.43051661207652713870
4.37875233941877350929 -1.39377308077226924610 2.30340893202374807913
-3.56990400424378284683 -0.15793212364264697101 -0.64660970180965948728
4.43563776350953897776 -1.03320770970088826601 -1.98359890836743435472
1.39209708978784352240 -4.39153050727517957341 1.27643438175165613302
-1.78415137354361696964 0.41559484516512856800 -3.87629527970299525563
-2.07172928740137640702 3.60252600601180272832 -1.22376013340321776468
3.11294453887910460566 2.19925831660253301436 2.40467625469686918649
2.19957720503724818428 -3.64175567683015444231 -0.19626734060632688994
-4.40082611713160520850 2.38844551856761899700 -3.48039936360504631452
-0.91603488685639788969 -3.38257918720446815186 -4.09161790837161820633
0.99440846062673671213 -3.16464629398658736648 0.16573451559453467041
-3.58964171539343324113 -1.98804934923720821871 -3.99682340508155764525
2.17060957218612848862 -2.79607907421213486288 -3.77682278384712644126
1.75755543192300400790 1.49221342308653692754 0.99567361418472088985
0.83162586089554668689 3.40412771938610259070 1.80055842644181218759
2.96619227705131027761 0.53733292571785096214 -0.51993981376341835698
1.52879031584609936800 -3.24504122615322643242 1.14801154891309487027
3.80612532728835883944 -1.63931344409509538451 -2.58899802715141813536
-0.78141785052533663247 4.15640631036221730454 3.94426647981563416323
-2.92742007800569226106 1.07033227275771469778 2.49200228867368966945
-3.30430195147387939514 2.62355695647331010889 1.13552576927585935351
2.39867261477441306994 -2.08056397324608122190 4.26057970839230204518
0.60282477102114739864 -4.19845808177730717148 2.09361121262743044014
4.51724156343124239044 -3.23646382965578949253 -3.93361124482665536206
0.91941586051021051418 2.03536137849414355827 2.91960500314115112275
2.77232430009668462390 2.74668242634997117335 3.40886436208182708185
-3.88061477712504254711 1.32853298962013521844 1.13522693264026219850
3.29579698450084190853 -2.48887363365642100277 -4.15882291844498030997
3.14472532581187014245 1.74214940858848432725 -3.59766657164219738618
0.45033931506467439476 0.66571221771601152284 1.98015106494342507659
-4.13992800820924955474 0.68023171208339583416 -0.66440576316826849279
-0.34265336930845169405 -0.46741845279622040721 3.77505306494454284660
-4.16234171555036613910 -0.79094699293636372417 1.53346405910818450735
-2.70303157226528512069 -3.15717098581280630754 -3.75397217215115208688
2.59967741957123177343 -2.36611707676147764445 -2.71682589176754163418
-2.62840113800141539357 -2.57179795321617454817 2.00438088578446294008
-3.99081690342926798110 -0.88724289338829942508 2.73555150048924300421
-0.54686984648768621753 -2.57138521710829737188 -2.45677216277837562330
2.49794101679221380863 -2.83516404654044418265 1.03802250553502606323
0.05386439578493718017 -3.56207491604306092370 3.51336510484851682889
2.35206742119173828343 -0.49834162125645864450 -0.76410407217441900229
1.07621112303571653257 3.03551527612495508635 3.55718404861747128365
0.88450800380120053745 -0.41686790870728351877 -0.59528772250330908022
-1.46314101845256328005 -2.57938186687148096610 -1.84085056116937195725
-1.91594194093601766227 2.97987970845053329327 -0.36078836258491975286
-2.99354356808467869655 -1.86208353630595091488 -0.09556830837365293263
1.59911043979725597808 2.28846876106270968876 2.17324159424276697195
3.17154420138058412704 0.07458092061259868899 3.38426749965664530606
2.10524459787896311980 1.68433077096668437633 2.83350497448462324002
-3.93655794513090206976 3.15686231364758995710 -1.49745929476828720794
-1.33267395208396877138 -2.21941657000309877645 -3.27440234434805876873
4.47470175301407646629 2.37456745027364402034 0.68979060001171976779
4.47175518201829458320 2.64095870785259112523 3.82516840412270564542
3.70326467197032460632 -1.28120350113611358722 3.99953777155835421553
0.13264552859462330758 -0.60844115132878062724 0.57348677197855213450
0.90689433294146937214 2.54647065523616689120 0.66396332309262717786
-1.62676321111513644269 -3.03762626873718000198 1.46550816176217058029
1.59197475721779824198 -2.70292545033935782683 4.16359950477955553794
-4.07937467980622336938 -3.50202902378581359955 0.04644491655746119108
0.14515568852265481326 -3.56084254001919608967 -2.22026851664188384916
-2.52654924312036399670 0.05703594385726518112 -2.02064761653040658729
0.51474171260057932642 -2.34935002151437632989 -4.07691966129641869543
3.15626899181931808158 -0.44211565171679989561 -3.80543722102653836359
-2.92049487473622892963 2.77512478921939820253 -2.66051350789256169094
1.17497053450666300023 0.75663660551633160622 3.36562512472932962027
4.23398518684941560508 -2.75268703082519250458 -1.15370819871723861993
-1.05454812632796146588 1.08558274477323024598 -0.63995054087729741354
4.04860678730983014617 -0.13960008129845569158 1.09104714993979357018
-2.16364224656177484007 0.45925777931504541129 -0.16031811343739033049
-1.72386286664365906418 -3.06108690682810369310 3.50918793673541262734
1.45218417125055587746 1.62911905945775004056 4.39318462270799070524
-3.66022510159635894311 3.57219384083491942050 0.46697516355386170517
4.17293637553413443442 -1.03909948280104780238 -3.65535951299581052254
4.25437944030103221138 -4.40428060706455948292 -0.35788029680237176677
-3.16319436743522564015 4.06678904773514471316 -2.97541992678762934332
1.81108542036590680624 -4.33381729543556915019 -0.77429421169089041044


