259
2.51141146243110924274 3.79358476616627005029 4.16686052565349118737
-4.50275935509817681890 3.77708646903236111569 3.06874835083196639829
1.71776465385896326410 -3.84970086184499038495 0.97931816197573695604
-1.34275643695933810662 -4.18238935354281782253 -3.18770086073539093974
2.98644983345787196072 -0.44315389735342503030 1.35137167902849153478
4.01393323243366939579 -4.36557487274720301684 -4.15670435586619646529
0.67100657654197526369 1.47678064276886811257 3.76746581836725358272
1.58251386957057871285 0.11714742812167244779 0.88773085623626446505
-2.06095199758810787571 -3.38967026019343409260 1.18976362427760662399
-1.67709010712242756469 1.46956916639749746167 -0.17960860115040233609
-4.52778766714183955600 -2.83265522129994673506 -0.92580234488023016581
2.03525614918585606716 -2.04908349104511922079 -4.26511823043044380199
3.06884384327810355586 1.63475336774542245877 4.04686965156062239402
0.30004300530971583783 2.56489421094882441565 -0.98357306821352974424
-2.78645676816114429286 -1.98365759927370577387 3.30504705297892709126
-3.50752852033550466260 -0.35944464577422330365 -2.20734640028522743904
1.07873129651228882864 1.88854231591059562589 -1.78294249843232854857
-1.33977876317182431620 2.26527842783716426567 4.23256329290419497369
-3.87232125103048785419 -0.64253766129589884315 2.92528702217027536392
4.15940457557539655653 -3.10627784295319564478 3.04117304044698588683
2.19774477078468777336 -0.27349729276424472602 3.44593001339997773158
-2.49807706880294366769 2.03576592515174148446 4.28922514459843728929
-3.27956908612397146641 4.40853809859343126476 -1.26173873090290111776
2.18306286637643776061 -4.09899547536444774920 -2.82433839026310673503
-0.37893213257155800022 -4.10172667999842399666 -3.51225713009572215739
3.63000627979507495269 -4.30297640975608164382 0.29609357070485309293
-2.96552457070598274314 -2.91752391799199095601 2.68606526304186221665
-3.07702852049920005939 -2.34548505461218415036 -0.33369829508613424451
-2.60571933990711190887 3.93730078836593389013 0.00927069219651421861
-3.60379872803506362544 3.94588425564657452327 -0.32016640713262134454
-4.44185885478072517429 -3.66429178045835834965 -1.54296411306783642914
-4.40406743345908235909 2.00296922232873519931 -1.87425976160566687412
4.02837207909308414600 3.03952066399443143752 2.14053968764648860912
-3.58813959040150276536 -3.10904253389376306060 -1.73445325031055741505
0.58789975012978423763 -2.03286858697385497408 -1.21331297796863868399
1.80228983331881398300 2.61663310078312250084 3.98824132375286932728
3.82152693417179900592 -2.33164245474498299515 0.88393912131497831552
-1.47775197802041002859 -2.52842480990216111891 1.31798944574688992049
-3.17665655988254957975 -3.80577048186392374873 3.06292177262764209189
2.94838018019290526439 -2.33128808412634391800 1.83605644790569844105
1.26486571374926359823 2.96336488054447944052 -3.45357696166026206797
0.47583440390494669003 -3.29714024277276118724 -3.46260293085100290256
-2.23639862373748599111 -2.08319332217823172115 2.50689702846123108060
3.18246298162288976386 3.79709707971307519614 1.66247423585639797494
-2.91201416294027959353 -0.44984904599004771342 3.45941079329689582522
1.73265681306752838964 4.00114655447493827722 2.03668283831482721524
0.18174376237859934946 -4.29121992119171125069 0.68798694001333160486
-1.25933854140991918769 -0.86957954917629942670 3.43128475700339929944
0.98018902806005048234 3.57451130997683019785 1.39973522713582720911
-3.38117348340887025060 4.35174714392592054679 3.83309371511718932624
1.76747829456113692004 1.90608243351453321424 2.58445485707727851121
2.12585070951477295154 -2.48371386950190986553 -0.21742477012053917917
1.53655712614213602052 -4.48185319581679220136 3.98944667190869406426
2.36371575911448861262 2.16708262017313657566 -0.86105611135928628030
3.60455113382617664541 -3.11232792173113859135 -1.08798092600008633468
2.32552432011849496973 -0.91491178010137153009 0.14204365162027432490
0.44195548975324872032 0.92778396447418476356 0.66593196354659323077
2.55188773524608780718 -0.05911406881671332769 -2.11483551061481289679
-1.50058497839220716941 2.85187564661074244299 -3.27524294447715069722
-4.33896561608995501302 -1.33346178975000562161 4.30928867814872607056
-3.21561678602184786158 -3.22967252940148696894 0.52481683989624361431
4.27997708978206059527 -1.29494401351786736498 -3.67697595287271017384
-1.83892264493314794294 -2.49365140475429480915 3.73783455869969483132
-0.72155405368661540422 -0.05035772981071406917 -2.78387045312602410263
3.86432973373177990339 2.13965902479583203188 1.48181514640358358292
-3.99113714150458109842 -3.20044855364776870132 2.61135144078803094203
3.23940393943686189004 3.69004635231591127109 0.41272658176225718307
-2.41328215485757935355 -0.20607575538365985324 -2.47666263612258408244
-1.64858550094129974184 1.96449499632107471569 -1.63851781753278613607
-2.90223053272049247298 -2.56296637556551365478 1.33364338255052761184
2.88870749428976036910 1.36647194376009561978 -0.42422726028263024745
0.73362310203552372201 -2.65485340113809931140 2.21932570537054729698
-2.48796195505824524474 -4.12644870332351132447 -3.27495648318870946625
-3.85800634979707668393 -1.83038169664658489921 -3.90162350340049268738
-0.69999403663022974342 1.90020179074918527107 1.52941289335358288071
-1.50225190055020263458 4.03170323157658305746 3.90511806922942827924
1.81911330518473945972 -1.05917924661751428062 4.22041036745656850115
2.11582130417821367985 -1.10067124071316957412 1.19828458333807574832
-1.29946019648006316771 -4.08329726604234277687 1.45745819508825746880
-2.56261249565851256804 0.45749092738510110934 -3.97899836656387062561
-1.58741958424363405200 -1.44821802048437087151 -3.98921065350330472654
3.20770545706166654298 0.04203196390697883089 -3.04510957966190609625
-3.79309624977213744046 -2.18850365149921577412 3.13452338703646127271
1.25214074676810493969 -4.01150846798913018887 -4.03424419702014169786
2.79203735301397859558 3.12027487728951236079 -1.76388014453329855513
1.24510723174659876378 -0.64959867179089814115 2.57670718226250805571
-2.96687169666670191859 0.75234786190155578112 -0.66390868561100546685
3.66280243944566574754 3.43397378539558406629 4.36987036174076859396
0.17798274899861610265 -1.28531276412001238540 -2.13026734508362292075
1.40080732376317662613 0.55316461822460283315 3.58648448849373213676
-0.33012697840748295164 -2.91597254852532028480 0.88310952844816803520
-1.36571578380813907216 3.53998872836412825649 1.48754147051768459420
4.50910133934625445562 2.82295775273392646199 0.71800160821444070081
0.99790564627220224025 1.15471647255259668441 2.65831528006318240642
2.91871478600985678753 4.11979157522682815085 -1.63192099772766718857
-0.79259677844791909251 -1.78847205314759793993 0.41412296554446736963
-3.24708361646252363641 -3.73092618156892408265 4.31888146471323164377
-0.95222306913294962882 -2.38715139728227887517 -1.30114846811076745325
-1.46168241956187827668 0.34368748968743734196 -1.93982244327280461960
-2.01557678285274910479 4.38795655096014325380 -4.26776386002400620612
-4.39344424108622622072 4.03637798650569035175 -2.39564985149831244371
2.18585675222281405894 -1.68108748429020282700 2.46236496174410302018
-0.02194908685576013596 3.49312626695375438857 -2.82905536110332578303
1.89458233800077646691 3.86815373854746180626 0.82483413338286126759
-1.86371453208778170563 -0.26904394276577381362 4.40515825986789177904
-1.78627695714700873708 -0.60786216631289491374 -1.60190696780241159658
-4.29961290969337373014 0.39426106773273073003 2.98358409379827893559
-0.84659017708465844620 -3.55299179058750480564 2.24969158444982575418
4.40634847698894471790 3.38029684483449255339 -0.37979660781188950835
1.89306093974261369084 -2.87299011693735550921 1.11528111729459133983
4.12397917286032988926 -0.43759515232188128664 4.42730163783302455016
-2.59729169375453494695 -0.88949643958818569445 -0.02364734744322305460
2.25335529442755433394 2.78677287328685796552 1.92631977239441365413
3.55946604584085246614 -2.26646752662777073439 -0.26528550931437511196
3.35993953456773031263 1.47031696867709182897 -1.63217423654737858740
4.41026863359938037235 2.22559289043241381734 3.06285406338794263803
1.64628039883593491055 -3.25353062060779896214 3.66884737733225652079
-0.05202950446984644373 -2.90736442169373487943 -2.11732284227817935118
0.41417808689613089257 -3.35031151317635922382 4.25377465447281277733
4.18773497051255016999 -2.29792575271040311335 4.52738166511635409250
4.23348954918501707567 2.08143112743983760282 -0.23942974099681357814
-0.63235588483705162943 0.08130018222668322636 4.25478903042521405808
-2.11786486445369259712 4.45198005678820063480 -1.38727177733329298803
3.17616767195760996145 1.09865565122147756938 0.54704557430309552757
0.51011346730016349227 -0.31547899873497708967 3.20645809018322669459
-0.77859623569959834910 -1.25967590508634685875 2.27279751702429422267
-0.31368850096480649370 -2.79038884392856623151 3.22693198418141236061
3.10885184388904622921 -1.11445625729231911905 -2.20440739671844099234
-1.82637399443414905065 -2.63594925343000374696 -0.50691363766688368742
-1.62401286325700233704 2.98351352171401007496 0.14354061853658706127
0.87311426569417527332 1.57601538037075616927 1.70482397293994569765
-0.26882255859972570278 -1.40375597942228225179 3.20635877143744885132
-2.20247384846329552488 -2.33325829754728664156 0.43022767710922416029
0.46921162764409718449 0.49193543701885289465 2.01833879454883202698
-0.81584749863930339231 -0.44894609289201081737 -1.65158303508760440081
3.25161734403884672417 -1.01353048198721173989 4.35681462544479902732
2.00355569657179000131 1.22604937048430873148 -1.06915833313756403200
4.50164231593620112193 -3.57989114159749366451 1.74159241303829315228
-3.25740145869285946389 4.51188928863068827724 -3.94140826671090982458
1.56274694260096058684 -1.64073140654329341359 3.35493448428358753688
2.81421081327191302535 -3.56632637297991861303 -3.52467221950524089991
-4.36648397413829680858 -1.33139057496090806865 0.89596308037582250705
-1.68255659789973899265 -0.34229730278363579288 -3.38922641149748793410
0.55921476247648271851 3.65603068825003862941 -1.86265209683983368194
2.23251518217642175301 2.08500682368310652492 -1.92342415639173669462
1.24134205189995228125 -1.71746883699790231503 1.59372020700039573882
-0.57600939724182875779 2.74725206006856215168 0.16611277548450242847
2.62854509604812314194 -1.82249229898797704408 3.96708552554443816263
2.29862404676834319872 2.12348108090194376274 1.08676371885160971686
-3.19712822127982976284 -4.36940995158516809482 0.70527779764525000417
-4.48088433743447644986 3.99684726606938678373 0.78106434727097440174
-3.33096699744039215219 -3.47295388172975405539 -0.57588991016576684956
3.84727100410493694227 -0.31483357207159290425 2.51028358280262953173
-3.83221240458796152950 -2.61004555957392625487 4.41392709218245915537
3.76813579667356446379 1.04809079730951371090 -3.69862915747124931798
2.73965099764387431946 -2.84811078465113043379 0.44735822379337530919
0.19734102710242051870 3.18516526688410639423 4.50929760865869067032
1.85175356203599594807 -3.90687250099774630030 2.72811250771765845258
1.25616720421302741073 -3.86691015103997992597 1.89315632146019208193
3.63832854526426618946 -2.29012734248841631768 3.51676404452433022385
2.56620559198107223153 1.21566624039698734094 -2.46938469417066297495
2.12730227758986689679 0.25584974968484264224 -3.85819532790156438651
2.41390957755657531436 -3.44476540016232979369 1.84261176851480890093
3.76687231272799660786 0.93337907295047539691 -2.55022218014185053647
-2.37284216384351731577 -2.13998447008036096761 -2.15982336495237303708
1.51257685538152131244 -2.25622064477738382138 -3.02149502342176212721
3.39881157482350193533 -1.43708006415183842108 2.81950322933394392777
3.32022552646355340045 -2.77017170072245866308 -2.17128658784342309929
-0.62517182238947111017 -0.92034178098713370630 -3.93512210975692200421
3.43672322894512927149 3.75610754784890499280 -2.71918394171359922851
3.49060726199279525162 -3.44821327401944177637 3.90015973089707568278
1.16564101670359843155 4.05621031508551066480 -0.66324236966849436925
3.81946169882635633286 -3.46715750679167511450 -2.83559895136368256274
0.30983314262956263008 2.13935054805498392483 0.13084732995466730188
-4.28869287117006781074 -2.77683895887845810790 1.00555647876509812733
0.19456636837171537024 -4.46872551822591468351 -2.56584670707957229752
-1.01131024760188203970 3.70635261495343915072 -3.15167851244430030633
-4.46570533289893667472 -2.46300408419976335495 -3.36350458381638262040
-2.17168958461227479262 -3.83639999259677733079 -2.19184389700507420429
1.78465824159408015248 2.40979149145170978841 0.14778177927555358195
-1.65142808685532793689 -3.22133783894559089234 -3.67506942791578383734
4.14989159326650547399 -0.83532823295695513011 3.22927554845664044336
-3.64378990974686667315 -0.76335713823942263900 -4.10910406268756833725
2.82576601816942396539 -2.93345677563830209422 2.97835710879524828698
-2.85358223470056548976 3.38119255283315833793 -1.93843502389417965404
-0.23771998820311779355 -2.89737254667259414020 -0.68252306673436624607
-1.60252978988083238931 -1.49140437305555062508 -2.98347855338966461147
-4.25650974734815257250 3.76110627376323680693 -3.53195023544324993026
2.54315059405165300177 3.37349816108724365193 -3.94250176121800510742
0.98019095855270510498 3.54218266286902672135 3.43092983949220897699
-4.47145102389968407408 -3.38680394752668822989 -3.95280595963333247767
-4.28310145238554973446 -1.05619149988744398527 -1.56530109463047661933
-1.77592150391300007684 -0.98591854833084013876 0.71583632229596805274
-0.21375750155112260842 0.70996380068296982557 3.39565070352314624103
-3.31795561420436957434 3.83935071349640733018 2.53375041668755507374
0.27624393842408689892 0.97701743592318468501 -2.12918076159618951948
0.26804377078176688798 -3.81061597908775917531 2.38961194238504415210
0.13789512354599686716 2.67307162179044954797 1.35668072409968853975
0.47846137344043171424 -1.57825445436678002409 2.47022550587195777183
2.34309462437891813380 3.19463321623210827482 -2.61529013743498062183
2.64523920252280131393 3.46535130769940469264 2.71947649417185655096
-1.19340162103718272490 -2.45429990909395678855 2.64245484289981202863
-3.30379361930305037731 -2.33761694126651686787 -3.00124043881165736281
-2.11135513880213432358 -3.66246532291165749484 2.69868730971950476771
4.15802469292802978629 0.81174578378036965631 0.76824053996805208300
-0.69379284313347522328 1.51603771241297913264 3.87020517391513063643
2.11584039129903800358 -4.46122657174878511910 -0.07070844252902741545
2.86468391745716832730 -1.74877080531677231434 0.55755147779868963198
0.68430002571025561053 4.00727864995155425021 -3.44897788504938995757
3.77724746021535917606 1.08127397200861263826 2.23803127914455313174
-2.63906094632631704755 -1.68650805395136238474 -3.83482155005306424300
-4.17501442165406189133 -1.83204716297282654835 -2.57827439838124883309
-1.12838205982618067225 -1.04384052645231495404 -0.90495523907301400612
-3.71194354903780476818 -2.01327627067542458406 0.39896791933792030704
-3.31427563665236890600 -1.11690079604440928307 -2.97961944746830464936
3.82914364871051215999 2.32231933083708685928 -4.08664850835828108444
-0.59796744171865601203 2.96949882549951205135 -1.65878706859902091963
-0.66067373656217531774 3.73186343515305285479 -4.12980904906250145814
2.46823987394833643805 3.44457004527956289763 -0.17188511403338324612
-1.16764105241097304599 0.33872190828659043405 2.08990252111514784872
0.99486689857975374451 3.22895524939214961790 0.15246595884504188234
-2.17030267303820645353 -3.46581387827873754759 4.33337675665686727910
1.91370298154884022068 3.96298039679770663923 -3.39145999027322631036
-4.12548362661243750438 -3.47699637640088887736 -2.77266661290670102247
-2.71529261496598905978 -2.74491724935643910399 -4.11422304667016991431
3.86929574580709800813 -0.04393058529990501171 1.15046596503990361526
2.97362259054011612847 2.30467255576152840746 0.19175213574826255325
0.08624379052361064169 1.69413010644781714120 2.67934730791424779994
-0.57851677119929334481 0.70324451178696634202 -0.51314352818970832004
3.01174021654902990264 -4.23410126449329204945 1.34624933867606078053
0.69714901905394555115 -3.30554713399431054910 1.09928090066694039706
0.63000418572838778886 -4.20241301683575496639 -1.39069732100761012106
1.55205241373986613240 3.07826870532354757160 2.75170974932668155333
-1.75671855056768544401 3.64736560937944087613 -2.06305995492264981905
1.33071771709170416642 3.56895438309342072358 4.50795412967407127525
-3.35200910688930475700 -1.73443263320785368009 -1.91493396125056891677
3.65219240465006134144 -3.49089210309298181301 2.21832758017754994029
1.38521851406152141095 2.53812176711883541458 1.05209169374343414205
-4.32030693761914630358 0.31247963247599930270 -4.10937309719991006318
3.12384461053070960901 0.30492577279014732028 4.41751524500077419333
0.98156254146834243102 2.76860807082907189880 -2.34413715585440396438
-1.87446511257550607610 0.36438062741334320549 -0.96831776651812573320
4.39726684717439564309 -3.36061904537341771260 0.03502533956663711479
-1.47214358219272156703 4.39543921669541415298 2.27378032823976017340
1.78511681291357238166 -1.80003552058582183548 0.46584216669170697145
-3.78921536201595277049 2.07991776687190199624 -0.13131525878059235879
-1.42291633798839090019 -2.80230070815954457331 -2.62443714612529888086
-4.07658230253045861247 2.98173649848666233453 4.40136796235424920809
-2.51542951929759928120 -3.07555219969152515702 -2.80287657044055826816
-1.96219527217599587487 4.18167136008173034867 0.89813617432915648919
0.78519127712171510325 -0.47103624148924616577 1.55974699779621328588
-0.01408155458200521792 4.00994544380107509340 3.92104687898404424828
-1.88336960446005630132 0.04184771531634545738 3.11712001225142198990
3.87546118899914926459 -4.32525945486477336743 -0.99514105599534463664
3.06519561555858022217 2.41159532109770058383 -2.63311826950719840568
1.78530531840708928115 -3.35712948564283575337 -2.09027024349966916716
-3.50794672363490800393 -3.49275751387815658333 1.69334934618726951072
-2.55958813370693327727 -4.27820714201585339254 1.65530947806305306358
-3.07717244277365820082 2.62875722083571350396 -3.88183571513798941766


