221
0.70352428832156910232 3.62336141647919962594 4.39677836025829460453
-2.53640031829808076935 -0.56462612742563100809 1.12952279848917935823
-1.27701943213128732424 3.27116617985395663482 3.56598572290527737749
4.19862963179418979820 -2.18650272383457844327 -0.63947910905392424397
-2.10395257600160645595 3.98041216499738492729 0.27109669331760599675
-2.02894846694034347578 3.77223512061844612475 -2.03335029099229069871
0.59670477891186557429 -0.55758630176668955158 -1.62294855988331576668
-2.75799385780490569076 -0.07446569311304607197 -2.33187120908512346418
4.46242046483426602066 0.79862927781013848261 3.40498324997372581180
0.43132832573453860903 3.74391619160354505169 -1.52800027443744657063
4.46002948362712370312 2.96907082135010913504 -1.04071716354436105689
-0.67518691028542088262 3.93412667454769060527 0.18083005953334563287
-0.21312606499839947816 0.09715472866721786005 -2.14168540445655075644
-2.30970493072703897397 -3.71493293767566035157 2.00963721182163101986
3.15313051582691361574 2.27621442489988812241 0.29618061845592080772
-2.48284676618921151814 -2.62019896204274926887 2.07085760226064330425
-2.58866772266337852315 4.35268749625854933782 1.73815805020760816291
-1.53406507826465254851 1.73335000002879091596 -2.50228143478117015519
-2.56633044093223228188 3.20897941954059184866 -1.13997039492611440537
-3.14145334153808253319 0.65029162737603218858 -3.98577096568027444690
-1.28699947382468149470 -0.34302486706427259833 -2.67053661983670931335
1.79511271588748844152 2.88340379493493692564 4.18672525845499432506
-0.19901208618986032661 -1.87284440456798062513 3.90811760068457925144
-0.13261282997796541849 -1.64843336937113704721 -2.82980690079954522176
-1.07567480263637227367 -3.74928594493316724723 2.24965561274490077892
-0.00464973429784265591 1.70307740028748799688 -3.82663549646952150241
-0.34384807399393135796 -0.11027865436894668250 -3.32781062619168821470
4.46877875552565040351 -2.15697376550438768561 -3.67937752192681122310
-0.40694825188457972587 -2.08933406488303141657 1.08260797867051294929
-1.73953305062501328848 -1.94323810432177968011 -2.43037621183537755343
-2.08484234159694414856 0.49625548871129865347 3.01433931787365327892
-0.39397794427994714539 2.05926906869397807753 -2.81547367206653342819
1.31143520328972318367 -2.11125995270826294359 -1.05842826892789920734
-3.40740177256450271770 4.31452940710243293410 -2.59830312658571616069
1.16812491530376050264 -1.98382876017921594425 -2.33914871415535507992
-0.89425162196737328912 0.29250399217767508731 -0.87181088259616146274
1.87991899773135084928 -1.16951219614534451807 -2.54761143175186255405
1.02521969181224026357 -3.40033676479047830554 -1.40064804160370304231
-1.25063216520668252230 -1.52700962484657098983 -1.63904265865861820117
-0.53205807231156398984 -3.86518792823192569585 1.02031211699195178966
-2.48348603963773895131 4.44905446601997933698 2.78057865685993288452
3.05581525193040359767 3.69671510843421469161 -3.30261113925533900115
-0.15685189890174555671 2.71145011577206318520 -0.86212840713018046301
0.03506580936692937911 -4.16403437438401002879 1.91808439496619254072
-1.28294686085818554488 3.36893618366880875925 -0.72530775991700391359
3.78532487308539078441 1.96904719421632989906 1.76007168568895444594
-0.68826463318832820093 -0.86935711779809565769 4.03406682106252834075
1.77963820653174575881 3.69336833197083524993 -1.60271848750237566605
-1.17892304734831121493 -3.76005133346817821405 -3.41393190809461133384
0.89125986240963683827 -3.61697170404961676482 2.73084791247826341731
4.02342673299148056998 3.64193578821342800467 1.10984555700234110986
3.35612254750699090522 -2.18180710520581966350 -2.86749216743566748278
0.42675459694599471305 1.78031129548953703789 -1.32152452741264525571
-3.56440038248962531853 3.26247564875916040705 2.97464959459003530640
2.74046673011362074135 1.31297545490078526598 0.84057811603871623873
1.78391617457057183316 1.51715662469059164863 -1.53210381351650060111
-2.31969588385542424547 2.43641534447962815335 -2.10013563245246892564
1.36144801204014065377 0.40186247990466306135 -2.16627108530842482637
2.62765895775166224979 -4.18342470995526216626 -1.30253130950973394775
-3.19962615888905022032 -1.07325080961053487272 0.10176562047407955447
-2.51603049314879934073 0.98275724168020239802 1.88991737003491255820
-2.68816256627763294773 -3.92615029946882687639 0.95524055869911350669
-1.59145701156799646014 2.72812573754653975300 -2.92487065866959738969
3.50107779656206385965 2.76835991950769599867 -2.85616437056811944828
-3.29000445415760278678 -1.18518445037611197534 2.14530395954044728057
3.87546270417722649171 -1.65689028219034817369 4.51714586082710045645
-1.91864314725310247667 -0.37733529880514726784 0.27934646179641653418
-0.74522236795285223820 2.97956581477490711762 -3.23811837178259720460
2.76495520085586932169 0.02008911178283767640 4.09416502603431897711
-1.52364149695877237889 3.79292613283950696967 -3.17911189218835410486
-0.40895381921840989747 4.29207822435474550815 3.33551222050874596192
4.02814333546590841451 3.98834225572274103655 2.16094769777586925841
2.73838786806290279685 -1.93292231553753612872 1.03436945649815914550
-2.38015443652875902103 -3.58147537783800817834 4.35733696045776230932
1.91380275734794391695 -1.00694075870900334735 0.09139824526096784751
-1.56612673636485766338 1.86687159594500418081 2.64936751955178984019
0.98251616162238164520 2.18241087345554252153 4.20979626261246675512
-3.39863722965737968806 3.43710193042260581109 -3.61829210992821037607
-0.98855574254126654665 -1.46855129576482212883 -0.67726465454480333506
1.11713820132386221218 4.19790780949198261141 2.97845990259612936057
-1.82162896074716940120 4.20605274828157948974 3.77091120412825464570
4.41244922635576752867 -0.64014855469991394088 -4.35445773767031596435
-1.19686266751400793851 2.15253461228496689728 -3.78701832111367631128
-1.47884848157237325239 0.93825440117569858245 4.38863869016009910951
-2.63202726261144270836 -0.48904678167543469414 2.53457574837590016159
2.78124119543190850834 -1.09184197348177924880 -0.91525195602647979598
-0.00916199614263746298 1.82013509556491115404 3.92256455184331631614
-3.33668822896299266390 -3.13465964365353411125 0.33643107710723807457
0.42953198435231776386 -2.48697990537235735786 0.72528125589285696861
-0.22786924898905969172 -3.05602456450654980102 0.23689975920758765682
1.51876121044369494228 2.04806962489843424891 0.80109719445938321059
-1.54945629365967274538 0.63131670901717029665 -3.33348834512248659578
-0.00344228076651553749 -3.66212322620187480382 -1.78139680646799813957
1.17849574352028163560 -4.35130023035801016817 -0.97370074019285679512
-0.11001867452038549544 3.53934987525815447640 -2.55772192615607618649
-1.34272416603267785717 -2.57250294707853210951 -0.73447430735111307598
-1.53651866248086355071 1.08555576741697734633 -1.63288467876587928274
-1.98826696156315296804 -2.27496467434823079756 0.42568944520744445015
-3.53879321321323203620 -1.51554670756516074448 -4.34076550031124597240
-3.64479774177598558893 1.52023153154898604811 2.85144638475835865421
-1.53212912459185446323 2.16405582005142260726 -1.14573660033430346772
-2.58228604427006347422 1.73284804072774267780 -3.06115606493945913158
-0.71881037188570751084 2.44335717605940150321 2.65264441559142039040
2.55338005863852668398 0.35890400532426713909 3.11259725592286518037
2.86228668752551218546 -0.92645996578746547812 -2.46255088609531336274
0.91448247461766296595 -3.10225639846139644717 1.64865146005493823367
1.95584018279497051651 1.78250302922920855764 -4.37326807379146664800
3.65643580016660063592 -0.09881639621021953701 -2.83336101293090214526
0.69816052742863288216 1.31621572429753808109 -2.35899879802522427497
-3.58808859406827185268 -2.88870108852930451704 -1.81870815610651614946
0.12613879342180300824 -1.16305708921919670473 -0.19973631082281073645
2.49473715583844235510 -0.74908269754160228260 3.32734048795095826989
0.62724332637154933678 4.40167611124879609719 1.16600792133931729921
2.00117730061136978037 3.77773275155370225065 1.76669330190686313387
4.13011679170988887932 -4.00436450520281894683 0.01399574967552741356
1.34206777548081834794 2.59933124655869374209 3.20000788439605354796
3.38084969869732709924 3.69726136076851386036 -2.36286578464727892168
2.19688731101786860478 3.89733255007148304827 0.58410982318352822062
-1.63329480513011793263 -0.77809360056693677166 2.06272285030736135525
-2.95265872926232919582 -4.24400106731578397046 -4.10055438195407262469
4.32316379695584540599 -3.08549073747398372447 0.39399161047248121292
1.26664712464299356043 2.93581570338590047697 -4.03838984219015983967
-2.32657186074070398973 -4.51829125023823774399 -3.29054350148559437983
-3.92649374272566920041 2.65413944163478987548 0.61781219261924036346
-0.39565542982380730308 0.82133515705756021674 1.22921342071015349262
1.89132303554382286137 -2.47533081834686008449 0.15183863497736904691
2.80121995599292805679 3.04665788141744453554 -1.83744298331648359124
1.81379256048766546172 -3.72605585242178216632 1.65503177911786458765
1.98455110243682142368 3.77194184183096670182 -4.18162859037965262132
-2.78639743154058461272 3.47273226325663575409 -2.74252778259653950954
3.72699799043676716082 -1.45131030167121188867 -1.86011369989745967146
0.49802961330129402739 2.20004700542416653519 0.69448198452688636451
-0.05576961050343243187 3.02442101749151159851 1.32190362327204713466
4.39887088736903120179 -0.94296739378327343317 3.39923413129734619531
-3.92841864788096151173 1.45125473360340517814 4.48343782790457634491
-0.13164195987110449693 3.37658531869999212205 3.71445750257019025042
4.33163645354118909125 0.46379218311959213850 -4.34932637399217369989
2.62525055265712925490 1.02602525201716066050 4.12386529394341305732
3.62064798860443826101 -0.48911708255441421755 2.67764040294985061763
-3.22221810769308225630 -2.37601559681613316855 2.68639620815979718316
3.36425001437727377862 -1.08098066296642825179 0.53855604782657895413
2.23317511808963331532 -0.84671930002147766103 -3.79605042192786656940
1.28465891019209887958 -4.38766368140524143371 0.23430899804700100475
3.71729182902827393065 -0.02415539346526962561 3.58006606910938263155
-2.87392052024704236501 3.43311785357345922165 1.23637975296790969537
-2.29806158429074747218 -1.94096548010943070750 2.90095904439927831930
-0.44408180752834436333 2.36954812692403837815 0.44142535073447142224
-2.90950705495690797875 -1.42669603077549123071 3.61921182746952663223
-0.69621097847514867851 1.32762003440621523254 0.10353369745814067215
-1.39815293379240745963 -3.08162805721681554161 -2.33158347501445639693
0.61334558268734973296 -0.77168714450758457701 -2.93968176877529518976
-3.21823268055269595678 -3.28388005712189956498 1.61985845533480077307
2.75790903318749958117 2.35365077681414458510 1.63820221336843019344
-3.07229129445072013382 2.38277029667382667100 -0.35188417616389333631
-2.14221402942653993406 -3.20734719896378361881 -3.66913709882074146051
1.79237431785072320878 -4.31991211762529392360 -3.68237354796944460489
-1.63731833411059213290 -4.14511603967404074211 -1.27549910315856696030
3.23101796535039387237 3.41963699287213529487 1.70349127407375622312
-0.66769789551448610609 4.12896482873046632989 1.75273904360477583708
2.90885134387734201056 0.41342427200199161064 -3.81251290101985063075
-0.45056294888514614172 -2.64911240136826231506 -1.83727806898283541059
4.09596950459169395486 -2.14995401983451550620 2.07580377130887949733
3.38719427782389548298 1.02513089596908280043 2.54351795889178777799
-2.00135699112382159370 0.86717216057419932440 0.92072793073914560580
-0.64887350959073009093 -1.18290016767570982381 -3.95113027608398015289
0.78413289116827833425 1.08511381156483199817 2.10762398709257059437
-3.86331523638690343958 -3.43628767937322798787 -4.27426775598157959735
-0.73607001480858968989 4.15736137140446881943 -1.73881378450816015402
-1.20026465750192468107 -0.12888127925851744493 3.06866744314015349460
0.52910326535186058550 -2.09960059734148529742 2.04876688341967660989
0.46700238859646070466 3.57999394894458955463 -0.20966650557576560487
1.46373306295886251860 3.01374520525047895347 1.20276553440965283670
-3.67546604384815500666 -0.34834025238846777484 3.64071444958258272351
1.19193435157468119456 2.30466339438128731132 -0.83215797034197125370
-0.09540898400886632658 3.60128178171103119354 2.41691433663795063325
-0.22057434086284555264 -2.96245545964863365995 1.74741091077981014479
-2.50373886338906359583 -3.25203566462070581267 -1.69177159356002260182
0.05410496919501461832 -0.30286768236758465633 2.08431479472646064011
1.16149308559796171636 -4.36140660707917504624 2.04940878086807476421
2.48972838261169560070 2.93722843878005956952 -2.77685868442038863435
1.64852706277295180115 -3.35776381272936630396 0.75203531431049697176
-2.34647123155141867912 3.70428529927121363841 -4.01846706823167298950
3.01622341410450101051 3.71777145271138653726 -1.06833171866259935001
-0.65858424533395965028 -3.73528215510942018796 -0.58872361704096398682
4.08296857623863562736 -1.98611117089945787839 3.13638231888004082037
3.48983116434262452543 -1.09780664560127272367 -3.63455622145970957959
-2.70475938927113546129 -1.73816204023819853575 1.42808860689309025105
0.00685037049796299868 4.11162255929262610010 -3.43168887151819079762
-1.14899123286105186992 1.99204382747880703874 4.03307711520832423702
-1.49264898241116128474 4.27523778152637934369 2.80345344335278312542
4.09084064490006493742 1.45157672795609560268 -4.13110893932735478984
-4.31018890050644642997 1.52131479655591572708 2.01889166013432674873
0.81636102774279262206 -3.06321391709468215936 -0.28259419450076972424
1.62793847385817080919 0.06087527816193993857 -3.93121950217494298130
-1.92598556617235505684 2.40133819124054603833 -4.42445597789216460427
4.53438025372189823514 -1.83511407765035272632 -2.69870745421543034581
-3.02584226796747302046 -2.66160274752166925438 -4.47949020840657308185
-3.25914558969985312942 1.22489193329420853473 -0.04217279237663529301
-0.48257807148062425995 -0.97392176339435287957 -1.49600707409751088051
-0.53358688141395038684 -0.92521187015094064066 1.27252259595702366113
0.42329490146536308259 -1.32890282167106921207 -4.17170505669301405760
-1.08053543656302508680 -2.50932524828609393452 -4.45301879687862989243
0.52142453790007525782 -1.40694634037240895452 1.02399511381660524023
2.01867988119500818556 1.59011325747021370347 1.77279123669349747416
-1.67171426943296985712 -4.17117825586178270214 -4.27626116646607457028
-3.34094871646619528960 0.52896213056439922440 2.42444577065687294493
-2.45426089095185728794 -1.96491311904223575624 -1.28269248440143091017
-0.36527466255856566590 0.99489827400413322067 -2.64993235956626582706
-1.77504831498479065388 -1.84572454197572843881 1.84166623086127234643
-0.42462445699955519984 -3.13364392857019735672 -2.82423781782964367082
1.98812411706732472538 -3.50771189903536395605 -0.69366349311103459030
3.79715452881031279020 -0.91552672703501336571 1.55113560902728853108
-1.41561402156749327474 -3.82073609234069122564 0.49676265833535104832
1.39528721625084806135 -0.52820228506961264259 -0.67562307992366354981
0.56203306935560348734 0.51202997352310131163 -3.06804167239418879021
-2.14063791686010462811 -3.30366932108722632933 -0.16666349415831760439
2.31283483692995961434 4.25280608712407204308 -2.56331663024568223719
0.94561899243208102916 -2.04444675779584539299 0.00055976457515516387
3.08580520207183095494 4.43273755611139375077 1.56505049956654840315
-0.68629351154562723281 2.80124947676366531368 -1.75756519343496053764
2.62776264731697128951 2.18431431629837646824 3.11669019381034662075


