70
-2.31790450381381729628 -2.47721898208950142006 -3.57882157425127811479
-3.47065579404977153644 3.63569919337347879917 3.85879710472372305929
-0.52437088857038194334 0.17332160027774179412 2.54073923498631071283
3.51169932057856915009 3.30064770793575235075 1.11830725752379755988
-1.15722004183258198040 1.03132778271381475577 0.42727574358022391010
2.39969590059494297662 1.17856479033042749194 1.09296788685827284127
-2.60819393345064298728 -2.70918508877502306476 -2.58895044605384905267
-1.22750625172611105285 4.36973742867715397864 4.02117097163557968287
0.36075610104290678493 -3.68107285262668915138 2.19540147572262256404
1.70008340612574304629 -4.45340673989898583329 -3.89072537099476445377
1.43235514908916972132 -3.44434965693924199925 -1.57643470262452778385
-2.49864984734161099666 1.20457374282835427692 0.28183924314896380281
-1.38325912381815685492 -2.59644502766640083991 -1.31428023071087007878
3.89131453154709117115 -0.49085066325835047252 1.70757298944699531518
-1.65710402259494582466 2.56871490733011764718 -3.21455341609671929604
-3.42426653703376215887 -2.72858467622094291727 -4.01574538927605484417
-3.69934052620833675462 2.48908618974495521314 -4.40579140542192337904
1.02804672176853628685 3.12540822762015313430 2.10395381989655394506
-3.51786052670565085876 1.46357312364141467498 0.38042262567124751627
-1.41337053777107124475 3.13731966942367002105 2.21388436952639011679
-0.76360211143125011901 -2.63970678849147555312 1.43065734330252780637
-2.97239618069790534349 4.45849444517941773114 3.16045570256635777184
-4.47758849641981004908 0.11701727490973823365 -2.46685294447307512655
-1.02470178961431646059 -3.46192106563332302471 -2.64140589844129269892
-1.09138273846883215867 -3.67605428805754241850 2.25020804562308729402
-0.54491952573175206354 2.25663743134905292465 0.93422347802135075057
1.79584327420136169451 3.40992427517483687183 -3.51466755977354861074
-3.25970232205831056405 -1.82056048922160318426 3.67674080525829349853
-2.24534744594149282548 -1.45792357583050735670 -2.71756030700139028511
-4.50089007754388159555 -2.63678936424176990627 4.02679585029053033196
-2.52346346652368325181 0.36277926818063033210 1.16087938213266816945
-2.28934124118829229744 0.23032060632356188279 -0.48854116070652686687
3.20687161724766323090 2.68750713699866494721 3.85590436827750071558
-2.39946071481841771700 -1.21453304249723181840 -3.84520581935905125803
-4.29976505835998423777 0.16530848198087966239 -0.68774807368781143424
0.14996905627218026780 -2.83081184106565197922 -2.15481637463233433039
3.92695813033293905647 -3.57627050775337496091 4.23434010950628003656
-3.40393491417506632857 -4.53243368578482019871 -4.36239387802949618589
-0.30696339118641624566 -2.80801550844224889758 -0.93185301452938196221
-0.78236960680298306414 -1.39337216567579380566 2.66811713399421446269
-1.61141910173921232285 -4.20819213482612752841 3.02567333144665528977
-2.09477764086112872022 3.93521249502549341770 2.55515251374601071177
-0.95047465641532724590 -4.19556746586806816879 -3.48406608473985013319
4.24789077896599120976 1.77956282658829589849 1.98407445490447198466
-1.18834262760977704687 -1.16036885494550023878 -3.76453357723695081205
1.52172520694214963299 -1.17039613494399930005 0.01004197020155483955
-3.19702747750416538253 1.07663099996491773425 -2.36045050640505627015
2.90162836639269094974 1.42501823553029449698 2.64516533086234684191
1.97576308257744326369 0.67244952458032791753 3.62174385787952335392
3.07819114734567200742 3.64089990127135809672 2.03421147605562868677
-1.60367818644464144029 -0.68593088590425521645 2.81155801013647721476
1.38630895696186495769 -0.19544397646018296655 -1.19492081425688123630
-2.97328027329809385648 1.90247809999503747491 -4.22358863724304800513
-3.64838910648432745987 -4.31726282395509652901 -3.38084933558753819582
3.75739573199919352220 1.94897612315110801973 3.37378156674492846179
-2.25652183547417317655 -3.65475793070194043821 -0.26420377884843748717
-0.54692479260862558732 2.41035492610961465942 2.08814640698873255076
2.60078650158531221592 -3.94084785501492440574 -3.45886558124633713973
-2.27709631881340701653 2.07100966073909731335 3.83057304038344792474
-4.18306047004325431971 2.82542466892343391294 3.48023005941927454643
-0.89998730001731264139 -0.26873479036842962131 -2.42061980688303846065
-0.02886519328934689099 -3.47554195524288811470 -3.38523032649406463435
3.74127209432161489389 0.82425041521452335758 3.51444158923902438829
1.53352793588405766911 -1.73793899286423014772 -1.23581260707660289810
-1.67115418729621367788 1.69219405940759859419 -0.21906710084523961513
-3.62488153754716435628 -0.58583144023781930088 1.58307453714749524210
0.20876095044833675729 1.12491679799573329745 1.66388338624158382828
-1.47193386009083937438 2.25075114982115120910 -2.06139940853222691786
1.89636185870046514168 -0.82051168589136569409 4.30001321981157413887
-2.68768150874287492513 2.20681908241829649597 2.95495579240664074661


