194
-1.86512317523864368241 -3.03301905259806137138 -2.86743469434283904107
-1.84652040497734581947 0.63481738313137370255 -4.45050768687358822007
2.53718872599690126179 2.48652542214581639968 -3.55644771934279368963
-4.37431557316802788193 4.52868753404610924207 2.70218747780363255373
-1.91437884464902241533 3.81920710731126344939 -4.14353850978086502010
0.20422481603253572757 -1.86957169465591555024 1.29066069000375538423
-0.81220684407399179605 4.45202634720302281579 -3.06924829024015100032
0.50350732890565996769 -4.24847199464946800873 1.89331285143950278638
-0.68427809171138953559 0.11098399252970025941 -0.23143117743420926757
3.22560804545101920127 -4.06978879054652331604 0.91782235417584345782
-2.12184922534640296732 1.64015825995929187542 -1.02742842600369410633
1.79277679651146204520 -4.45019853174254542694 2.78796885083026158014
-0.26533736529854223818 1.04190242373182062607 -0.18963351817366635998
-2.12353435179499916430 1.96015379365136777068 -4.06176732183227873207
-0.86689657411424869693 -0.53898421714605504462 -2.28229892426183678111
-1.45350745196380248814 3.96623415262447576168 3.95309148161624701601
2.23322271975501074337 1.46334611152226479192 -4.02558632675658234490
1.88090252708962601957 -4.35381991067838391984 -0.84913210684268936035
-3.65495897662602287070 -3.48981328711193805603 -1.31095900106699847498
-4.31967548492094177703 2.39600127885914382375 -1.06877911877678455355
-1.91662526665580301710 2.49185842515972399980 2.93749011496961554002
-4.50118055284234674929 -3.93117999846471866121 -1.88864866593895008862
-2.09100454657879408771 -0.51347176325668097974 -1.63001222597242367840
0.41259972835660807533 -0.22735963133320336027 1.20919963265661589702
-3.53759590851311100934 3.14963740491285371093 -1.84828799245872987811
-0.47823377520496190840 3.41685102194723278046 -3.46693099606904819865
-2.72078327554283294631 -2.62409048453107285326 -4.21628768782683405192
-0.99622332914282596406 0.68121687909780526127 3.69330154408872513017
-2.20231642809149752438 -2.93134722630122901421 2.94950691111534801792
-1.87479674122716222229 -0.36177450462293503364 -2.72564399975916149543
-0.21306582557448905391 -2.32336614285485598685 -1.61063999574008231974
-2.03996837920743789851 0.29771230787865210488 -0.86495074707038099859
3.83221808831604260348 4.39198039553687191727 1.75212195378646473642
-1.51502474097318895474 3.57516163566052558309 -3.15732560707555443003
-2.91823026839735932825 -4.19604165523425987061 2.83943887554689045061
2.04066694027647255183 -2.67386871281110893861 -1.19260747849438253354
-2.83549080578383438933 0.06916173242530554433 -0.18467989496971881636
-3.33874289729596673837 -0.34064509345016702468 -2.61134574582802647669
-2.53426599202844737846 -4.39455907903674081183 -4.52750753864365496071
3.42691784203465932279 2.29385178035052650358 -0.59260619072382114680
3.38184612669951345509 1.44467410488022185433 3.56280920326973760126
-4.30674867533648075835 -4.32389982057419519634 -2.97839847500495125132
-2.79308280638058414880 4.43997180324401963247 -0.59942279848774182582
0.41261971955732157369 1.39298497015448319303 0.58923633183554535719
-1.20322489382242281408 1.64041696353332167035 -2.48538320351386987639
-2.92993083984405755515 -2.37006651469766937979 1.11550640167325010310
-1.24002733604742232387 -0.21171907708268467019 -3.93736074395115176472
-0.25100652418703894853 -2.39541719150948173578 -2.73704104817678173234
3.40668143435645998096 -0.66255753516453630425 2.50435652252080753755
3.65373032524648255759 3.76204405025800792117 2.91654366864905245649
-2.13630742079306701342 0.92960844244287876847 -0.06631374246990695553
4.25216327112626313323 3.42384898931925363286 -1.44388350197155279631
4.05410375417664692321 4.51950080778634788459 -1.12228234744621424568
-0.87415161005008679140 2.83169530591279805520 1.66949719781705052668
-0.61315581715977751642 3.04592449521984587335 -2.03762912331256584864
-0.93394782668704223738 -0.55350158965249418586 4.17146349141196370880
-2.66613792269882310393 4.07604963626159655377 -2.46826289270107990248
-4.48401969552613266501 3.39900708630229164697 2.26740240906992962522
-2.27953105220761242933 -2.53130766239034477039 -0.81385576435510653681
-3.61094024842672300935 -1.59443593319845167144 1.30681674769065470088
1.57966316367006509580 3.42374925301209209749 0.66710365963606665929
4.46160204714503105805 -1.08198727472651867743 3.88366047366926903095
1.70159696068208443620 -3.79394070122420679070 1.19842371998492414065
-4.03848405547338362709 3.19456231483621966305 -2.84634124624869055964
0.72945459147884506024 1.55150587396634698223 -3.42791125870383961427
2.75460320896430044257 4.29717877768115297243 -1.53816694371194451207
2.62275598598822501373 -3.31557906036159888430 -2.83977336815662839697
-3.88853554206831653062 3.75100426857978153095 -4.05925413804367174464
-3.68592600612549015082 0.18498598389347264970 3.62882949284624256592
-3.68067765900070309470 -1.20611485406839502588 -2.98611799438535507889
-2.26685969567947420700 1.44670021539706983305 2.26991417273444096026
4.26731426149638171097 -2.39835174548906815417 0.61688319114352108130
-1.80311207846622911788 4.39483585888810512898 2.69299152875150138442
3.92391845881729128820 -3.54275510518178560204 0.23259685407988861527
-0.71720138837017488598 2.23406656784444290764 -3.30636593865018513227
-0.33145041202935576763 2.10423857633106603515 1.32025393860122530754
1.66729243923081060785 -0.58545937646060774995 0.74310483057536824703
4.38721896615579165513 -2.35181593574693659221 2.82410132207121034043
4.27326054992715587133 3.06711696789339161029 -4.11826582938063889827
-4.37016292052189392336 -0.65761717560361354629 -3.61707132902453754042
3.64979966386445919824 -3.68829696631190628864 1.84766944304802827048
-3.52938707150814412472 0.10302232100434061124 1.74982419821279311378
-0.86948390508932416054 3.22769664572710457406 2.88462094201481900058
4.40552801176364194902 -1.32754960477828909404 1.43567006529503604639
2.37460974763177290470 0.52475766570064585892 3.18046955653596086222
2.26773272607086173736 3.94386431659888625489 -2.83325937554551154918
2.71069147761971240840 3.91199505300598548985 -0.27130911924353906528
-0.52310922686083927147 1.25780763629302949624 -3.78092398602923207562
-3.05178151952620613230 3.07802140592723638690 -4.25205814669311976672
-1.53907496549167621680 -4.24119428681844645723 -3.76964920595873076437
3.65207325944575611487 2.52486638550416220284 -3.18697678298418329845
0.57385739952345815595 3.95388712431342081999 -0.14233097866666000186
1.47905437211851786827 -2.31680512448744480025 -4.02717201266184954278
-3.58471639458905233511 0.88891623204386860380 -0.71755170513522648079
-2.53266541841708914262 -3.51398256668405650771 -3.57557990014068893814
4.17854388450925195997 -3.40021961069526312826 2.65727606569960883576
0.62837544638186582091 -1.84627515626674121307 -2.91553321259149766931
0.51096144397415255156 -2.79186531047154584684 1.90438336535441354869
0.72282143193640102652 4.36985485808559825927 2.79663220928675659849
-2.88285281736288245824 -2.42383064106725232278 3.66945712663615086768
1.39944995166764218908 0.44145737869123102826 3.90997643697018393283
-3.09609587816315201536 2.46035947501087104428 0.65821698493851421574
0.92953293582913953941 3.89301144194548154331 -1.70733416855547570634
0.36115750224908094168 -1.59163991390183845454 -4.19767506058491246534
-0.51259648852700667732 -0.72406806455592276350 2.45577780488288777150
-1.91252517864982696238 -1.63466097820923694783 -1.46954007518938434274
2.00006857920803682305 -0.60868553514396994686 3.23091851581327116349
1.67936869511754682804 -3.23857339663276944108 -0.01046704168991929862
-3.68014952174097986770 3.34637595756896200072 -0.57955009450341776756
2.01722543709487300845 -3.88404815250402624116 -4.03189152427206920493
2.19411535323823336796 -0.50506989284479786306 4.33085918401477609763
0.58028125688522269598 -3.61170572468897610463 -0.90404467134368315939
-2.15230878187618213104 -1.66824629164636117906 -2.44356883182956874379
1.10910494276296400784 2.45385589760907585344 -1.36647529044194993020
0.94995938423518921923 -1.97855684937201292684 -1.61363297566642849290
-4.18553044787435535312 -2.42318985722394497628 4.15071246583850683720
-1.53638393773233161710 0.47857838806230201811 -2.28713241583679627311
-1.71128001106743976578 -3.58073128481935132328 -1.41663875307631847988
-0.13049788266858808328 -0.40828218873095600827 -1.43672763758494159703
-1.53686070565343246841 -3.68870215073234497538 3.39971178261861606273
0.18753177768758444444 -0.84534250421062928638 -2.55127631466618076672
2.46916363596549270909 -4.51399362779384549782 1.50069222186779871464
1.20644672357838800281 -2.91748486655645189458 -3.00400014811618332189
1.64324306748601411954 -3.44972719361487900613 2.47773000548353650174
-3.20919433215630478529 3.74298504331079673335 3.12965039779299392109
-2.78896690920991963125 3.66379174662694229170 -3.49708584157815671745
-1.49176276910900185158 -0.53749697637973703479 -0.76212644750666846960
-3.56299856210284415781 -1.89539382874885964370 -3.97178111545780243574
-0.74278455161068235313 -4.21471835763067215197 -1.87227761092171807178
-2.91095193404838026296 -4.39229630133445070328 -1.67948732437243153370
1.58231988861667804969 1.96905316001221653011 0.71474046382352884876
-2.95730169008490850757 -0.78663157454365695287 -0.95985336174189761493
-4.15647466395076214951 -2.59677881376406549663 1.63329312258599568253
1.58240280371158714701 3.49713934316540164815 2.62337202051396367608
0.43383828569648663631 -3.67900141378943379422 4.21985965240764127060
4.45701088770822995144 -4.08097004203643898279 0.90106302338383414963
-1.90018877214816139798 -1.33706447747457657371 3.97980878624258682663
-1.77048652750913859677 0.94677896046727827439 -3.40163007078815660122
-0.02139093136545522356 0.26425398053088411388 -2.46772842737994313467
-0.59613341944951425688 -1.19521391736917559356 0.83212619142389954163
-2.25486991606287068279 3.33124322670905659294 -1.77738452831599902382
-2.39800131796085613800 -0.01538362774706580893 0.70584972075566465577
3.48806457442310158257 3.84772413520998934899 -3.87341582188495081596
1.73826527672764807875 1.02428321499578167675 -3.21898660164468664036
-1.35637765573355650872 -2.45932484627812453226 -1.67667692180529614987
-2.56410993545900067758 1.72617063362613532007 3.65361714643379986711
-2.77362140906276932739 0.67706575886408781884 -2.73720988897773498394
2.97686719047719616782 -4.38538518462671067510 2.42075298690661266932
0.64712734345225086940 4.40310476506245240813 -2.69163384905101521483
-1.10566230269433640743 -1.40569390765008783717 -0.45922930743236722861
2.40474974715636857781 0.43302820543566866718 -4.25642566232294594641
0.43384661576195959753 1.90684228074805961484 3.76639672271444947427
-3.25325696903525107828 0.60451232696561074675 0.86390513871227803122
2.16088181358987796443 -0.17363627531720116082 -3.08291537725615372167
3.21175944230494980758 -3.67186609476160619181 3.31175914723642872417
-2.01969226842947380263 3.51205784854838842790 -0.24625549725787720945
-1.13088771638837837230 1.72777316482153686650 -1.48254383486590279873
-3.33137615572174494716 -3.48639128440809820120 3.56383706571681901920
1.55856860899442040136 -2.52012627992533122523 1.21668786802876205400
0.33093494098282949523 -3.22328324905323970739 -1.91802742683740135021
-4.02441151000252261838 -3.98473394224587629253 -4.31771336808589989431
-2.68749270267849338367 -3.24103873611853554593 -2.10001205131750623423
-0.74760981327346875958 -3.15928060026507795399 -2.18756345727839551785
-0.90693813442263326863 0.60863425483350752643 -1.11121694939506898692
-0.09566451581257240377 -3.78683626582841847963 -2.67264550724950256111
1.42366046456456007974 3.76967021291333370669 -3.86651932008906484839
3.76644776668228065120 -4.28644614848245808503 -3.53769065351830924726
-3.61159624873225437724 2.51800769335245089309 4.00419991013174492167
2.95128649574122636778 3.05111645814139631483 -1.11176485531654467565
1.83856642074800635811 -1.71638468162077373336 -2.08142133083053737508
-1.34277408828634348126 -3.63460361336024595502 -0.41886610471164953395
0.49627611832549245463 0.37405221535126553789 -1.27534535387156244823
2.21563114725506782321 2.33050964634559942823 -1.29167024728827595226
0.21718493262889637663 3.21499185581857460647 -1.39791572503478667144
1.33590958940692150492 -4.29190753289605542165 -1.71670385067284758662
1.31043878780622424784 3.89261021786378602627 3.85695223073929494007
1.49101448789594925870 3.11187689098914610497 -2.44118836976783937232
-0.36591303196879820803 0.55060343953182577792 4.44413801368953631510
-2.56499585609624247695 0.70005418167092070547 3.69048800409909549813
2.47193336438872091065 -4.30884384119575347682 3.93995018227861759641
2.60536953895840106554 -3.28576715084345316598 1.48370377421718568911
-4.16672548222986005584 1.05227509826019005601 1.41365577020742616554
0.11504480941468475663 1.58877436054691756340 -1.87286550366751392005
3.19224558957184001429 0.56735777972366285837 -2.49849323333388362300
-3.19310524126193051586 2.16024596529842050074 -3.78232000637854159919
-0.91948516396338675349 4.30972491487279807387 -0.87317379969691355512
-1.22403283059785117359 3.99414440891157074276 -2.13043321459385159855
-2.66444941849832650504 -1.11869795491002399501 1.24935110947586558439
-1.97481692184246471200 -3.35311706556158650727 -4.49138881349352470096
1.26757878389104572392 4.14744655607566325983 1.58404962231923107652
-4.20328781630188075269 -1.65820500924868952097 -0.76186986029229331052
-2.94578196111034129601 -0.03066954534569088509 -1.65032290878598164596
2.45316470549442389171 -3.47901280457547912306 -1.66491131826581106878
2.75533235933164366571 -1.61371587969770891036 -0.24434926535274481552


