227
-0.03702925397074618985 3.70159651677793544167 -4.21835941676278025625
0.57297136495886924479 -1.33229583620159974799 -0.46054542194591441273
1.96098823973262970100 1.72787492479420468072 -2.90767296453724810590
1.29595803113360741321 -4.50967851358901938852 1.70273795251322201949
1.74011793438897566233 3.58111814443878895275 0.49413589038772975925
1.01734008741056758396 -0.82102835644958460648 0.99348994082653963034
-4.05717549434131807828 -3.68646412044032345534 3.88198309474119351847
2.25908641918658403824 -2.98922823478438992595 -2.04090193817181120295
-2.26971320662203535079 1.04541116671122136239 -3.44249598246596599793
-1.32449559252400028697 -4.03428275054814822198 -1.04147406131593145417
1.79957110132818076664 -3.61900891582306494243 -1.36141847925209891201
-3.87928110435307615944 -0.42454888853441996588 1.48075211173301024559
0.79485119948224536301 3.11695386580005706634 -3.74527581996659764130
-4.34902208335114259796 1.36869939896725156814 -3.80703159704790294882
1.04728540469256348189 -4.38064677659494172701 -3.91222437472638695510
3.64279734721617298732 1.07708640192461668761 0.56420636584696115534
2.39423518435483906330 2.81913344871763360544 -1.18108488525454902174
0.31068739837245118451 -1.28822571299278010315 1.69343614827437871639
4.01996008594096121413 -1.00659736040422886916 1.03414230663823136780
-4.35497994349794126379 4.16725814046849318828 -4.01833124228244198406
0.65662706997742947834 -2.31098045208376090542 -1.61673127092397628246
0.14821767248748685120 -1.32529112775456558992 4.43054724116270737255
1.79423286938543302682 -0.27304159567828900634 -3.05540728610510470276
3.44213712397944870958 -0.89579885297116401688 -3.21156643127570573526
1.33403584768880634215 -3.50249250101785936096 2.07571386108347333277
0.55172336222064632949 -3.94609366550925821926 -1.22492920362782564681
0.95907893246147857269 -2.83918975062680134513 -0.32490774541044231682
-3.74883149832701390025 0.29669073481870267273 2.49727392376659107498
-1.11210015643004256347 1.45372058388599167955 -2.59325076092298756336
-3.37121934749505403062 3.23937419563281192580 1.10753459236717777259
1.69066127154754841655 -2.00252924523048214667 -0.59602390032744612114
-1.79136461463235496794 3.26690831402847159382 3.47568282594061184199
2.64084700015673856655 -1.40770702884283771539 -1.33183402891761293318
-2.86597516853266975900 3.98183545992139986680 -2.71187603726781301106
1.07138138151325801317 -3.77704703888689818925 3.37191581422387187672
0.81961735745695563082 1.40991043064139276453 -4.48574094224793196162
1.32728085495822778483 -2.78201134716285691795 1.01942654710624491798
-3.71051348725332408307 3.20909837760096561254 -2.26947497886824756108
-4.38887411272105598670 2.20300477239692238385 -3.08362178868566250145
1.78003889217325461658 2.27686827760308485580 4.45461638920967839539
0.95551791655070594800 -4.07951741795008082647 -0.21617972608444802063
3.54859247617675155340 -1.92390600774368802917 -3.73093729348187386208
-0.41309418827899069271 1.08115078301754863332 -1.69055062969643410398
-3.66224704807021161912 3.34958863228803860324 -4.35927016083273954905
0.78373699717068490145 1.65206271510529578705 -3.48433450897081353759
-3.17505721779085270384 -0.93622873120792782231 -1.69884081749265281047
3.65655969191646956773 -3.28857031046592984680 -0.92776182181570066021
0.65822464238503020084 3.91447583814344657327 -3.03328961099465610474
-3.09537378028502541127 -3.11324418287066739808 1.90579700331447732253
3.89901535225110773553 -1.59237390170629034003 2.18565298284771802884
0.13114677783325312532 -0.11945900912121221182 1.32661593955911349951
-0.68847642354051963309 -1.74650819407866375599 -1.69367779216244640494
1.75695756405666525524 -0.11695975915063616668 2.02135847423034054060
1.40263305122125192526 -0.79828127221117650691 -0.02194426755524681028
0.34285596046679067683 -1.80299303489778806053 0.65136536270688072392
4.25165816070195301535 -2.86356779809904260503 1.28387274390544536828
-1.81183657730289615628 2.26726533266086160978 -3.06535486867525852617
2.02113584261348666615 -3.73942315894532484322 -2.89798341037702655854
3.30552338901203235366 -0.81893082090884394830 4.48741034014393758156
-1.61840942956335931413 -3.33395679604799966000 -2.09611120863421307448
3.73070308561134833525 2.81228815979282753545 -0.98245026925097356241
2.87901976934638703653 0.96581795393082803258 -1.25961446241822727643
1.28689761371881683516 -1.22202173767540056559 -2.41362614332400937656
4.25999395212947984390 3.36683398265229705260 1.72991061896125142283
0.74189374525237283819 3.21471099916700620014 1.34477846657768207450
-0.80239211653327124907 -3.01850755618704225114 -2.60369544928603335876
0.54619900244796326660 -0.20662906719446016979 2.30308503599298841635
2.96186833720885989152 1.96674976138375168233 -2.04950403004309400501
-2.96350194117874776722 -4.31510812163885937309 3.56652262620756044242
-0.59920247478853116974 -3.05591624494479718877 4.26103940605281916731
-0.17336477160403962472 -3.97294469734072386302 -0.37469277021276337081
-4.25349649831283738166 -2.76547501267476647513 3.31208245528785028000
2.66090865483821392701 1.76570995306717293261 2.99885797657068753352
-3.00342677077706943223 1.71955211897825499534 1.83620252540992989765
3.45461354558213518118 -3.34544257397947708554 -3.55665763195381767758
4.29754991558822307951 3.76881803768310508218 0.18238910594366242179
4.32542645729139874078 0.25471389747842110296 1.55781074260511953611
2.36931155332822829251 -0.99764430523255942518 -3.96149617762711292457
-2.94264279016805341271 -4.07755389665693712686 2.44683849010212117747
-0.57611106501356434961 -2.75678041716185795451 1.07784330046721521512
-4.48728328913161078617 -3.79745337682517636324 1.74468285756826091415
-3.85397461399055041298 -2.50118549711339666075 4.20432901950441806349
1.68186698073801732534 3.44000319166913559599 -0.70774841303853719410
-3.90735384951979858315 -3.25331577946706262949 0.33752355992422877762
0.08801203807698865234 -3.88610063483069767543 1.20601232237959088422
0.93894543663245855214 4.14288642412329277676 -1.41783137638748746312
2.67373343943224650587 3.17591423497965319456 -0.14886443241778390956
-3.83508267171254146888 -3.71728149959338960429 2.88272549639415309741
-2.80454869023238684278 1.24271746293565943375 3.56220563012878610465
3.53363712690502307368 1.65668577773396208386 3.43618553101075807632
1.22774972899960754802 -0.28460436897115215515 3.09151249669574479384
4.23553511941794358364 -2.96840339940715303158 2.38393924057737738309
-0.86149612613349102475 -2.82866744999517738535 3.06848709071429670558
-1.06977812339076283621 0.80269510270825428222 -3.66489003440087302010
-4.49632834851780582852 2.57909947457858645947 -2.03457592633673556293
-0.00271813606680293418 -2.96953989107346716381 2.15791920415736360184
3.12031409632361711459 -4.15963177271110762234 0.29153807692500510740
-2.12076280717302134704 -1.27609926687516317401 -0.76139527113283733684
1.58221151837824169917 -1.80943210821472266758 -3.80097004723193609976
-3.83788054131143141490 -1.71122979012341946969 3.38407037562721857427
0.20968197435234259274 0.82715563856046880886 -3.25797599161650008881
-4.37528341852331337236 -1.97050276871443452720 -1.95948702049923939583
-0.93437206490511393042 0.14103118067387665491 1.12852536605381370549
-4.07957106027252613956 4.04139365961265806249 -0.61325977851810264951
3.53857647326305890800 2.12878418525227619540 2.32624257320942451344
3.19616510450497504081 2.65689014329738348863 -4.53062192859862289396
2.87913343906509133774 -3.98952666561539004420 4.19288018382645955029
-2.05831115773723682949 -2.75518882070108661608 1.09238042908946209053
1.96391833268429838455 1.25341796632759105989 4.09424562139380032733
1.32166416900677408108 2.49353365203750065859 -1.11218818522988360797
4.41491838558088733890 -2.76575727843701812958 -0.27835364881413049432
1.86405302554068885712 4.46481286857327486217 -1.62764283751536886768
-3.28648315192990647660 -0.48251967983957655406 -2.83817299686818858007
-3.58197885265310800307 3.86240121988640172646 3.85496525747329332745
-3.93319990687409770658 1.87118288452334979866 3.01129361545159213165
0.24195414756267563661 -3.75367486264566174725 2.84644230485111382478
-3.45592401505618296298 -3.46038720445352554478 -4.13502510546137536096
-3.52267515919680462844 -2.41758748842850401672 -1.37503627125903449269
2.09127190117910100042 3.38805057250691010751 -4.21853296189084137069
2.74945167174628046780 -0.47663175381106714923 1.62790867289479912472
2.61442607133494231419 -0.17862088475708137736 2.62870188368999535555
0.25431478131503659768 -0.90813165817651553269 3.03474345246584409352
0.33414186906217313577 -4.10113180555023948415 4.23045623107511747918
-1.91707668615848136895 -3.27197967731922334522 4.17538988319622017542
-1.31613626721112897400 -1.97955049410671701793 4.36255955512487592074
4.29556240333771111040 0.27036311449602834500 -0.44424606477847294883
3.36775067682360074173 2.49699962800659047701 0.69456888509515568586
3.70933529481479151713 -4.42196565349682835233 -4.20635691864703442633
-0.64267394180053249997 -0.08998366535934554378 4.43090512205399544854
-2.68137574689200386402 -2.61170693737499171050 -2.96986841066799289734
3.23723700856702656381 -0.58743376173526762329 -1.07102342162649044610
1.48701541763524680562 0.02138630596485491253 -1.00819317190420321140
-2.91406974221585057805 2.19901179272916902363 -3.60980800018272462992
1.04460819178982244892 2.17247136460527645596 0.66842759000364537769
1.20869722943063973020 -3.88433743045460833088 -2.20314883700136698863
-4.02419231690706347138 4.01581856018517679985 2.32755500264249892695
1.79964736234577404872 1.25303702570447672571 1.48173855898817574683
-0.97891715227209274985 -3.94005166610356694079 3.68337936897927153979
-3.14181807678435687237 -4.07980370664438751760 1.25987906851896624971
0.97262376530085870030 -0.76537880299008609342 4.23501957150623109527
4.44006588737126772770 -0.02167355024841555178 -2.15614433039328368125
-0.70160241623773034192 -0.07632314316450727887 -2.98815885013979753992
-3.17905516725494940999 -3.19923624328390943106 3.65019520791812634997
2.61630702713691842831 -2.02027214876872962535 -2.93867987524633322849
-2.15035814287352344820 -2.47248217553618720999 3.57589582219369273020
-0.93308848874523508954 -0.92736787780750340460 -3.94845153917081770345
1.66743133790763575774 -2.62556847378131008597 4.35502518382576919720
2.23716216949435153794 -2.51098294751466921682 1.98222929429463512463
-1.76124081968338641602 -4.47540268914229155683 -2.26925913623835562305
0.83954562213962269368 2.96182339684680950853 4.13873308059993494368
3.07468735626363720570 2.16746287810806048668 -0.41562043177105678637
3.16146552415073234243 -3.87407908683151180895 -1.66294538319656703962
-2.93058206081308902924 3.64113189585904617473 -1.59495330186995154520
-0.14988897485611030191 1.09950818155993790270 -4.29869313258610308282
-1.35517123515163939729 -1.84772378036672790813 0.17192058584683866940
3.01110560583743325225 -1.13115089846378902294 3.21839681270277022662
-1.85177111092157353767 -3.57927066862123055557 1.65912835925324753106
-3.91682853452108314940 0.47314353472378911647 -1.35537016355019401814
2.49593967679179851160 0.80071748895507521837 -3.26371450194137668888
-2.53382613797142175471 3.34568731116252937596 -0.63201733778065882774
-0.59934367945545030665 -0.85876534164339046740 -0.36283069756569563680
0.53058567800944356208 3.27388810685859610317 -2.02447279268878777003
3.27977929169904491857 -3.50585681632732759638 3.39793552813311539040
-1.94776001411692556431 -2.01274285446954737111 -3.84592485025313379765
-4.32920044149522453836 1.70424376251149478634 2.14682263288438779369
-3.28413309851600976330 0.28132041333680746220 -3.59831113738632346610
-1.43951065998530713941 1.55672268353741127811 -1.48677152788244715254
-0.18206228186497686039 2.06726487444526441095 -3.41378157810147175866
-0.68695500014701638136 -3.98433146777206204092 -1.96118993373814598513
3.18395540836263801765 4.02889266133523005209 -1.38076594045766665175
-2.73406310529889129413 2.97505449088062601248 -2.82145723535459591602
-4.38918630363742501288 2.56819371923089612153 -4.10664388028358562366
1.62939243281041079570 -1.17724479066257536886 1.92742997841071339593
-0.65727948083833753756 -2.49420008698913475698 -3.80662546793827472058
3.98757587472980912224 -0.85015820677054643184 2.78315307950625356881
-3.72170051646540223089 2.57414888922380580283 3.82450688229683333219
3.76761199764837240167 3.02586629900654724423 3.41704801055962814615
-4.50940959839798161113 -1.08897653449750553278 -2.48384959498337432038
2.54253886286596664235 4.45304698138136156871 -0.57449984547578925032
-0.92617080949992391936 -3.84985561967021894247 2.01846087920724759357
-4.52631576444852345986 -1.37940803536575318233 4.33683376157656663707
-0.60442236869013576950 -1.34910077018207719135 -2.77126418081800407478
-0.10951800867973826570 3.40646257755613834917 -1.26485532933892708130
0.24424959882192265326 -0.63348661182855225960 -3.44833510155029676625
-1.45798201777221869690 -0.25524858507925074491 -0.49700642267853023526
-2.13896230824021671424 -0.59214543090285287619 -1.68852305138864000611
-4.06593729310169571534 1.01919999415792528197 3.72946063894930812666
0.09569545622540420737 0.02071006758850213458 -2.22236885066284495238
-3.22857132984700800904 -1.71719863856979371164 -3.49502433824874536583
-1.08468131995914429666 2.41232193124341165458 3.80160285312330170626
4.47568852596614785710 1.87715817388471428728 3.99645439574552074902
-2.94909508737238557075 -2.49231466775677779069 -4.40830902759029807925
-1.37817437772838680132 -2.52491272884885287198 1.99040242990301052828
-3.64384196010074701277 1.86873157222544161726 -4.49620373251674276815
-1.75830216855660470543 -4.39406541497078784175 4.08829571456979135036
2.59288268754545203620 4.20361145090674437341 -2.51767477292186558913
-3.78771250310128992922 -3.10148106353701358273 -2.26816695669641754662
1.52659835265847032559 -3.23976205358822211267 -3.87110608019480961772
-2.68661429589795375250 4.35413992618057310580 4.43182028929950089235
-4.11838555217514468154 -0.49057587250179679472 -1.07457009615526377644
-0.31318964031779916724 0.01641777693100809898 -0.91390302299916736928
0.13584975591525960681 4.44222148499830904456 -2.22946358558548851647
0.29815323660090786717 -0.58404838226291122538 0.32438312814280845231
-1.50357038653662211658 4.13349735322778055746 3.05329056958758204843
0.97389179944841153258 1.67043437866135935366 -2.19828175949052573301
-1.59767931573091015451 3.09813414648952534236 -2.30472610887060325169
-0.14200387038968731446 -3.06572946081876640534 -1.60439475728028568824
3.32084617335205312116 -2.28319210024948660021 1.45767979912814826804
-4.38646131030573549481 2.46253975049005546794 0.49494273396104215834
2.20505060239640560127 0.18688080826548336688 -4.04654056708064580050
0.23486966621704130631 2.39128767727305735491 -1.50430712087789775211
-1.48185079461994062555 -4.50450221373469705810 -0.05051971214736372673
1.30935040265903435142 -1.24459314310714130869 -1.13799143754708698140
-1.66967745763638752976 -2.09330912942104241381 -2.75326002763098909298
-0.96763338994335779120 -1.16378518828173760369 1.88321246846538858932
1.48460113846050134612 4.33142327354200151746 -2.75788940530313864130
1.72831151542153982348 2.35320735930119973034 -0.18948626403764290416
0.43677202738657250336 0.15481808182722556211 -4.31272491278867420306
-4.10224779967361374844 4.01094056858446013081 -2.78054240325864432393
-0.41925522538601978084 4.35075141259593234366 0.84845499264413781759
1.89591773519083961475 -1.42917404599482944505 3.91258757521636635346
3.54785371518046677153 1.06482339450310270479 -3.28357689443515221583
-3.15712040606182098301 2.60514181418384982436 -0.18677863105400582810
-3.07082802378768304763 -0.18385968867063606780 -1.07874253005539078032
2.21003438934697271634 -3.91647439575128641920 1.25403940247949829967
-0.68844201533954985095 2.52049539096162078522 -2.30935600104360050366
3.35310655949312508284 -2.44741344319287446041 4.51102816833340991565


