194
0.06463442977099820297 -0.41861981003345682950 -3.29514237888457994785
3.97470824031801139853 1.18140412054621624094 -0.15760315556542980886
-1.21683368447036954763 -1.88152655565121840198 -3.00194319650529939381
2.71065494593431388637 1.72368661539478118527 3.57920695458105964093
-1.47348063792174244213 2.46502554422338437945 1.24346111307275997149
3.68837953553482034152 -2.37137555341016126320 -0.28341149323505998581
-1.52804823666345379607 1.08772663987139761588 -1.39288136500415937746
-1.45129373460147270691 1.32484046207141492602 1.62027713132862150047
-1.78275708542916166977 -3.40575501336282071563 -3.97256254972261269032
0.24488717775072643690 -0.63165829213514612661 -0.12048398928196224489
1.36496291767553046270 -2.80508267555284840356 -0.38383370182580200947
-0.15874076182145202552 -1.44339802006380857335 3.53102462742032852105
3.15412256033734639260 -1.75036424455424066693 2.17946103589676543066
1.57464265068186204388 3.08135846773656219000 -3.98761884034383351505
3.86546247061465830797 -0.94279434788910965182 1.80251525266270018477
-0.96651476213689901940 1.59356144257618215221 -3.62219416701091123656
-1.23619303135346036981 -1.84804917818392056006 -4.18947258257248211777
3.89096089698724423300 -3.80720080556125983762 0.30175913660827635709
1.10596648369581096460 3.91493709257931943313 -3.95230949354968874587
0.28161129830680931008 0.88377916669375711223 2.71597602006271277020
2.58304795717696311641 2.56669319752853208882 -3.06200754147921250237
3.81300215154188304467 4.10351033381587892990 -3.04345719729948482879
-3.83545998463393278399 0.66327548140153247402 4.20691446778166788789
1.13906639802698084196 4.00574923264855353722 -2.56365130916499461833
-2.93762333358416771745 -2.43498406424162761041 -2.19144361186040148581
-1.78845287873712122106 3.23514900151672879502 2.24677378017403661659
2.29200968222919865269 2.91454516297404531144 3.43658476743571394962
-3.76936648444763600097 3.47622209946093274624 3.13412884360830990005
-1.17631726659366764309 -0.76542898711093521058 -2.79734654057381959547
3.86181361039924819778 -2.61855489815215491944 -3.44472947326148215552
1.01498618049723532408 -1.61998075119651607778 3.24270364943677780190
-3.08866701492164708043 -4.00458904538151472252 2.00699130722496743573
1.61532621463580472465 -0.12910439480022883885 3.79055117359360504992
-0.52112493992838615497 3.95439645002005502050 -3.55223476498526835599
3.23177666438937283289 -0.65815537632785403588 4.42175908455660948704
4.29246688971271250779 3.14069483843709118531 1.44603257754980152328
1.51032671282575758909 -1.51458986445981302893 1.24933984101382566934
4.50938300558953120145 0.19586886457773644565 0.34545080269696359920
0.05357405383732860571 2.97647659921859730758 -4.34947800108873572356
0.75785135011169568742 -2.48494266063725754989 -4.50543115771015312276
-2.91049362524294696897 3.67583637228027892974 0.42793198754544725659
2.05893448872252005089 -0.86061073163294299349 -3.35119520072422849566
-4.21579676404822212277 -1.00193679387482381671 -0.36910665771272999081
-0.07397284056292896537 -2.11106447847859124423 -3.65444738843867922284
0.74653701817313766753 0.66044402387240452867 -1.04236153598817304911
2.95620090339917496181 -2.59920652221333536858 -4.16049312669034776491
0.85316102788911507560 -2.10825435993670762258 -3.08894843730156409833
-0.32263559856671264470 0.82401510870690763966 -1.41916707029379285387
0.69059776377482773313 3.30604101075471046300 -3.09580756835059700549
3.60547603383953063627 0.64215263773656783286 -4.35835362411715809827
0.09765461332227598490 -0.11747397358193634176 2.03810363945926109608
-2.00499534251337196977 1.92340411868243066351 -1.79995666454973735071
-1.96399551159973029257 -4.10651280058894752045 2.88531204256785134277
-0.12049602547518656337 2.56269001311684174738 -3.35698989472042308435
-0.11644695207817168381 -1.34038663224468290736 -4.38594169305672476611
-3.90734261266850158023 3.84729984564684546200 -0.16576779694071586135
-1.92277670528725241894 2.68164015922526655089 3.16970590546151864686
-2.92813393244744535338 -3.39869351789138551823 3.94150276364425433684
3.02453909690384037390 -1.47926245491449392944 -3.44101743642483759444
-3.03222011844368255495 -4.28930731565250056292 -3.59653203201988214133
0.66431860223819327871 -1.88716019237170806733 1.75918280525042458606
1.79326771518512373405 3.03895778761507262544 -1.36123431752500856362
-2.37079679947339805324 1.09413639256440742287 -0.69281042595353659053
-0.77014355387105926098 4.39386960965773543109 -2.57452888933407209038
-0.77700734151105832481 0.13402873713099960895 -3.91841448763721134085
-2.12987792584735258217 4.41622216483572049839 -4.46873279007461832180
-1.14446664213267990107 0.50827519935561760178 2.31497560955951886541
-0.32303948618755562450 -0.24832892798926931022 -1.91905893972338237319
-2.57159670532116146902 3.28315662036450106598 3.94092634229702643012
4.30620685938316238861 2.08342207343199348202 -1.52381937964612301784
-3.12797770931834540065 -1.19882879597617142409 0.20707392773446198220
3.75865499848075668154 -0.44898722917774414043 -0.85114584797220205203
1.35293602691817849148 -0.56762722374874119424 2.82810020051319188639
4.10718167618336149616 0.53869883488236602886 -3.10762108105903589461
-0.00503260508044700572 4.22024041494488866277 4.48038055037043125850
0.19104586376948695658 2.20233165620661086592 3.38347072252367819800
-2.80523705068484252578 2.09021449273006076908 -4.13809581575696494582
-0.60663062727925831652 2.97180290483450892935 3.29573817380089906237
-0.47970995501221835866 3.28859829656183233482 0.98233935509175918099
3.82189383617479006006 3.20996997558720575938 -2.66363871966284326831
0.26610848553077026679 -2.85473079277778785112 0.38459921412084696613
2.00080267916346254964 -3.68830280264153920200 -3.97276427677204369004
3.89406847052196791736 -0.98133125732763515359 0.40072293047516627240
-1.99354625608801816483 3.38341072460522962473 0.93562191140864037209
-1.49844071986740168256 3.67867195790121659371 -2.33586438618529745881
-1.81739472587486172728 -3.02124350426559207250 -1.79269381753243273181
2.11461529209997856071 -0.01463795185260075016 -4.12250839285293757541
1.34578569637752387678 -2.59985378959396840060 1.44071860888734004646
-4.14678610870103447894 -0.76779873112647578637 0.76992780765354407180
2.94172127485812584524 -1.66347409422932113188 -4.42530146230828247411
-1.97710894868692133031 3.75575747612354771121 -3.27843324962981741422
2.01769601150265831535 -1.40534557997237108395 0.03803135220922726489
-2.15746125051987380772 0.19730177189041775421 -1.92554629619901174209
-2.62487803609408931749 0.60147126092024905120 -4.45455715098992843792
0.74579028957786519527 -0.77805727925849632598 3.78266847731107969111
1.60787557331449182385 3.07618443744255998240 1.08987676937701127855
2.26376591359918943880 -3.65075460487665015563 -0.21749349215535307422
1.19224430834913608379 -4.47396574460520923822 2.89789321877251904169
-1.15252941887627624595 3.42491324922008111287 -4.26274670299295088682
0.97974219712132804005 2.92376334323564446294 -2.07846668729627204186
4.07560286499084423184 1.67701031461699390235 -2.96205133352118599177
-1.89353708123897268578 4.10473174234476001487 3.60129234200291659107
-1.89158938662028397459 0.52625015511464834361 -3.37938238732663087660
-1.73865852212261007281 -4.18496642858894141170 -2.58796822346540755788
0.11229579503260556095 -4.47470053241134468891 0.18104925484139489100
1.09316143003225985098 -0.88265048250326882950 0.38353535151884976528
-1.33592827461156771207 3.72123663072761079462 0.05755087730238983568
-3.94700940905381703061 2.79025990908413223934 0.49257846081061895660
-2.14615233284623041499 -0.23828955784214045366 0.70148204459501251051
2.09112111833613312228 -0.49422118732032060962 1.27769550464379388899
-2.84232485010052871033 1.55887797199583832963 3.96820650736462798847
-0.35140190885658739717 2.80135625614275785011 -0.32944546624286275005
3.42374902472696707179 2.14436446397052371537 -3.91019726386372834526
2.86309898499592385690 -0.48421951416656749956 -0.22403503838846017260
-1.38694349483067203010 0.22759491723684366349 -0.27737142927731994746
2.12439361529835846198 -1.87141173872738830752 -3.42497760406523932275
2.18854964874365798266 -2.51411947570650795569 -1.59153175543090030786
-2.10951353245384165547 -1.48552616538185278117 3.58263677814740244543
3.44175723991707105398 -2.96798752328973680648 2.13406187964260851686
2.24255190030046325234 -1.05211935409225620930 3.29958811474326729751
2.94646025290204693903 -0.58057649112896747567 2.49263590468194973226
-1.54178071694082907683 -0.37938951233049333922 3.27238980373179977335
-1.87556578926726125189 1.44125086823652104329 -4.17685114420338088337
-4.18729401810978885123 -1.54925738729076467592 4.40630707932614651412
-1.80792240525753822311 2.44805323078109982049 4.26479231910823397556
-3.45232033594487353056 0.97834754633142217983 -0.83103872132719347476
-2.79601305050142867614 3.18589068729817714853 -4.07488605449917695722
2.89007274501199784567 3.68100377734088990422 -3.13499816272249454130
0.75069127247080480458 1.28480755824662207232 4.02950325998590219712
2.13576026341880886861 -0.03803016125467539865 -2.49326769176600970823
4.23149082214260996437 1.88335077512916182485 3.39616259261947295300
-0.88438294831925956530 -0.83983869440157787878 -0.17464711524059417513
-1.81697275899082111295 0.98863366065677915628 0.21297689573903078042
2.05752127632760295484 -3.98328595384809291957 -1.36385942547107097411
-3.91301129634399336155 -1.90934816670906171154 -2.81153593846672267276
1.11347173095682894228 -1.11574807439861345415 -3.83520287545908233895
-0.54881211252457084981 1.98867163655223766483 -2.56399167825344598270
2.64295441666622377141 1.71483506278167663339 0.49084169214984196827
0.89088020863424421947 -4.11760714691131735066 4.45863935807235289843
-1.70769746759025276006 0.85549009326354141791 4.07410625776723644975
-0.20870093164410530306 -2.04442888380887133337 -0.77536080439078114424
4.31212696111268822818 -1.64523139204123491908 1.10710990944539577896
0.30021000753117821347 -1.94392715250003345062 0.72614606499172396070
0.06227162346836934148 -0.95519870751623248140 1.01606734054073122309
0.41677757700154760556 3.95078546460166268872 -1.72164846372572277744
3.51028985173131768960 4.04286969366056947450 1.62251341041542129773
0.31478963735352660791 -0.40902424710303186828 -1.14947134601736600246
0.89213972725535928276 3.82500421040468108203 3.99555692673324269748
3.23063679109411072687 0.48628417463578443858 -2.69250485288298646580
-2.18654052559197920047 -1.68644086370579726619 -3.38418083517369217006
-1.43667715670336004763 2.06186407009435157534 -0.60157704474676432227
0.23823404167444994783 -0.50822210164006254018 2.96653835690242484446
-3.81557763543920591687 2.36853501916213105005 -2.35154472112650037019
1.80565216642262438285 3.11987177315418673373 -2.88522269389882479729
2.79015585899783058466 2.67361009776704161567 1.67937836250331606891
-0.63938951706113389406 -3.14958950960763406357 4.22686140482413374997
0.18876396075720069945 -1.44938765345607567525 2.50693289007741793029
-0.44287313308257569844 -3.94074264463399170921 -3.94853322261336092680
1.95462862174560569883 1.95455100965853834083 -2.48147356154633813574
-3.30650933917478573321 0.82556690668425858348 -3.55307590037772058622
1.80525105515224115749 0.94050962922949032929 3.75236101238480390663
-0.34390267770778581990 3.41852197122778367344 -2.51575083302961033382
-4.06933177081074415327 1.82544379225912667408 -4.50664794885492536736
-0.74037540783257904664 -1.61170862728189456803 1.29058437630725375556
1.43447866460005091227 2.28072875444764822106 4.27154131719512175636
2.59859561933694571678 -2.33388184099987583409 0.27956603965387927246
-4.11824823651575577799 4.20502594729059619993 4.17782947789740344291
1.81396664746428459836 -2.33785846121016982480 -4.49043435706977955846
3.17880959149343400583 -2.99467761823210043559 3.22678702679669182629
-1.48715544324813109256 1.62867219500696425172 -2.58819268239394073561
1.65452891261431034309 1.01334908067849127633 -4.14700307092803654996
-3.21964360093130430585 -4.53527243009558933551 4.15453090136267899624
0.16738436146154267448 4.48669564525604602778 -2.97694971634452931752
2.61177039627776874653 0.19316748626696167435 3.95329870122059379156
-1.47221407369766232875 2.73332657519447774774 -3.04854103767466977359
1.47777907511391237705 -4.28710381646320382032 -3.34171459681138882658
1.98498427164200119677 -4.28422691721026005496 1.50557726325985807847
-0.83199571878849809536 0.36840040541916430072 -2.91846299908046669103
-1.61172463749909278263 2.83911684480122428198 -1.25820301915530041725
2.68920486684807880096 -4.16546147283520795668 0.72193574119434078540
-1.26900537387726730643 -0.09678080993637117047 -1.35803906847457067641
1.25850592913543035678 -0.20350966268861192532 -3.36797173501473734447
1.94977765428708504913 2.08163458957358127321 -3.69053469659584765239
2.61447192144638762556 1.12047078848668757445 -4.42435514218769920802
-1.63036885963357436324 -0.51333975280278920650 -3.99884503244027600388
4.01390442179323425620 -2.54725180797237937824 -4.53057366967993324636
-0.82260529195659692903 3.91989125519815129195 -1.54786979719135731060
2.48424000699833325001 -3.58853925696694142644 -2.34656599391033005020
3.38845940781775833983 3.15608315404893957634 -1.70410216123012547840
-4.28978185547434076597 0.97429164926102274080 -3.71962085016527543857
1.98552587355768395128 -0.98455076265421270776 -4.50802055216831032425
-2.06097028737314147406 2.82641651314983022303 0.04509220367167010579
-1.94947953024885833884 -3.08775255866257447579 -2.81227450782478083369
-3.33982366133149666254 1.78333052699642280459 0.81148232928811037112


