127
-1.78021133611106918693 -1.82096489214760914876 -0.35470917621225517280
-4.11106338993009146066 -0.38363677574054033670 -2.78579074550262095755
-1.99291703279236642743 2.04414642451300476722 0.37671440119282539882
-3.11834049415015712725 1.78007431502136181933 0.18093285991976504334
-2.97409203780703634834 0.35436769378443333522 0.64194138439530501472
-0.27903366400987383855 -3.61607772371484292862 3.14037569037535391203
3.50895552688780032469 2.98894452342609184825 -2.46730284931552512617
0.23630647531275883466 3.48968497057650406390 -2.51304695343331552237
-1.35873392746967036615 1.61961848775951544610 -2.59947361505140817073
-4.48232809970625023510 2.81549804697973460321 -2.37158892335152993169
-2.31884276776419850918 -0.07409975097217458284 0.04046990462112010078
0.64843189720052052394 -3.03033113200990822378 -3.70017156411206649125
-2.73434254895673323205 -2.34737580546854429642 4.40417943211946916193
3.93622865664920862372 -2.10641523284187170972 -0.14600762174926540382
1.92819984688964130015 1.12254295260882575036 -1.44881382307759043471
-0.99305695847787101016 -1.77375441322572946490 0.52699901181742880851
-3.85439598552456885727 -1.76059036087007880766 -4.40237363404381643051
0.95223041043024103658 -3.16163088372437783846 3.07354652594459754056
0.52754690304751150620 -2.07016256776157803188 2.89627815217105766266
2.86181364512507308007 1.90971410402493990688 -2.40606546531211407114
2.34699056489771518130 0.00473022055556082677 -1.20589306002507745674
-0.13625810279174466189 0.57087588096642960522 -2.35919326443740517973
-4.35659574057698417704 2.42631587131720571904 -1.27819929667723997113
0.38827183818835564466 -1.78058499192861852123 -0.65063918762593786482
-4.06305288137750775235 2.57332101464028983884 2.68291369584264849379
2.90653452754691699056 2.61850847949579357277 -1.31382186696154157346
2.60421213350171409928 1.67446165725061302254 -4.14067578963053062324
-1.72914346457731582518 -0.97103837932034720026 -2.70443058907808797642
1.55588700183761474705 0.29055884796126107972 -2.41095289504084941967
-3.75904936811809520236 1.18405532732556295628 -0.76534398391297964181
-3.52473351379230237512 -3.12748709003300318088 -3.76816609255771162168
1.01615051968315039943 -1.70491044810241199059 3.62967333759220611711
-3.31113487286826391198 -4.19823752985361409173 4.29668435731960496327
-2.67352258815282262105 -1.11508458869986970541 -0.72431384009444954586
-3.11390914167725441075 -4.18494069390707146283 -3.20265081132877638126
-2.12881814179473805027 0.89161365119208380037 1.36003283430359456219
-3.15611554653828774164 -0.93836324641385360223 -1.96407525395975834925
-0.20804657535583714889 -3.69618311854826098184 -1.44946989129129288898
-1.90185870063828676990 -2.48485954660424290807 -2.65017258277370704178
-1.92410685206701881356 2.20628450183024238385 -1.38561656562359347689
3.77428971753833319980 -0.97593537396723872845 -2.49051480447521944583
-3.59372722316911330509 3.46356565711252084583 -3.45703152253358014789
3.81099318748327231532 -0.49978660708933730916 -3.88292105602726245195
4.37873086343694151168 0.61586204641465336351 1.01500626894095269392
4.05229392727001336283 1.32140560252483307835 -0.19747076799893203969
-2.32013189233794570043 -1.85943375401905308664 -1.22320543078486831945
2.76697641083290690744 -2.93620728862602842213 -0.07589477385463005987
-1.17700773391188651118 -3.34806233741126701986 -2.27215698183515391051
-1.95340577149137839541 1.14366960363567304881 -4.20473583626779401357
3.52356081900239725968 -0.85586760443281750810 2.00456869282755434369
-3.06858554631509727884 -0.55425737806991870471 -3.86653036184229836891
0.30103108856565619078 0.82245288793423032558 3.15679975693808234638
2.27589573220349361549 -0.12386112186351283526 -3.16332401627154435886
-1.11391254366486069927 -4.52899128516278892675 -1.93193146163730400389
-2.43886788526312070502 3.72292802401617262120 -4.51228099585280162387
-3.43491184225593348955 -4.15073706101919004396 -2.07233498938076410312
4.25672637453994884282 -3.50795039246436290981 -3.78214042757964685748
2.27567903869638943348 1.44110442226430546242 3.71516751390028421298
1.89021194780558499104 2.20692863484048640288 4.15153586826172738000
-2.40835946628105768141 2.92171621193458808108 -2.97840743678471930878
-4.46422729093816883505 0.51392451721337373272 -0.60303934012118576291
0.58133034255227489240 -4.04433402481101378356 1.25215852308828079487
-1.15668792234883488490 -1.92221997984519266112 -1.75767495079626367982
-1.94182989283103646372 -3.45995558127561375628 -3.44005198737050887914
-1.44812649571389329139 3.95879498593498180270 -3.60759054776088339267
-0.54782299781062970823 0.17550662953424200907 3.09005992762591130685
-3.22857255079041305379 2.14072811862445444575 -3.84972717736241465403
4.21834126014888344258 2.91578036783473226734 0.48226952653888943701
-2.10391231845387105537 -2.40332175978897799595 -3.82981244157988243160
-2.49323418530519713698 3.98364732200464910505 2.38070060036657871194
0.22032760463821876584 -1.75871568518879506371 4.32470314711298531307
-4.12556234795852638797 -2.27254402414866696347 -1.22422025523413058323
4.44707116710989946995 1.76211653417810065747 1.64647983362424898957
2.79863545885289877191 -0.11840317523063603744 -0.24268838248663016088
-2.79585373730836250772 -1.25421265160795636362 -2.99114391774481269692
-3.40971904771644673815 3.71005566924274976515 -0.28005766806583842765
-2.62024111226000400166 -3.52861335302911083289 -2.21746010748104405153
-2.47473952802164465226 0.37485900097050528501 -2.71331287024282108433
2.08889061002363884967 -1.52942836629905842827 1.94537932463883311840
-0.83610759922367261510 -2.68871389744881517103 -3.58994155390161484576
1.95565752962292460637 -0.80725149930248685237 1.04702593644098396197
2.83102073746411786459 -2.30286652016129700371 -2.16391874929938143879
4.33531013328383085792 3.57158950641823924599 -3.24428301482088565777
3.66029961732195996404 3.51087188882447431837 4.02263196320233706871
1.51453920254241847232 -3.66059469372313373015 -0.67996898145082207421
1.14336791548977512178 0.02768425063685153731 -0.83689760157463011225
1.91396375934183282652 3.84268042657035291398 2.15663781328543269211
3.13761451906530819400 4.00941680470339623099 -1.08093520290126043903
-3.69467644647761828125 4.02809996490353494636 -2.57200390858392236026
-1.97424678395826092014 0.06597215499503139569 -0.97680552140383891668
-2.78868909962649214052 0.55842554586973403019 -1.54055648165931824423
-1.57454892269144952621 -0.45526003465496511780 1.96557283560202566974
1.50143756135925787731 0.81752189081511694724 2.14785906025950712461
2.35580535191524287342 3.57773352232489916247 4.39776370498416735444
0.98186590186341149433 -1.44699297584900321567 1.78801972724956481642
-2.47969174126956604098 -3.76759698280591770470 -4.47588473656943364176
-0.79326544589179404099 3.80084937238781517266 2.08049927167354109514
-1.58303911913876804718 -4.20946591244541501453 -2.96901124760258472435
-0.93507744603167219921 -3.33009435323773272941 -0.81719069138234168292
3.07537065583807134317 -1.89393952533503817648 -1.05823314365277232341
2.31964773264567103439 2.59042959908151448900 -3.02633409947492371117
4.30301921467103110075 0.62472704950573465510 -1.54150254148882615013
-2.75943986056836276788 -3.49225358085528680974 -0.09361568045625823231
3.58407293038157259701 -3.86401892409437275333 -1.64930998678685414305
1.86100643599883586177 -1.10327360748080494091 3.14245108669670347723
2.30887067310030591472 -4.26142543446131494278 -1.15116906813509878305
4.21044748485779241065 1.72507693328617772721 -2.25208058216010664765
2.55784151430538120309 3.92046413511456837142 3.22640953133244057227
3.67919952716038434204 2.13066629144474450896 -3.11225910243360770480
3.81749365148972419348 1.84614013316610847681 -4.20101658592812210458
1.74319417001533238931 1.36888593942893876942 -2.86127925113274583779
-2.80166055392808877045 -1.48372795198075424494 0.68358628174646884901
2.90893284966905785183 0.71232146664695950022 -1.99052956263588010088
1.21748889033377327706 -4.03099559226819259550 -3.87015558063607478800
4.34915679351791606422 -2.67784172273872922432 -1.84731099315555402640
2.88060844747957478518 2.60973156176699916386 4.37543724647061704758
0.87352509517866838706 -2.86208435474439681911 -1.11731393187554406410
-0.84893639116158192692 -2.61187571117224548445 0.06312323315065615503
1.73725336597069723865 -0.86204763537817674646 -1.00725498665803536724
4.06023264475994682954 -0.26599227702512795446 -1.69541115805200659494
-0.31232757485451312363 -4.46269400097870061472 -2.81615150217601817317
-1.85489734152307939041 -3.05373985340608999905 -1.27220350199182785644
1.75582633799441456546 2.14733112952478233382 -3.79851577134742157682
-1.17403819999906300353 0.32608336671951576591 0.41618804618379190430
3.17835534583752643556 -1.13793197890508546166 0.78417236468265816285
1.50990814855737554012 4.39768028889548556748 2.96457146108069924395
3.71534793013125597128 3.43597924064347193251 1.14524323319748422279


