357
3.69171233302719681291 3.65586007280545199905 3.01628517745022239893
4.00433163084094001505 -0.67960113342328432040 -4.45990188906124185308
-0.34606631256703579425 -1.92670293909259182641 -3.38610923188243884141
0.55952206952658567474 -3.42221787038710356654 -4.40764319474305921176
-2.25589217756323057174 2.00472146044800680897 -2.15875503804377721906
1.54830126166038617441 2.49168186501753119444 -2.80986753425236690518
0.61330060073286585265 0.88653595674199792143 -1.72336211492177504567
-3.87268622601194190125 2.82041936397337256182 -2.25395494836110366066
-2.36430313622011212260 -3.24490935441022365637 3.29334364570295168306
-3.81093996634013620906 1.13421260405166979268 -0.60984720597521313579
-1.31443546318183424049 3.04305098393553219438 -3.24844106779454477874
-0.88684600872464169896 2.30238036656716005268 -2.32717994926033844294
-2.02439007795059744410 3.93612006426224692035 2.98592427639860158450
-3.17180528443716491793 -4.22737275177019444783 -3.79437722922006015480
-2.77344137944035118437 -1.73871845368086308525 -4.45985614951889441926
-0.36846199151489145152 -3.00346721296450347438 1.63927273050935440324
0.25694707607833677798 3.12257027231644190834 3.34017546172072687938
1.19376837988000694679 -2.75818578786722001794 2.95582133955108528056
-1.08674377942303035383 -2.59854645227317693212 3.34322953121472021820
0.02611883322637797988 -1.87945075231694147533 1.87105728791060688110
-3.15372477306373433237 1.77614596454632245326 3.55531538055618323568
2.45240890595107696726 4.30305117559021343965 3.42182302315723951835
0.98963773459443338254 2.90720204147166594311 -0.74908135566537215055
-1.65111078796719157324 -3.90202480401173046332 -0.26745610436738154192
-4.39206173958378620625 -0.91573986980570332150 -3.68370982798653257007
3.99346565831190769558 0.42949817215595231801 -3.37254477304958122375
0.88872985625238776208 2.03502857957310201442 -1.80412531079819737911
0.16090329560807514753 -0.69821498397784687029 -1.31823416918709357404
2.83476705901401881960 3.60925783369415231761 -3.95367958771311833743
0.58482033118877563282 2.10095797051215527063 1.09528307596392249224
-2.13045689202980792487 -1.15328870638662905890 -3.37836635148758190894
0.46693580788019328764 -0.96778586213294381935 0.40907942107334438475
3.00088299899449584274 2.71762635080737258164 -0.64052234761065385271
-1.60462990214038780934 1.05663375314255336690 -2.63097084219960875018
3.02145188396120811802 -3.94508766073003291908 0.29205965900439423422
3.78385690357495807490 -0.54367162118967993223 1.85948022341762886356
3.97613484158082908237 -2.76254617413448588792 3.40947591999658516926
1.11492461108334683928 -2.37537112692235075073 1.95091909623803427820
-4.27658282992798355338 -0.76411040124095253034 1.51839941605323769380
-2.19198367180310249580 -1.93402358187207479290 3.85892463680928532455
0.74300585480582626019 0.59930070327242201955 -0.73827722087904223969
1.20916134727419422035 -4.28320685494653208281 -1.41879349496299589362
2.02570640802741497311 -1.11308344668547176681 1.44789921765264306686
-0.30333565323423972160 -2.39752544528797972845 -2.52414966850479682847
-2.13813362017878105803 -0.66093622223394499215 -2.21164589183556126173
-1.58510472096262677866 -0.07082622688001460887 -0.23368816026702710076
1.43257234933750776662 -3.75432287753077309489 -2.28111110513519754761
4.37425552095829228705 -2.68854554001174683719 1.51972284425342607506
-0.13354886404773935737 -4.16059927990946754051 3.39856219115556967836
-3.70393192674899340844 0.14347657603285934869 -2.02587358451908317036
3.93848585230776304655 -4.37997078037739218104 -4.37387530765526211241
0.34977850607413785156 -4.35496996349156528794 4.25320855051029678151
-3.64172096364719211081 -1.94550857340677030294 1.30343047648748733280
-0.96139990722373180887 2.91775657390117082457 -4.38799536842461979091
-2.75929176016962696139 0.98521628800074978471 -1.19258786440990771638
0.14184429785710506167 3.42543808780787006896 -0.45746077831085862897
-1.36319852331410240609 -1.23482995354377456110 4.09196831126120397215
-0.45826514538350249239 1.49535075938758321712 -1.97085845551262739406
-0.28262360381418361044 2.72123294709429242033 -3.11658561050088600552
-3.96264013593902664212 -0.41512367101152580773 -0.87711213865273363055
1.05651970980621001672 3.61967675619754825078 -1.79348029729808633448
2.78221610397301422068 -2.67038041001931558682 1.16340227752339320233
2.98802715198925028517 1.02527200990739064679 -1.96426611852649823931
-2.78895716027222251299 -2.22298588615035486171 -3.04176633548610197977
1.14279561375621163677 1.28628121116347227115 -3.52197095934273196605
2.60265719352597457714 3.82660688661195802496 -0.55234931006457355096
1.88202385631327917537 -3.41591767375580479538 -3.42397799458235452263
-1.06583861756073172700 -1.25588187212458191055 -0.97797681933936475573
-2.89292598790554045252 -1.62715730452329498945 1.73743704895856421189
0.86534597555452918982 -0.86764062318255197326 3.46567767764868772673
-3.78206385552294710450 -3.13467328170025050227 1.32008231788706975607
-0.00275423857328593868 -1.69545788324621238274 3.02845880632139596855
-1.32491474164517963885 -4.21342198777174026247 3.46854119910214730993
-0.08464293574717274282 1.62215101638677960949 -4.29695865402160936952
4.01946275532818386722 0.69071415626123844334 -2.30264390367969840057
2.80904025410773172666 2.83224688423317427777 0.56555072252477955885
3.41297381976124025726 -0.10274174309526085125 3.58289556093164218709
-0.12528779459301819799 0.07493828743491803834 -2.07862341262005489995
-3.53737094940431484602 3.89944344223752015210 2.89935491836046654868
0.50841020764706446045 3.85173540087800159171 1.36931001398552787407
0.08724521585361699749 1.10034991372760249106 -3.25107324790712093332
-3.09015708696377400244 -0.59733705261314007373 4.01506991200412866050
-1.87262738477955226202 -3.45996543023645530823 -3.67255844174683820924
1.81068413925110238694 3.98007669389716145503 0.87215043563161120943
0.35786340606007982501 2.01626835826194028556 -2.67812221152544527314
1.47149303903505668245 -0.20311655081869872674 2.62302584622865087027
0.73080486604243155568 -1.75640476109862042620 -1.49039596855777034534
1.13035355434757267545 1.64032393867126824460 4.47290428937979900326
2.79159768521214157744 0.39669302126896877070 0.74122786673123819412
4.01101761432125325513 1.29974376338336572445 -1.20164978691165202918
3.09997402775959862709 -1.39496203830369225329 -1.45803182120540775202
-2.69190036539087218515 3.74502460250638424810 -3.60591343320034640740
-0.87789021503631126109 -1.24375746304864254199 -3.85113115342783229877
-0.04105025085054681000 -0.51172657563225243393 -2.79847453679607749422
3.48877800009697924821 -2.23809686741035029911 0.41525491598476538258
4.28153138510994946131 -2.78406565768596703236 -1.42925116313438804738
2.31647482726967179900 4.11416354438558240503 -1.47282007993491959041
-0.58024583703874199614 -3.73967948262149185723 -3.36616946799986838101
-3.73591699334216542638 -0.10676921239901027150 -3.47135636063245245353
3.71671813293129904565 -0.50558620148938082650 -0.51823665591867573710
-1.10633077436307880603 1.15135724394471328225 -3.84578510256938699285
3.01370560561250044884 -4.16305940023967568919 -1.26164183511124949888
-3.17534947549185098126 4.16679718535912169131 1.84314504713948146275
-1.84898549684830681983 2.08398424413194316429 -4.26545539930406025775
-3.19168603570687059445 -0.68686922949242346093 0.87739595978926931963
4.20571228350664494400 2.68325810759083616119 -2.43681538231840866260
2.78249580249713091007 0.10942483624614229853 -4.21307668647913935445
-3.87451999712645056562 -3.53671348714614541819 2.76384883501968570130
-0.29158326996896022365 -1.50085047233766699648 -1.68533915503715503448
0.40720190473757167382 -1.62791447078857398623 -2.41489970577233048488
1.97214541789449970821 2.63186673928216485763 -0.44245479191452830037
-3.98886355170559436800 -0.22290393181339673845 4.53635442423073431684
3.65326081694775961495 0.86362965784867640195 -4.33912380195246694115
-2.04863469028332279009 -0.09866191254325595850 3.61999847638912353176
-2.80248026877379130539 -1.69624152579801634744 0.65810151940593630826
3.30049622553646049283 4.08093740909924473925 4.07492146584945214016
-2.15881924652293166744 -2.57042570653024604610 -1.78737239279016968396
1.29887568997847413499 -0.17682308063192397896 -0.08367596410741828805
2.06016195931657275509 -2.53553070062413032915 3.67149162230577363886
4.26425468432963672427 -3.67126248472403249323 3.90338745255285690661
-1.67753601119042361489 -2.22612142584053129823 -3.85242124001528019051
-1.96376446256589876072 -1.09356867051102124577 1.25547705393754238656
-0.30444514875346939675 -0.30118787618978526410 -0.23973747951349810847
-2.92083221281162597194 4.16897267573109520100 -2.39461014282828710265
3.43529695071371676818 1.41295476476313996983 -2.92538831760478990063
-2.23328471900885494605 3.27307994921591038917 0.59884358433914464115
-0.35490930293323064149 1.37798284578920426924 0.56076531873116497451
-4.35523511585135914004 3.26957007980694758231 2.83616336084788667193
4.13021082126516514421 -1.50011975199098479550 2.10897813483585405692
1.86086253311703142543 -2.88826579132665495209 -0.36063520885887268008
-1.01514855850644192259 -3.21816566925232061536 0.41621743776417474692
3.71508381550950250727 -1.39000523801355591047 -2.75253740809747871054
1.45648811949098533347 -4.02220897688860734576 1.55618787462287944123
3.28048512297043437513 -2.44586192397504875728 2.11959887399945401398
4.23526645453889738491 -1.57402265411654251892 -1.60744727017391397794
-2.62690407417354521158 -3.03858979441542809141 4.28654878761790936181
0.94498051610756128582 0.89571696882279816521 2.32112318962020491853
-0.44110596565643600542 -1.54285954751837905974 -0.24124477998786009181
-0.60040486077962018641 3.13401455381409466128 1.01650628148843491516
2.47964794032331070639 -2.82973832897059685010 -4.24036071560682792381
2.35725059898512245837 -3.16371482961773775600 -1.23366649744395129318
1.14347581637296702439 -2.21448792178451459023 0.12903539410191822157
-0.96670023277615602098 -2.52322425491738222547 -0.34808544242528682844
-2.51921941548693917312 -3.31621733592934564427 -2.32918807741972333503
-0.92513645977389691311 -1.26529214626722286141 1.48940674903749670221
-1.94256838957856015071 0.29627958910009599691 -3.36535184382525542901
1.22338654656005196841 1.13018596488653511045 3.50445328507376263616
-1.06569435807638024372 -3.38313753448501364218 2.73026916773965844243
1.18211481778543703314 -3.19759508149461080251 -1.16250704024266049430
3.99461429121708899714 0.95992308193963271634 -0.20282531636977640943
3.92250698004990727696 -1.71341339653312774161 4.27665383206755134182
-3.63589696710608967223 -3.02280573676195629673 -0.55045990893496687946
-1.78593955419924999006 0.02263614708522609931 2.55017883380234255952
-1.33745964321529697827 0.03719972306243324311 -2.23110509623619979180
0.85032756161401312767 3.53874275480056343923 -3.11295089057396889842
-3.45677005433732142947 -0.84292353159479560532 -2.34513674327414900489
0.62427847580527906501 1.45910784609432120362 0.21701918998549896145
-2.61650112394756106937 2.10180582125268688998 -0.64196075078321079843
-2.24628235562194866759 -3.23477586476317746644 -1.10370624140701778515
0.54654293228340833366 -2.43806823245397819022 -3.52597767779602122573
1.59139050023148698187 4.28712194698624227129 -2.43167926618795871008
-2.01424188767690459656 -2.62790846085065776805 0.07693173548766463199
-4.42707898571898805784 2.82578938553973646464 0.16281727078319807589
-2.62616334541927010093 3.21142453882700973367 4.22143819433294087418
-0.89834732631233205069 -1.76489457673329930287 2.46804215675240623540
-0.07619173067712026182 -2.48818632371510339851 -0.99057482718790446086
4.06391807957515549532 1.94463638835689689444 3.23061692730685390273
-2.87766010968981511553 -3.97463509386486402164 2.56860660847283828190
1.94819406425497465563 1.70963511268320100811 1.25109468136614410128
-1.37614830590949299705 1.02277718833630881790 2.55130497141662360150
-4.11863877892211771581 -4.51865874357648333870 -3.45962804940407941956
-3.75530111231102292635 -4.13802835647650280038 -0.26903702273438767634
-3.85573782323374159020 -4.17055175161378333115 4.46173667735072410068
-3.12698705886246308694 0.66952752459609765623 -4.48411234261961144654
0.83299341747881605613 -3.38689460594806401872 1.99989788208061813890
3.93142978939103837632 -0.23682039719387049104 0.67909644425604209772
-2.17991980518397499011 2.26435378901100659021 3.68766591602979953990
3.30438992099438522132 4.02282133043669087868 0.20348638118451845003
1.00328736718366862135 -2.65242683080795282891 4.09618659207844171277
0.49561903179866639846 -1.03242479170698508995 -3.62502839357821393662
2.37795222625664148808 -4.03959422471399776100 -0.39311839725307784477
2.35441873069426499399 -0.73243995859694166484 3.51069868497004922148
0.18742287629328480136 -3.07383471663528595741 3.02330739876705045788
-2.50169453114582651665 -2.49021909267811114574 1.33217439421295136270
-0.23388543125336713757 0.25059796460953531749 3.35896286657039144785
0.86855395558893810914 -3.07509241424550916477 0.93206854270779171401
2.86241877393950083786 -3.20404096611970468089 3.84180275069981025382
1.93300676860242237609 -0.32284458589362596825 0.72011000155887305851
3.03415552289434753419 -1.13222827355036770314 -3.99799800509906244628
1.38598746538918593529 -1.15231896426577273829 2.23322880546501245647
2.51199815613181609564 1.28233857418596297606 -0.87259374793255828351
-2.87075997144090422353 -3.37102618989751823264 1.70406427588903230941
3.01234452376710049037 -1.49626186207603906198 3.92410270376951952898
3.31663325443805145909 2.31793975913039940195 -1.87457310936519050415
-0.78904363030802304735 0.27572681981873969903 0.46264479713102169001
-4.18416241051826354180 3.91320978831779253682 1.86465179170819528309
1.23893633575152328774 -4.50460632873468291848 -3.48728178020947288118
1.92445616071584790774 -1.79931917043768851983 -4.31454675589010427927
-0.40993083762437709794 -0.39107406016118773096 2.56475330941371382210
-0.04336223734724775625 -3.63255873708527898813 0.79534695297803548186
-3.43548682313628361840 -2.63490822332253893379 2.43540688001548666364
1.49670982385560868977 3.97382561557128877183 -0.16200374031558872900
-3.18588911500423455081 -0.93146367329240931099 -3.84895164868453543150
-1.69137495899061285343 -4.02161347710960281887 -2.64364794407270586873
1.22282910169297398539 2.11661729586365510158 2.50564932012630858793
0.10582883100797157994 4.30815473768967560630 0.24641791467968854334
1.24543900679606434068 -1.79982674203885739672 3.39887099608859166722
0.54091699936958548278 0.19453927898859113554 0.54984535283467650402
-2.07185398406106724423 1.35958252748854668823 -3.49576302100228453185
2.05711357648058612568 -1.78936906149734920035 0.17259689806408928803
2.52290045407176144465 3.31125548260637359022 3.78621722584940645362
-4.18498268869056300190 -3.88506979237084548728 1.85712573510643697006
-3.71259489631543937449 3.27766202679846685442 -3.56121537864184700695
4.45422642920883316009 -3.47001477134231928190 0.64068124647501711877
2.57642624620706417460 -3.61231267756660479051 2.06254683721906406646
-3.12687040816682992883 2.89487031345566148133 -2.89022165101019457012
3.89507244168238475623 4.29419162358832640081 1.29887917116177575849
0.82236696208479909131 0.58186045693790600097 -4.51486926220718931546
-1.07890511570703928612 -0.71929411523756936475 -3.00026688427101539958
-3.37483771997220438621 -4.33627508238827097387 3.51254391229544093989
-0.32517575320874225753 0.82567918548929064571 -0.57201614703065661871
-3.78073878861120205030 0.52462837722175503785 0.49898898936533786497
1.29232118209606028358 1.31633519189097025759 -2.50950535251237694112
2.65476770825340313564 -4.40181056065908027364 -4.48340943740583330879
-1.50084249813094849912 2.04899845898715238235 -3.07625365692633234715
4.10806363699391052791 2.19506900441247143618 1.94204495446975577977
1.87942197771708041643 -3.16921800979584222802 1.28835941502056972041
-1.58958619581829241341 3.24380196517295971148 -0.22310172945560413638
-0.88291907610810493878 -4.39379958089953781553 2.55301734353657483467
3.16992749344691215896 0.34224308822771210004 -1.19373839867371334122
-2.81090528056591804074 1.69001622127402750806 -2.92090250741413193225
-3.95295131925387543959 -1.52429715396194520594 2.32598043955525390913
-3.78600988844238184328 3.66882891622274964760 -0.34567120055126743239
4.16332825443781384678 4.50010258726237299953 2.28392553312050328174
2.65645654593077740202 4.30049726405446097743 -2.63257448179974451463
3.81691447876031819675 3.92478339393105013500 -3.40087566010022479546
-2.67266031704396889168 -4.18798041181214397710 -1.32941215267571610781
-3.81982545151325547650 -3.15408136822066120786 3.87451267980424152171
1.49136207596863101799 1.49619205048416770154 -0.80438112568169373162
-0.63963643308660156350 0.90523359474795039858 3.98244811834932743722
3.68670907476913622958 3.08351758389510699487 -0.07129103767655031731
-1.34775858314121776971 3.00071708618468413476 3.31269043869648971423
-3.21404771642764908179 -1.89390277091942049736 3.11544005335997464812
-2.18665181281406306724 -0.52149130540983890114 -4.43843761269103698197
-2.61566807901351872090 0.91458113144527519722 -2.27159298867133507827
2.51265864053056819927 -3.31099763373878586137 -2.46783320625992708131
-3.63244658847370072152 0.61098342186784471153 1.67845108879458315698
-2.30020751524547595324 -2.65556528743821962379 2.49482697033452982538
-0.69098541419487258253 -0.90229154483871853998 0.52856730042181787610
-1.35462548919435032957 -1.85241025945706017097 -2.79999173885258390015
-2.39324864685488192251 0.75743072230636521169 3.01786118160656613441
-1.69664301474649237278 -1.15146603624518828468 -0.04493942279124585326
4.35475976440045098315 -2.00877702723366446946 -3.60838769894338851074
-3.00740538552060376887 -2.78288886882572006343 0.19075419470463295113
-1.24066314010580391880 -2.01364441718110809276 -1.63547742877996427069
4.53666792733992974007 -2.63192413649319822966 4.50701478361436880249
-1.03641992442467456570 -0.10782159718617911892 4.12054529573933603359
-2.28868431468872346457 1.22825985547210603244 0.19197058341482264865
-4.06868791103861759950 -2.51160340421371985897 0.39876622887392443317
-1.36889911092822602612 -1.99904063486286531770 0.77863847277618258858
0.14706502452536707182 3.06636437459386801407 -2.24257685219807445520
-3.45852587204041928004 -3.21282165193863278319 -3.97382198381113305174
3.37800388325303391213 -3.16526148664301754110 -0.50867328186353244490
3.13439187959597465039 -0.15067231325121710483 -3.02312985942843326370
1.72112333400141714890 3.35206647538866331359 -3.65376587935763552650
-0.47202097952645871715 0.01132877385497454981 -3.62597485111694473048
2.93573260421731330183 -0.89785514036993196996 2.58882599928321965876
-2.58580879148072328988 0.89527271707973810067 1.19983800357528114233
-0.34391389435215202752 -4.20026614528178043884 -1.89742797233479976171
-2.80537957639805890508 3.99078537546290323945 -0.44359540781027284595
3.70263730431004756127 0.90971509482894497012 0.82081782885267262628
2.96265420747858154726 -3.62395235588136710447 -3.47444571314182448774
2.57411127479000967355 1.77604460334238378749 0.42352127792190952249
-3.15930766174536969970 -4.11588037587623123414 0.93392481885701794653
2.18532078260143602932 1.57713654799442082322 -3.02450580689550019287
1.63084488451538422993 2.40579796353305130907 3.60056047571265391838
-4.17375362441996244911 -4.50409786681464030522 0.84402015887564640906
3.95749996555079430749 -1.33303625260674474262 0.98457290838015154577
-0.01943277794283915227 -1.60076010971505500180 4.46350114707890899268
1.96354011993432209238 -0.25491956843293639423 -0.85892387485485599541
-0.00898091880684859234 -2.59197456755365385206 3.99597204310401910021
2.32785614715554167731 2.63481716463106518944 2.70467144276336401987
0.88061284024162223005 -3.64351607388077747274 3.65907057716467587483
-1.23851383116159219355 3.78003741418538563579 2.25823371012811602299
1.54341262334394269118 -3.73461491927041855377 0.38796114150379690244
-2.85163304670288475506 -2.19538429742911223030 -0.59168097876951719627
-2.23369289705112938904 -4.41827401356234883423 1.78807136167410973826
-3.68671167845769343074 -3.53041650627466951917 -2.82948082014052015865
2.94963908555397225086 -1.50454042585670055843 1.73924652577187632829
2.19957142545955086632 1.91140178604383415006 -1.80303384949845879603
2.16087687659414839914 -1.77423999513210439716 -1.26096572235410064877
1.81637241412698013932 -2.55393715193092241122 -2.30262180491585777276
-2.51067054853034354878 2.60469917117553872998 -3.80127473543112515131
2.83298324910757859385 -0.18186906990903217718 1.61221914951782618886
0.27434300799126631887 4.52537539564730817432 -3.81935703852147856452
-4.48598639189103121083 -0.75106975942968023929 -2.39966830230934435875
3.96646065262352021108 1.93450885019212659444 0.45745226823888085477
0.53489819935717530797 2.36600612667810761280 -3.64622198646517992060
2.19502295955541182337 1.91413993800915172017 -4.30624777526681956630
2.75507539801184631045 -0.99924480299091289481 -0.11196555242129058172
-1.37532611873812538050 3.97673020581866598633 0.82188608353785230776
1.54885485054436156105 -4.01508990132309762089 -4.35284646630318050597
-1.72911684170781221326 -3.85981934608268861808 4.38313573737008876918
-4.06159428675912437257 1.86747288656669763185 1.05041313987396112140
4.47530722805750169613 4.31391860955580153103 3.27599294995949730236
-0.09064946072491153473 3.91817542783594685574 2.67534026152663795273
-3.35526052573280431091 2.79995984643224193888 3.47454042148771957699
-0.86213719650902342906 3.75328732811100085343 3.85224705542655154744
-3.26549085125969984489 2.70148926462383531799 0.07932555985516565045
-1.98653493219693455529 -3.88597224332617807718 0.91967492504894199357
0.05857189517434946424 -0.81993281035661302880 1.68182523130069849771
3.26893046160425271296 -4.20043530914636598084 3.07562291448452373999
-2.91997201509801707076 1.60768704940275952708 -3.96813733372770949259
2.35073443067793608208 -2.29131915729323676345 2.65447682247349536766
-1.05872669088145610061 4.20484603746290996895 -0.24130869343217309364
-1.84937042936669682192 -3.39658738202390919625 1.82457077371354792206
-2.63685635863018230651 4.44596612371676780384 4.39161577157843563413
-0.67254865928681395459 -3.56692861507587100078 4.16241967120269773517
-0.95162617852343789338 -4.17183514714744063667 1.62778038768158150873
-4.51723320867475486295 0.32241226114525289859 -1.27124899471770902437
0.65825768878089796488 3.63219036185439403397 -4.18511969467660183142
0.07277438634002919571 2.55192213065610129519 4.45189787046732643461
-0.85175532573147716420 1.95538582347824352325 3.47506523927306343325
-3.89942038478739183560 -1.65819215492467098017 -0.14921687088768020857
3.12650140318452685051 2.93226534607986710768 -3.01652556688956607900
-2.61647401019838765635 -1.64502205682979019130 -2.10786492107594769507
0.30490502875190816923 -3.12043855262290881214 -0.13235389079705139892
-2.66611259585504845049 -0.13300424457805792855 1.69560511152919701772
-2.71123961597166074355 3.10606731430345561762 2.46724100030917625759
1.11572816387380768788 -1.18654507926037933174 -0.36061570816126931049
0.92191793546220157651 -0.26068834281342390113 1.57263286929461454378
0.72142120131243459014 -1.94913947723267266809 1.08182642904397141592
-0.42438631516409319744 4.12788954873766034126 1.64059822020741563620
-3.74924023099496928069 3.61413905212500008446 0.82458500314503346829
4.17606148691100553805 3.41845347970694302120 3.99135390306795923010
1.68754541066387186987 0.62141207653253438536 1.77155346057940477067
-0.47169338894387990990 -3.72932377019565297616 -0.56710222697119050395
1.00407086308556614540 3.13423130219167322963 4.06166546913443138322
0.39786777568167064345 1.96088582757364182640 3.25231477301496685328
2.34441992608631633033 -4.21475914035546672665 1.12056663296969016841
1.13091148810838060257 -0.83101147160754917920 -2.07007497914462801347
0.72061346858555186401 -3.48655893740001721071 -3.23749917779894769154
1.86313032379606813294 -1.48904198192419112701 -2.81828383901232548681
0.49360776407290529733 3.20459666781613616848 0.63335804923503324915
1.89479142778769027444 -3.66415534839781598109 3.56145314329247764107
-0.61129893427402048900 2.11958874739989067137 -0.47230040670312778417
1.83487330432820261450 0.75141782588524197450 -1.54097424012170236551
-3.05999573277985792430 -0.62973506092154440950 2.72972104950302707493
-0.12631041815460708477 2.98555243434384198764 2.21885812749683264400
1.26073213052479982110 4.28083185212142236509 3.84850939148264981071
-1.84875808537580521573 -1.48382949140124731358 2.20616329430556934454
2.85978857952716314372 1.75931937620488643148 1.72091032863005999332
-1.69992936696285745768 1.49240627309430085035 -1.00015378213415928599
-1.85445267331721819204 3.27054717614439738327 -2.20489164219888689189
2.02875871103810023754 0.64665755017044990183 -0.12550144017611319924
-0.05658495299299293180 -2.42449101560403290634 0.54923270871884355415
-3.49321312355240953806 -2.77659081206989233337 -2.18687992352282156716


