420
-1.24296212885478629673 3.86022246770515042869 1.16445620349266665272
1.95458026860300559946 -3.43889280027827259900 -3.65406462174448387614
1.17189705866822091451 4.17883359685004851514 -1.53389234170194299622
1.05999669503303639573 -0.74283343947549695940 4.28754060765467936989
-2.16528751655457618597 -2.87629103220061121959 0.33703654250652181901
1.95021211648405135008 3.92286563303473823083 -0.89480940867866909372
1.17026097455809807713 -0.81033291913570648646 -3.44759179440787821846
-0.84029979839625879023 0.74808365680864685743 -1.71563657093257226904
1.52671001226341740420 -3.86824498879758715830 -2.17411744902010140024
1.91083645245470012952 1.89832207395969465580 2.56540807340524157354
-3.24207796896349842442 -1.54187606899783835601 1.42880713684853777323
0.37011587919979760386 0.43942765313084652945 -1.32981892063100382018
2.93400067854462154315 3.91540859901024607126 0.64542299607431541375
-0.59814291702911148718 3.65505052523657969488 -1.65473000863534647209
4.21866913108628605045 0.86409161518771604449 2.87673168244223553813
-0.63539682111996631519 1.17287425917793353136 -3.19988531284273491906
-2.80553329497248826740 0.32370443332440324014 -3.25748548847819252572
2.21391205208034680396 2.35904562284528385163 -4.26555797212906107063
-0.96676664191117112068 -3.54814770949731705940 0.83959135515404792471
-3.74099604543530306344 -2.37477539657809533225 4.52626084755950142124
-3.66368077522434187898 0.23613536881168872839 -3.89181220047523135364
-3.79718564480033027309 4.28701698323613822339 -2.48069868682272565152
3.30572370023679429352 2.33458508669129827240 4.16367997042189319501
4.36744387480357243447 -3.14696911345002705573 4.17149363456622435109
1.98400627561662190601 1.50834333891706329212 -2.90482234689840668196
0.92596129209910582603 -0.33506777759380135251 -0.66234114067344407317
-4.49655763805117469900 -3.24257745244511808025 -0.15622689480967366649
3.68082284184738828259 -4.02206909922320221540 4.38537997957097314128
0.82808163414956670323 2.56070128811347164088 -0.00888652401767853206
-4.45754878139668964110 3.59048280043755507762 2.48806479359299448362
-3.39443976694002680361 0.73411880779458016377 1.60183557689720590389
4.45644958444304872813 1.74466182170128281115 -1.84695898862461138634
-2.61511616798236845582 3.53222464115361045600 -1.04306606876321028565
0.15005380276543522911 -0.68821273246806580204 0.07803695728046466940
1.69784745281645843562 0.08627183031330964980 3.36534807034681993088
0.55487229613818023211 2.79057412930326531608 2.69647218205312722006
1.71597879302348932384 1.94000374674163911237 4.08959928991513077534
-2.55024359605978379051 -3.25913589974465578436 2.02551641221240341650
3.08097928168715196051 -0.66322196997382931727 -0.03108696293790558229
-2.59662332881224555692 3.83711793769922326902 1.69365685167496415886
-1.67578328420788480457 -2.01646541062199613492 -0.06221252193262216679
-1.93829969618576170021 1.06929435450282195319 -3.66111554503389324822
-1.51735287834568355336 -2.78733394439212789351 -0.97658159757779738896
-1.60196520904375994121 -1.22130949921706477568 2.37844091583252126298
2.19181958735874093946 -0.51235077414760432646 1.28989145292564177936
-4.33920293053253125493 -1.90960051907386674230 0.90115526411151058994
-2.25600865175195997026 -0.42872088046609935219 3.68650848749225890089
1.13156117735949912628 0.60863420761363595801 -2.83091741120298756584
2.32461321246298702192 0.98983670778041421556 0.69607327452439715643
1.55093449636648994527 -1.95347865892186289827 3.47364780059057220996
-3.52999524592774927001 3.81655689768418771024 3.32698760960161710187
3.80878914189694572912 -1.93212926318668198888 4.18688353204105556671
1.20239686077235141681 -2.25085977377775225960 -0.19842932628514819982
-0.78964598084979842341 -0.07444192880773581322 3.35165501562361090038
-3.00020750734091512513 -0.40670386468085251153 4.43370556361497047959
2.95699714655899814630 -1.22387799027541888108 0.76761154577747525707
-0.81249473944005234927 -1.11931168877667497341 -3.51596728026710225734
-4.09439412887458420442 1.97759712621735239679 -3.10187733155336742286
4.27683205540967303904 2.16710691777201081010 -0.29624258199005470971
4.10910129038110394362 -3.13317836674408489728 -1.96945143991250981585
-0.37606471200374524955 -4.48695837110160677952 1.65667737667377235056
3.74534705336143769472 4.30750386751283098619 -3.56124248601743165210
-4.05249834824970989189 -1.22610336352536375415 -4.09011728977893529446
-0.26655415794284031961 -3.82902923733479028101 -4.30422254888545463558
2.56265749603848469462 -4.05572768147171025532 1.08188940865839366978
0.90135469063927953215 -1.50330863446558993246 2.86064076625939556209
0.28279262613020872408 -2.89739454479567104528 -4.00747566792889386988
-2.28997363053999913873 1.07122816324044300984 0.18548641660712572587
1.18498214908581811500 -1.35825202307316938999 0.84968916806599814606
-1.12230797780956148557 0.96240203789419354052 2.40405787458635344933
-4.41729645172438356582 -4.22623574830257542345 -0.93271878945969177721
3.10827855353287052509 -2.48226299529216554163 3.69440613173914034206
-2.71175768316155485493 2.15396094865341236613 -2.58776378738485091091
4.17116221812647491873 0.06228835071713056948 -4.21717040906362239383
-2.26600653582356903470 2.68469773195369310059 -4.07035162530880345599
3.55629242802024680969 -3.44441256018355534962 -3.01999567743975294576
-0.24414062033039662936 -2.75116653007427114375 1.25852337589409923879
-0.27745211153608018151 3.69228470310976231161 2.47333349013814807194
1.22291609771960274600 -2.98102099020728772416 -0.93546759745009344655
-3.70537261342919466145 1.85543278529383481867 2.82989412790169314604
-3.79660615953611157991 -0.54291043064651578476 -0.49744864604221206150
0.35168509119051538647 -3.44935644585993017586 2.72521296998620510266
2.11244468763198778305 2.73010352999213523617 2.05335605406245225169
-1.81412074815001567174 2.83713904681215201009 -2.96760605985780667737
0.17371236231200892774 0.74841110782600495099 -3.97588140188995309288
-3.91704115180644851790 1.92293156417526134305 1.49851074240888326727
4.23655968681805372711 4.47689038674535755291 -1.86719643179922023535
0.16477583203822376845 -0.94457659320648001966 3.78830498482717192843
-2.52762788301829344206 1.50485435601577410836 -1.74186798854172630868
0.37871166771149944452 -2.34372236861640415029 -2.87329261271502112152
-1.61341811911648225220 -4.19072155876435203936 1.92309317731446061117
-0.09739932364206271842 -4.42272572271229069685 2.94689061046134703759
-1.16586387615273734397 -4.37044724818872687422 4.44928997159713812692
4.47947218975077188219 1.27213564976045567789 4.24043950717287554397
-4.09586040907261139665 -2.90550020825211152697 -1.37260426984909322812
-0.84742822598563183334 3.11518818383431561614 -3.78640319476355058370
-4.18812389082905145443 3.53947246863115783100 -3.20695414955422952730
-3.01306059650604529665 -3.91041115508770431575 -2.81636707550214726581
-0.56451188829399789881 -2.33568108489442094466 -3.40027531483342260188
-1.70227977462640955864 -2.79247304059237322349 1.52657612827788380372
-2.42084976606783008890 -1.64569168906869345292 -2.58611629323710801032
-4.48246216428211496918 1.03962224172242567732 -3.05297185493366551867
-0.97065204316957576225 -3.76122698277657052657 -0.65639901687326629443
1.21160237299157014235 1.12456837093951378392 3.30343920688698489130
-2.16239020056969355466 -0.96950615290870079122 -0.13102718210646902008
-0.60829909347361832417 0.42919931724736049006 1.75655342535823866257
-3.18253899888527502782 2.75690098492243773620 -1.53830081721464839717
1.82935039914128072525 0.03327739717262101493 -0.10236207374331307562
-0.97076631541115609991 2.93959334059745724943 3.49738653022833734241
-4.37033447063225644058 -4.05957369886362418043 -2.94755640164445553708
3.12180703799200998105 4.25462580876922213946 2.47131863554529385141
1.99376446137710328088 -3.10810544002208066772 2.12324425357804535963
-3.21770136020706543079 0.32408315927276110102 -0.15445333974887809347
-4.22210032102810117749 0.67344385667308426235 -0.54474631026990172344
1.71256991107061296020 -3.36659764312356157845 1.14548118074308202807
3.50897754733655720116 -1.31232417472505957790 -1.00206555368060179489
4.07712804466953482319 -4.45795535405249498950 2.97547342620964716531
0.22899579891617261040 -2.50516292810849661166 -1.80843491210522344659
3.23383244710733475102 -0.62422168646527342872 3.09025031771494251842
2.12102670400502990589 -0.01093690164548277721 -3.39212359004493224646
-0.91987447384150122787 -1.02057446943534735340 3.74196995921835284804
-3.95444181446771469979 -3.69064723027646834908 -4.17817558403337141471
2.32844037366204048567 -0.83970493107281285461 -1.73771128928005724745
0.94786796871188627733 -3.26983954940793930533 -2.59885859777368644075
-4.42393934666123378463 0.01042989777779368410 3.20423987244583141631
-3.32382806549076104119 -2.23770643288143578076 0.34761533915977782527
4.03932193067227895966 -1.18696504598866692248 3.15393399959106979225
1.69627047492549376528 -2.24446148862078720398 -2.80052513605627195759
-0.59740844010247728946 -4.39146982306942490482 0.25739054721222842659
3.94616238314749256944 1.48064975054481262617 -0.90701116372000445409
0.99590132487716509502 1.14461802343904839319 -1.88682803216834571458
3.07807504207418780595 2.37943376864125166747 -2.33282411706739534196
-0.66580121092697996943 -1.77882800165981658225 1.46406074633437288668
3.17229244553801148498 1.27521255611052364287 0.06071300048624461709
2.41463902752543635444 -4.03251286521921947781 2.56586540981311017617
-2.23753874813594810789 -2.71085641154644951811 -3.98380664969662001695
3.30207686811200051835 4.19981885884514394292 -4.40768116108789431706
-2.16499968724434044276 -0.43293839836998326831 -2.65968874040493785671
-2.25038801045734571105 1.65381340103876883774 4.26917654906622257016
-1.11333436759590931331 -0.06442063779470341700 0.54019438788603135748
0.49727183739043034905 1.82700161711961150957 4.26060424911691892902
3.91378622195562808628 4.38024064819051073272 0.45455253539855711153
1.88150059450363382751 -4.37584862461142343193 0.04764914523684460335
-1.36263906112684374250 4.41369304784829896704 3.16028428521824800157
1.37441634385942812457 0.74604466592674789638 1.73549121974565778714
-1.01479823745915131994 3.58735329449338014030 4.34924562273007619950
4.47029090853258903593 3.40387736369675764081 -4.19907018963049516458
0.80149496888526350347 2.03788766209366212223 1.70214973768934285658
0.18983529657043529681 -1.87675179344828935157 -4.00809703491880320314
1.56925727863711106380 1.83761052893185627966 0.54449513712443753377
-3.70957926830556816711 -0.40716434406220169961 0.95922148296245790533
3.74507859918581420544 1.13665525737460537670 -2.25496261545131737591
1.73895636460729097195 -3.29130315057353328712 0.08731902984234185539
1.32667987899991945966 -2.15875339913434505235 -4.17661752811589703782
3.66472899144151664785 1.35245035399094870598 1.65983811411031201288
-2.25166185116387662646 3.86513142269178455734 2.73637303663678466137
-2.19056827238079998565 2.94208372099006876255 -1.92342770803236362553
-3.69279809613100695742 -0.67746626711811241961 2.49932696995296588227
-3.51232885166762320850 -0.50927005599294172811 -1.57595674809999319876
-3.09178154325593723684 3.67661747318208487201 4.33067209843779910017
1.53801363885174779966 3.69360246001747771771 1.09110932107634983623
2.83855851092769650990 -0.75120073983665447415 -2.90747657537780623827
-1.41605565380360021166 3.26050581821649210212 -1.11251232758510276710
0.85241833296714464296 -1.47060215008445149820 -2.19739900070301574786
0.25193412005638826656 3.47171198248616885706 0.76120287079201709446
2.62132685937857612402 -1.70577367046378158832 -0.39805886906465648423
2.90115471901656452047 -2.71793972797414085107 -2.49449436920277367591
-3.15261007475705401504 -4.25300351338877113960 4.53221094620009434806
0.96826847210693500756 2.49363835208536510635 -3.59419100156281956515
4.39202879204053697748 4.38830415305132159887 1.77620663293976921437
-1.51091434227176080185 -3.21526121549197840821 -3.15155780575917487951
-0.25062007358380178346 1.56414398597822845716 -0.20236990686236389081
3.01483873467666452228 2.40802244716026780935 -0.00401522948650256950
-2.16438303884890848039 1.88683411598889705374 0.89405162447467478870
-1.83047259292489972182 0.45246242117295487617 1.81951265446697885153
-3.35819104305751858774 3.13775283167392426975 -3.82264090545024259882
0.69649549777119545979 4.42694075980374979196 1.58849945641867140722
-1.03451241500161827958 -2.30661724404572998637 -1.91832256986726390480
0.46800193922707755689 -0.59674572213003784782 -2.74509506393457236584
0.56571642336150862462 -2.15172029461119995730 4.02534595324437471930
-3.20152922474152656918 4.42464458322715881167 -1.45758035453733114650
0.43554423548816956213 1.51265825231384365424 -3.33033461284873633090
0.77067019766816358128 -1.79913290753133381372 -1.09784267754313402676
2.11357358728696098638 -2.26371294639716813535 2.73290991460259213852
-4.27727987475144555418 -1.96384735400479826239 2.32123438624539701891
0.66106907188341867965 3.25069105849982964429 4.45197654244883000985
0.27378840394489145638 -2.07977202815262485203 1.95637992320194076257
3.25676607666787010231 -0.30506356871349815663 4.36650391437983653731
-0.75875072781145558309 -1.06864628396479011130 0.49455940242086526837
0.00031784582155314212 2.35548219979061546070 -2.24958428693902012796
3.36325193166454639027 2.74938745829158381895 -3.88026924174728637951
-3.30977809218762830668 -3.58937672391986239973 -0.89926493574595811609
2.48627080363506269833 -2.21117564555608003829 1.29652721320436103980
-1.12225592689282116510 2.68782790468465737632 -2.05220679048595489036
-0.34697855954807721446 4.09170735959357312339 -3.76455382244476055575
4.08208379657396047691 -1.37936555828450924110 -2.94780853159550693121
1.75470971604884518058 -1.19218215390300308343 2.19484486340698126128
0.15878157827298711169 2.83368265820651021869 -1.27606402595633250385
1.94092944139108336543 1.70007180981920047458 -1.68598898708149791403
3.53888986564408281055 0.30115032390342122426 -0.31721702762657777441
2.41146953563276333909 1.25162440120377826958 -4.34642743495409611398
-2.68590612544295259667 3.30826602225936472479 0.37098360900191362788
-4.14270241192734811619 -3.82170353832264542149 1.62227528481178584485
1.19344690501309091957 0.27939879600242090163 -4.35997098163112273284
1.72174485689062262139 0.44864237351383984276 -1.27283030372713401590
-2.30165543220846124939 -2.05450513017479741151 2.04043957939094511289
3.84522106986105693949 -2.41150858274084578525 -3.04392932145246275510
-2.96127739422137059577 -2.59458568914015952345 2.73009947870895430810
2.68362709286043976675 1.66897851321555545923 1.60144471047327208169
-3.60133783613522640010 1.30708891754855205392 -4.29983903532115174784
-2.69589544237474942889 -0.86622534347652102582 2.16102459140389679959
2.79015155995131625133 3.39302156742084726204 2.88352797271658989331
-0.95623248974338670436 1.80020280859538228668 0.52805332519250658407
1.08444393104647218706 -0.13490299689447216025 -1.91323208543555267624
2.97898764166524898656 3.71221401242459858594 -2.47444584073596685059
3.89343973255705311232 1.06196036574908703187 -3.82751728850802797055
-1.86143264137200281638 -2.55755600464274523986 3.15294123387864910768
-3.89497560213387483685 3.46359746547961488972 -1.77584199613753135338
-0.75138542706505528912 -0.10790761137231630329 4.46363284531985282655
0.10252087280554977866 -4.53344417880490091477 -0.96548663159858438831
2.72887056882519285494 -3.40732837550864742227 -4.31258783968876802106
2.91414013902306567871 -2.97945348032924917092 -0.55944693342381413004
4.29483582984004197414 2.09922735471391153084 -4.02115120674895454300
3.27391185568769582659 2.49565183736843376749 2.15605499002691569643
-4.07269205660685962300 2.83254693587274175570 0.22075708573557584202
2.41411608415562373153 -1.02412126912511025623 -4.28193803332534717043
1.96241395390631989670 3.64244214007173194858 0.18472635126166458974
-0.14097234411065162618 -3.10678961316394008918 0.20559244371557028330
-0.57490553385690112975 2.61695377858481048605 4.48233257330069445601
1.11586316221576531404 2.50740580055818274019 -1.07814616498216775398
-2.68853406437208430901 0.14656895404799019644 2.60359756914642037628
-1.11799157803594884086 -2.97446365069884688381 -4.13318571392938416409
-4.08100342004528915396 -3.48069714148576858648 -2.21088627489149347483
3.79687175690816847151 1.86535310659624631313 0.64211915720929280127
4.02201083412186743971 -2.02634140398411144446 -2.03054135664018531315
2.08852877594421304508 3.20895866186495215544 -1.77447436982596640220
-3.20699739448315268575 2.03440200068371357389 -3.60160167631664052124
-3.56512594786765335542 3.01036979629823253646 2.05390174812683934391
3.69203751565858073747 -2.56808206709721309480 1.49750796450412249072
-4.38104288669293229219 3.92067328090589750644 3.93735580615358582435
-2.00384640284273629618 2.07640817871081484469 -0.70074304464661407721
2.04165346992460161601 2.88485961519782208029 -0.59514023656429682063
3.35894563792264744251 -0.15029777685158762779 -1.23926995809219420153
-3.80570876783588785131 2.36056921876618286404 -4.41668770865549387139
-4.24771213407681003105 -2.72094924648378899690 1.53827721767747505055
-2.73103391792305405517 -4.27166472798976837311 3.15644416054357268564
3.28742675662639971534 2.95695462456605895341 0.99461977657926414764
-0.04752906374447540827 -0.37896680988633058007 -1.84706825185649181620
-2.86909975500124714287 -3.83214553607954044878 0.06148979336485460578
-1.46170152496207084170 -0.14004485195658400443 -3.66733382434496180124
-2.82136596702164421657 3.65987620168719995917 -2.82483427274883425184
-2.50393882680190937862 -0.56795060085955961782 -1.13897553395274009347
0.91476351306480729875 -3.17712228205143132342 4.16344904256603509651
-0.23971839812324713392 -3.31031822906024508768 -2.63028982839228619994
3.82133183431434897415 3.59726558462754208989 -0.31442164247978077185
-3.39729811571106443679 -1.63960135826647768198 2.80891914077159565721
1.84346906433532442549 1.74362624033944602076 -0.46001327339441111519
-0.34999255455118127855 -2.91771539651636580004 -0.98197789321124107076
-2.00517877099264163476 1.46323971550426090715 2.05448996424101881786
-2.06663175979477742317 -2.44706760014897017896 -2.12037421590578434305
-3.35261549730050312235 1.18457061959451159794 -2.94706042324565364865
3.58842271712361071678 -3.58652774255438044904 0.82026358177730873678
4.50806652065619939407 -1.47075768021152919474 -0.35689009031951712814
2.74087805994604760684 -1.51583479928011488624 3.79984583286681054659
-3.78424288040482936779 3.20886113041064824358 -0.75765482044876453216
0.99431779285880672603 2.08557305135242199157 -2.29492470580257412749
-2.64880964516088646121 -0.03006175008451172914 0.60729745976112781136
-3.06232237508410820581 4.34607663704898872226 -0.30107747638235871079
-2.45843546979036764455 -2.22632894565184935587 -0.64135318955985276546
-0.56702002745671808981 2.92827497542078063475 -0.09026241668461132406
1.05474877891620000270 -4.09685558392697757313 -0.86715650924798293175
2.02929147896274386653 4.52749242802914597661 -3.92902910066094213093
-1.59995149863628949305 -1.84372476262099116440 -3.52175970643376112790
0.26460617180052281583 -1.76011997936927500064 0.36292489117129989040
-0.99500741948873061560 -3.24469684473982367123 2.54719604528724286041
-1.55080187051900431072 -1.43230001112333615865 -2.07257121486849316128
-3.10267438517158522515 2.34440103985569781031 0.71347351264209546429
-4.46303568892375590593 -0.76595638276496913477 3.96508376262687090019
2.76389162840395297138 0.55682982590462426487 -1.45497640650156068176
-1.67271288403901641217 4.37065820576772434691 -1.01774471066221661175
-0.41427335147715105279 2.36746204299245643909 2.62910452320034693230
1.91298516238081095509 -0.99223903839611304889 -0.00074653994423101722
-0.43704758369287954878 -1.76031745749023071923 -0.69680275522975598790
3.71816469373410729560 3.63291885940312919701 1.89921363761718797747
0.10840339062453985264 -4.04779145111383709121 -3.35201390629254891707
-1.04135348439757668970 1.07589654197571960026 -4.30142452517221229868
1.80289446288647337013 4.53576015248550756809 1.58565954235366923797
3.45373287048708110802 0.59000038474906091324 0.78272957208404569940
0.15161532893853824078 -0.82483686086037621976 -4.26528115177060485053
1.07558816809936974579 -0.45303677492834637519 1.46144353919049496682
-0.75215736801528088051 1.91700253901819817060 -1.15819277042003943023
3.85372650604592781320 0.40854365026827466068 3.93032233610057790685
0.11848686689763532343 -3.70035800035412210107 3.77289755228240597518
-1.66307020232622937428 -0.61216230339343891131 1.56391722759757723082
-0.25058260448786473518 2.38974239748262196059 1.01859440113317223364
2.54702155876126568046 -3.61140178035281866897 -2.58047590639386470457
1.98869874997429096908 0.10317730760818122349 -2.25813007580393287910
-1.87890774232743096306 3.79890753368937250656 -4.17835834367278646795
1.72176162374350560924 -3.69007947215940346197 4.43457442520126132735
2.28125739187415987885 0.70337678448033624790 3.90761900559982233716
3.07015545733245787119 1.76300883434325061927 -1.32896470817963585631
2.57180220316614605025 -0.16334758530438620028 2.46773629199228405895
2.39487871184027856231 -2.39357659753937923597 -4.47596936341907714052
3.04326519720707278083 1.39304948032903386235 -3.28238062223336068968
0.63329153833546758534 0.42941932022594997420 2.63682896951090750548
-2.97396684067305328014 -2.77147606390957035316 -2.34069985702035054942
-2.35666278828270625567 -1.41701521592966095398 4.46955448684426581707
-2.83270276436944534737 0.56038800416319567432 4.16272473265909948026
-1.76156779625912340848 3.79772248846016413637 -2.24590283725938677506
-1.47054145730422192173 2.59778446526212913881 2.12786451636023254963
-2.26984428950203120934 -1.41629210256386706135 3.20170907565336015921
2.15059782455888459651 -3.34037697947190315162 -1.61710586965573366314
1.16177610542646370106 -3.86479421244350085374 2.01636367949078820772
-3.82977574703693113278 1.04632836154656594374 -1.45336921410498609575
-1.86337835982056354567 -1.55860876170632378646 1.07678243777799576009
4.09552834677452093359 0.03633107848548977614 -2.29423022983652558082
3.72426929944538276374 -3.88431723585520982667 -0.20290418798714604520
1.40160614990667742319 1.57212938606342778058 -4.04837132757362727631
4.50628582107562092318 2.89281704649987592148 1.38325219137731902919
-3.97406780897529765539 -2.06367295395991945384 -2.27380295357647055354
-2.97463343397493940046 -3.23192249307005008419 4.41507695216531192983
-4.11177047260085171132 -2.15366738469368135256 -3.34381903976530958644
3.02201209227605094298 0.52144152674409394166 -3.89498843408952710732
-1.31806360811939393685 3.89412227141556943621 2.13846257934698069647
4.18738901814493846842 0.58372161044707482347 -1.36412822118905197044
0.13585025174187581598 -1.17214434953550750151 1.40090078515834814965
-0.70440883522707675723 -0.69812826664433291768 2.38290518969996423237
-1.17070752021484825178 -3.73924492872860847470 -2.01831241423421392511
-3.46395424846858279722 -3.01966811761565967487 0.96036985982662681494
-2.06708476746933822454 -3.80217525505331144231 -1.20643580342079648204
-2.29809799130334591055 4.41410836895980462913 0.51821151562966250026
3.72364474998307937170 -2.96236227247752914593 -4.09270410130416895100
2.31268149800896161139 0.87371490532305173815 -0.56995109919410236188
0.43174856042683362745 -0.65928869905727660594 2.41625182746313083015
2.99176560042443284715 -1.54343011505403815420 2.58402486987866542023
0.78289348160053151560 1.39156064806515278320 -0.56507707115127381314
2.16655010600329056558 -2.19549567483667429357 -1.73727957996374948735
3.64238842973861576269 -0.25649090001243202153 1.30369822819261216296
-1.62877004469063813019 2.76592722477658359281 0.24933626626187432862
-1.50427568944894929359 3.75087501016258340059 -0.04148665319196354062
2.97242805058181591704 1.39126670833704668695 2.94266920909846607657
0.20045163102800067634 -3.54235555083745534688 -1.68907774683395750515
-3.99958986362537194381 -4.00948068292383297262 2.75359052818461336187
-3.98360254156076276644 -3.28817442952253546906 3.46811706926360496794
2.47299162665048566367 -0.27482671499762645340 -0.76280611572532830422
2.72235038370998960744 -1.90206875448312917598 -3.15744577548560245717
-3.15157428844730835849 -1.91545807167132764448 -3.56552542518794668425
-4.20392500633102184082 3.95972653181156797331 -0.08052465952398613069
3.77866459964041023767 -0.88675569832412115545 -3.74171425821382364063
2.91993797227274765049 4.33434458040005576862 -0.29702224603777960255
-1.33697977472405993282 3.88247827758654384667 -3.24684959018570573619
4.24319078552319606246 -0.72484202076699366657 -1.46116413446302084722
2.25313190599006407666 2.53628409712926927710 0.89532840326275486831
2.50778032292482944143 3.59312425210046004764 1.69524619700721057569
-3.48522256856701995176 4.23420899965633612538 2.02930627862815882168
-2.50813623371864302669 -0.92813478967144824594 -3.63327119815310073392
-3.23673857463322089956 -0.90221467677847666522 0.28963815492712896571
3.27508419578059228883 -2.57455120942237991599 -1.44970960136298021581
2.42040294660479116118 2.46339617006709854508 3.38091134853127428528
-4.23810827643584353552 -4.08287387740454832397 0.57131442306789725905
-1.59160417423930589109 -1.74712812954445428915 -1.15920973294944618104
-0.33997080898921527847 -1.96129814268132962596 3.65011469678258304583
3.38046340350652929629 -4.30261818524488948157 -2.37284045237432517084
-0.40879204440707361812 -0.14219973115860540247 -2.97225234943263094678
3.58925246613577453303 3.30605487946567677682 4.11928022675287675014
3.84212183390489325774 -3.76278650133614922524 2.11725583479227186245
4.32744219820941022903 3.05714977804090715097 -2.51399247756173505053
-2.10470967405666131711 0.72809834066344247816 3.29298904025879135560
1.57968959526751628886 3.32963922819643531881 -3.69126637072985230859
-4.39581689355960580912 0.38139430651327099753 0.56656816174942115083
-0.88236618616415229965 -1.74476860095691188590 2.77893462368314825284
3.21449458251309305723 -3.83930848696557225352 -1.35959891677007060906
-2.29499782343854352717 -4.41698364640792373592 -3.23679461567411763667
-0.13105349145883415929 0.14277260816982106917 0.79347507308579334762
2.20657557542537841044 -3.91764252939215795735 -0.85424738180570081170
0.19604106288424283377 0.91712055061957364899 -2.42445528212076988339
0.91098757189110823873 4.18920533248808890647 2.64184298196170086470
1.52932485784802008055 -0.07834721871789174230 2.36890287959684808783
-0.84329123809461048467 -0.65177284655803591207 -0.49035832388276290317
0.88142696254328534167 3.36394255270532216429 -2.04580892298180172517
-2.82619404761998183062 -1.41196247204250502350 -1.71556187720026276367
-3.35711743445760069093 4.18805361254969188423 -3.75174723521296371587
-0.37113314284511655927 -4.41356339263701169529 -2.06435504151346682633
-3.76331009073238753615 0.18554649945436008096 3.99163525455080847593
-3.19711983073147454348 0.35605082219931993848 -2.13728619963627108902
-1.52661482544131121841 -2.10434143437460319248 4.38139013391951959164
-3.62530771645751315191 -0.48451823281896988505 -2.79881501688199119116
0.85332038075751182049 4.17312668345894177691 3.81060745315573878855
-1.13625071660987497779 -0.30481676718054373509 -2.08779122929691629551
3.42777883996755239338 0.13253785919854887965 -3.07665714597034112288
-2.21365978920557804344 0.58622170485948732477 -1.18708562623504620959
1.93982862914564258006 4.29337751193327132881 -2.79580217988608348278
-3.48538913511235559639 2.68365079325591171511 -2.65320446436631840470
2.51421948242790271877 -4.52368876653140628008 -1.55790783245953123881
-1.44219517486029324971 -0.90245573022634628657 -4.39765204808825416194
-0.41661759791358488059 1.62807488510499442924 1.75869179073561543447
-0.43840307074344231353 3.63817012751795321179 -2.80003273013051012796
1.98630119951192884997 -0.95794244883444301664 3.17445185405668350853
-2.61622569441393704182 -3.45499630621758502258 1.01919614654972789936
4.34291722858894058135 -2.27481628020372905752 3.15767266077990615969
-1.16744114354349370899 -3.27559838918657719731 3.84555051880271125953
1.14630012307691231399 2.58534234988638722541 3.62786585241609937924
3.74198375095568724902 0.04317176958326118807 2.33319468438902344332
2.99983393611665061229 -1.78014549781238962112 -2.06844491360984372719
4.07896367981628049648 -0.56204170753101223568 0.29410884270492942960
0.43729065027670532828 0.80243891378474785370 1.41437350905541947554
3.09389866462803198033 3.23123186348462798634 -1.01560745854130951571
0.86095974284859000392 4.10010111410220456918 -3.38707720554321989326
-0.84968297254065383584 -4.11837289846589094111 -2.93550534849588817821
-3.24811153196236768181 0.90536934108361677431 3.16770818989542313204
-0.18708151558652907909 0.17891690573098806283 -0.50709206272965534623
-0.45062307084070951646 -1.60629449760382048140 -2.59527801293865278964
-3.82690730293941161477 2.14089459353870648073 -0.74874500398657373168
-3.97685898313952579386 -4.25207724669187214772 3.81824520553556734370
1.47437541736021060501 -1.03616335618556076881 -1.21628616482454976477
1.83290253284801263334 -1.20370440234724229711 -2.66995313910244203015
4.53663947107928589020 0.70427544942848641085 1.88977105210623452791
1.43410739273738396804 -2.91694102237249142107 3.11583310478536379406
0.21097501237499205473 0.36792341659027005818 4.13583743761007394113
-1.42462855292061663093 1.17781417784709585561 -2.64708598004041606444


