128
-0.21278337328632712655 1.24837837434238441148 -2.95659508568933704353
-3.28686073941607226345 2.27259949920558756986 -3.30363142676603338543
-1.48223127136952381733 -2.14135723819326839745 1.76610427500456790284
4.29745761040782614515 0.19353824483679282764 2.66180278565976102811
-2.74611207686830471886 -1.67110781876838032645 -0.13968536680388066173
4.09135063843588309140 2.84437024565317830849 3.79016986461934646258
0.97622660755934198562 -2.63678430151286935512 -1.50151465107489689998
2.17329563403222802975 2.86739095628702234109 -0.23167105900346562919
1.65808667602112702610 -4.38798256814431386630 -3.88369631065427034500
1.78802827055176205562 3.87128842574276443855 -2.17585585745837795102
1.53121966301234113672 1.49289846005528570316 -1.66122376036294028268
1.11489143354104935923 3.67239320026442062073 -3.06399966813491708706
-0.36348859615502426834 2.43389186930818102184 -2.71570228989154216492
3.43100532422366999441 4.26151205030697877163 -4.21958472132417838907
0.06667462297391413273 1.45791353925347078047 3.02568904620030476593
-0.73205461831851881271 -2.41660081342734356369 -2.98847652702194066521
-2.73152120046063462411 3.78807023487404759265 3.01203753753876579680
0.33310680125879521540 0.99769833864606649598 0.55499871418693214054
2.49052339315657977892 -2.00368924812736803887 -2.43662777858877754866
-3.91586235402454763133 -3.65044481232679585148 -4.12777453127927351773
1.21109065445617591905 0.19544161210155763797 -4.17125240582440159898
1.42089982384908086743 -2.62526777916810560853 -3.02815243428522018476
2.27516431800203466906 -0.70455079858601621368 1.41749331314775961488
4.41312934159155556557 1.48965831693423478299 0.67368560535143728885
-0.89238329176718922398 -3.17634571169892332421 -2.21984255932967222691
-2.70725885049200698518 1.15267685681031561984 3.09718579533275484295
1.92789031063956617373 -0.18967901632482142560 -1.46701008744211325308
3.41743794555423541226 4.47100116829551463837 -1.53431262909479615431
0.19394093322905625598 1.71987754081615129564 1.31591920717594490498
2.35260041397634456217 4.37739968578627536289 1.43496292996076046933
-1.03823770259554093442 1.41110992904925947045 -1.93070143095546598033
-0.10183309226351511256 3.13093791881136951361 -3.93792443689187976474
2.87764274371395512020 -1.50270744273564726967 -0.42762880528413305115
-3.40920538167017683762 3.54867294721904347199 -4.08906099379720711084
-2.96927047339655247882 -1.05969684715511913708 1.08997286483651567579
4.36173235525281111080 -4.51249162819348459408 4.12038656683838677708
1.94448481697543140712 -3.90967946623541307005 -2.11126669064112704177
1.97675798929969293027 1.95529557044900226259 -2.53341167682081680468
0.12453106828056803579 2.13480834948976205823 -3.91216387848149071971
-4.25434532750260530065 -3.57620676839569329175 -2.27475208168289544375
-4.34846222448171104702 -3.19588716248521009788 3.17508188546711256350
-3.89840229184594333489 -2.39344016636865175585 -0.71415645644979752760
1.66242558863391121093 -1.94208456044966837339 -3.78369566207220264786
1.05392708286028113918 -3.74253447486454682291 -2.79211097198359681215
1.97674119413077153951 2.81900096275039224736 -1.67135980076070866929
1.82937409012034812861 4.07847633040476420518 0.44167842864983342110
-3.98870777883211191650 3.80115921821291724569 -2.03708496188014231976
-0.96691225606981001661 1.58892715587756239159 -0.14659545149368913286
-4.12794770444716885294 -0.13413862465313908245 -0.72686137948879503412
4.52629288796296780362 0.43409615963394898586 -2.98441989289862430468
0.14924046212485642116 0.62546819419212429381 4.52848989013041514085
3.96441483781829173694 -3.15071437648899799200 -2.97499687295390335962
1.15566715818005416594 4.32471595733163649555 4.12542952106845017823
1.07959086026577200101 2.60527386743125255464 1.49575876828890041992
2.95711643139421020976 0.33490421275073511964 -1.04271944370751334930
-3.10308256867005916035 2.49385273562243003909 0.66909174731615816967
1.55816080791093991564 1.86204988874695853696 -4.52776229097945570601
1.06876527697998380262 -0.67291363569820283885 0.03397265075481392671
-4.47093264263382206281 -1.21172977270310777698 2.19884449971971296378
-1.23401094143798228941 -0.33250980281517161785 3.13532066188813551832
-3.60322549861831875617 4.04569328270574768425 1.73176113950488996807
-3.04092102717356116415 -3.39030521450199318068 1.26083397045659406643
2.30900496621859918633 -3.95338392696676121929 2.34400267303820353249
3.60298868464408972301 1.33522107249732346901 -0.22986960224930985675
-0.26216994072217758571 -0.18471964451748412728 0.07769335104860441987
-0.79987478453958127389 0.11292355701294098935 -2.09020255166192692187
2.88317239455484841670 1.01529656829850001287 -1.94709285319706681960
-1.00409281636930458603 -1.03419773996132402516 -1.57894744736489212045
3.23159358737772084424 3.50396318699839870447 -0.22049595695684232055
-3.18781474807025011486 2.70360435892531025814 2.80327491540278916915
2.68389276880587512863 -3.94897714431056146012 -4.35588177862052283729
0.68761478151158161864 4.04679780472513694889 -4.07519027106399178706
0.80079722787040097387 2.46433769404324998220 -2.13395473658283618690
3.23085687080991323938 -4.34426823920868976359 3.81667229606166014122
1.79771643334909381196 -4.19517437377452218072 -1.05272570945457477620
-1.64362803827658154887 -1.39269947292943818695 0.30466203921796797260
1.22625224536421928434 -4.29716727328964154253 1.10978479209437264075
0.51456240095748917440 0.02994614913175031035 -3.11689956212044849693
-4.19084621777434485068 -1.76799941414817940455 -2.35953218740181469570
-2.86380350128284799638 -3.68017625262882486226 -1.10394594226474751508
2.99707356110635192437 -3.61453899597274341815 -1.07027432616884521366
1.46367528917282463397 1.23759402814591812358 1.53323502506804754120
-0.32005439399784751942 -2.55988321319941958265 3.34590014995080942128
1.41699621206718529010 2.15148739670487021414 2.42170134225264899186
-0.33784533817979145454 -1.08479599760346046011 -2.89893841694162146538
-0.79502216369636213855 -1.87829423948700657832 -0.17918125666341566671
0.49123443623780893574 -2.30945283162923242770 -2.90553067882586057991
-2.20117454076439011956 -2.70869409158065233001 -3.96670711627062910765
-3.92214780722488098874 2.89411696630045423007 1.54140207048056776529
-3.42116271350671841134 -4.38929716988228335595 -1.58088625737893107015
-4.51654950442368896546 0.59732507376976418101 0.01595023715607890580
-1.03119833873021526927 0.34648995717285213658 -4.07579749806761260089
-4.38196851761478622933 -4.49133441328840010698 2.03737688876026101781
-0.08404691790155638387 0.81585088606457212279 -0.79543892995614751129
-1.07413312005435690466 -2.64397326751877193018 -4.02575999820399577089
-0.00696182451343574371 -3.39680489888332681758 -2.77931305012325990944
0.29767497639638662577 -2.64500686286032715699 -3.91034672959906304257
0.20536904954382695365 1.35175030028242115776 -1.61521498901246518543
3.41636465192353533382 -4.43846004533634985734 0.46845348074187409537
-3.16553783482872796995 -2.87160871009703644319 0.33692245932574937939
0.16433852506127166748 3.73992347175564265882 -2.40339679819311458076
3.10298158929994816191 2.43608414495445124714 0.07454674852752507519
0.77596758767964679748 2.45796910742202445732 0.23781236037143660411
3.86840267886674293862 1.17491385059317732242 4.37189178279168810803
0.45928789761214705578 -0.22755578114565810921 -0.93958705685039634048
1.22873213022868821298 2.20149263840219688859 -3.19422054201870420087
2.21520286552481504572 3.62010130506754723712 -3.31481008780686181581
2.80862713531892271845 -2.55254907091603033820 -3.30132979630074974153
-1.78517053920759227736 1.99730342682283090738 3.91018956486493696190
0.13889993925880261827 0.82067513140555625739 1.71670469067308584243
2.45934337408611014553 -3.67551685016192219990 -3.08081662797621858019
2.76583073209826668659 4.50988327458978499607 -0.58080308209558184629
0.78715385427054762602 0.91569989750711933141 2.48539967721934296208
-0.83246747329700410134 0.69893756858012245914 0.27456298258111822008
4.31804596381091432278 2.62662086019848572960 -0.85895716282627887495
3.22005492181469143986 2.93395535874010970900 4.46436127908503177508
0.28639733820334711822 3.42383771822114635341 4.15418837227087944797
2.89812596616345441447 1.83657800236317747533 -1.36711589505281594370
-1.11156523697409737039 -3.66667588468559646486 -3.13719040498806389650
1.41361822236270651132 2.05926167583950636697 -0.64864493241411436131
3.94660436392732183464 -2.02066299904685475752 -4.09850233581874867639
0.10809719192319544590 -3.37868785846353247848 0.09809198246374783992
-2.40763754384770800598 -3.96973075901051508652 1.94605585942003411759
3.70078461809198611121 -3.07349571672995702798 -4.25061642385278926071
2.99390724197023327946 -2.87417064699156021845 -1.91399359562945292623
-2.60067729667505798119 3.00960464131082705563 4.05997660205091204233
1.10951689390762897602 2.91064878181773956101 -4.18345837667625364276
-0.69759704459135685184 -0.54272423327616126087 1.20259999397656169862


