266
-3.64984583188705613566 0.89398729458016745753 2.62923218719526730069
-3.61692652457294538948 4.01632241626379116184 -2.06741661206941973461
-0.30442534108252949920 -2.45657079260541832966 -2.80127807807454320965
-4.40547597834794490979 -2.98772989238309039095 -1.56172373229472150058
4.50872869630263206631 3.00585831673497150263 2.56991216881002948469
-4.35117384199598333794 -1.82291860650982329162 -3.50384245409489869516
-3.82906603143131185618 1.59067273160037370161 4.45575295775523283481
3.26382375498658472424 -4.43183929658397346429 0.91885618753159103989
2.60428584846888977467 2.05324698058587262750 2.41263214422158878136
-1.87934973388386472593 4.29687859506575886570 2.36097781316541066587
-3.54314078252444719652 -2.71878978805076165770 2.52388826164365998039
0.67302662153201353590 -1.52583604010607798429 4.30663903914982792998
-1.54905583631814280920 -2.49658392930615624650 -0.17256917846140051864
-2.14427280619345816959 -4.38603570119490804302 -3.84087896307235165949
2.94874643471631614489 2.20864425668745578690 4.09300389270643361073
-1.31069244149743724392 0.99449725473646122254 -1.44037713860693550316
-3.22687895008473502045 -3.45017733191695308292 -3.32779360208580765601
-2.36784669123851143624 0.06156289586790197887 2.14891773435644051204
3.84621324913781581500 -1.22167843041716883690 -2.75478737647127847055
2.77640123445149011872 -2.19457827816846773317 4.40336118413506927283
-1.28161080462219967302 -0.01038649938063418432 0.44718619444209561919
-2.42034182137136211210 0.10231597024211858127 -3.57230409050600083987
-1.91984913927633993325 -0.69344363295959388083 -0.28172880012673218175
4.45124662227450240692 -2.24483593705713913025 3.90822369181041917585
-1.09623952373865707344 -4.46977208841729733990 -1.05449104198402743293
2.14985817375762078285 -2.37881151138819912916 -1.85877787162438412594
-3.50670028822948420810 -1.62014103906903939034 3.35142896628971431738
3.59044054136044632486 -2.30808260748427063191 -1.20092662075633338503
-3.77315410364447112457 -3.31355696715616998560 1.54562518664178849548
3.29305294654924640696 0.18172068314325162675 1.34778080712663239638
-4.25680366376682606244 1.87919168264549174552 2.78784501501419779146
3.91029246558295273672 3.35409324750012416416 -3.54858101804394454604
-3.33709427224484578289 1.33757241417569883168 -1.20936901590366741033
0.47150210376828205483 0.24580606953328398845 1.05095880075266645548
-0.46820172474239818428 0.40193368728639189413 1.75043203910681022251
-0.12136620426939970230 -3.24229777499298021937 -1.52033092253010115869
0.44334578936212842848 -1.93922023682008592971 -0.71296182886073911078
0.70750776275944549099 -2.87045107101404406436 -3.46729689288061937447
-4.12854900897284071704 3.60038814215654223716 3.36074590120862648490
-2.46541021554601380572 2.30863728328048178895 2.16866239075395128566
-2.48332084166983380058 1.15957316533824705829 -1.87055663859008980410
-3.64408868940476526888 -0.40634804426484816275 -1.45419010133826942521
3.23751183815111964748 -3.55609681822633660886 1.75698766897017932820
3.68265178453763564193 -3.67056458425479315011 2.81682180183928831951
0.15688025435620911452 1.16336715275088753430 -2.34494623764267595689
2.11698817916959480812 -3.82941419408153649329 -1.86543950532407531995
-0.30500073588120457657 -0.56439361347945649072 -2.80486342992321446843
2.49684357851935434525 -1.01950079485700983994 1.91033795759187530194
1.22215944281141997152 0.25350619407535379679 -2.07721500563027161590
1.92760171635034627258 4.16636126232430381577 2.70093001809520583123
1.91047121293922739227 -3.90709368983382976381 0.69921531590873797768
-0.38364549972129324829 1.50075141199294392891 -0.36977598739573558362
1.09135464827806938359 3.56782101140359397817 -0.27471435470448746230
0.62254363606909013384 -4.28988804316411886930 0.09762634277064030641
-0.07909466446483115476 -0.11535737815906177417 0.12934955510410084401
-1.88795575714556118641 3.23237859514378467196 1.69602696248592099693
2.57994147983396970858 -1.76274560857603423969 -3.50742719505913358446
-2.54309659563639822721 -1.18913602141483032426 2.45455735653181150724
2.74198800010032517349 4.46114373078582726606 0.04993699452889011070
0.33832512797990332842 2.38130059676723782047 -2.52378003207891055126
-3.27357110542165008482 -2.95889957563948291508 -0.48273080680313018576
4.26131633085378513925 -3.47557162274700059967 1.98543825215015612429
-2.58260640566832622156 3.53089830706115304082 -3.77253154149878744406
1.63747890968235143561 1.63439711925241759616 2.18801488222097173519
0.61755382024486848991 -0.84782066429201474733 -0.14710003380769531844
2.60952169202322803443 2.52533108882868173595 -1.96521329995519877798
-2.51341749260921076825 -2.27154172290867606421 -1.06612482598467384065
-1.25168259359823963450 -1.54585200365481600926 0.18358430614256793234
0.90785703513520488173 0.81418195730832643164 3.46412670949738110693
-3.82959618454481365291 -3.76839631932979068907 2.53057300281140218345
-1.06308733764317508985 0.90054718021852941945 2.54575593272279565582
-3.64654251126392026094 -1.65644485860659296250 -1.11310010483469667975
1.11494123256087718232 -1.35071105591438378468 -1.32971920458876891047
-2.62315150166811328347 -1.45687832173603215580 0.99925724803467197432
1.32982909332770216082 0.46956230345703087181 -0.07691515403263426975
1.22841503801346707547 -2.97184786197856132262 -1.14118825675352164595
-2.94535254682663572012 2.70393948737868594634 -1.76449139089178652640
2.53182357153883597078 2.54483595334553136524 -0.47502703397601742097
-3.78789074274313053436 -0.88380618359354246039 -4.19463962330539974488
3.21471497982938814175 1.37207401892974001356 -3.55209142223751062062
4.06952049705641183408 -0.21356894092127465257 -2.08485462017209943753
-4.04719363601424841903 2.67504214151982200320 -4.12839689548435906374
1.81189387683333968937 1.56385089670636023840 0.51766987700021793728
3.47260048397524823116 0.45141071535411469995 -1.09818560352519956069
-2.85633324703250046639 3.07937012323836167837 0.77696972856818735664
4.01754440402396628684 4.40138453592330680664 1.66473981957239924867
-2.96157269173353343561 -1.74614001064746515723 -4.14998181641421659549
4.36954102558144352741 1.65610407916237623027 -3.78528646842287264107
0.79672709777217143312 2.25217619434552851487 1.74806186610534908255
3.71997887701463358923 -2.43666672803421668903 -3.41963265325408860562
0.81888087284714838887 3.49213788877662434373 1.43635805222891921318
-0.50760125597175775880 -1.21462753572403947544 -1.78035458927989509448
-3.35971842483458926765 -2.43303163079223949694 -2.98665156886269445025
-1.57865089601927710561 -2.84417399969241024849 1.68475318317512101629
-2.07982489906638212673 2.96719461421751962149 -2.78771552905277886225
-4.05425592028472703277 3.31928289786973707010 -3.28530757349460644789
3.83832641273617891642 -3.29193891789946579962 -0.58297286887549315537
0.93358137769499549563 1.30037570756300180363 1.27695454500652605390
-1.28293860088255673446 -2.23248038378476687527 0.89112327900006071957
-0.48317105969147799982 3.58913463136841937029 3.12728744298084304631
-1.75380732832008678912 3.79703545590201851923 -0.58076127564636381706
-0.65177916477474795443 4.31924849522102061172 1.15602749794206616230
0.60506722985995420316 0.00370712662294359063 -3.10923885553181023056
3.58081583702834560512 -1.10988546447001601436 -3.91594731846166066447
2.61966945196761180625 0.13565066269018988265 -1.68821205775632465773
2.72485808671250406832 -3.13246616539513889066 0.75524846134730161396
-2.47020408214540543312 2.75396471848782287140 -0.13846564730601684801
-1.67169622281770191563 1.44009869804689127903 1.21694989942389675264
-2.61370537838653405061 -2.48124152092788330393 2.14155780145698404482
4.18539443679755773786 2.22793427460427828635 4.45211476994698340803
-0.62928289723753394469 -3.38432414636395773044 0.08629024939452545340
3.24274569302834070328 3.07747479071171881060 2.63664698438451239326
1.30789969744273193442 1.71918290507846105442 -0.44965099347871539948
4.23430037159522409951 2.24844131890822662712 -0.99840162935667109423
-3.15932645092829744726 2.87535451397076791125 3.09290874426159501098
3.40338640156265359593 3.47269319772728390916 -0.72873530945924658297
-3.78204098151367507086 2.72831779472674273990 0.40866062534447333832
-1.38296136502081701281 -0.20652057851758698348 2.53641658486844345788
-3.95610225259504133533 1.50173899214712669448 1.17776931001933871102
-3.82537415202069430720 -0.42758225400403038208 -2.47816589222170646778
0.15680298462772945811 1.60163267798456754321 3.71517147963517135878
-3.28177462708020240001 -2.35650859844784621444 0.46538025619756773210
-4.00289819321522521989 -1.39484737071135533881 0.00217859307088197340
2.92471616391722211148 -4.34427274237635252518 -0.98120824076664847624
2.62718083182366335393 -2.89614364086326547820 -2.87344509138503489964
0.04966041483523486733 2.31723036124554848669 0.87691385732087123728
-1.19926681556894809688 0.77340746413928584957 -3.81177730035161221878
3.84232048379429702578 -2.59761351197763845633 2.92344965164065850871
1.65477418090720629351 3.52813104729667426085 -3.66875123938006675317
0.99239116002709337749 0.70336659719607563801 -4.26078768057389556390
2.98519379636211201756 -1.84176577624340787054 -2.52492100879917424905
2.69078544874766123485 -0.68342043857644529936 -3.33204989466579437618
-2.83978954599790656133 -0.56012553721494739989 0.26632850746113145846
-4.30921750225150024249 0.58664802361123680186 4.43531928722583668190
-3.30636805180803783344 -2.18350146742258566235 -1.86273365112565780777
-0.53327144951608573820 0.97997899171685176611 0.66724361880453120222
-3.89642447370911115812 2.29295502847969157045 3.76692776067720824784
1.80668238528624680583 -2.89702749573676676675 1.23615140119574373756
-2.01654614471144011389 -3.22576649946197813179 -4.07329342663705773475
2.64607527510045681396 -3.84883137870381597523 2.87755463319204451977
-4.32669802419338367372 0.78738078077363748974 -0.49533487366023010168
-1.86276196591003406766 1.99216751180774043206 -2.32801006181540159901
-1.27820752266311643552 -1.77907147546801969185 2.17708300800823462140
-3.71571291686808180543 -3.72393704657865676211 -4.35463651329682832625
3.92842142184548581696 1.18349573963870735582 -1.69402851164854695298
3.52561749841317162435 -1.26056665821686486595 1.71651286879820386133
0.91506039780755799029 -0.74130308606221362311 1.12760212893344746732
-2.79367062452926218086 -3.11736097454737670631 4.31123923495643079917
2.45623475676719849048 -2.06294431309897774440 2.43877750624608591323
1.51224569506197337176 -2.12358669553572054767 -2.87532181011354781575
-4.29882805698056191801 -0.84223775715513315987 1.64077277851882907811
-1.54894686775773449128 1.72666386680994499159 3.92150362419369979960
-2.91762551901650457609 1.74057746229472609656 -0.17257999443428406749
-1.37819966395644311064 0.99501638610984954880 -0.00953465579412160480
2.98421472736616788524 1.01416015838772288760 -2.41870792241176157944
-0.53026674690429942416 1.49780817147445333148 1.54239642600870308087
-3.24616009825812801282 1.56857858821401308091 3.53172224816402025027
-2.61124245740016114325 -1.30302781730257999371 -1.57481162152974718538
2.36922277080565901741 1.51615705707825920712 -1.45370777524335137443
4.52811181211438995575 3.56268928707158227809 0.95291465635315475424
-2.35230883937577406329 2.06660957028206926367 3.25458380360945298548
2.20014838298019199669 0.74492567485875049726 3.76622289995530490359
-4.23448477557979874319 0.41653846123799276313 1.38457506806260077781
0.31543907931524994837 1.28972329700101351335 2.56003892556893752896
2.69469212374608257932 -2.86618999224968362682 -3.93180913687121957878
2.17150839979990983863 -1.31624031270943575578 -1.03038857377970582974
-0.81045359996717536433 -1.53013491418638514219 -2.86629269595499236445
3.22809861450716883979 -2.23985994603714466678 1.11316572617240527876
3.12116944525323880555 -4.39400076070814549212 -2.04366828669157296616
2.95286854931004594249 4.21698750146597856059 2.39382545559516568545
1.85191400454597765446 -2.09706338298755179395 -0.07955864211135565967
0.22182201246844002185 0.44198764248950173084 -0.81553644143586279114
2.94395417639799372722 -3.60278826289800235827 -0.11388790234507784049
1.42595821616844720126 -1.04561654479029986220 -3.81642141119641653546
-2.65656573307992038835 1.86870199104536016677 0.86954713198905686511
1.60607183957738541835 0.88546288859786592695 -1.00250946366955817624
-0.07818197560474171581 -1.64486832601617471994 1.42394668080584896330
-2.84697496810020078684 4.03892993586282944563 2.73314261069941100146
1.45109029700729585954 -4.01876992454814629951 -3.28333433925913809048
3.00479571603558692772 3.32000071620082248813 -4.36210560548865977637
4.35016147043669487715 2.41765570132996909791 1.67537875563372118393
0.46445284984292189989 1.94709502144984991645 -1.38170123197069916188
3.85196583092735078679 1.00483207402323859725 -4.50237999415851408713
-3.60143041178043921136 2.80289989507136549918 -0.79392195417613553587
1.85649917093070815355 -3.10563419230807769011 -0.17903283690074633938
-0.76686639112710963673 0.19723751481054829782 -0.63960525430408932124
0.64069661129463906235 -0.31216576275142582375 -4.45368557009325360951
-2.56298592656678536628 -0.24667969906226527854 -2.35877358391302260898
4.39626182984354141325 -3.55008831637244659518 4.21808872491450070896
-3.10570797562976785855 -4.23879366460981277243 1.97573671902736425210
-0.57589027664480685331 -2.32746269313639286835 -0.67948194810577788871
-4.24366166679374146042 3.55422815207616960009 -0.16875226467888815307
4.41796100165185645636 -3.80397480205481874904 0.40842398738468510544
4.06206716388322686129 4.15308694929933164275 -2.69825070885421514078
1.48863159602375194623 1.89143966085368298025 -1.74415092581129949068
3.57420414390851437503 2.38569838400807299195 -3.42237823559972431653
0.27302951710195433321 2.55024315157182623892 -0.13216382632354228832
1.85209659564105333374 2.64371604629346990123 1.71081288009997578570
4.35860362144079527269 -1.93610385367274284718 0.57430322910288555960
-3.99804279079495206162 -1.54037369615524610822 -2.58942005780237005652
3.69951182659807198405 0.14670597162518728140 -3.12393157749644467813
1.71711685801841085208 4.33846693267857919096 -2.14355509304499669554
-1.36326173396289584971 2.19213207500374274161 2.02991184490210585523
-2.96055093423166759692 -1.51091101612158063006 -0.27185808516783804833
-3.65098303609716401397 0.96651645654190243562 0.42968304210225571893
3.44252854907153871267 -3.57850650369310097076 -3.04773366186155936219
2.71029768989847319460 -1.13576213807194825733 -4.52109006542655134098
-3.92987739113204170849 1.74642442538439635058 -0.42292051336535951833
3.06975890363457093457 -3.48109934959553024569 4.21605642972482907993
-3.98946175570842465063 -4.25387910478647590651 3.64710352036889329241
3.75964870909985027225 0.85860625584150351841 0.19621343323283646498
-0.36110000734281300083 -1.15374977446058135655 4.52466526451474759796
-1.27493115222593189628 -0.87457963920016101866 1.13502130814807866699
-0.33703464800092675091 -1.07412406929911297127 -0.57480865200404407389
1.59573962103316446814 2.72282176611964121804 0.09400161331520173746
-0.24268731833480661209 -0.53245287807077001929 1.21763617283742853203
-3.29141650130089225001 0.45814118261612968297 -2.43360599802005594938
-1.81245352752940513952 0.10222397884026523940 -1.43309728913714584664
1.69347083983817991992 3.93500170278325089868 1.12800658515873575283
3.00373108064754212876 -1.50340575077460814057 -0.40322536674884013053
2.38988518212497336179 -4.50034682733820812217 3.65143402400452554701
-3.61348168511052802998 2.68481580203414704755 1.52515181406495869965
-2.99078042682267675190 4.39892439238564048054 -4.48845324071575824121
-2.53561735063158089076 0.92292997169719015460 0.38565188610785394729
-2.47720316403060936139 1.51179186293878409231 -4.47267548772166545490
4.27674352690239256702 -1.55154884331903986094 -0.77944901072148020660
-3.97749653723600538058 0.73554953111834375790 -1.75166051642223852269
1.01244254718961013140 1.88653420407834726547 -3.05884611242406778686
2.69798587251167099055 3.56806398238536726097 -2.39650485608664709503
-2.17637382043546034893 0.75014133153591355807 -0.71315118560409862525
-2.36623917375606174218 -1.99217299487501797728 3.36789000068388855169
1.21286789600733246886 -0.41856734643039228416 -0.98176343306472357852
-0.50118988500116579132 -2.77363504228717205891 3.79720042608616292767
1.07139988891086712641 3.58413232685428351232 2.62611006512605360541
1.93196171618841283646 2.10370324324358470847 -2.67835492059106750062
3.74584401464111405033 2.75265515624483025903 -2.40556629399729748897
1.53953903514467960179 -2.26609607568523419019 -4.02180683381056081060
1.71287553108376311428 -0.81226457422681264120 -0.18008941819202473056
-3.95102965367058933666 4.25144316475955630352 2.20670186867275841536
2.47928645996638774562 -2.39567363871698102429 -0.81290894145535430582
0.40434045406750040996 1.46516866761549380271 -3.78890320076491482482
-1.73483339608151476696 -3.82820501633853682577 4.31290450367295985501
1.43421276985276424654 3.12094540462515990242 -1.19436158562318617271
3.96775772375186885910 3.18073955621819681738 4.22514544357680943421
1.98519402434137059998 0.96003130338559294898 -2.81638747609107031877
0.09976788678188253101 -0.24627768509303393785 -2.01148512698586401370
1.35479677463406655846 -1.24808915825569854974 -2.41587952881335299438
1.96774787563314390582 -0.02832868154940815231 0.77370148354522605416
-1.66457862409678414295 -2.87305454735339571570 3.76473720282522972269
0.37660279709678157190 -2.00551696543160051789 -2.14820750566941454096
0.03535438569515303442 -1.67562361546308258298 0.27568782692432058923
2.66570582198476735414 1.44982186281900649050 -0.25895191474357570627
3.91582995327250760198 4.31797322894656954162 -1.48702514128151586092
1.37109823008742548467 -4.32682204620932697736 1.79077451592576952777
-3.05510545119176013529 0.16951869015970189025 -0.82782419577989019288
-2.92306779190773680099 2.43812542334112780651 4.33500144689669308917
3.38474657281720325841 -2.43425829413233785203 -0.18867974757316297030
-1.57076619672138928507 -1.43284076085095701814 -1.17526473773021589153
3.29484884976656289268 -3.13947033560432142707 -1.91158000774341196859
3.89684411107783024164 -2.49038107617097148605 -2.42296328248017678320
1.86837007245915920350 -4.29631851797785468960 -0.39414339123338049120
0.69825830417881284973 -2.49807323274064119190 0.22872171106414462827
-2.72154355594355434889 -3.01774524494387019757 3.21627047581743763516
-2.34702804137529685846 -1.83302483325777165746 -2.57745307109719723471
0.78803025452356756375 -3.27776129308919905725 0.96336723443256389032
1.31948313128120631177 -0.02367509826938807294 2.32781173224073256733


