493
-3.61529532762357685982 3.82010276222910949429 1.03988405668619510180
0.99877190291763184860 -3.55462464177911030561 -3.40176823503436764895
-3.40651643140615245642 4.35372325589318887040 -0.73253426006650546043
-3.14775745089800329524 0.98072325562611606387 -0.19913453294957772499
-2.98970860497255319643 3.54851370338712523989 2.13094758007610707295
-4.19655557887228702896 3.08307740516396666663 -2.60000778718495251240
3.66868074612818961810 -1.49620485633629440869 1.91002106023839335336
2.88164874589523822834 2.06806454902149550179 -2.08456127318740147558
-0.30812715636737220137 1.10846913400091917623 -2.25770674365305934472
-3.59443150323946669644 0.74113394337747351415 -4.22887920964432240112
-2.78967086089741522770 -3.21248553527874269875 3.43243292364604801747
-4.42340234446535696122 -3.90496154055322097776 4.29876156727828284687
0.87918451191942192935 0.81586574806892819822 1.59283055403897755298
3.24582704279398281955 3.64149128047136105835 -2.30385434616312867462
1.15779606083767117042 -0.59860697378860194817 -2.67511219458643489943
-3.07685045530111400680 -1.43426162739563611837 -0.92174420873481732741
3.64320055865273584317 -1.53973592915482715426 -4.14367643972549881681
-3.86144114710199293228 -3.22774881946507807839 -1.20038143781838080315
1.61588149476922726677 2.98898469291226032141 2.49520831409925225586
-0.36369572593411803041 0.36058783100443925207 2.22722511545148105228
1.67108255191578169985 1.04030874311423371381 0.47716742235479259193
1.49101469531866204221 -3.97348937877502095262 -0.87623764834004624902
3.33449353374670032224 0.37660354222309511130 1.21762858252570982387
0.08455285576496862632 -0.66342405239736246259 4.34994126370624112354
-0.23289645776754586137 -3.03961068374687348737 -1.63409413179975171460
-1.32177622924997884013 4.32778513268263420599 -2.93733216387134365988
-2.89470532801876290208 3.31544852016675761774 -0.48301591328003556924
-0.98400834551024063401 -3.61021491957453299904 0.53278744170674396941
-1.87358824921347277837 -0.21067153387397663522 4.21470418879163855053
2.36352184604487014496 -3.03857826347483861440 0.96513462440042019352
-2.45051033129641249175 3.47742671477919795819 -1.52060722626630218102
-1.73884254117703473952 4.49860954431231885309 4.33960978809913822118
1.98831612281737601933 -0.81193081145298195977 2.17829725666417584051
-3.88588811589335847430 3.97497368602443312824 -3.19872871750389409229
-1.12534907578337683987 2.39232837862696623432 3.79165635357456931587
-4.34799306292173248778 4.18330221234237153993 -2.16231112942241487929
2.26342405274326541331 -3.16330374630521049539 2.15611653107664746898
0.43603147773600969828 -2.54841005583538438017 -3.09078742098220349277
1.80732379639099693946 0.37850721599040948462 -2.42395630662406347255
4.52890474292678657520 -4.08711126939904101363 -2.82227797158436199965
3.87056041589745181142 4.18630025900489233237 -4.23887586648730163574
3.67813380471407480599 2.85505831686319755391 -2.97021488177413672815
-1.75402136485736370730 -2.51347565848236209618 -0.12373296220438945170
4.06486374040332076873 3.41194058591448801110 -1.52400525299850508887
2.87270639200573629779 -4.22689161800083201825 2.28892944664392494758
-1.40090072404123144878 -0.51775222632934703171 1.29796881117535356509
3.42370641488362359439 -1.56880543655787496604 3.46195270738392135712
2.09207794156814319564 3.87327342683639219700 0.85775338525306032977
2.12938749127714821441 1.20695781099546195492 -1.48152116835714409149
-3.89964990853946291693 -3.12616274129367965884 1.31091697715140487190
-1.73462841993609195868 1.06228789410259061299 4.27751947713643598803
-0.67875731555975171716 3.40200770311830158477 3.19716482478705987802
1.25090447649453562207 2.07054701705734789385 0.60480071403218538251
-3.63269186887394734953 3.97502665578343883368 3.52906898381135736287
3.18028889421426708140 1.22137302542095671498 2.28931605076064936810
3.23261230840589686153 -4.44413058469075838985 -3.18978949849025461560
2.61585729764271324171 0.23223083505418351535 -1.32250152975928925159
-0.31853988953532397232 -2.07301573551337803281 3.14593558639763326568
-3.90214170359170964275 -1.66772051966569989645 -0.28540506462828663103
0.01631476984531765595 -4.26064721176455130092 0.64799679052604819418
3.15927355250050201363 3.07980506232769712938 3.06172039655897521016
2.46707631045264808023 3.68887798487447060580 2.09233789445602536006
-0.93125880454110232520 1.46107269111786930438 1.16411925352247980214
2.74203858448932091818 4.52567472851003049783 -1.94904483912413617475
3.66255132965297658387 -4.19847196261301291997 -1.94709978075905398853
4.03678879399992940336 2.96038160709894260236 -4.06588152360345578273
0.53347045108638546651 -2.40393056086067646859 0.03929128487149569082
-3.36675992830899684094 -1.69122576078154907009 -1.98060299289292807146
-0.71085716082939143234 0.09419243322303838539 -0.26956682809067089579
1.51303149816364967961 -3.01909567893737085242 -2.55201067527468250518
3.71616261080864429545 2.11377693464755012087 2.69236358237704731522
-0.42757640056081225310 -3.40694666808072765818 -0.66844516781029605923
-1.48424511007883053182 3.83725126609727151816 -3.88890682903877005216
4.49792935593532572369 1.38433624876844785234 -0.25192771694153393014
-1.70244085191794081169 2.65275203418258964660 -2.37987316677576687951
-3.81873946435568001334 -0.78311871985679815111 -4.47285166936940115079
4.34983157981092727340 -2.72836914527706442257 1.87001910831966089432
0.83956555554831080457 -0.21517983163024023696 0.87132630671277588874
-3.00999081004046420418 0.30662378688029168217 4.06601277231494062647
0.30500473374454450948 0.47407354264107404163 4.20859474332491156900
-1.46171326519057132032 3.52430872983152188027 -0.52341664092174422507
-0.63766061826024023063 -4.50118631570812066656 -0.54701116539771676983
-1.18245651688591246753 -1.48751727003935352300 -0.76558593807453556579
3.63975016591969602331 -1.82841896510591039871 -1.47219368609417244897
-0.36754386981480369201 -3.99778969409456985673 2.44186001708757771667
-2.94016376623215780484 1.51921895939326834224 1.23865947669797460406
-2.32925316239325841394 -3.82269220277877241898 1.80963139291098595862
0.03963675697448820756 -1.35013664874960559459 1.26218720625020619508
-0.71581308970272727876 -2.44895341422120615960 1.36713406327430231357
2.79006122940396839027 -0.52379353942705098035 1.43328180533651661221
0.43521678022162024746 0.48862550674651483718 -2.65114441849636506277
0.85354628542281840708 -2.56284259773538192206 3.11644101481203161796
-3.26585761419666953387 -2.89419254190553987272 -3.11317542897267651725
-3.21646235894262266797 -2.70321752911259505225 -0.18518219792360923748
-1.91449302730359027791 1.86801082113901539827 2.97886920264220389498
4.43311499199265224291 -0.52316981713170385149 2.98146184148728998764
3.31527558906125019433 -1.34284093405537952037 -0.63812985856276238650
0.20815324713563576609 2.87430525040280038240 -4.14635301832322777926
1.86845813167491403561 0.03792489841445068066 3.87419768212876913793
0.13079570906709481193 -1.95011552995005388311 -4.39605578785228967575
0.53864182009436234466 -2.88935538783179701738 -0.97457897466100362749
2.57205692626828952285 1.00662954634864121317 -0.52543821207211305335
1.37000003627655342342 0.49950246247107976671 -3.55433912944545848944
-1.09158478122443725056 -3.32726286185739406065 1.62081708182979422617
-3.24939054658289627753 3.17246625133921789086 -4.48163920401781457059
0.82987510295421973439 -0.21978659813719936267 3.21713143800276313300
3.39769677451644636079 0.38085858231131375362 4.27647770768206481051
-2.43787119428389420506 -2.47638949475694358782 -2.50491323748630145829
-0.65391838549206227071 3.20296755302543179056 4.25017547838369669222
-0.06331946955383571662 0.67444660262022004815 1.10124208727474748315
-0.40539075446344252640 -0.56112563285789995859 0.72633879198153739054
-0.42778873520724047808 -1.39763929719801360818 -0.08218724777233443746
-4.27268606248949112114 -2.92208786686456400972 0.20938644281105478484
3.46644439083408517632 -1.11688591804672610053 -2.51394048119146562570
3.70274026056810878771 3.24723536826586034465 -0.00047441656493152351
0.29861971530824327203 -1.73777747785673275516 -1.00421439698579550992
1.82436054495611177373 -1.82390441171652906149 -0.18928325226481401700
1.88057806812126937501 3.39744256773041986008 -3.05761551748590010291
1.32217953543348354373 -3.43278514358469921675 1.35120713201311559715
2.38186519422456388639 1.92650753745733016586 0.16919266851691894260
-3.41112122689237295958 2.56208976416207523386 1.98086983126671878352
1.59391869880008485438 -2.58016123830332766431 -3.57319176842831653929
3.90758097106419821642 0.37516839720745220887 -0.30394854873844856513
-3.55384505420349183780 -3.81967834920124005293 -2.78122650063950338506
1.29905314582912101429 -4.40871144017041505236 -3.71555140587843357736
2.91399323265338239253 3.45877774358648260034 -3.51317500449975606003
-1.10477437083706675480 -4.31103678633855569302 -3.92878900574977230065
-1.63804009815927020810 -4.48385848001458064971 2.45052774974345144443
-2.67277532514296289889 1.02212583022719538661 2.69404801808659577489
-0.41393875743766184172 -0.06782979797508126296 -2.42125737527513829050
-1.47070455026473156934 -3.65353793928469894325 -0.66126202548390544678
3.57000690320593516702 -3.72921548556723481127 3.15645904008238264993
2.34023150123509093845 1.98626035109758891650 2.32947364784123323034
-2.31513162731137356332 -3.42887500815825774225 -3.60968591971835905952
1.30155030184840736496 1.98749990014308419717 1.68614654260457630386
-2.42026868515705517737 0.18373440375913840938 0.78476609495276417050
-0.11414036214574085903 1.94202266452785377027 -3.96516774659784276835
-0.26678149683510277157 -1.48704357264157360774 -2.22873852308818154455
2.26705192230162655420 3.35725515043061140119 -2.03642957269004787335
-1.70181945321995975462 3.90525616820732057732 -2.05476515830161021725
-3.83482475563195901458 -1.83619856527369051946 -2.97290651213798540198
-2.25130630579415047521 -2.29693768217486260497 -1.20846748736859721518
0.76195931551696816086 1.36120116267695667744 2.55289879679784004196
-0.66553859365534950854 1.06937447913053418347 -4.34335482205255818400
2.08617788810964643886 2.80589683667806522038 1.50674544223065431936
-2.09951277322520235558 -1.30982819658106386385 -0.45644646670639055230
2.29499431127457409474 4.43352720468281713551 -3.36659647385188831592
-4.14980636348512010869 -1.04494219374412367074 -2.03174795095940297074
-0.94878639695181288261 -1.11114689074161265836 2.18788023999013159226
2.82108413457210005504 -2.12388464631034823427 -2.12202217590562636218
-3.18966179632538349153 2.26845817138284999714 -1.11638062767885681836
0.37812257600686649539 1.84520521069219700649 -2.38449103976981957587
2.47296108912890577614 -3.78935331975695044449 3.15717857633167131581
4.22746704941672835076 -3.14209445373081797115 -0.76820617125946943915
1.04638029383666797401 -2.48977520270769980826 1.96109412509032399186
-3.63747112457024757148 1.52680647758383258861 2.19918503437143098012
-0.49738483938851629773 2.67266707067218600713 -0.52027482852228335020
3.57756096673341783543 -2.72745150223949561763 -1.92546008134930746181
3.82898064671635207645 1.87023551498755313816 -4.39563530161650817263
-4.38977641895890702273 1.65075273373104902674 2.90519825759901717532
-4.52782823448545546086 -1.71393577467101909662 4.02479688288126258300
4.24032998078079348403 1.16662317622916678062 1.98330510647849944661
2.57524617124826082915 -0.67575804618046131367 3.89290048449258474506
-4.24958000718155926023 -4.47284487492737614645 0.60966597059575722284
-0.81390871129510999893 3.05551730547578426211 0.35669479967045436553
3.72207795132359375856 1.24524250657340562753 -3.07737233654222741563
-2.22200090017606255444 0.39621114207850993694 -1.96581912080078335947
-3.67841108666988825249 -3.76225689153839626400 3.53167228053631543361
-0.13757196422285655757 0.01711071118385909529 3.22716252189321917143
4.35759864554884668308 1.00555376922806427586 -4.06124179613137670231
0.13857440378717456042 1.86882381690715693168 -1.12445713554296311543
-3.08121657072463683846 -1.78204929301932679664 1.15981725500790933125
-0.12473279124920022554 -1.65008888459251412684 -3.46810114454631879255
-4.51353690594640966083 0.46159085262241550396 -1.03371537292685644616
-3.13176561253753638070 0.92726385402693889404 -2.33237653559633528744
4.52427770317639943443 -2.61057107466267224183 -4.48690757144726770633
-4.11505870674236540196 1.13535560356869780207 -1.65692284768254705085
-1.02301434354893983070 0.45447466885343779097 0.67201802602867832803
-1.73524948909203224900 3.39661676478485574648 4.03521337922786837993
-1.73569171213567141621 -2.86701817485457022272 3.27209080658661211061
-1.29260837672915362973 -1.59420881496370103747 3.05350272913741882519
-4.12153986125518656536 -2.18752467624551893977 1.10389113939847849366
1.17694684529207460599 2.38412753703051016885 -4.41636391086297752651
0.77229061719137970243 -2.64904463986230087613 -1.99133522415326513766
4.17010095295395455395 0.52350125105073086473 2.68641998454702868315
0.90077424688351293014 -0.61811942542651454602 1.99692515744574894399
2.62412739067682299066 3.02864713932430174026 -0.14379208512570773593
2.54524320377978607866 2.08848567129713647006 -0.98701267496825106917
4.05223308092402501046 -0.52966365768158851779 1.33102566770111341299
4.44261486316382647743 -4.40631987286263182568 3.17660476788337664544
2.58932739646660614596 -1.47951312400783141499 2.77273162459140554148
-3.43195220374188725287 2.57045700771202323409 -3.41932268232971559030
3.46879968325483911684 1.12320092604425791905 0.28179888519393792023
-2.49446333603547687474 2.87827677165469530962 -3.80405858210883485171
0.39060492949380698491 3.54987313669310378117 4.03310285013173963620
-2.62548983900171384320 4.31464695607952020140 -0.09057578779012942505
2.21620081316101025237 -3.25701142765947615487 -0.13492088482587671905
1.23355432240196716265 4.10606727538257931798 4.41299399361085331606
-3.38787068132824931155 -4.38369960584874007736 2.81005103977406989202
0.96498774489424121725 2.89106975401007826321 1.51327744258639551589
1.62784383625315154376 3.15177384218241041225 3.93097703802347009372
0.38454847089955990214 -3.63881454725767161662 3.52583063050468137334
-3.13196494426837945824 -1.68678445761212669751 4.43624913930170716725
4.50251930971709324325 2.25493681339713791800 -3.57244852242869992409
1.66599337811218806138 2.19764990099256429801 3.18770285828840727049
-4.28483155256935521749 -0.01411216091750944202 -3.98182820082228250413
2.66439640328262061786 1.35669327403053419090 1.37971329429204647710
-2.72650791871250186560 2.61100673246628911528 1.08117372970697545043
-0.99820829286102830125 4.19317468139606130961 0.32500979409884855897
-0.97574167388519139621 -2.33500201503303772554 3.82791828486577667690
-3.10877246671876150685 -0.89114691048966987452 1.90440739799911185059
-2.33653504556138802428 -3.98411689309369387857 2.92964666470697476797
-4.44968293004759196663 0.62056993484744893408 1.05168895451707111732
3.11876007730663751261 -0.47626009897922028102 -0.18183812940966159744
0.02669488402421915652 2.66929433644592517538 -1.72454479398792370759
3.66504236963790663850 -0.12576006989730359464 2.17202023982817316039
0.44244384348308241073 3.81924065723678562989 0.84807806588819456550
-4.12728306429433011715 3.73761602611241539051 2.48158969110620564180
-3.46289931316668120331 3.48272574029313641830 -1.23897716288772707927
-3.81166736797628979971 -0.97328786641078179898 3.56986639637031810679
0.53400494719142255207 4.06938009020751589873 -1.71242581407229987889
-0.19938544834045313081 -0.92215189210892489768 2.80768764979263085735
0.87410122929586719920 -3.91567747417394551590 -2.19540516356218295968
3.76807890871927764209 -0.07397874641289980957 -2.57873023545241641941
-3.45211029800580870841 -3.29915200512877593297 -4.53551586712171772575
3.08137296616627942569 -2.41802905462783801482 2.45831427851826322950
-4.20114100507598919876 -2.18579348715544208304 -1.21266893205075554363
-4.37525679168818726339 3.42611708869393805088 -0.67719422445467980509
-3.17339436540005914722 -1.06668858924753706674 -3.66722087561592902105
-0.73486028820198701084 -2.62132602365441735870 -0.05244928808540372245
-1.97779020237891112188 -1.32267662902700866567 1.77052307317285428923
4.22435755832173409630 3.81962910816647305268 -3.01247410111556757073
1.47591549294915846957 -2.74121762197025597985 0.55591146224276322130
2.96313272156305895777 0.57194656121712217356 3.14773451511266610936
-2.59595537743155668764 3.08517218347494281971 -2.46055670441184926034
-1.14567293906009126658 3.06438725740614170689 -1.33087971635989399388
-1.99948904379432601530 -1.87161435471271531128 0.69658360924390194668
-4.12133130327968899564 0.32201120160949514570 0.16706678660822937843
3.94332505775395336656 2.51823438526812903859 -0.75447333758315426877
2.89568992415203663171 -3.38044039425723230607 -2.42254993355220937801
0.61650607501515963804 1.27967416587009719109 -3.52607825506636585189
0.70602561363138782724 4.39465716693070174159 -0.27321647970491103052
-1.50486973124990797146 -1.72222227508000802487 -2.23079312739936685972
3.41824933691150345538 2.54345876611835208791 1.79043343607857519117
-2.63746698129359513629 0.15536870321268825279 -3.89133997650266394430
-0.66205619793722458866 -1.26884831328046310261 4.11006506586130893055
-1.68504855588411661671 -0.48417136382511838377 -0.86058126791078048967
-1.65809889960249012830 0.88371805127976710281 -3.76344301081303589385
3.04886620214571024690 -0.62295576293422705305 2.98778542569844862697
2.81561852469489082296 -1.05869727208312980338 -1.58833982704819920428
3.99618331906264590003 1.24398950008125819267 3.38334456109817072189
4.02246085688786703116 4.19969193990070710498 0.00631369386208735506
-4.06399990847487302403 -2.72424472149922891617 -2.17394126250766195341
-2.96356582046009542353 2.20243402169134228075 0.05829910677902994109
-1.95918354138049100044 -1.71414469652858425519 3.84436186408567781569
1.69033343791756163199 -0.03008601760831286498 1.26667604067792183287
-0.97913119650865265697 0.59318664158347100823 -1.20829187376278746058
0.24521295021597477870 -3.61895266232173451471 1.50775087542384511607
-2.12028507710199098923 -0.32325534200250682915 2.11303657057238769568
-1.73966875024456335552 -3.07613095749769804854 4.52672438313384528641
1.54156281509578274580 -4.38613791939366937100 1.21330079629122611351
-2.16418371808202270046 0.18469421164445076755 3.18123136708852705112
-3.74532895059199422150 -2.49868290403200266070 -3.95148645894548566915
-2.25461604416790173389 -4.20228910948317491147 -2.77116569979767124465
0.43190970775052228703 4.20587955527846713011 1.97645404097896637552
-0.88132226011467640348 -1.68262972339933902788 0.69126974011678221643
2.87250438256838958040 2.17866303877317868398 3.70530708785933615701
0.09149061657871371267 -2.97143389450883210756 2.68454242230074413555
-3.68939939068803379740 2.55232007368894731059 0.84393170043394505342
1.26313037435863950719 -3.76189862543206787748 2.66155037265240057565
4.11634586571347593775 -2.59075123474231272525 3.46815369303409593016
2.06177360209554993986 1.97132087014234880229 4.26945841252126623289
1.35862352011396403384 1.22896883052312411166 -2.81163165331141273739
-2.90025583267352748962 -3.34612918785133572896 0.75155636214027143893
-0.06281853488596489399 1.78524857813593751388 0.35218962258227648476
-1.91662842457148574482 2.99556306794955329309 0.28980472033122772757
2.14811495315021172559 4.50580415151901458870 -4.52927269226383355516
-1.20302532606087719813 -1.43333393682794874024 -3.37299560756025007535
4.28944819702588286958 -0.62732128992215363539 -0.26063056959134378587
-1.09339242268075764741 2.17889672152637992042 -4.16152239472078377958
4.36007064022475088194 3.60444515914398433409 3.89252922177635962697
-2.22116885514509343480 3.78360522336493598772 -3.15569399308061893095
-1.35642701386063091462 3.42678222263571718997 2.30561933418097186888
-0.38519554526096921876 2.50657382202814371652 -2.74361665164309265208
-3.29220710405730132564 1.59949180478013719409 -3.34509854471657908093
-3.41653438868931447203 -1.72150827059328515034 2.42217291949468371826
-2.24951356560817972152 1.18035239761952936988 -2.91190571750338422774
1.70294001694363483779 1.72066562364778619099 -3.78401050289577023378
-1.59956795403256490928 2.25326557569275109927 -0.71884526687045946503
-4.11442553941629807213 -1.51445118457758409747 -3.87036177739622200278
1.06180832853676321292 -1.42959008381312679958 2.55137359476726732765
1.27438485282370805862 -1.40749030332969304879 -0.99653277319740452000
-3.87134217590808749065 1.49158516061537316233 1.19323852300106914015
-1.42347931279202111199 0.53185631242339681535 2.52019488137530256466
-3.70530085662193586771 1.98701981749997447224 -4.44532510305325256894
-1.07382108031284495553 3.18300339386097075334 -3.19504481932098949315
-4.15092511085881543664 -3.69790540665423028699 2.46294497529214595488
-2.59697555920064049317 3.01811169502708320778 3.78393088811214806100
1.22623570126011660619 4.18100518478858429461 -2.68079515996695416646
1.23110140133591983158 3.73807100309900608437 0.20443896034361763725
-2.42984131401633396408 -2.32445354829527817131 -4.06524642712195660721
-1.31746819042076790396 -3.53496722795106510517 -3.13878690435078455678
3.81768933718895286944 3.37803669440428944171 2.33984702726283089191
1.89359307263256670950 -4.02816330824124602117 -2.60139453793143848870
2.62598741825022585772 3.26628875779728211626 4.52303050858707234028
2.87412963434732215973 4.18504828614153989719 3.21016258195109926987
0.09003011703186114545 1.15002562849331102512 3.42883672452447552104
-4.13516536582646487830 -0.08876067389831909793 2.05199424064131896728
0.01190500496617463710 3.64595275658711326372 -0.28241479333622709902
0.29948626552682533486 -0.35692717415818364657 -1.77273474928408036888
-2.88330277276120439112 1.24447348401684010355 3.78441024376860379874
-0.30411604135567049667 4.08330317575559842425 -3.71971798026171507345
-0.03203892435112010162 -3.83268031418678534195 -3.75561798327417317722
4.09007872208740597131 2.66090548545677663128 0.72764593353343176574
-1.23623552731768349133 -4.21165046926025787855 -1.70208426357129294360
-4.35535102098852888730 -1.42951913814205244790 2.33444405934204279873
1.91030794916785051640 4.27710713592243418901 2.76694009594065359892
2.81384459614843951414 -1.04872504459273852007 -3.56265905209882438598
2.37724075462386075230 0.03872960101931344212 -4.14963537243882729655
2.72555592469359364571 -0.31857191304620791072 -2.44735546805967274508
2.18500189126635913084 -3.37992164169319364575 -1.67490631379303067661
1.92105449669725469874 -1.68937195794319672260 -3.13081408999602794907
-4.41147291522728668411 2.65832791679969293597 2.41303951944477113045
-2.23231839864944614504 -1.17830381324425159661 -3.20459068771163435585
2.94231473174489810418 -4.06870358792411490612 1.21805401626846698804
-1.17525324365932615223 -3.78351413082310328306 3.01742576058740130662
0.74967915943844154469 3.74052931159752954926 -3.62260257532321672258
-2.12142604401157308658 -4.38259460214934737365 0.83969077006858761081
3.41283179984281925812 0.22807864762630458699 -3.77155141160064255601
4.42398803883334412745 -3.53028639597807947226 -1.77195047673712036129
1.02444220345455061505 -2.04074470666162621768 1.11018063647482723155
3.04418259019151360434 -3.71715303132989660639 -0.86015242702419314469
-3.53188979735098840251 1.91794564208061668609 -2.23219214208674454625
-2.33122605474923849656 -3.06202036560717383296 2.51740334749633998257
-2.49258457908264530190 3.91255125767554101657 -4.28257584410883751502
3.78233454952504200008 4.52912853393402681235 2.08255261207809017066
0.19383143370909294845 0.65877418832789480518 -1.41283669874375794606
2.96542719693357614830 -2.93017301883544956098 3.33892373956857912987
0.96832437720817043925 4.37143119975364857765 3.05718558459375699954
-2.98804860967140317740 -1.91776360708389281839 3.26895449332404020026
-4.20771481700996474729 2.61776185832897123618 -1.43221910145152886429
-4.08622472109826873066 -0.00744922619190901969 3.88313336416779275595
-3.78318483539910843660 0.38812030675418363046 3.05822607016499414812
0.73522355800399097348 -3.61504697420512455253 0.38363569718705914369
-0.02549981739817130943 -3.96583649861134857062 -1.34701853103615576401
-3.06431517851297030575 -4.52597301657860739965 -1.64319048161877656611
-4.07206654265945022786 2.49514087204609946724 -0.24825574557117668917
-0.80447000503124588278 -2.28381387137050539948 -4.08492995715318141237
3.45279893099236190324 -3.19602082905836493154 0.29094631758546807276
-2.15059487624935119499 -4.48152600936874812021 -1.18214940299278659097
-4.22448086024121671755 1.13493651536268025382 3.96578287516891681008
-2.62004905167808388455 -0.88153797647552201155 -1.60751601609503014245
3.16509311143297011881 -2.30563174618100630298 1.21499527425510844836
1.09539938289291516327 3.25859759897470357970 -2.31025664009290387924
2.09290267120715345328 -2.17327239792902915383 1.43878527916824605626
-4.28805579023331606692 1.16771511207085687545 -3.07776550778536428510
2.37521456788787777015 -2.40086241281995382835 -0.84305262912909739725
-1.26283503081259418366 -0.59006896904829009287 3.38117100420413674300
2.87385268365423662829 2.31670384821021979604 1.01023963020511065025
4.13514318408482761669 -0.83625724386887556605 -3.29941400656690397852
-3.58629556429234908066 -4.16901670456905293349 1.58661092283388960311
-0.85987041209229442273 1.40980199125774152691 3.08919200504448188127
1.46021796095369982282 0.32074198427374511766 2.34942863882300212452
-0.60406323971127484640 3.78542677944056915607 -1.88748731687807502766
-1.13169720356119896110 1.50223456102547903157 -1.72629735452397703455
-1.25951445629334868315 0.70755426384930686368 -2.58687762845076862916
-2.56276318500733468753 1.56068805170346447397 -4.09789799109013674894
-1.89353885864050486276 1.97435581537610893577 1.09921304140391651316
-0.42576869298630271032 -0.85226131354803502660 -1.06233562222120259122
-2.39540924163452650930 1.27165252510944259967 -1.16624852120436361957
-2.25917431373622390467 1.58144412826794944493 1.95578547485515930049
2.51783244580651643929 1.06141500496921370456 3.95221609072174739907
1.03035933313480487783 -1.81114564223169827173 -2.46603891897507887521
0.66614766106043621363 -0.26720799971245501325 -3.94428628480634646536
-1.05832140208724023722 -2.54598269788351405651 -1.06889118068611832513
3.89975953806449116001 -0.53593090352513073071 4.31222157467395295072
3.54713219511034960618 4.06351268805795751149 -0.89812479944106282659
-3.02112569480850812198 -0.44727899910271773365 -2.62200214717659418895
-1.55798892946180789210 3.25951558691947607116 1.36290573259401615047
-0.66944043319012802584 0.06695143174983897438 -4.26515908666379850445
3.35890258137091723967 -2.37781130327380596512 -3.21762264375444040354
3.34940365920981708570 -2.61945455875640575982 -0.76808350999380792246
2.14866514156360288723 4.26596952121166861360 -0.74826107701428323793
2.15032752551454375833 -3.17833543206015400884 -4.34943871838728401968
1.85304892283404321063 -0.60435814147582744837 -1.83487133248882416936
1.13105749087620477411 -2.62153513917350000639 4.29158885026393921436
1.66278294112405244931 2.36834528166467439547 -2.44852620091641925981
-0.84741381686801231510 0.49953801308395018310 3.84698042187821176441
0.18454525938261845397 -1.99344069551147029529 2.23131512670979592627
1.98953555893339295579 -4.14837472083441305415 0.28303309998767289812
-1.81323487577605568788 -2.90567220204105280956 0.87191195395412002256
4.04372740740643177304 -3.63854790007604034230 -3.65620368740121737261
1.62338305056338860766 -1.96657309187508877457 3.45024687163895027453
-0.01804231999999128533 -2.95227564178289014762 0.67959020313874773933
-1.81683769269663120127 0.43260062403481658322 1.60327350130535695172
3.53981529441232023458 0.76336833902125178497 -1.92780929119005772776
1.09048317243750769734 -0.22103048321169538326 -0.63243336064975697042
-0.27752560705397932850 -4.37508210870136959869 -2.37699920850816592832
-0.99374803639809705658 -2.64325759710796726054 2.48779859462497565659
-3.11256627738332536381 -0.57552927719017521468 2.85164752812650057479
1.00176549497738776040 2.59840473112599035233 -3.34880294049632132314
0.50631400515422608777 0.84214692310220673477 -0.44848547582568443204
4.30073413725321973544 -4.16516462111480034736 -0.80280863311185113318
1.17807115863574285441 1.75121758085386058923 -0.50353413769860022597
0.99547816788193799198 1.36246552896870287697 -1.50427729888156092031
2.12384603531353910455 -0.72609387067554109763 -0.72771815231073322394
-1.70344705519600880805 0.70955421566485377127 -0.50586303043392000234
2.70033726007847985073 2.35135274510664249448 -3.81599526602950778198
-2.52316257588831982517 2.14521298059549980763 -3.01744708102591330245
2.54278241107909419583 0.34880983714135549434 2.17183240786009523760
2.91801855818837463374 -4.41400785049611599220 -0.12430261168206158118
4.10765119712242654515 -3.71203167300748670954 1.34098496662094923693
0.64756346376365492290 -1.05741137276975205594 0.29991065883414247395
-4.28356222642541073498 3.22627534108616043085 1.53648990651482186820
0.21889471962937268046 4.52596031403067211585 4.07943084771318087434
-3.69317175926618324056 -0.03284109089653508562 -1.85333139488819131913
4.24844311421605791423 -1.79521131908597464388 0.21685849240558763285
0.16870829339951498582 -0.71251874688709815331 -3.01808089356607522902
2.47644029291268896742 0.17150311015918973112 0.51573727135837366120
-1.42540063039364639508 -0.57863558313828455937 -2.64706650235186957687
-3.27051911171940545842 -4.41888594689382507852 -3.98799738858191021862
-3.52566337256874540174 0.43734461254974732469 -3.19305655060971460557
-4.02549491348978172311 -0.60155167385756636023 -3.05586481417287103568
1.72166822858723822520 -0.80346939397703520669 -4.39976385829829208518
-0.47006696535129233183 1.13208714006915212025 -3.23035859125948565662
2.04273531647833994640 -0.42205809392757309695 -3.36588499507552851853
1.44388643653118009524 3.87162893821311993037 1.80964152110387477279
-0.76650287349996837349 4.05064914609103343679 1.52826483604011542639
-2.89836011049696695707 0.26983472659674134775 1.83406515962291738475
2.57852622218870752846 -3.60962511348982051373 -3.53747883472679403027
-2.53364834740155142612 -3.86077178314307367657 4.24201824124638182667
3.24341693158643185058 -3.14229122158663720654 1.81775262182848518222
1.69675173043350913105 -3.02968346162518464837 3.58487128509024710610
1.53134746070479010882 -2.91145948072656501893 -0.98901312542857677812
2.04571548210504872145 1.06652107425807773922 2.73962105573255421120
1.58934935034179236624 -4.12589753060397157469 3.78676087557265450556
3.89969725044678039438 2.26472010590771066774 -1.90998833329913964008
-1.42897358079275438314 -0.70327572643138180908 -3.97016392098691106582
-2.15189047907619546152 -2.08176737690206792308 2.48571804699596743404
-0.06272872194580259020 3.01799683322706080446 1.38586962616838160756
1.90407465552309851375 -1.70456806510875580329 -1.64826025127904474132
-2.87518280499845024778 -0.79870414246118004442 3.93191721716037090317
3.54222109669725337966 -0.27342614013801647133 -1.27730280160444742421
-2.25085097076683293693 1.26452369466885006233 0.39740787877576089215
-3.82239240102551791622 2.91499471582962144112 3.24473851138041702313
-3.84994018498289580776 -0.49567898836444612698 -0.71561764621556189780
-2.31686875740556308401 4.10270561500899955121 3.25334485603124967668
1.32772923231000294919 0.86181771426768527533 3.45064130656468481817
3.13989443920268929133 3.67830429460544916509 0.84851082742720862484
0.89469160461504504411 -1.57179071561798933132 -3.71987026789799424265
-0.13933161829156492928 2.13821847426584010776 3.92257910152438871165
0.55523203866237658133 2.75965730864232394737 0.24197254713779781099
1.52681160442364305396 2.86403003539699607671 -0.40252814944288584087
3.31519967068326515403 -3.04719829352330062733 -4.28264698170065472027
4.31539963501481960151 -2.95649989147940184253 -2.85411973893295156657
-2.22244115569008782174 -3.45916488750999029378 0.00273076103695135686
1.97819345012484504309 -0.31834850808871628658 3.01878852892796967211
1.26586079311692323301 0.26359104598672811193 -1.52572893664864039920
0.65495695540772924659 2.42318044746666938494 2.56053512118237414086
-2.79758902402730180725 -0.04629318002745996807 -0.91380886706030750588
2.67611353033215149111 1.13463400536078928837 -4.07888865435193448405
0.14390050296418444020 1.94149211835159452022 1.67104436223941288375
-4.06408140926537164717 4.03650167007247073769 -4.19212667018447238121
0.85506978528683852403 1.36484872719371708172 4.40863390051222037158
2.19620275785276763969 -0.83957665458515462475 0.44662046313657288721
-0.07845667474807793695 -3.33869579302595287373 -2.68057567019948939091
-0.56400094865912464570 2.56069477829457081697 2.40411577601544923510
4.11718365749452086533 3.97324116709860586383 1.25202250754165955726
-3.31303282228153905820 3.77714302326226114559 -2.26825655432883088736
1.51394382949131323102 2.46592633978243558346 -1.27036677209044412962
2.53237140593128362553 -2.24012804827388789519 4.50748221255473868752
-0.84586697246645048409 -2.62606249640909261700 -2.61295930583794877577
3.46137234344772171113 1.37512139874442329557 -0.87644871560818859990
-3.76291985602510425934 -2.27739126200798347455 3.71146856273822844940
1.59909628011331683695 -1.10330112028267723900 1.38495178639003491128
0.79811404366200022764 -3.65405564457051346139 4.49150911694759269466
1.45744780328940937153 3.60696019357664798832 -1.28228180167618743823
4.52264327505954977227 -1.17106451428132363191 -1.09283660717493802395
3.09242457556393812723 2.91640560210171084776 -1.19191389135266945232
-1.38703731190059054157 1.91090490705395144033 -3.14061081901239447234
-0.28112543717983573544 -3.10846682351104552922 4.10419162921886115925
0.22847921572404761292 3.60602314919083344336 -2.73963754260563785436
-0.76811710651775388925 1.73618671783416633758 -0.66694657589712402768
-3.83211033178968207835 -0.99297604959179963657 0.81585885311969441602
4.22937279027715273827 -1.75663051573031570030 -2.38840778827469790713
-2.07586604661362938984 2.21008045257773844128 4.38372212983777753692
1.61557568240517568370 0.60808955674092501908 -0.49789757503275122730
-2.36279842195924150161 -1.02350796870162685792 -4.19490262571838101735
4.38940515093077276987 2.46167930140445090359 3.76046935036228813232
1.90419754195645740680 -2.13867220219545917104 2.41372298873956925291
-3.00853725129552262985 -0.91895957910879921826 0.16931015899936596725
-1.99195892419770759219 0.12269155180698643193 -3.06225449382798986520
-2.13481111571706305696 -0.87882773737661157298 2.99169451788791906921


