170
-3.12357151400755395088 4.19377486408569222220 -3.04408189083460989366
3.71812417205091438888 -2.08313107043520640005 -3.52328363722823967308
0.42117907585809621906 1.70881122641201965706 2.66727382758604658619
1.03052053722125158686 3.82849162056182290570 3.09794447211882584270
4.01180063489987670522 -3.88771043018186768236 -3.37543517488155053741
1.61130520918273756337 2.36030860440135636935 4.46311244200493728584
1.16726051614632542197 -3.77439901593588711393 -3.01634345656468427777
-0.19737908014430871617 3.58882042108915388923 -3.23439091671689116225
0.83370243536583199528 0.43045844764026419682 3.91336305469428946679
2.85673702958093045368 1.45191650579410502786 -1.73485536887727498367
-2.93704316562713474426 2.15275233662929554868 2.25871141935361752218
2.25926414167924871634 0.81193400533772841499 -2.91887909922972177412
-1.83104895874184459004 3.37586433896438631308 -1.34647650663337081767
0.52582369579185694874 0.02768196582927284766 -4.20711368077959502187
0.05206783752527677223 0.99046393190120518568 3.60583044650607842385
1.28458679014126442297 -0.37741454467011870122 -2.90739257162517361621
2.91138127124537060553 -0.49862578999457696227 0.32660659962045102134
-3.62975326101649331534 -0.77917729844998939726 0.00298326113054336872
0.83584282171835067032 -0.88928687172420728402 -1.36195967930469352680
1.86602740452091886425 2.86407427492768018595 -2.92090813343284949610
1.04804230487132965521 -2.92322521085221653792 1.22231339080512491080
-0.56295637885234883768 2.74565727368706280487 3.11272441119239307028
4.00164906324974278817 -4.26483578234216853531 -0.97922658591022804231
1.83378347187200052559 -3.95531881347975566854 -0.39049587946756503243
2.89125482076151740785 -0.93301815039357816062 -2.72233200208474457327
-3.76203651845520825603 0.89358237487148084455 3.92847657074531131371
-4.07332172457755437023 0.63723370850731697601 -2.27591413661237185195
-0.09601219827469442691 3.27870129492546347194 -1.44241251997186603617
2.66377987465510202014 -3.73336735403896868846 -1.61107318960017220633
2.66688402636709476212 2.19053868954616159925 -2.59133974097335784137
3.33728225930122857079 3.15581169773586811544 -4.14458132440194670920
-0.09798011271746087658 -3.62104754152032626280 -1.81858971278302172792
-1.19569576038396752082 1.41200899653576783521 -3.90547765743385255632
2.76610094511301429776 -1.18843487406113457183 3.17496944722011420481
1.35277437952954127098 -1.24742162336771400533 2.13735289331751676656
1.67007553779729889243 -1.19265871438073300936 0.12030737322558326952
-1.77833783719094462583 3.12875882890290046845 4.17257277322082043014
2.27129737174306089997 -2.79704169983216033302 -2.93465119852999123395
-0.48082075876736141140 4.34371186326550340340 4.53251882981917386672
-4.15407296834836881061 0.37576805035199889460 -3.52812307073823072656
1.73311474510936047722 -2.45299080743447195374 0.34700879059387723657
0.82318675029817445221 -3.35830589814510194202 -0.19598107865209790646
2.74069062810089647542 4.25531679940881968349 3.56495638104770673493
0.29690558793639709734 -1.82445854466005208394 -2.98778941609166093230
-0.38035796524659293283 -2.06241866914074112316 -0.53621159548797603378
-1.28054703276807035905 -2.12088379607983146258 -1.21099874324734813058
0.00672151868792258966 2.80570308358822817496 1.40834413005251235518
-1.23680984478803557280 -1.10297108550508049518 -0.83313552680610669654
3.40333937449966850153 2.51159149819841065465 -3.28047877787495023583
3.29835999672809876415 1.96616812802987617204 -4.22336886049169368818
3.83713576063735661847 4.06467958396049677816 -3.67082303136524856768
0.75590455903050290942 -2.04394278408504481703 0.54956335811208045783
1.01792559187562492440 -3.65654058543267312942 -1.86410510136551321736
2.62990192060420024944 1.12497909730595768707 -3.87540930265851724101
-0.71163027259614164421 4.51474315307059281821 -3.39953448690424897549
0.55469923131008691541 1.87166271515046478413 1.54436343198840742019
0.81577007838681581120 3.03332368755787307180 2.46759715769947529651
0.93140628466155916954 3.93001594461049652551 -4.32655698228026963648
-4.35628075812524606647 1.02032533908239120279 2.64341359438537271132
2.73894699266677221772 2.54270930569337760829 4.12614722664912658701
-0.91855701389103128207 -1.26178311369693796351 -2.06933521420995036877
2.00501034961281110469 2.09510805191523363789 -1.30176782071208840819
1.99434739728268439762 0.40230463990014531106 0.64949417920034235863
1.04957037254472407284 -0.66918696631523744145 0.89845731360209502014
-1.17759062003762338122 3.68992566936861532412 -2.46486039706257553661
4.04591585941414333405 0.09495618015647622201 -4.25155454108539032632
3.75953420517372460807 3.35770409272860081984 -2.20047977314240128521
0.79063357809753043171 2.55777874268065019692 3.67610143855083659759
2.27442501931892682165 0.38842776588152183592 3.14033230564481424807
2.23590545173318666627 1.61923104274637186251 1.75158355399145460041
1.29892592056490041585 0.77244904376482370623 0.10045508154365911935
3.32761395616121458119 3.33511440108425549766 -0.57281784043761385661
-0.34572371914686694794 4.41982086363570569887 -1.25828901207191412581
-0.70233999221927323475 2.58413350587221657406 -2.53064848873383230199
-1.40029861756915474658 0.57490564185807002673 3.82372700110918639638
3.64178016188631215044 1.64639627718218850561 -0.40948801848424309924
-0.82940463931876617920 0.08958668035312022937 -4.37102902187765884889
1.28322642331070913002 3.06609410526380710138 -1.72207679201982166717
2.29949001164110011786 0.80435880801200454471 4.04556698881590204309
-2.15187995069824911099 -4.40627758923155798954 -0.79440560060345299931
-2.01122987382705264992 3.91042031040351911741 -3.93360905214150147202
3.59212355279967621158 1.84727521539593730893 3.86392700714965098285
-0.03825197963836401982 2.04195939593259812028 3.80075663756894055467
0.03717438616074453250 -0.26125640144469297610 -1.01248187650644494440
4.05777435155690380242 0.41844655694652832523 -2.46660777792496999083
-3.53741100595285606900 -4.52421285446838705724 -2.23809279237652125616
3.47341232177571956896 1.46067532842174330199 2.09263334547169677080
1.68103325394668434711 -0.07652812831903865742 1.48463366370417571005
2.19108457031234049595 3.95975819503398174248 1.13331739019835442406
-3.60337970022857145835 -3.65017716430260641403 -1.36059509874285433639
2.38891460828999768751 2.74977822139415639668 -3.75764949234135947620
3.91772222932644975657 1.69106138769802516464 -2.55253083136641789608
-0.30842928778616407470 1.26605493586846673537 1.06856657444778324617
1.96240231135247267247 2.86292456778835013864 3.30399154638425063268
4.06747841590267622536 0.89462516016965132337 -3.40806392819027781371
-3.43703046706231729601 2.04235172651761853757 -3.89727634259281163764
-4.23198531603153771385 -4.28001513815031753296 0.65972660518137615782
-0.82563723660263210746 3.10331822627605546927 -4.40828290107645326401
1.43116347732804616300 1.25042572378723271243 -2.47269183211869369998
-3.56128965866494073822 2.90144803375365878395 1.66045613415334170071
0.85883449580011728131 1.97561847324017669791 -3.91554558942741692817
2.23650325303966912571 -0.08787082711786897704 -3.47441515063464168023
3.46723485261673847191 -3.13085686158951270741 4.26425821407160210441
-3.33301282392382658415 3.86675013149337143403 0.43019357492699938916
3.02765919277056294590 3.97089263369194878095 -1.40675351099484480244
3.26080898409847552699 0.34401751298714788874 -3.06117804722488795477
-1.38126531100125093943 -3.89823707993074819456 2.84599033531078493553
-4.41486198032619636678 2.30766701232407278610 -3.14836076916052620689
-0.64142425765726773790 -3.01899764270771964192 -4.12517362830379141769
2.72332953722602599811 2.66483776546449835365 1.03331864190533639913
-0.99774152395706039442 -4.18305747528435123428 1.81596954923677333937
-3.89422206977296170294 3.44148817865848410946 -3.77043302436436533753
0.37476858814557711952 -4.45966218438992090256 3.65735228290365821380
2.92268397266529778022 -3.09064751447636520965 3.00958296933484703573
1.57508413585730799866 1.55757896579615451316 0.71216082458394502908
1.35655392435610089308 2.56887235126165069943 1.21851556959602635999
1.85063949299298879936 -0.32099832281050044713 3.67944225914963229940
2.55186041664127927220 -1.61509596368092633867 2.26402437054454797050
1.88254630969365965854 -3.92314872847582796211 -4.14669700252491946202
2.78340913250228805254 0.97953330192778675922 -0.68101170938993460524
-0.86988290271055124236 -0.25549422207271721419 -0.27177015745951749182
-0.02154463236726389397 -3.67362069214733155675 -2.95945888119403699434
0.65555224382573307196 0.88577912049695584074 -3.71935227340865459666
-1.07271477241179979956 0.64348824828509254559 0.57669046692261627385
-0.62516129514672336143 1.37076030281332794658 4.37022712960567982776
-1.65707005609336954777 -3.02908508564954104259 1.54107312474574786876
-1.67319429815273901241 4.26950136756773535041 4.15147410973189767702
2.37481997834725166996 -3.34665252715769856451 1.54331123267133651922
-2.81132356123833293537 0.59316824313212102027 -1.93688780494036061341
-0.07874461627098217065 2.09195426545011198272 -4.21365726981873311985
2.09767788556538725686 -1.45900044300691522636 -2.70970525145702190173
2.40338509630034380393 3.17535087261904713785 -2.06169870711845293343
-0.23216784221315656112 -4.06299425851782025632 0.19041870557583262524
0.15727580527011308931 1.28769504441979609766 0.03064926848622917532
2.25406466643612013456 -1.63548927398439492009 -3.65216170060582445700
2.82326577012407309297 2.97879336081298351502 2.11159766307655338835
3.16669071083702657887 -3.08955341218271639647 -2.43110697864086500175
-3.95793002424974904585 1.17569629219806603970 0.28578908495117172350
-1.58190766285372674815 -3.79788963734891948931 -1.49825087041761362272
4.25677313269275625629 0.47798585544192295771 -0.54431553851722913606
2.30190391516411363426 0.16507656459415276373 -1.65554654671902579111
1.84668916920998515963 -0.18551299402421417284 -0.52258846068947306662
4.04920393503331421670 1.03127038810896110022 -1.48435102799681484242
-0.94117169994572069669 1.21623732394084793640 2.10552809880060198822
0.12633537768867419970 -0.70831986284622017180 -2.40295635698764487032
3.38843926389841154645 -3.13488215340675591136 -3.79044438735374722427
0.53093066742548433723 -4.39169112938529337953 -2.43616818419706904209
1.58780569275069449731 -1.47081202870486560386 3.33215910451857322272
3.81061320546985715652 -2.10878072508964198306 4.26861838967986795268
4.29957041445378873590 2.38858369191206421078 -0.81222528784523095879
1.23482019991460933994 4.17313289604229620267 -3.18238850933409533894
1.54232763537561101685 -4.15591358038280400677 1.72263564964287940739
-3.23157588813086604773 1.15229235379427930042 -2.77229242860206737120
-4.51748777901085940556 2.00226271143179879175 -1.70413969289680888863
-4.53244002101027465557 3.75627073504787833969 -0.61825222840664428858
-1.70867278090357599396 1.67962968849386218295 3.06037332700307285194
3.52939711110933540539 -2.97377648506532965555 -1.24679203752537048899
0.21505192442567455657 0.15619672675426077291 0.09703437292829164562
1.71092351866701886109 3.22353938349575397382 2.05358037012722860482
3.84433257163423913738 4.30045765282659164797 3.55282732075855900433
1.65797093321515109920 -1.92851017521382983588 1.25186621040366308222
0.66545644163254191739 3.61674094077319541185 -2.39764274697194723629
-2.32349692933598728217 -0.51242133633347908273 -0.53388398154318306155
-0.43682046404886865076 -1.25218417017578076411 0.01584785040859504335
-0.05728234393314846074 -1.52637278193840408846 -1.42332939406656677761
0.97933995494949055427 1.43004574558174279986 4.12040929598258909294
-2.28804450507256751379 2.84266720827208896338 -2.30781393547528779209
1.79256554617956265218 4.26549237877998965729 4.34216893932406744483
4.07215010335903837557 2.66179600449185915778 0.26967397963631967173
2.51116439829099302727 -3.80049579712830487566 -3.22685400563722479816


