78
-0.26607851695482764853 2.51478119684368461861 1.69861715714171079838
2.81973256928244087050 -2.63035598275594217910 0.13777348469589867364
3.18519340351614932416 1.56829069331414405752 -1.24563618825991406780
-3.89471741038101892940 -3.73067569186383929392 -0.73054165613884158859
2.44636148167017353217 4.35022032556224846900 -0.21280977768088860103
-0.75099344259725464568 -4.25635415464461619450 3.79923307241823859925
0.39937867682993122287 1.30785476982685811009 -2.18315615848795285814
-0.03699086037239496250 -3.27364333946155827704 -1.41810192916025856746
-3.13507800246670642608 1.43087957539436416710 2.16267668625713138653
-1.20462398170819362520 0.28853379430831971320 3.59773921137729768560
3.25935176522711156366 4.38794354692978227916 0.44268042335100865614
2.14904677204002947377 -0.27717749466139984804 -1.65145033956926123864
-3.23769904416943932191 -2.63964834467198317114 -2.64867689265539052457
-3.77632910228904217220 2.60090067510293199149 0.90873682094575602974
-0.53474718178933944301 -2.97866670848940495731 1.11966251160032204126
-2.12024466839755243441 0.34141197628048036705 0.90083014828137386587
-0.19369560926711493209 -0.32462827964166507400 -0.98107241237331388461
-3.70581256727966001918 1.29877244276724113092 0.87742149218660969723
-3.65191013372868589215 2.58177412702250297372 2.11298969734017383360
2.56914005349165908143 -3.39709856488575345779 -1.09738175005325855338
-3.34055238376053598159 -0.73022873410792010773 2.53114645640029234386
1.32840784078568407978 -0.09500115586202539930 -3.74692429377962499260
3.66354606810363758740 -3.01236186466828170794 4.48994619056454080663
3.57365770387245529349 0.37124637447436281690 -0.77542596624410098372
-2.06898047944001062248 -3.25685001205999213880 3.71735348094453055268
0.69593578173662962172 -2.72458546010727964415 0.78424080876565582798
4.06679345615537979342 3.15692620247702215863 2.75582585465055185381
-1.37808284615844423016 2.74960960788547392752 1.45424782408814845525
3.44263860142761490835 -1.81694914918989258723 -0.02167013620697755272
2.30813903143727383593 4.49272993816350574292 -1.29078478700715404415
-3.87739268786980462167 -4.15595548038217454945 1.36697324848242107720
-0.46942089775031625720 1.74234077260987341162 -2.79217652623193135497
3.51980790486329109257 1.26043253860801840460 -0.05452736443234496022
1.50100555939081115042 3.01083657287686801141 3.76604157295729446986
1.93402011518367267229 3.47906029425486007511 -1.42887838390810184563
-0.31098943034566239874 -1.53096772915148271466 3.57739836230499630432
-0.27744575280649019788 2.88418348361869192331 -0.76702050839941637861
3.79644238021465607602 4.14885172293429160817 3.52907944690213692951
2.76050863030504167739 -1.90241431538834993020 4.29250716062478598900
0.17581847502426839469 -3.46916766665461961949 2.20215508860306297123
-1.87209082061135889674 0.70810149355488505307 -0.65306974435526532474
3.07987751047529645376 1.66810530177490523585 -2.36326878794078965029
1.26329173234643299395 -3.92650931791652446634 0.43357547458535616869
1.93931895405907273044 -1.80183245639925893045 -3.72431398991151185740
0.73767771419314076553 -0.53135029402396405374 2.81657633790359973602
4.31272921946783061031 -4.35088781242774125246 -4.13602600126151553894
0.94510477706503781548 -3.08541347696440526605 -2.81386086261966372746
3.83582732563270045745 3.41174074202577326531 0.75297331510009701816
1.11824574341812255085 -0.39061817066154436162 -0.95466329021961904289
-2.67785518388361776232 0.01731373860218266003 3.07612414798790556603
-2.05559562569712817037 -0.55880252261094875976 0.21566570861196865394
0.80091538758708313850 -4.12249379522435788203 3.15061486585264738380
-3.86035617793341545578 -0.08238150575221414584 3.67716437694995423868
-2.00928205971317952461 0.69286143779558262423 -4.38530927229460054662
2.28006982130202828785 4.07052860114769199384 1.04115359773934823551
-1.26226630938824868622 -0.20840251318109270784 -2.88563199490519783907
0.26622371996665350480 3.16772873882024175174 -1.60809414135262596091
3.14914972090324152276 -2.46331828482175252404 -1.68971848105316047040
-0.59999081144409949218 2.41765685192306012397 -1.80734623917043668584
0.91941641537948459728 1.58586066234173461709 -3.23650708576277779116
-2.12141760187614991651 4.44002539080108515890 1.11481722044485120904
-2.63677325031432285840 2.30455844944139531805 1.62775279373815440209
-4.03364949922283422268 -0.12691967562044403905 -1.20740771998112705887
-2.72135765522709371922 1.62490714042041961562 -1.35238967501518203562
-3.97436931436534957029 -4.48638065705995625621 -0.00404905699621505022
-1.83497784138564945522 -4.05833544814434610259 -2.23779945340578168000
-0.16384867047793605366 4.40873989380621988943 2.75269487926299216696
-0.48728438363031223446 -0.47701184411732899804 2.91462649652256811095
-0.75695208859694940173 -4.14307343683203743723 -2.67729172726890762846
1.46612336403570964194 4.52723054511761713314 2.22732082775994122414
-1.28597745325409551498 -1.21986046604786846359 4.38365431065846689052
0.04914312114209540283 1.21950822629269683972 -4.04234214561298088597
-3.87824624573036569330 1.03783860759336121760 3.15374630079853179865
-4.08816876123643346830 4.27394491187662683984 4.29119006294457872031
0.97174938415242007039 2.35005100391054355669 -1.78877570857821943662
-0.03722185143719247691 -3.91061563720805116517 0.80659736514672975005
0.13970556483280116566 -3.91625800744004815002 -2.24929797862144953413
-1.86295583583467472266 -4.45546788095872692281 3.69416847538250703309


