303
-0.78239260877247529535 3.09457862559135588043 -0.86059652946429920917
-2.65348705039873600242 -1.83005372504913799148 0.43673984822045230914
-2.94609316938712195721 -3.95829072087111333289 3.27692670799440488594
1.78064411994635118930 -2.18988282695569225211 0.01215251541771156241
3.02246926352846312369 4.23533149588278146069 3.66212071467665278846
-1.33799727397858703171 -3.38003824394639185158 -0.03070767010047692480
3.47842048245353563374 -3.08769274595758602686 2.62001072069094487205
1.97231702091883320804 -1.55497752554497914446 1.42167726347505496420
0.95596423304492184059 0.93551546261147855432 -0.20133222487853430493
-2.78900478504615101372 -0.85114105097885417450 2.83289459551353939304
1.16077484928187590896 -0.99571986567038273108 -4.34473426037739773875
-2.24726796435433762156 -2.94573325567762012156 -2.62450498253302422214
0.55969687737858109244 4.40343392874358396938 -4.50761739945021044917
-2.90997125928497135661 3.37959510927211237430 -0.73732087507904120471
-1.73707054022435514185 3.99329909159333684698 4.52734729335059693511
-1.03333463218766130609 -3.88407547262563168644 2.95825376676836082623
2.64604621120633609621 -0.65082441140311164673 4.51150864185059763400
1.84901477440319972345 3.24934311925300178814 -1.05236741759434160315
-3.20666091839608746739 1.10417156542305683331 -4.44314853838476064851
-4.53291708761725420374 -0.32031596821425445398 1.88277868902949219176
2.07629037601079868836 -3.17127942575112298229 -1.52994534102787360652
-1.69451015891021317117 -2.67712003660848640862 3.32708067346050473390
-0.21450633181826095353 -2.44695572070207889581 3.88811633033639214574
0.76649450970644394943 2.33571629235264754954 1.34238673399271224440
-0.12416740003107040735 -2.03999268416846923913 -1.04741169228014641135
4.38261096754571166656 -4.11606554424507464773 -2.65659202011570316770
-2.88254929724073871711 -2.93253470989100506472 -3.88922293895037674005
-3.77629453848896323720 -2.84073247471282286369 0.36224227063952074701
-1.10807120483650489717 -2.36128147467426252604 -0.67374188829723191674
2.62059058381465614929 3.89610829843496464520 -0.23467215863508705809
-4.46237857119447944854 2.10820385145525701631 -3.80230851356629706572
0.15103113153569402982 -3.25386787568118895919 0.13464870832160791281
-0.69466017097266963276 -4.31290330292454981986 -1.38382610344104728384
-3.22739358881409232893 -0.04143442744466874217 3.77142104563532054584
4.13885494302070267025 -1.30414818629857887089 -0.60529362220347149304
1.65136022724908038128 -0.56538152783593442763 -2.94428547022509778941
-2.61357631524343236862 -0.98357472275558865960 -0.13763039307559576940
-2.73523331357576315881 -1.50080931694766883666 -3.69535563801103394965
-0.34285709145975928891 -1.97806936186931148214 1.28175734268631114077
-4.12722495717803994353 3.91811167893004341778 -1.16757277723846053519
1.26859843846756437102 3.37847387682443045520 -2.45160944958144577654
0.15260291038151496679 3.15790145698049418144 0.12412698992772508433
-3.62723686887219853858 -4.28895963282205805456 -1.70750150128107103242
-2.15795367045934982642 -3.49649626465741469872 4.45782610258318623409
-0.11878936627592917574 -0.08505504956784459836 -2.05093116281207521467
-2.22953500417236671893 3.69258812333041230858 -3.49576105776041101691
-1.92865608685870792982 -1.02363524340147105107 0.88751603204705187267
0.66246800599650335073 3.54576276151096170253 0.85504957005996118369
-3.86473508941146715046 4.13050211277727452597 -0.00386355661502424397
-2.65243372460430570925 -3.16419972390593917666 -0.78918845065147991136
-4.37811284372844866652 -4.09509655050256959896 -0.58500184734118043650
-1.86404640648279906756 4.06636850958148254875 1.23886516127292889422
3.20186478849196110019 -3.05515189785767482533 -1.64205145575059496821
2.84899550601414919271 2.51010296786254105683 -1.83963955700960379858
-1.88451907057389300704 0.63876416069124708486 1.60125054280060208356
0.50168319188969512368 -4.40024875224201927892 -1.18608949985098544033
-4.53351023137162467691 2.01409871390278460979 -0.36824022489111651879
0.24513334231916950046 0.83935987532520073273 -2.50566058204444530588
-1.50610514867682976359 -1.95919234429371025286 1.08044205143372717970
2.21498776821270304538 0.86218778681022456567 -0.65052821443879427221
-2.20982198825690900890 3.15295468649859866872 3.43404740099210314952
-2.04697326405368196234 -1.74573459669804753602 2.68157518193111954474
-4.00130911170248193542 4.37330747221635096622 -4.48702827929610492674
-1.55060945531516880536 4.50938756970683751746 -0.44554212559316397346
3.02891388130600436313 -2.58198597789895778476 0.42794886345258031923
0.96156289971899866487 1.32046238186830589001 3.21630989404514533447
4.18959279226077807579 -1.30416172042870037728 4.00185413040010384833
-1.91168660421107539094 -3.80225547424988841172 -1.16713537496822050699
2.52000975321323128497 3.13944432036750509241 2.32251796295460710695
3.02190703906113977695 -1.96329667676664243459 -0.55732330251311434921
-0.01552121283115237560 -1.01876054321356068755 -3.79713935048574180442
-0.89934593152708819375 0.60184082867116384108 -0.37384185045619666710
2.88133829233826777028 -1.85526063956651077191 2.64756067256614890937
-4.24243563199676376740 2.77595332446479492461 -0.93165161554280118139
-0.21020157977732889520 2.22195444332993918835 1.31413018908306167276
-3.07355489775855517109 3.91427748871257019658 -1.82651142507505515056
-0.75371887194046216507 -0.64178337233634152881 2.94602008622128774817
-0.47423255169783473661 -1.84600413179176836564 -4.07732345643826032955
-0.95970860390738277346 -0.63833116219656904633 -2.22461750119545875748
2.97792805633055923664 -0.36057315404149825611 3.08043456969343321106
-0.88761197310372930147 -0.59742710754329886313 0.97768437244674899489
-0.31548242576861618147 3.00168107022842889364 -2.16885459808705327589
-1.06055071161063807494 -3.90221129882437267611 -4.42839927186685233806
0.17867707092192297580 2.79743285074787362277 -1.03714668260348163997
-3.78125510096161976392 -0.97443308820802965187 -0.38092532317650462659
-2.23264169997088846031 2.50575530667636758864 4.33839051295713939993
-2.31742125975976698271 4.41138611939862901323 0.35696540129312470668
2.66495810535376165262 1.87478684539410167531 1.77250517875596358408
1.51175477731675922399 1.43986995279495477718 1.66532485439519906123
3.78584120005136792741 2.44329004632321389323 0.33389963534227096176
0.75033171350433480740 -4.38857982205829433298 2.99942332620726315184
-0.80065217088494389230 -1.14109340424225891297 1.93864845749465519731
-1.76241364772751696322 -1.71274777997477389846 3.77905355054934322112
-3.48974856865758509272 1.97027445720269156482 -2.49885107745974499593
-3.60512043501461532102 0.85037753540708482802 -3.43473570208222067635
-0.32152810350275196072 -3.73424563593267544448 -0.61421771924531842757
-3.69644793157711815113 4.52452600514692537814 1.96584092075400374000
0.18053313592490827233 -0.61993809802909272122 1.20869700760481268986
-0.52919593307099432877 0.08236678717815681949 2.12672681435980504006
-0.11295464291437706805 4.30053918215433217398 1.94622098801932352785
0.44241789732815561820 4.35441019176740962138 -2.21423376491528411947
-1.76584547582825379664 2.18750041103106429574 -0.92038170037864652784
-1.81273660550251092261 -0.39341334085366241879 3.42207921012237914482
0.98507088950890597800 -2.86237060463172277025 1.36154856460115336603
-1.41477393467172163355 -3.96816600061004542965 -3.14434431914413448084
1.54758873184457801386 -2.43536839701294649529 -3.12328493039957866273
-3.83211948766898213847 -3.28499433281191022260 -3.20698750809658461591
0.70274475547860859592 1.01116701515922713384 -4.53706661073986960986
-1.02619405970226429403 -2.67185568450763621939 1.81366958291683477711
-2.84025428826076042910 -2.29402844301566144480 4.29245361882710607659
1.86331457875572059635 -2.17352749186517302249 -1.15403243847519254572
1.09121591991157274038 -3.52819285569273022318 2.29005666472030711134
-2.64860709973595165323 -1.94473625898773772036 -0.74687438772649539231
1.51254923369675520206 2.91071533134603566140 2.58211245275330636417
1.20369573270336793769 -0.95501448339273142807 0.85093633135881319163
0.86160404834630455184 -0.26070077197629704102 -2.29957552994800717983
0.03582213816801971262 -3.66369856960467421558 -2.08639853319296708634
-4.24320754598968985505 -3.04905588289498785670 -1.37135030750161046598
0.74666807994857986586 -0.07292168276880062194 -0.27350000126870810391
-3.50619567565976009149 1.86673449638804012096 -1.15546944665666373453
4.22720883680252956793 -3.73078131928709488818 2.05692679237746833820
4.26232189154684260046 4.20638536478508218153 -3.58461076597433647706
-0.16919343388265861705 -2.46153546251662991295 2.23593720669880458018
0.56781926675845362240 2.47585209359527080863 -2.05856754263993080301
0.92237883355903083071 -1.45051334004162679747 -3.20278167430018978479
3.26963218650164577639 -2.17847238697556688791 -3.26766083015446273663
-2.12949091347370123017 4.41394116814894754697 2.72340516888580008725
3.40834786297874270389 -0.66309378718617750792 1.07141437068389411280
-0.98231180772529036460 2.77869878874583697836 0.93666304820921819640
-0.33834662307203622333 -3.62775736601597165176 2.10028311945459211785
-1.90680685571639507714 -2.57264365288259799769 0.38042598536799232534
-0.13517631257510576148 1.68391302566720302281 -1.66461785368636538962
2.31327731077658871328 -2.58173255989894689932 1.42975205157371210163
-2.28126468757345035598 3.59845679195399892336 2.16866500678905360644
2.85361592153617493750 0.17019556679651959286 -0.10289966157715202399
4.04316246711649096568 -0.13554153365718857316 3.04866842187240827400
0.08409520045498108942 3.18972825014366900831 1.67164034757687751664
-1.82056754044271862369 -3.49203121504465929803 2.37746528252627786770
4.45362332593557841420 2.02044978749121906247 4.08363116290455163693
-2.77298812471881550579 0.95756257622618168313 -1.41921874874877396167
-2.83766538046372351900 -3.15388519214650253630 0.32547824294965721492
-3.41781657397829974343 0.91083188855448149468 2.35438526061040409587
-0.00427784856884017017 0.64874763581113459310 1.34169511789069861862
-0.07358548789591168315 2.04590951047123770223 -0.37507053416942159885
-3.70657104233186673881 -0.79208108013189182373 -4.44872393115033126776
-1.58850323149593464223 -0.34054662774269850445 2.21337254384232284821
2.63043085935542908516 2.08960123043532863818 0.61247214378261283230
0.92750069686811631442 0.38441795954020641091 3.66710605010963686112
1.70693630542285745832 1.06513989935295239064 0.62439110752870519150
-3.70343607848745826061 -3.34122162322918692112 1.40334294029917305835
3.79659732362796820127 -0.44138804267466991149 -1.33340398502460022456
1.66233068947675821647 2.50624820027310502013 -2.01536506285433958396
0.35431281105269185616 -1.48464345828097554758 4.15811880756240359602
-1.96190961232276883663 3.65581688116340242090 -1.11847324191094887880
1.89077226736516923467 -0.63687312585959521272 1.78923357854435938208
4.12743592076933563106 3.25159437674011631003 -2.19187507041762774662
-3.00594376700092347221 -2.73629690778300727061 -1.84723700748884178680
-3.73873246251752000546 -1.93784520784244795877 -4.09450587756702066855
1.20629017085287770783 3.49054441706477813767 3.77673460175566244601
0.08342922520153805976 -0.57862890494656626927 3.58288140386012177174
1.36747769234794080973 0.17970343774887531652 -1.42051090795606871353
3.50175778847944041416 2.38336264626347915652 -0.97394744155471091318
-1.58609233858533382744 0.48219132368047112891 -1.34807984845693651366
0.49698156368729939913 1.43463009166276922457 -3.60692059739484394143
2.51617856170773013247 2.82855946634409249896 1.36046529845943897641
1.10717783377774381393 -3.82041752787393207313 -3.02173276813440105926
0.78184046133795170874 2.32339261227155713385 3.68203612316018524808
-2.12399018367205094648 -4.42480791324918154572 -2.41910912051882398544
1.32848798967404047033 3.65038989784275091921 -3.64337786852619371913
-1.67868622436505487983 1.56335486719055793969 0.79911617883221452985
2.68030354209986132474 -2.89147352188240436277 4.01268478614828350004
3.55074180457949939438 -1.46413494224141693678 -1.39519149095217676049
2.09740208279618212117 1.92740276914567054689 -1.13247061542748284069
1.73346526252503441157 1.28101692811634215730 -3.95838819800069163790
2.77218640569444740862 -3.61070181330451456247 -0.78564432808766859750
0.70825485502683083183 -0.85228686237617656829 -1.42643137881454773463
-0.34318989420586909489 0.48507033538896937586 3.27378821454492818788
-0.68236643657094475657 3.85444073659037389490 3.89419316418525252033
3.46333868244867115749 -2.38358820314763875103 1.65516603438553833172
3.95665424227277551239 3.98299843682503595943 1.60663490389081431431
3.74338150722657747593 -2.96125339069870507913 -3.60711558553606836952
0.01185285284703674336 2.91380132928515944712 -3.38684586682015575931
-2.09272324358904526775 -0.57322645173804609442 4.36549230771426177711
-3.49305141747206793212 0.73890593370890034208 -0.41250868373333293704
1.45676276236479917969 -0.77853150097705459132 -0.49417552923412166876
-0.75400164499075694735 1.12957626524340515317 1.90366020949704140008
1.25227498511438195550 -2.16233597294587465143 3.62553866376387912140
-0.57893249634522891967 -3.04976994758017738718 -3.71994548912542466468
-0.55951410687208946726 4.10968611901153391130 -2.55655616141539887565
-1.28920195866565023834 -2.20704927941908612965 -3.28687019486396492240
-2.13246762797065425588 0.46821011677521440220 0.29041749629360591456
0.92456857282137416831 -2.28580575084881720827 2.25515818000562529022
0.54133613439006378343 4.30071834523160401176 -0.04611267806469232511
-0.83549087360888352194 -0.06767682514171191599 -3.84327585299567120458
-1.01939337296483678585 -3.28277942658086230310 -1.24143662619738393005
-3.43169280987558567020 -3.19965940400132842214 4.21191561121442159532
0.41816915762843098747 -0.99338284144675581544 0.03912637105302430029
0.17762391971392510470 1.89017810187493484619 -2.74787278556115577288
-4.44788299095730188526 -1.73354435259012351622 1.91097851846457178482
-2.90659452145666197254 -2.29973980228841634599 1.77958013821686744649
0.48939628832128079239 -1.59712824006937070820 2.96667542833234509914
0.93353971575862271237 -2.16207690638605809497 -0.69702945900787227629
2.63951336852401841071 1.87413664823990711028 -2.52610560620424173806
1.50500581653167753160 3.23880098641022318162 1.50716942791222763276
0.73555784654772615738 0.36858892103136220442 -3.51781751673101616973
3.35394540019380471563 -3.81818145041042633636 1.18833104955114965406
-4.20287862266322687077 0.51895748304072686352 -1.66987639453796976596
-3.53417158187036362094 -1.68791942726446864143 2.79210403812723662043
3.11285568537001200440 -0.85546077437099743435 -2.82862819841986645741
-1.63688308129653226075 2.74582063485995320207 2.24312092235444904276
-0.43689875431575320164 3.94893449433863619191 -4.24925927264105585124
-2.53837410774036653649 1.29002026743591269309 2.94627424093610112976
3.69394695649719206898 -0.44584654340729823474 4.50704711312530736933
4.45019644509387557463 -2.44087655186997132262 -0.16907360069188825946
0.38905651023891429929 -3.22127526196273716863 -1.16295653745456561978
1.77193610625907549405 0.19983010116877064632 0.11684562003457532597
-0.10724338481290907055 0.19502206963825230446 0.26838934605089992402
-3.03606217730798144672 2.40203424212657790093 0.37913876847245031598
2.65380584839866440205 0.31192236398357930938 1.20816927582156274923
-3.71043512735287439597 -0.73833664085708017311 -3.13237011254462505150
-0.39952158438801887996 -3.42911559442204705306 1.16540285088635631183
-4.06416925591134248208 4.06509040726529047305 -2.59761257143325652308
-1.05970343713457060275 0.56145362681990018672 0.77428856423509984097
-2.81727598983219840179 -4.37796177658895757645 -4.53678325057122222574
3.78949926727454400321 -1.06192454373169731241 2.24475370649627681274
-2.98104705799873448413 3.61486136932037194214 0.42690018186956191215
2.58560668416563466110 0.66045673014421790725 2.76831381570015455651
-4.45480059443429432520 0.93847380345409714408 -2.63678747072444830124
2.87228008877749640959 -4.24054521458475619511 -4.39542299358862997849
2.10744665380383100484 -3.96735456476378756108 2.34542232267520045497
2.32861061520041978667 1.72030981671557281487 3.45401446620512153629
-1.03578737158675959762 2.56116368197747767965 -0.12757117505008697123
-2.85357046606004738365 -1.36606049868188872409 3.98701320749184251468
1.98082166234004031224 -1.96774439413436130764 -2.32637696469095489604
-4.09699742045288228809 -0.75761945176311851213 3.44972767389016965467
-1.50645009173697674854 1.34125941405564841347 -2.26275999654425996610
-0.64771886242087672869 -0.50090917499061671236 -0.34201741058875256840
-1.83610323320675883352 -0.72354719592708161002 -3.29528241986369607730
3.59027630364752692316 1.53483035262601053006 1.22960475418467751751
0.53895836255129925263 -0.05155241777667818326 -4.47495099635110715752
-2.61273468295386024352 1.04838195445055148980 -3.00591243781259986889
3.33001251157995792340 3.37140267945650595749 -3.01177474476911788415
0.25008046047072962637 0.75593910895340687972 -0.93627017884680174831
1.92871442904684453623 3.97375580203776390675 2.55187401824288251362
-1.33619894003548367323 1.32249169778443143031 -4.02873814437921673459
1.51104584128123686781 3.46148216483455772874 -0.05265023443031502381
4.02487178475763851537 0.47867642338915494804 4.24575794717395371691
2.91198021086198632901 -3.16024602556826961219 -2.59663192259059449896
2.47037704774798161367 0.52011485792950296059 -3.34399928143333990960
0.80901144417187875746 3.38724278698985781233 -1.55218888425280265864
2.99802030293026700036 1.72230085329782678372 -3.83415966736788105251
-4.36050991547689026362 -0.60313745897109960481 -2.25819061039535373681
0.79883609525932275375 1.88930035052009159813 -1.10289372372175131787
0.21348521675288001376 -2.33192411737191385157 -3.11120139307418286378
-1.17671565893985841100 3.94708499635699094910 -3.47179477741906250543
-0.56375224789070932374 3.62335461727467933457 2.80691155531346314689
-2.88184211268840728692 3.37406943171271667126 4.37845418338447966988
0.59551863708791152874 3.51953468754769271953 2.61803079412184303010
-2.00240631305660032879 2.49920896819546101142 0.93713259410000393501
3.31823085153981534035 -3.94451669523064296641 -3.49045518303492974255
2.42479328334477184370 -0.76412753389370191570 0.62541745228672418477
-3.66525692591480733995 -1.65719382016725713669 -1.42198526133787694903
-0.95595625750232926521 1.60374183815796556019 -0.89052613172604910829
-1.32414421928884351587 -4.11701879503136058958 0.83662313423285894487
-0.14707438935168415384 4.00953178450668534794 -0.81257100859259256964
1.08343578800623152603 2.39838811772596383065 -0.06010684495320006704
2.38795203257814581121 3.82809035559132038173 -2.80246745907847705226
4.38975062423645123744 -2.62920725841884639351 2.24986876213954634096
1.53874209837805597800 0.28130082412387924506 -4.29837829490467893123
3.71762002968237137424 0.42663941018806017524 -2.56845082050301654064
-0.02689700656621596409 4.43543951436177419367 0.86475099674375854875
-1.93434211770579977951 3.23850595529807705475 -0.10691047585241175710
4.40674914770621040105 -2.53800982833467392297 -2.09014808798025519820
-0.41795697775560114451 -3.51177176130311474722 3.89438968766746018701
1.18565079171023324278 2.25111434275752841927 -3.19633923823172549916
1.72985094284820473121 1.17141792200091376941 -2.29975445662986599515
4.52695510120672661714 1.13922869520491953921 0.49159185058687349112
0.36811745118191918635 -1.54798817175762737364 -2.24755286033152135161
-2.54902024112855363214 0.19356848927884051648 2.80350259087771913613
2.10462020887398360003 4.26464348882119548279 1.05512650537539265372
-3.86673616489869154123 3.03610117942676804859 0.04981646248872095839
-1.69555373059835012839 -2.57574340386807332237 -1.80866633475789040375
-3.63849954765417438196 3.61952676601103551235 3.10833437804939993754
1.18585253493804199110 -2.70931003793013180925 -1.75220850022431395843
3.98930782886353174632 -3.22983540568269189563 3.93516255434778283728
-0.83442748514757347778 3.53413477649679297343 0.21892909467476506791
-1.11038632709434770263 3.44996003930121375447 1.76645442633434957003
4.17777453663563047570 1.13932129255832759185 -3.89584241565952060782
-3.92439614009508286330 -1.83712624970620641562 3.93459065924057238561
0.26625778894933205265 1.50630760445856992646 0.56000487592984793395
-1.17810277174947453105 -3.24186536476299558274 -2.46203927300386071764
-2.85096086087998790148 -0.29505776937065775201 -2.78521583910558412356
0.63181730193665686102 -2.26899190694742225460 -4.07085777166476336930
0.81287723125489907972 0.50998776290184899551 0.84551114182123132679
-3.70095596057959008718 3.06728823101159431275 -1.97212794827205506465
-0.76088950326539483981 -2.39329127962825038978 0.39078897611340224216
-1.36285657103712232185 -4.45949095426017283472 2.02628271950347116359
1.77361181497874742519 -3.21513294882894040683 0.77251946277492056225
1.38016751495634526492 -1.21368430705980312467 3.38332107426966910424
-1.90953429176028466330 -0.52263810640063379509 -1.09826009060219931257
-2.59564037518978318886 2.25116137651827497024 2.66760534589489228807
0.80506170414039601724 0.17256785266196583706 2.52860130253422177304
1.17736494993834739375 -4.40739311789095378202 1.85647203321564813194


