419
1.79820959604528773923 0.06501835848794179640 -1.87491292131777953500
-4.39328763650490383696 -0.37790871183830265778 -1.52885835936773251120
2.30814258055819188087 -3.66683040021050299373 3.51973784293265890000
-3.71997529062182330506 3.19883221861777133910 3.48954013001751750522
-3.66109337473217921755 -0.90918443236464119295 -2.24262815153005501401
-1.71108004103650523930 -4.47853398189532114770 4.25939554924770558131
4.02862146714699331795 0.47763663760291663607 -0.97011178345274995394
0.93431565012529027570 1.06367750997788412803 -2.25880170745286745770
3.88374104603408820680 -0.01794959538308571467 -3.58003700256461820928
-1.04617830754544760552 -2.82639856867173744348 -2.51759180076441468898
-0.38700590124546963011 -1.61418638662404001494 4.15407253426269473806
-3.20876276475013710865 -3.17873661078665614710 3.21423211958863230819
-1.16240723147309044094 3.20070019572966213417 1.10001470222736408289
-3.01870147321772330784 0.52301229638880197825 3.12359799524906467383
-1.91655870553408291812 -2.41856434938206454888 4.25090384128936715769
-0.94366555565097387515 0.67467486791448116890 -2.69942070731774697023
-0.05456455160141704397 -2.93603682009435251743 1.53306555359582130649
3.73543674178164852862 1.13035510160498642307 -1.90966398188382235901
-2.63532958642758652346 -3.48968969697983633083 0.58061981259073469630
-2.79573326316758885568 3.66300980295212941229 -1.24258188725066709424
-0.75002608450331020862 -4.31017999353316749733 2.18315696764407185526
-3.53811096113994461021 -0.79871934453775184082 3.74736783793852357149
2.92809093347024873566 -0.01286544737308670250 3.09055300575722835532
-2.86580150247859455348 1.66788878425175557396 -4.16785592992638775911
4.47993147597583440955 -0.86166180426836014306 -4.05712446596873732574
-4.37083578708296904836 -3.77168523481316064760 -3.03514838182422685975
-2.36976192884843328557 -0.55405930347004250791 4.20742245489765753774
0.63106961545219952825 2.21771219337003344663 -3.13883663687785841034
3.78032232881810426051 -4.03894000139271724947 -3.89865286185014658926
1.74324090199048153949 4.43873281639926009490 -1.68738485179392316837
3.71669513550493402221 4.19880850341366151923 2.97968433147620270773
1.31706464660897193397 2.34748937212839603461 -0.93039765272764984871
-1.47011819082284311833 -1.47341186178163674469 4.35981260335535747430
-1.60895928094613749337 -1.44488094925513976818 2.34573082330222426606
-3.85107954785544537302 3.63889933638857510090 -1.84228566391398773661
3.97271969895329757350 -3.98833462874264199627 -0.69568183331984290163
3.45729422448549872371 -0.74739463760856805763 -4.26300441405727958966
-2.55794509087005339509 2.27874758350207518021 -2.32279993565921483167
0.86119196812172305044 3.63667816450549974405 4.01333549631501629307
-1.32713478751003943756 -0.06965453114192765582 0.71802615281078097098
-3.52680639661130568285 1.27754066162335089274 -2.36258222957448138501
0.32537753667492452792 -3.86346760429306534945 -2.20822682028974615065
-3.56420751341182384664 3.94227866052411091147 -0.18541117940043783108
-0.48666477075774849936 -3.25806777454869367361 -3.81647279591415600208
-2.76143989475941831202 -0.26920748553588591534 -1.35602187295822096402
0.48826546652917457436 0.37138937868809840381 -1.71554464036453513387
1.43196610871483276384 0.83974935768801461933 0.14035811674753340128
0.45221768059699130049 4.39466145690446818861 -3.45737124442478993558
-1.87411698950240879213 3.62513818539255172624 -0.99825096259255241549
2.36079171059581138792 0.78421806943902261366 1.92029043310407754319
-1.80241518558033186892 -4.00171868216807258278 -3.81526219493257912063
-3.12027067002926239425 0.83440503565875978609 1.35458402857498860783
-3.95142282054506388533 2.06792258602076639562 -0.40422418193808962172
0.66547444081619566703 -3.62340552181071640092 0.72843663375467748722
-1.81384940137662509230 -3.69698937020527562680 -2.42785383333469573230
2.20729626631779396462 -2.26440601247362716109 -1.19883873701980148141
-2.05520164560374052343 -2.19144920604586479485 -1.22219924141426528053
-4.44241206342422056963 3.62839892618980375261 2.91798174222461970118
2.50025216599629995784 -3.25756107215936152599 -0.20177968627927533873
-1.70168350246350064126 -2.87975329148358305531 0.35222910137885943271
-1.55314403418463742312 -0.29956792509417162762 -4.08065647503028650078
-0.75312655041231924002 0.94998062874400446276 -4.07433858111186175677
0.36225527121957767918 1.18761304632632658240 4.46023481715085079458
-4.39864376903679143993 -2.32415603322147257259 -2.17991998755855131975
4.35640380902031321142 4.26597629058051008855 1.24864572590812539232
-2.89219688831884669256 3.50424390620109438288 -2.35494784156171466094
0.99097445830551400547 -2.27381090288623299855 -4.52863565995558214894
1.53972305691353561485 0.62420655824749005092 -4.43794188717369131325
2.64915912208834836150 2.62357655412792478700 2.89649731056700776577
-0.47013641903679825873 1.83315252630104108533 0.83356540204972695562
-2.46410396687071919786 -2.98335420589448885309 -3.92951663876408252563
1.43911303528165124277 -2.84925282364314558237 -3.11655376712098997061
4.15260926987335121652 0.49658564240098090892 1.77062984682643875800
-2.59663468589962143085 0.24798348309157791647 0.61959566709552493791
0.25370464324671448963 3.50326763510473693231 2.08714954324839485622
3.94098988086572443734 0.84133173212461009882 2.75280290805770544438
3.44997337675382009792 -3.34014693844119969768 -1.34495331542378648848
4.41111285319321755338 -2.92365265015781039537 -3.40434036670196560337
-3.16855966655053533643 -1.19656662424225679331 0.55783574717505413076
3.09652207889024477794 1.47659988979818024291 -4.30030546215265463417
0.16344894170581891757 3.16831675419946723338 4.49582403391009943761
-1.17473290227067206359 -0.53420424833260060637 3.77451630229974899322
-2.90888696915338895721 1.79395098098185989954 -0.69100589435755921386
-3.39848118841732915740 -2.11315992046152256734 4.48973056452605145950
-3.22108736527648353842 -3.72714020843222870738 -3.09827991660081547565
-4.47929627704248378706 4.46191860827055020167 -1.33801208811868388437
-4.27521554924061142344 -1.83023098277851836713 -1.20317553594301118736
-0.45601724077023675363 -3.09539549191747731527 0.52130905776578551070
2.23703560063256023938 -2.20068909364816889251 -0.09804390208814339758
-2.87104924985818854566 2.71730206258647211115 4.14737198794053707473
4.02234277238672799371 -2.43918058054701969439 1.58611816459377408250
-2.29111663140054044874 0.88544770030976316377 -0.11033381787334928248
-3.54762973058399788684 -4.25357578517364043336 0.44601712464330933727
-0.01411981390446026552 -3.03502049504721593820 -2.91318710908503586410
-0.67439019627839158488 0.71646028105722336932 2.97423781553861399374
-1.57073770105587584567 4.41478602246784301855 2.91265600223508425159
-2.67220107050553767891 -0.02306912756088408401 -4.00945684293974302648
3.57791740840848415672 -3.42510308400172513998 -2.87474592145327756398
2.25090540104618508366 1.63962678712645359980 -3.65256591106051065054
2.31326172349496594904 3.57330985778086240856 0.26182457450143115096
2.72470186097718691798 -1.41879475159237555815 3.95223703335174558759
4.17805203111352607692 -3.37918552141825223600 2.87624467886632029234
-2.90642317327658306070 -4.08123417891669593160 -4.00923974791201054302
3.65433132361095314167 1.76951129477367086196 3.99515064441964806718
4.14427821447020949819 2.73448659529572513094 -0.13123507033769232777
-3.72395869474792462483 1.73120032827152137145 -3.53405820405755122238
0.58816029217223952941 -1.83397127344878096977 1.27385982218725946069
-0.21305361994805505077 0.15091417786235883369 0.13114729832956673050
-3.15348691632718924893 -2.09650629547502376226 3.44822706950144475258
4.15760521058479692869 3.29513938248103155360 0.77865679145347943546
4.27293388923641526134 -2.74657610548988584398 4.46187615106568014056
0.98493640630759404786 -0.47981629796624059026 -4.33143567654271954837
-1.43726309797141871272 -1.88096905712352313600 -0.15559526395167644353
1.63173682592730973084 -2.58457173082697089228 3.27311523173804541642
2.49930457781989279198 2.42673011795677062707 0.54733026082573399407
0.93241433896966885442 2.56036577888119776247 3.28660522385890274677
-0.09756830520420223252 -1.26958849388534344982 3.21388179980569876903
3.16576611684933251212 2.27301780361689775845 -3.33468943856065980214
1.69393704681143653090 3.40954847498698843111 -2.38902080639924241368
1.59732340475970335802 -1.64009728343527072525 4.09067341031800690843
3.74938601690057371485 3.80124313513893863359 -3.91442949954077690222
-0.27256436581902576677 -1.81182630190487437005 -3.64808286894183941840
-0.21589801829761068319 2.01258601159952643656 -3.76763729685112824797
3.39615972603472915381 3.15773745255908533380 2.01795559253987644155
4.00498675680266646992 -3.81457185393879649737 4.26216888097298163274
1.72990856859393549172 3.22238211267575014318 -4.33214124782707532546
2.68145533368515565087 3.83759739661464838179 -2.42302339434739710811
-2.25358875868173846868 3.21941239819555669044 0.55190306071064920701
-2.01609238545124780373 3.40435129292177851568 1.61422512309157273336
0.72625046689181527171 1.15395818501108138321 -0.86551940625000201024
-2.75388038709504234802 2.41431444178620413510 1.40388807490461520189
1.27904642464537410262 -3.53547321945113424135 -0.35945551851345314276
0.38950034880395634218 3.09014551094143197219 -1.52986501992461132460
2.13907531703444497850 -3.58528844091300014085 -3.38299407215520853143
-4.27992372830014478069 -1.51275366762120055952 0.59552184790446371920
-4.29223315660462834131 -0.39258767317944354147 0.57298967366208053420
-2.55136177422592291819 -4.46202294372090957353 0.75863795968060010466
0.48839955573486459883 3.98370033775451215519 -0.23542329987362986543
-3.98121493864056485990 2.20458715438141439336 4.29927823516909679569
4.15079502372564324020 0.68501304719946620736 0.18417274575899700295
3.05152224998701626646 3.69436318293635945764 -0.77056202833895781623
-4.13308402156594301147 1.34822502197978710825 -1.23906786655176937018
0.79390955127613693776 2.09923702264589184807 -4.22770046560721457496
-3.59506861631544927249 0.17297308686650847420 -2.25175506098433109159
-2.84837289977076313363 0.85598591506569920995 -3.29793493280504357301
-3.67270999844509926646 -3.95488016048804214009 -0.57703837977493011024
2.01767852988090723443 1.18557103809574293507 -2.41782752195429795350
2.01866199017465586252 -1.00037467788871126118 3.23961782569437151125
-1.52930395851730427381 1.63611930265381122496 0.45646490581393184272
2.62100579388352183940 1.66658354605458924880 -1.57461062438499421745
0.64290863887403659760 -0.42539906031156782262 2.52115608101955324116
2.23471334447505665111 2.74584088846602458744 -0.78443515884649661629
0.05053381870931605846 2.95063784404124085370 0.01692605583859663199
3.05606350287812755795 -3.22938871221007817169 1.62431584690499164481
-1.02889731901871694930 -3.81664214375316257488 4.26228181990928245426
0.45063293496308531871 0.49506261396566753064 -3.35091799781250498924
-0.16635768732379130341 -4.20923643765552935037 0.24399109768363924644
-4.20871135783858729695 1.29820586361191825375 1.25312903485894011624
0.96515086203531019748 0.70454357789762145359 2.71242058816664588505
1.11363526899009901427 1.25025842479636484228 -3.35890785847289752297
-1.44283042211824730217 0.29644689133976243056 -0.63466691960015886309
-0.33893522428141587000 -2.67449122381963455553 4.47610024916536541895
-0.71331347208039819208 3.40510877493470598409 -1.88624289413677415084
3.02037250851454164291 -2.93780981373138772028 3.71370792168608598871
-0.32063423296201509771 -1.17122045228599258593 -1.94501887313923260692
-2.37370066381313593595 -1.03048157614217661404 -3.84579767955559859161
-0.66041674529959237816 0.51553639653634508733 -1.66728717466780551604
2.98031643473310126069 -1.63382853650376747012 -2.40711860771569474693
1.78684729834523192693 -0.00053765721079024331 2.39039007573542150453
-4.16349341916276749487 -2.20225085594805003453 -3.79874700311218393978
3.40583687029862236528 2.41983971919083273860 -2.26913641696313561624
2.33947521839048633296 -4.04606035240580474976 2.36581008831389016933
0.37626017478804119065 2.12854392936086167509 1.69809837579626954351
-0.26282818644151451082 -2.31919348624132881653 -0.43302349955437247075
-3.16545493022665569427 -3.66104337198673635001 -1.57809829457955741461
-0.65357785961020065102 -2.12701200508325172223 0.95136878549732539767
1.11957559395474071096 -1.09501158654774677359 -1.08944407960686184822
1.47564260217485188065 -0.41479419245284798734 0.33601383385201444298
-4.15868433507520673942 4.32814271125508920335 2.25274812052687689601
2.51896364046155518679 -4.15475703037190591260 -2.65087977236318339536
-1.88991854200119391294 0.42685385584664192749 1.61265731330097050744
1.42012025817971565544 0.09034240203903198818 -0.84211753842080039334
-3.77651359070130299145 -1.72982831807136250291 1.74191669410506033699
0.28488798858922059765 2.14002932900699160967 -1.29819504012977082752
2.60267045242873873434 -2.60007609454110921732 -4.22324152841595079622
-0.93599684679756078864 -0.48047231878776486269 -1.17598610216286791896
0.90668376731793109968 -3.22999407284553274877 1.69017307446981934760
3.50045630701761378845 4.46872748198243652240 0.10983290251070343402
-4.36568524919862532840 3.97691285626452373236 3.77544441516676787529
-1.79066340254646272356 1.41951743342000558101 -2.13108021469388031477
0.37859125220265266165 -1.76778520354413615223 -1.53023348673654568941
-3.47950036060909972946 -0.82288727224039481811 -4.25778781771571246395
1.45950289169237468201 0.20160720250264496656 -2.87367187481154529038
3.57794668327062037605 -1.00510177068064221473 -3.31757665132923351692
-0.57043141751722759025 -1.23855736779365077638 -0.43537904134736038486
1.93888435846254214567 -3.13163662521291730201 2.02391563201613156053
-1.80053355803268821944 -0.81639791566096731046 -0.29101185209097124584
-2.44060281100212606020 4.35915446524246785742 -0.49242727015916809563
2.54869575290139316337 3.32927431726786515753 -3.59359093280840724560
-3.51267656417547868841 1.94848828103512339283 2.25112643108305210404
-1.32612446875044298622 -1.43409015804274719841 -1.17731419475850218603
-2.67068162548773591070 1.27542551724829600346 3.83490603516785188987
1.96490398983672243105 2.55437661118008652039 -3.32353660542338147366
-1.39487816264237451946 -3.96807043251634983250 0.49378408366714587885
-1.46617975793011101615 -2.92651074131424238089 -0.71336914328335510049
2.85964696687051667112 3.31209748573573659058 3.83999783628518986944
0.09134500811232637574 -0.83411277558407448396 1.54234971037374801739
-1.67888282613155048750 -3.91326584795116838578 1.84588908142237784205
-1.90967334467195160030 0.26523631276848558258 -3.11950626234830075134
2.23099007800445026106 1.53163339898638906078 0.90947633014870721269
-3.86148786116363496035 4.26763853405259663276 -3.03760831827029598173
-3.16445389537907484367 0.78405036941043704246 -1.03126132642108681026
-3.57753816196033991304 -1.04988319580830413713 -1.20733541736151295254
-1.41972862808495392528 2.07178232646993887300 -3.26758492870124328533
3.97446268821140602512 -2.48562465276384969570 3.51098557788280718484
-4.15375965662964841130 -1.93017245806655868279 3.79850795122445372698
2.71034388432223405374 1.55976478758499315092 -0.37131508440410065930
-4.09557927242178987370 3.04944869636223003795 -4.18774044783498666789
2.80484751260414189034 4.44996865328944313234 0.92908667165022240653
-2.34893985739990096562 -3.11611894372996189873 2.48730967094773625092
-0.32175247629688552564 0.98002137017014767650 2.02556214616821339547
-4.24355358742583987919 2.12680470068103222303 -2.54065505381193812440
1.19698210659148163160 -1.37228719212630423385 -2.11314040110034140341
-3.57957060723519360224 -3.22207508978503698316 -4.12380227927512521546
1.83704205412154220056 -1.55603598584749036604 -3.06029109166801127628
-3.42323997842956773141 0.16787315700029203924 -0.03715153392553816047
1.15978462417101368942 -4.00252743144802547448 -3.04184315513755842986
-3.31343437179552946503 1.96995884558452516444 3.26235069311340986076
-1.91081761970819075103 0.40583099705737168961 3.80510821612501981548
4.39944597923567481956 -2.93893811757760037295 0.09298172642701452162
-3.87540416115370289774 0.14027734850242801201 3.38848104636366809217
-0.44940736771029765606 -3.81410464724799203040 3.10071314431849831550
-3.28106056223022291007 -2.43733708910670010539 2.47467427040851273290
2.40969683645135912542 -3.35997648242123414519 -1.88957600471856546065
4.17637535665045600553 -1.68217595289111265799 4.49799698558276883631
-0.60950007749428225523 -0.46797528946477839895 -3.15165806108226798088
-0.02872979758151839036 2.23921868362425779964 4.10855853702734474808
1.33635434196092095505 -4.20423947961200905610 2.47806632563681628056
-4.17568718501442770474 -2.98099213082542791042 0.95872646776779912869
-0.95207020825884258741 -3.15273867111528938167 2.02564097248416263852
1.60930131250805441567 -3.10716857857647044128 -4.18379285456928862175
0.24549901029764953364 1.07701163683055067821 3.33506422518140066558
-1.55544385243244409622 1.29996472595011436368 -0.69104669600838075638
3.26616144744051961624 1.18780505349237675006 -3.24920671010755679475
3.87786410825565486249 -1.68695260078008146820 0.00186241879021231682
4.46806627922555410493 1.20909452483576185244 -2.88388329074007465636
-2.79150186761642160604 -1.56467217543762338039 -1.66666933160501962163
3.78014131426068811237 -0.37774526862979485031 1.20173347256877782741
2.85066089743569595072 4.13225517323967306282 1.94282767149275059637
-3.46819389446927717202 -2.45758251025498264397 -3.20713368150619393404
-0.46730295965610668674 3.73195608746850115978 -0.79737133247343860987
-2.02127977712312256742 2.30737421400477149547 -4.35500609356763312974
-0.92168237342457981498 3.09528356360361645017 3.63701275503470089490
-4.52104915162559972686 -0.30011315066163390952 -2.71935862608347322933
4.32109307539894782479 1.96347381801221398945 -4.10500569267142534358
4.45211510016225542330 -2.88784338852894073568 -0.96095737748476928175
-2.36111754805571605331 -2.80191257922942593694 1.43504825810556102539
-1.79980532182921448836 2.37058351139030865085 1.92349918826601928856
1.78374924776815912963 3.98601268207748216099 1.09332446337369493250
0.58171061895792774976 -3.37839676794001242399 -3.78347742122404717691
0.87357877019511853689 -2.37639088802277331780 2.23020369044593813612
1.59505438660032261566 0.98961865362009415747 -1.37235436787004472237
-0.54370295546562363853 -3.99002778488061160544 1.16323891049748429083
3.92738916314541608443 4.48641068557889877155 -2.15629809078155920687
-0.85058802318747295246 4.10341289215792937028 0.74223293831903713880
-3.34853821958150588145 4.19346680893567747006 3.20126033965840317563
-1.19397984151661251673 -2.03511638662829064117 3.39009267385295576247
2.56354547872946980647 3.03009654498570224490 -1.86147705463922008562
-1.80944701419905573658 -0.86659907081605691559 1.42415926116583690941
-3.32640467936187089748 0.20657168949377791023 4.29162997702043913506
4.22234369310470203374 0.86888826902966176391 3.89357948305594714355
-3.24037768728131414520 1.28493663794291812508 0.24094170108220414050
0.17302890986508767668 0.20787819534125073773 1.30146817584658514022
-3.21474129801467833900 -0.53471214709934500320 1.58123671184959757596
-2.17509005255882792440 -2.18749411356908929349 3.00020847350466546288
-1.32569919395972002363 -1.20379918720951550881 -3.49664104105290363123
3.02685828984174953860 4.42604832923780033838 -3.46245771978817451497
-3.30514944623545181557 -2.48691021878299212133 0.79947821955325704124
-2.53771857439909531706 0.76806905250268897589 -2.34470137490338714770
2.16662409253560728217 3.57604733902261617828 2.64890436356771630244
-4.36339269232542736887 0.26994716371355309548 -4.38636153183283727941
-3.82343063172148678319 -4.14217709461211835986 -2.24300843462767618419
-4.16667483923177162097 4.48686488659781002042 -4.06805919983874098023
0.47321986157587137001 -0.22995255527244840010 -0.70506866433419901341
-0.69903448491637343309 4.46660800311408134888 -3.53937323103078504971
-3.66127312328917575712 2.13293688954935856117 -1.61570495180823758830
-3.04559180275119878445 4.34015591637310915729 4.24518847286622236226
-3.56988770278627054466 -0.29580847613301308741 -3.19163765898238738217
-0.36756097128999520862 2.26922281167442552174 -2.19705519657325787364
2.07893027427513743532 -3.76771580187025856290 -0.97807984837483674667
-2.48583371134320785245 -2.06247921435358927411 -2.77608928985544078927
1.30506780775626918256 1.98530824739523392708 -1.96126438387219215187
3.45973119034686238393 -4.03730392992956854670 2.15862940569023464832
2.74612962320393183546 0.24095150615239191438 -2.59811209165919176911
0.61532990680351584700 4.23152725848243971285 -1.64999821854387951348
1.96364658990609353140 4.14150362933622684380 -3.38273793820813351019
-1.74536480100836710605 -1.05198717332841962246 -2.29079998294507092282
-4.32432628775083305328 -2.29787972024138165139 2.75782915354591917634
2.93643931284613124433 -1.18162563428541078636 0.57408735205228378362
3.17897569946117020123 4.39717604034353026776 4.35161171111187439209
2.55824829403302711484 3.13536787691502194519 1.50677629950799829572
-0.73469153232553008337 -1.06985501360536616744 0.89042254272596998987
-2.40788219701556505115 -3.59126095312387905167 -0.58994851103779177848
3.73918938448116744411 2.37662830883074693844 0.99610120335827900817
0.05561497593486208757 -1.42062577919699384310 0.40719257352518756221
2.95730075551141435852 -1.43858231875744246864 -0.63145198010331471394
1.25807319259506300568 -3.12615810160248752680 -1.42439419459005600643
0.25392879799039391742 -1.49446484884439279028 -2.66196437733632773615
-1.81788057174475836675 2.22117442261595510189 3.54911975932738865680
-2.27952357029324526039 -0.80122352209684821744 3.06936826090294001546
-2.07148459061260492575 1.25475248794433102972 2.05821075064810354860
0.53411944886452289438 2.24765264593046598662 0.54101151152764170860
-4.18279252662814560182 3.48718994563766937489 -0.87300128772325891191
-1.04269624696378082618 2.42202842397412432263 -4.26889479493108403574
1.59402698565569433953 -2.68845128586709103402 0.73981618159054285400
-0.07183222918258991285 4.04676974219171992075 2.85323946073608158969
1.16300694248940583719 -0.41078381738086999775 3.49994234086869315803
3.53807445286927713113 -0.12021110816774349672 -1.80107042995625032944
1.05646769190252154402 -4.06684411701995163213 -4.16877366797477222349
-4.14652894030257535007 1.01083039174652089542 2.62758323932437409809
-2.73856013303924994418 -0.47082760864234618481 -2.70248549127238346657
1.51400230960373960443 1.94150982678523664759 -0.07053080222963892254
-4.52704140947822875063 1.86772489154110843401 3.14694710453775261527
3.69115214670379376827 -0.52167509452664972969 -0.16256529443226952480
-0.97498996972521112525 0.81581112777436892713 0.26274124838543677640
1.91352642572635112117 3.69725781852420976037 -0.86640753618760824040
1.20712900458867178344 -1.11369105105197530037 1.79020254936645617505
1.17347553859939157661 1.71876504216934922198 1.28530000316486958667
1.48947070292662786528 2.58296186224583212976 0.94653341403867408133
1.39152426850963895077 -4.50410160332325570920 -0.72016359779725469537
-1.50547260932518778276 -3.30285760294478381027 3.04433830687070638987
0.66964970377341970220 -2.35758974008194854832 3.42442132686327393998
-2.99233966082653157770 3.04520259142928928497 -3.28535748016684925332
-2.47297680215800763648 -2.82179521884136530474 -2.03338513738825055199
-3.30276777837508905833 2.92906642175836307018 -0.42814780206494695847
-2.11657806873555687233 2.49491722974752594411 -0.86917873034297743473
0.53924341221436300486 -2.52540470668452243785 0.33737570811527728409
0.48320845343886986711 3.26982930919055370111 1.01739377037633804690
3.36872542500077543082 -0.99030341953204903405 2.94325543681385060069
-0.15607230027131091532 4.47279148675596172069 -4.53581614769768481921
-2.30550431272131417515 4.36126306462936863539 -1.94403659151071916966
4.00433876976755964705 3.46860877809566137131 -1.99748261317004072168
2.19002415663277449909 -0.70265774557713633897 -1.34188313001191605878
1.77897769641428382670 -4.06542984043034394404 0.26028366988510942548
-2.76684176154676997328 -4.30780097618523161174 2.39334698336880080660
-0.82890689127261341085 3.08195668630096886176 -3.42635463361986447595
2.53765040513791628740 2.04991787278822545915 4.12660298057854202369
-3.72680114279873953009 -1.94878918433320613701 -0.30656700235566258783
-4.46699685271343049919 -3.98873826810744747107 0.46675023441760554732
-0.59345507490831561626 -4.10872579343954402731 -1.68548537699353095931
-0.32891282685260225804 1.42562340284646005273 -2.97774478120649144230
3.34098027810005060445 -3.49903736007035348621 0.53371845975529730310
0.34825557197341971971 -4.02073211777910444198 -0.94081808466835115112
-2.74465658115237509662 -1.49567869975146328088 1.95844176263135416605
-0.48856607845564337111 2.63192560709941236752 1.72653703582412010320
-3.98914092468464343000 3.59897473766644804272 0.92696477801985910361
-4.41725645506065855983 -0.20859902890420745081 -0.45623529625259262588
3.33268946217896289141 0.18927148231674806311 4.17344587488447782420
3.10479077164999139882 -2.55589396180149641680 -1.88435871134132160165
-3.22473155879573392113 -3.81962917543620061878 1.42625462176064399245
2.83272552562238644214 -3.79276062871540986521 -4.27105861585307167161
2.54672336517054453964 4.37286566073906168839 3.15496461819173035224
-2.67987603024463716395 -1.40527597631836753678 -0.69178299389150055276
3.52574978595505239554 -2.21717164691449841740 -3.67465638455811571816
3.16888999271258509083 2.73937104761398675379 -4.24667214523301961293
-1.00975791787882451800 -2.32917561088227831334 -1.59790429131303657329
2.76993701278466541993 1.48282376476755661798 2.96987602161676100820
2.10505978601498444647 -0.41646654696047313848 4.18418709119161658094
-0.14416019834775717356 2.47733833081315690805 2.74401887609957206848
4.10480627333846026517 -0.54637941021463998226 3.83116559914691645616
-1.48738443496233063712 -2.44427701011108178264 2.33278385424975898133
-3.95041236963264408288 3.25500773196214066019 -2.70874590344383570084
0.62396013904316394161 3.56794848226985283901 -2.53444672904249257428
2.72142498940397015161 -1.21833998027612100401 1.75251039318333656780
-2.59031100358995614030 -2.17853217122145181861 0.12631524526187565272
-4.02521577850018896783 -3.39437104794351318660 4.13106388081040254434
-0.10378740475644132601 -0.07404774727847751592 3.49868927601166657126
4.39416259471780445978 -3.51348551076118242875 -1.85697132337209591668
1.20431861588908173388 3.16966468242028387436 -0.01773442792701551696
0.45288355419925352408 -3.26160574971905647956 4.11547161676559714039
4.51623699865140704190 0.53402221748131406542 -2.06036597083668482355
0.52190605978660276065 -0.37907340639258535475 -2.66155871328221227401
3.75920009877492145023 1.74158651695474642196 -1.08473586030130020319
-4.11623872350596720082 -4.17681547250817430950 3.12692119107414523427
-0.68821530858647150808 4.23171701986221915348 3.71863988305910364573
1.86738483304731150980 0.70303232539460225325 3.68904103914499525985
-1.63936457463035534232 1.21144370650727584149 -4.48768782811650890352
1.17099629870349097871 3.75227539591370895522 2.97022434433478732529
3.58850777790884389873 3.15333484649965889446 -3.09543029163187499719
-1.91579868280570586592 -2.11382233122688578675 -3.67674116820243623849
-1.99357485054014293979 -1.70530089999379930177 0.81057291457421243308
0.27498265221232731648 -4.37037228759963447544 1.84971104297440547271
2.85117203419920084428 0.44802131332830352761 -0.89399371716808317956
-1.91399783792116640058 0.07368496769875232388 -1.94235985605694105871
-3.62520516295977612842 -2.75825548498647155071 -1.19550677244184555548
-0.86495941863908232250 -1.51414324247470677420 1.75689409059877110764
4.08775741539383030698 1.63067083819696367897 2.02580675242900642985
-0.65505307557211134295 -3.79965813676208075123 -2.80243099028227637959
3.01552739173527672989 -2.79270132731446318886 2.64037595216663678599
0.74903373554082097741 -2.56991134661728848343 -0.74596885773522192409
4.49933017990237527073 4.00274730437877135358 0.13591657589241989967
-0.96146315975240970175 2.67077426619324409529 -1.04126682765691036536
3.84665924080478394131 -1.22025414943047838534 -1.34853795535653997462
-1.44041861206043275700 3.17847097949059609334 -0.14580012916845852544
0.91239636910956800619 -1.31074595026886520088 -3.40684437416769547724
0.78894712920680287738 3.18580366709499074318 -3.67823525788275595971
-0.20945926397731007285 4.36145605150852322396 -2.57528622320817879299
-1.58332245929477988255 1.30347697869766410150 3.24257940288918344862
-0.31481174920972865294 -0.66833187498531110293 -4.35378285147150112522
0.11162854519159193245 1.03440275774725698454 0.49833053565163965004
0.71844273635690747426 4.34059467818888133905 1.01641924878822376144
3.86857830793250290213 3.07166066766994827475 3.74028418561416042820
3.19428351073143712568 1.04750493908346609118 0.75182774852701506063
-2.46303815888759336517 2.05016079819124641404 2.76418339708981619651
-3.86928881571620886248 1.19413199877530740167 3.66346434691782274484
-0.25493764718295164329 -3.12754384212164415757 -1.42816848140147634183
-0.52114636859995755458 0.91155656980458665828 -0.78051609366916263610
2.55768078306668744659 0.10118358985667708083 -4.05371855041114503848
0.77625319887093269244 -4.20407672084118111400 3.90947703910002086758


