488
-1.35545787057233635409 -2.34489989375726937126 -1.55643478496567455593
-3.56825645085751919083 3.09997181925440834505 0.40921488638878855681
1.84470456673208094145 -1.76708478249932987580 -1.16745596478039725952
2.36348302516491326486 -4.49379979407050722529 -2.40220020958802926714
-0.94602629963985140904 -3.43992567456888043154 4.07474712525436277843
-4.42901935966966942004 -3.02198069758620446734 -4.07358570418884013975
3.59435106066883935938 2.39055668185550729277 4.19960631103534165476
1.66693087695938757520 -4.37666678883717796822 -3.32923119271328626922
4.17446942206047832968 2.69008726556408639397 -0.70665024440331158928
-2.39690237258049698710 1.26244445248208769783 3.10496800185767352076
-2.15734098813632702019 4.04052316593846239101 2.39908651101458225696
-2.85868534718258526794 1.47219014045118790079 -2.41730450479933756114
2.19571426294545357649 -0.24109180555942710811 -1.21939498435077187111
-2.53147220483679102898 2.59435262630760998803 0.17161828550846269792
0.10916897076436793412 -1.36052578684807912168 -0.42438403797921875338
-4.19486996906018561049 2.47520407524463070814 -1.72445940340011283354
0.97415359307272630929 0.68271625541575176044 1.43033725527548050138
-3.85934458305933247857 -0.65843877205619261161 2.56881099520280109516
-1.47625992584457677026 -3.91752558389659188975 -1.09073131270788348246
1.55294385905983300944 0.10700394498834064905 -3.00637650007755885539
3.07244260214876963033 -2.71272806068621230580 0.93435783092932211957
-0.07373667278216089471 2.59532712604795623434 -2.44412797494961964162
-0.26191437401497630333 3.75887662832035562843 -1.03421158005194158136
-2.45349936349766561960 2.51327462634819109866 2.06791947632802841639
0.04715974117394505782 0.63037369731363046554 4.17274776020237947449
0.86317726552149043329 -0.24639411627079521594 -1.33336742684312747897
-4.52310721647144919899 -0.33098621250867932275 -2.30564913256955072995
3.50021950471780041170 -1.52477179653012928640 -1.83389119644709808199
-0.92332463618869997646 -0.86967049077072289265 4.30951668327463277564
-4.22384716560037176691 -3.76314102346584800074 -1.84456602201365793547
-2.29753170631359937559 3.94906647116426778865 -4.51752355927153015358
-3.00289604075205662781 -3.95838104184000449948 -2.15696969288331041881
2.12819172983243998232 -0.14480442252032954542 -4.21542612431346519486
2.10205403534136969768 -0.47054764050156450139 -2.22624536974946973800
0.21958649628828208478 -3.66554836576728693132 -2.48519030583730105022
2.34006930374605648382 3.61494688784997730835 -2.95254193248905805191
2.45423936838264200588 0.70089842008592473377 -0.71276136718617966181
-0.93625821792153507417 3.05723153143998782610 -2.60295444946941945119
4.49851131793835623540 4.22498693478378672950 3.61590478252278746396
0.53094002769736903247 3.46854838128930875740 2.89519241431422624800
-3.43292828544691586146 2.77728453788593832030 -0.94640055678407897233
3.68802621888829751384 3.36561559802439091982 -1.46579976692566216201
-0.76149852372047055482 -0.01749154896158700012 -2.10939959479662553221
-2.87398826596994805271 3.31017499638593815092 2.85654713629680667708
-0.66723009285140033597 1.39342008043201204259 2.18019516606331453801
-1.59709144637096001063 -0.06846707123228856773 -3.94542045664776575009
-4.41343858641142539057 2.98939454512412261522 1.01049225999748326643
2.64383830858901536232 -0.81201957100642196963 4.26746464287505933299
-3.88172357748188057158 2.16659470965740386106 0.63665893441711141065
2.82826663114275067556 -1.12655706634325980531 -1.12641121674184629953
0.23499192574081018137 2.62383605346351256316 -1.34397713659949902265
1.41146566264379824673 -4.39972528712852373189 2.76776530316379432151
4.41499155656464292719 1.74865597096559799439 3.35574253580077286330
-3.36672022711836715914 -3.43687890297871057044 0.04583119030336391120
-3.48987206564543317455 -1.43236835299541986899 3.45326526197709959831
2.18886191598473089925 4.05060676314672019060 3.77562971040061601258
-3.56640931218343482101 -3.01189542179641200903 -2.67689778985884219153
-1.86054200085995624647 -1.48476956070566279422 -1.23498731056660826511
-2.85704587688767253084 -1.26741721453847544510 -0.39494513491585614418
-1.53516287271002038750 1.70873678316495336560 -3.41051492794335242564
-2.98389274661085224238 4.32593937352378166139 0.38409942622206205698
-3.70887112695539977736 3.96358197113870946993 -4.38825353318328659213
-3.25861946668500923607 1.73030814951428268955 2.47876189554896253497
3.89963549740518278242 -4.34460495555756409658 0.45294370030657127302
2.26505818967031746780 0.99728457506426781976 -3.24811610411947127020
1.96073642095328448676 3.98298111573280610997 0.95926106499280638928
-0.63141480730500854079 2.19724680155578333540 -3.57588212012787343141
1.24247878737162409379 0.37830582009433744162 -4.44795167018059878217
-4.16758688669816823591 3.60069119032404660885 -3.19650998536519992399
-2.48956126307715663870 -1.30133299440284622150 2.36962621835436149098
-3.02903392115144276531 3.49186467111817844255 -0.35421598016286726107
0.97406744452103932730 -1.96381866763856471891 -3.43693954558578873559
-3.48563885294928965664 1.09806914690678159019 3.71769165734188700156
-3.81316387237703136037 1.24212809987061501005 -4.17479125266186645860
-3.26023671327372221995 -1.83326302318428524529 0.79953205239760105627
-2.79478391607962750598 -2.22383198463136411149 3.11450859059751206104
-2.89948350382225239485 -0.71480895912701125638 -2.98529871295891346961
-1.07507488635888304174 -2.15103549489294021413 0.42679505250674321104
-0.69993772536395937323 -0.45777209323209078207 1.46882436882277911394
-0.83892806739257919091 -3.92970132920954595690 1.63063696447880612794
-1.15677603974951903609 2.06081128952723346970 -2.43740790712026322851
-2.06306405269640347200 2.75402813221844144920 -2.03231825933249687921
-3.05587377477281485483 4.41992030486884157625 -3.53901437360559878442
-2.74040326750952267787 -2.21308976876576402049 -0.83076059086085685124
-2.28682682358547895163 0.48902343099226541767 4.36650556360548147694
1.60364528713552356720 1.84608462999478284416 -0.17856888338583409848
-3.20199086367437946166 1.00545382452605469581 -0.73766515216073624828
4.45851015176544773766 0.94187452824956174879 -2.96429892237413916689
0.75325961765646365365 -0.79948093303179401659 1.19370185724673749661
3.23288996915662529830 2.67528145839204434253 1.41855784072391699624
1.79985332464736824676 3.66091553817291082140 -1.05189047463556084594
3.48120082390123020133 -4.19381316095818501566 -1.67786523933391418240
-2.72820464054100941809 1.47273269506045867416 4.38246364045793779241
-4.36913382541329120556 -1.62859164756082641645 -1.83581464529979410116
-0.97698647025943241573 0.50572099441933993091 4.40776164057292785259
-4.49802311771936125240 -1.46216482365077871108 3.64342265813981480704
0.34260553351927125476 -3.92694252516009889575 0.18956264317139392972
-3.70965295568777042590 0.33907091817021761671 2.85518071277624851945
3.67577237565048786649 -1.39130238739119604929 -0.81994077759818617679
-3.59774884866101407610 2.34147971435075774593 -3.93076422181396978317
2.86427448241719417865 -2.83239246763812424490 -2.60943473393918923264
-3.89404618660886026049 2.13310673949900841961 4.16011466388057282728
-1.39329003611412982622 -3.78171140951044915113 3.02964851052172257084
-2.16927674767094114117 2.40150124592901814680 3.34122443932144808088
-2.71304891230400269109 3.20144099129888815014 -3.97795119416193809769
1.35466092435018214957 -1.78343378175197564417 0.73293554914816461121
3.80933659434121363319 1.92354817446517145640 -2.78332344988787339091
1.40850484882150883692 1.40512204492687331481 -2.81835966693662332005
-2.36349579581181190591 -1.05852682272009612774 3.37421064458068808989
-1.57236447781332255857 3.18278156763268960106 4.09202597073306062470
2.18432864172148466508 -1.51741835421751325441 3.36708812446328842327
-3.41912287816493298820 1.03253243847849951464 1.76001953799416543944
-2.73621189142953724627 -0.37670698039852457129 -0.98140545901149955910
-3.94225434118474193923 -0.88762610576627576364 -3.68300248374275174257
2.58647975109153183126 1.00380330531442307773 0.16119145690207759003
4.29360327433414834530 -0.59835862000082284951 -4.40656002905385246748
0.44047733147351397776 -1.03666345861909148240 -3.20990683337061666336
2.59835041818094136801 -3.74441213545391082818 -3.19144037724757856367
1.01657117258212092992 2.48887334519937830635 3.67953595460736426759
1.73523194064236552236 -4.01096944543894462498 3.72487516382062100462
1.32232538796865473074 -2.77756644976912170364 -4.19806770487354263821
-1.42308736829629367548 2.30514562423168722916 2.60888291889623591402
3.16045609520404546799 -0.04259579391597156928 1.26885820188456133195
-1.56385083602406105285 -0.57721913238040611915 2.97112395497522463472
0.71645170174725691936 -0.16311370372522304706 -3.60078511934297784691
-3.49343498917747519172 4.10296103902585240775 -2.44716029092874354234
-1.78909457006411809488 1.51638236472804610599 2.02698498213585320826
-1.53657862651590315650 -3.91886427900575107230 -0.00018299633120655301
0.12918959170543953263 2.67835909151629891767 0.38495459456477210125
-2.35405000518926499353 -3.16375707641519454683 -4.13371108273136833589
-3.31144094765571006533 0.28362469940143686387 -3.42164010440188315343
-2.85918678562844252866 -4.11238928409470361203 -4.53468112693726332907
-2.28568011383630098621 -3.12299472241774722647 3.59547450235841825616
2.09667192435622062874 2.31537361249696527210 -3.12871133541277890444
1.72820796674587295882 -2.66363753663228930435 -2.85877163439143711088
-3.24517291476358193947 0.46121538509298343200 -4.36327469423400859938
-3.65049447385032488356 0.10651977552291835849 1.49968062279994196473
-2.60814011876767004594 -1.70606812824238840420 -3.51678464849299965422
2.92601509648170132749 -4.52707666840926137297 -0.79557877412117106175
1.16844167204661530945 -2.01249221135726186205 2.80623609145339258930
2.55184492823852693277 -2.80926286482956655277 -4.11275078602907662173
1.38995258070262384109 1.70837085348358197479 -1.64144838812280147167
-1.96748988583607919978 0.81157104116074574307 -2.61713896454309713491
-1.05572997984555216888 0.29270292318105539664 3.29997201009412766126
-1.92217996806696378442 4.51021346700387137929 -2.35868426442152090416
-0.86667763092176341999 2.94750350685691042685 -0.85407488628702221689
0.98709655705093624078 -3.30063430631168053253 3.10572978463112381320
1.49830462702152278354 1.29851082002842499463 4.19725183620067721080
3.40391596892540615471 3.98860644924783347420 -2.60338399640418627357
-2.27951742187400707707 -1.92109966143937516136 1.58544236141495265002
0.34293360316712195868 -0.12553913845791520032 2.99238967863746907483
-1.22299697127318651724 -1.80230914192879065894 1.34887473311242711560
3.54338425913614241125 4.09944337334668329476 4.02912666639757777176
-4.01543199641216830287 3.26017783880687073150 2.38415810036975539532
-0.61094242181557234517 1.90276264741081657661 -1.57464579622307088158
-1.11527775961805764027 -2.60892556380276596784 -4.34775235958977113171
-0.42034971461188330721 -4.42416096044594997494 0.64187326355004703515
-1.35342861374511880257 -2.08815682785730283300 -3.42914022257419981443
0.27346120807860074819 1.49306570667409221898 2.16233522697798452583
-0.02093249547443409853 0.49709196045711045997 1.86523661355381786819
3.52036876836464696083 -1.34480169403023275265 4.52216621642591487529
-4.10225475355083180062 4.25469519210251245767 1.29527718670645608512
2.56081776995671184238 -3.86792320509570863862 0.09999282077579962902
-0.63718775077898204273 2.12502399257740925975 1.42484197342996488089
-2.11498841939725412686 1.62747556494602374499 -0.08217874213773512793
1.17755401916731106127 0.91745808511873860880 2.45335334065606236464
-0.05540138580780595845 2.61076742273869388811 4.34505526575627687436
-3.31246694799406515841 -3.46267879334240147315 -3.64429074108608297422
-0.17157762337657533891 -4.14465847068503823181 4.18539315344198659119
3.70235950284581516456 0.22459267078606970358 -2.49136571983860433122
0.74153232316738915131 -3.61519588743209308035 4.25211031843257014629
-3.68111585284173337129 -3.74176690212608642483 1.52952159570077839135
3.72258072920857951971 -2.99300247853490652972 -2.10899768106919216493
-4.43297140534635136788 1.61634094504256164981 -0.83701990102755630119
-2.81531244172353511956 2.83117097664164507620 3.95061671378655443476
-3.24240221309763132496 3.85437921465831134782 2.06510331004435432334
1.83331848716341916372 -4.41626765269242405054 -1.47977539780247013823
0.85474922523396479335 -4.46688320151184381501 -2.65222124659725722040
2.76460494618648233711 -3.57005337267449895933 -1.14540869041001602824
-0.10265967775424922337 -3.00779821951870873775 4.34509204665937698309
2.54645836161921668150 2.18468009965835552322 0.16707339280712041329
-1.93200030667087618852 2.67675996778537506060 -3.16853322923130376054
1.38066894483699353913 3.42939940995584358063 4.16386814076324807132
-1.89824639377616444236 -1.03764905881357272222 -3.31887904929288968248
-3.98953947942565223528 -2.81869678549516677890 0.98975552223517748729
-2.03183370776364702337 2.62377032622602168743 -1.02722945847654933971
1.90085476895461447100 -2.96976231580702609847 4.02916633162829196380
-3.81528785213311927293 1.43373051848213339809 -1.87714306234420336139
-3.82848092539686035707 -1.71096182267158036794 2.04671890657521338142
4.48682622211265336176 1.06631167235472723576 1.31588233640894625154
1.84803237514504825612 -3.70254210555836138496 -4.20577412327357169630
0.44487753068211688401 -2.38084515159197263046 0.11853537582470519141
0.66266464697480209622 4.21984627183216343127 -0.43432191564419309060
1.03133498772633469542 2.60053138046972609487 -2.12697875521169743607
4.40261668306277531570 2.11614070026841716299 1.89801866837195998272
1.37617228421161907903 -0.96309816520920854543 -0.00196015388107717570
-1.33952873620143009248 -0.91915498719099275604 -2.18221725165618218867
3.32397120208719609735 -1.50560896003754418615 -3.59368498857854756778
-2.27231038751598823922 4.46310198567867910668 -0.31775675674270420501
-4.45360730920116143494 -3.03148817944204118646 1.98642557863736790580
2.80636163998117904583 -4.09734819560227236934 4.01707276879211772069
-2.06690336858115930596 -1.79772510256249251626 0.11736809948567916706
2.47546730339076948013 -3.70715065379945674096 2.86800187036975540167
1.31176525223438833478 -0.64925484524553400689 3.02536406438988780820
-2.28941549928489473942 -1.43178682242149424297 -2.17972304642460690260
4.23151195591958551034 -1.19537999765575175815 -3.05892036149493540265
1.39804091186715240269 -3.04940527122027571494 -0.05313222677807427630
-1.50674563755389812059 -1.14825703178461413501 2.10443674107093503522
1.28114689451540630927 -3.52001993935119905643 -2.30517289179221940287
1.64252838004765511215 -1.30976631790038489100 1.95645331330631044864
0.60338123590000769525 -3.64873352878050694059 -1.32071700887230525367
4.47436841619956648941 -1.61753638584777847953 -3.99509519261147616476
2.48181360588257771127 0.76501399257931002040 1.29522699142534580830
-2.50067872663680512701 -3.67142138956744501499 -3.13145980577337068596
4.48595527703075003245 2.83170052668173966026 -2.70246033270819774330
2.26492113947619433389 3.08025993969710221165 1.76872464620107106015
-4.00632235443831685728 1.78326477785066117576 -3.00232641145291534457
-2.99512979601988327261 -1.10434199333688809475 4.31945808582959589472
1.04849395558429936415 1.83874873474187072731 1.27837980234802728319
3.73859665543810582022 2.46900040114412444581 2.93342415710884285573
0.08333340412935896779 -2.22407862913146647799 -4.08452688862512047763
0.53888484230073085968 0.27180881568996095865 0.57987572344254001422
1.34088822315525924012 -3.89556493134205394924 0.48746693588534029118
-2.48342371816164453335 -2.66592557176830169396 -3.03800084391138947026
3.22749979530317609999 0.16152745665406609277 -4.40974437248410033874
-0.11078711480531211464 -1.94990953657029741919 3.40133187956679439168
-1.38318709076858237239 -0.77462123621189116207 0.76611313981299922204
-1.33046329497069937275 -3.15851922756665404179 1.23573168821109913296
-3.12247577236251094845 0.93969659707244357350 0.57533035387981001918
-0.44316618374634941802 0.94983413444158859562 0.95676973255194042167
4.20179936025527478449 -2.63547876353230803304 3.76883661362402389017
0.10530529609436900529 -3.72049100447397140812 3.32860664109873827243
-0.40634904603228605424 3.08073157671856012740 3.41229426354650122732
1.68341592842866205615 0.01657977735708637823 0.84800462492308437135
-3.77969060133374812338 -4.30260698607591596243 3.85806468653864431673
-1.35191954208677156402 0.03859009602773433301 -0.96916804344957840911
4.18047037198958815196 4.02928387674880550406 2.54450535750465700602
3.34572532072912931511 1.56980474337296893594 1.63674503099857204802
-1.35647888168259989072 3.56160402259153396898 2.86462791553915163689
2.44252659648419356841 -0.53337310709774410356 3.11324815719247904866
1.30569287278057810653 2.52476626591366493102 -1.06934711735275156386
1.68155596313104904738 3.74584677777451613423 -3.92364224743709089083
1.55425210948245062781 0.59029161599138646466 -1.38752157992107116868
-2.56243176396163985231 -3.28203237744967735168 1.17098674657895518436
3.92090892907927734967 0.94091193978001985698 4.47938876561013810118
2.16655760619114889920 2.57754847955989330188 3.58665011595002614087
-1.46746878143884051937 3.83314722989361644778 -1.53128943352779689491
-0.82442096782926466148 -4.25645016496746286805 -4.07097078442759663375
2.50778560767187297387 2.69101248815241245183 -3.93299892214817248259
-1.74600658472022640666 -1.66289649076576706577 3.75171213375102130527
1.05998787045958220432 0.31813435373749143764 3.51521135810698392987
0.75312566126222701968 -4.35892654121620370944 -3.88543265659799619272
4.33206379964601051569 -4.09490511643212062864 1.70634157681778741988
2.84341869042868999884 3.08031231463828358841 -0.61865553998206523900
-0.01046063837866295643 -3.51505018029263771595 -3.94018749730217932026
-2.10717485114909797161 0.52611812644794042626 1.53229806882636854226
-0.19365449242785892636 -1.56791440329679199195 0.88306060931706564787
2.82622676787661131215 0.68597586106877272982 3.86787741089529024663
-0.85112699625503118739 0.14159961276968235921 0.49334871229368726375
-0.49302746320204615671 -3.33394571414391061026 0.55767253095181867906
0.25357245210150836101 -4.30877270179486693280 1.48494652051982356511
2.28668389935332516671 2.27029673146113619708 1.21174282868480887032
2.98623765574931621103 1.87594171893316818966 -3.37563880512626512953
3.67385759606157602519 -3.88105181069009708139 -2.79671414747479740726
0.99750573895931093915 -2.45341850856441689999 -1.80317516985574632926
-3.58872953974157038459 -2.21049943427964423748 -3.72579638657183975781
2.44729142472474947567 1.82293195552919318203 -2.18740343534551318072
1.77714074268284338842 3.07230974728698669196 2.74539582439321705465
3.40559189473823398231 0.34454078411829769379 2.72692602547618712094
3.73907862605216489982 2.68142341914380910595 -3.70284844287617209702
2.64187516883815209923 1.22451621211865013805 -4.14156410221461346310
-1.74809198226363537998 -1.25561124683352565157 -4.29964885981188960073
-1.90168513410098150018 1.58586261755795376871 -1.40478650405994454076
3.46285658827951703387 0.84591339774179452604 -3.32953588461687788325
3.39322403121216265021 -2.21218317846600109888 -0.09833515948960069863
-4.36295675679265571034 -3.52211237774075813789 3.55139905641889885857
0.05672789435917025003 -0.95578031534547225334 2.08368002303320754010
4.04959028927722908264 -3.43283373184150697455 -1.25150562538493881348
2.45664929850981206272 -2.09393743016048272665 1.50853750663056462855
3.49485400687244140983 -0.52827593889578317032 -3.55179548433001901486
0.03926590625434478454 -1.27791134557022001417 4.53372091446807612414
-1.50116730866215686291 1.40887688808077715663 0.75238466796277236881
2.97961554774459980166 -2.75085426038023506123 3.98816801477085203231
-1.54467657383515621916 1.32379908676664825862 4.25799330300175338238
2.87776253163141948477 1.66463069830346643840 3.45552559042890905516
-4.34968829408680068838 -4.09282282739001601612 -3.89053282396601618487
3.52659700238456164101 -4.31704082643334707825 3.10895284995154330687
2.84351545696000851393 3.37345310931642927699 2.72173970278168741999
-4.09326342370146800675 -2.20645044136335677365 2.95561828684556449076
4.02972176692625883021 0.52304322114182255632 1.99520053670131591872
-2.88950919307629305877 3.49747485532924162754 -1.81365843919798130912
-2.45615220569365977354 -2.59688428730568743319 -1.80909344510722380761
0.25252846805291273569 1.82208153608727041473 -3.16560163147133888373
0.11222997329927864030 2.18542874543138498922 3.26641504416421835089
1.78272122177994862824 2.98201897232192170151 -0.23776608854206937593
2.55561397378454557838 -2.48557191421185574853 -1.69701679195380306098
2.83582251961285614072 -4.27748227188391094700 1.08077789639951316047
-2.70151398543523679763 -0.75547532152468743760 1.44239915746887970016
0.71331251687813868045 -1.23763574153296307401 3.65653158066900108025
4.16719137857293997484 -0.42339590551658545792 -1.02908492374350091225
-3.31278755093857713021 -3.19566267541755966164 -1.26700171794967175742
-1.13948105207366179314 2.27448757455013872431 3.67593986386934457045
-3.92679102522255130125 -0.51465618786019806663 4.08426570354588935885
0.97224617355901532534 -0.24318747387022732198 2.05636454720907124738
4.03651813672520720644 -1.01102036986956633768 1.99666493278669054945
4.50713567400408177122 -1.89426966565387555619 0.17941893475488246423
-0.78776433847957116896 -1.14581820713267568124 -3.79251629456928984752
4.05914342235906833167 3.20707100111460974290 1.80427761204414860430
3.71465347554105473904 -2.46535569599093973281 -4.25370191302284528234
-2.56113277597326982615 -0.22255402631919185552 -2.08780117507343065952
2.26792304923899923352 -2.59254794841384583748 3.01814209275825362511
1.58232144523490880772 3.79168250452815680518 -2.20572443050086741678
-2.77677869334257865219 -4.17094256998606116582 -1.18166887654454599854
-1.14784258877846045976 -2.60376871899327744231 3.29491847123491510274
-1.57415658292598426016 3.77227889361962542836 -3.75059293023634010567
3.73096986899603333399 -0.82263926709164536533 0.08175028240336690288
-0.14433641497381710650 3.72281919586064358185 4.45642126127740834107
-4.33721439842631806272 -3.61614913167678997397 0.49708538586270289983
-0.96718929151674792877 0.51187028206546258957 -3.40704592301227071616
-3.29313459203858105440 -2.72970206371051515859 2.14580725571152530762
-4.28019417220496922738 0.35742020851491140832 -3.84485117417061328382
-3.17267785045745176475 2.79758766392959845604 -2.88123920194735472222
-4.53707715510448217344 3.08752542943962726696 -4.33129799102730217442
3.35403986707853096760 -2.64186696027238143714 2.24451159894118923432
-1.73861603587243340741 -3.91882194627922730845 -4.21091793378380252477
2.72549875302713839886 3.68667982518548686954 -1.75636967327533222161
-0.55745220109296766964 -4.03105323318350805550 -1.77571458541900550898
-0.65908133204238250613 4.00317591348162071796 -2.06262563619159600137
3.64195162839437092117 1.38527616838826439505 2.58180163299352738449
1.87459715523814995919 4.46630728198083115643 -0.33201240361345529806
-2.61270597986117980582 1.84523004594376605070 -3.50701685840247190384
-0.38172949380573939493 -2.74760443902119488868 1.41638226483294626945
-0.29468686469347193935 -0.22583192573314558871 -4.02621787920645424208
-0.05695360781305058850 -2.47756168174795154968 -1.95052910036380700021
2.43933341835059458447 -1.48045349948604387791 -2.46794631938537634142
-3.43887571899457356039 2.28619443413445022628 1.72319670702302385479
-0.23542905945424497105 -1.84430444348440580882 -3.12126618711623349256
0.84708111525765339422 4.36783996115857586773 3.77401930373725935652
1.31631699749185049342 1.22378749085526461471 -3.85687147075550873510
-3.61370127040628563719 0.38633313136179214808 -1.97596929987397906814
-3.89999205616056743295 0.00956438820782512522 -0.89872477910434511728
-4.49370736368972512054 0.30369914348162296847 3.63263618246246888788
-1.32326510653432993792 4.34588577299915979069 1.10683111189192828760
0.12693300203938306936 0.54439826159530202432 -1.81874858106740866504
3.37515255444135053864 0.28569323924756861999 0.08399296651133436598
-2.87046384696026368744 -0.19174574031900437632 3.85885073283732094040
4.01699687540895222782 -4.04218391078398742167 4.24530598642138290444
-4.37641025178524412098 -4.20132526690228846888 2.75455384880266151981
-2.55286120811414285470 3.66042297540631711428 -3.02216923528899483742
1.59932312598153902883 -0.95919610466145410754 -3.27067121692341222783
-1.73806817682264647118 2.39363011585944995829 1.18430538684149588846
-3.64347185520375349554 -0.59828777451233072782 -1.58462162374705384238
-1.47547719511738240072 3.41972666268321834337 1.88114057369927234475
-1.84335990053589515725 -2.91641608178087308190 0.23592217947546778589
1.58610766435984107403 1.67217024812875347806 3.22009827449214114381
-0.54032182852061261258 -2.84401344953629386936 -3.00280842580441431622
-1.44422709654646785893 4.12578989079706470733 -0.63196311052897558014
0.40809600220203190446 1.60734988451923666020 -1.90956424107343458729
-0.20791006761402375247 4.53152657065717345830 -3.32657944691826967798
-3.47975335196494262036 -1.74869305009386089012 -2.71137380385980364395
2.30094613269020076274 -1.74190189114820004335 -0.20941376706151082487
3.72256433080993698326 -1.89720463601753319693 1.49396239768144045712
-0.28213987510501503664 -1.03163440022593144718 -2.40486318480901628547
-0.31767808417085507955 -0.68343191970860006634 0.30000676056007069548
-4.21831699702997475754 -1.12324170452369287432 1.18802765957841938160
0.75179752009125611067 -2.34302767092388952719 4.04684787939916557065
-2.48526199812198100858 -3.57222056199141135835 -0.25586245836262566655
0.03107601244481017488 0.89393687364594054401 3.18602205103538782538
-0.63077474540365940925 -1.50904013005690940119 -1.55374996756178429536
4.41917879571882021850 0.74030121372516433098 -1.39312269782861708478
-3.79207421771769581653 -1.83997874031686148300 4.38890797074117866572
-0.52576592146680312112 -0.81533696654186371688 3.13514210665177817106
-0.45619124136325073238 -3.24153427731967846981 -0.72815831102040817768
0.42511379263534365691 3.82643161982203938720 -1.86566526229908014045
1.05473496475842498654 3.30484691446633416234 1.15958425127977182711
2.62011546773611581074 -0.12519419253331776076 -3.12016140505644434811
2.18198786044525316896 -0.95405061493000653527 0.99485562627628176813
0.52836151365045758155 -3.23380164984765983149 0.92493564753311208193
1.97963384576780843105 3.98166337979906881372 2.19580733273505845915
-1.06969355756287498593 -1.17102155790853013073 -0.71624297618820076394
4.20606194819352463554 1.73546193048356389710 -1.83086846472343411918
-1.39847547464683819030 2.31412439830619387493 0.16539420761856771236
-4.03874676463707871221 -2.89248699293632016705 -0.51443118867080883660
-1.92864814146033136666 -2.19732218636991705196 2.60987517778209809904
-0.51307466816576674518 4.03832036006432826269 3.17272386421021490577
-2.40418293998110454979 -3.88256057820847955142 2.68201086439351588098
0.98323151917985018855 2.55859380677923109459 2.43678127551783063609
-1.59614917706536019182 -2.48720104952316534153 -2.51739917086995168560
-3.89247672795757670983 -1.18902543953451189651 -0.71625471479058955282
1.80877918025144435177 2.02686589844903242152 -4.13850641286061105006
-1.15680646987833490869 -2.20549359724524363102 -0.58809045609090793150
-2.73349352269818046679 4.30162633344305955774 3.55885338006826312807
0.14645151619183849334 3.24254051384290509219 -3.49200821363244484630
-2.56447742486574581378 -0.41820947648930761886 -3.94768925597345532452
3.65062668780347099329 -3.03791818226571841421 -3.35622381027711069734
-2.92079204405917680631 3.07323232671363921753 1.29905195033210763000
1.17974434330694588624 2.95987335865107592525 -3.11583942254878110134
-0.29863495062814227055 -0.34834049814123435596 -0.91689068947293428380
0.65051389247195690047 3.92653168789898909807 1.92464069063072518162
-3.87171247760548364880 -4.41385650135813101258 -0.13146986641160207654
2.64235279336043049625 4.40538903074272081284 -3.76450966810616671765
2.59568118102988609763 3.13106054533740607582 0.55049786044906756644
4.49376984449500849195 4.53770249295964500647 -1.14943621311271426677
2.21516039815168497285 -3.47018739970774703352 -2.16959122361460865491
2.72575279243025381248 1.90121521269023840972 -1.13823631081081355632
-3.93625793339302765261 2.94058302829308804149 3.39998354578918160485
-0.93529179844743826067 0.81342571358724935493 -1.57800378219086168130
1.06324867236445808061 2.47475808214115833294 0.38015476448512153240
-0.50744522744187037233 1.20873549562381032985 -2.74246229654700668377
2.51249853823508484396 -0.49726275520347584802 1.98979142056596813859
-0.43997102156240597282 1.57836540448519446755 3.99561663210941997448
-1.26828836599979677402 -2.95940455451826434086 2.29366144608213406997
0.97629763023183890880 4.09792493459763296215 0.50666832489262159100
-3.55494173242448630035 4.16645159284935129307 -1.25876536806034877714
-4.25232918422090033772 3.39498035188720681532 -1.04274401209393641210
0.01841791006164417155 0.69784465892639602203 -0.84711333366748942098
0.13699701220383087019 -2.34578102414394562558 -0.93396028008907183704
0.59564722096285116493 -2.92590239371949412117 -3.25601110519691205880
2.02531232883948408841 0.54410527089182991745 2.93095125832700897917
-1.26024086561767711956 1.30167234593529990150 3.06658962676532986791
-2.03358472556564695566 -3.50780947249824714973 -1.90895353734886974451
3.67242933083475353584 -2.16869921180631486379 -2.67205757881447025781
-1.98726304742996040531 -2.93482936009164463442 -0.92828477604271952828
0.51405859490302319159 -1.99400757245074977675 1.56528299640542734039
3.15544021396947282909 -0.05059251632087580219 -1.29556835576951812072
3.27638633293117020884 2.74499522946890550656 -2.75817578575485855552
-0.88762209400054814523 -1.72645781240321838368 2.72170111685448112837
-2.35469136571228698784 -4.44331665079130999629 1.33844473250203233050
1.74574293300370442239 -3.16374057788196161312 -1.25558248788757431669
-4.29231775077897381721 3.86533085531392384127 0.30099219111517694358
1.61496937611400337431 1.16364928688418256542 0.78002950724661168636
0.88804038825379816302 2.58043380288478019224 -4.00778629552329856978
-1.20300641272130537374 4.20882858618044419785 4.31683064282214257190
3.22074824072611676229 -1.76047384574459453432 3.32336175587172011348
2.24520654283289378128 -1.90613729740371784516 -3.41976690927520721175
-1.64338388695881798540 -0.07934547639288691556 -2.83783139403855910743
2.04911760556059174831 2.75202834012070862713 -1.66628580039040663507
-3.20527591576088299874 -1.48335080682755782178 -1.60572518939659003578
3.39161695159567866398 1.54245185522674344014 0.03326529752286511155
0.50690684942289365722 1.29241288761609141034 0.27125056802194436045
-1.69378563557619843394 -0.21267065415493835445 3.99860848762529297318
-0.35604638119608100766 -4.35778490645561955574 -0.70616021809175322232
3.07051069352258299006 3.41065172328583354755 -4.26816247290169670237
-4.25677815828204941795 -4.40541236578275174907 -2.88908398881511940814
4.00699671149304581519 2.19297239286198308861 0.83620547365865327549
-3.19681730364232352670 1.95063339778483779696 -0.19406803940682149090
-4.19823914697477729163 -2.64925751900349171208 -1.78983521068688222755
-0.37403268853799254146 3.22024329742544868083 2.31883620514191335360
-1.25634725839254501878 2.38918010189268414933 -4.35974770319686921738
-1.18168278511004487541 4.41613106355622964116 2.36188288851993899442
-1.08457214977347549123 0.39247112169047682073 2.26064923766042458197
0.73645858380258300002 3.18006284007632977762 -0.37485636979242542566
-2.72860352944705031319 -2.17457991672545380979 4.17348570286742326374
4.38283406874253866903 3.97764620648950373294 -2.17676810650143259807
-2.31949903589913120072 -0.09551556278293116264 2.39825932754985782225
-2.49027675137904003222 -0.65833033984544986339 0.37826550312947482269
2.80732936732866100726 -1.58899253188064548681 2.44512580548403501979
3.97986715967379200976 4.07229132534069204752 -3.56360948683142897409
-4.15131409400250461772 1.28540987498164138714 2.60986108252193460544
-4.20892256408263776279 0.34078172678098894721 0.19405223979029706527
3.08950102216544220113 -1.49872284370670438847 0.83577973847998787704
-0.19401876634098513819 3.69930043209920444980 0.08674717204555637551
3.96544955910531182752 -2.97988929789806178405 0.18340764942817155969
-1.84261401932147173000 -4.25550189244241838793 3.81570535399886612282
-0.84543113394268187832 1.73075449011799253896 -0.59093838846654689334
-2.26627652592535255849 0.34165901646664220692 0.34174938408662836054
0.48347564675078658070 -1.45493157124797001245 -1.78432002101662234850
-2.50569172304972864751 1.58573169875616759583 1.22048560038479347867
2.39810536370152416197 -0.35922350597162022723 -0.21223469892759005972
4.06751823706016235604 -2.54991824357698204651 -0.89927362039365998925
1.35207485289343676271 -4.45576699141419929617 1.61099425021807896030
3.16363706197437899448 -0.61391129920537634845 -2.33248696107362363250
3.08995139754941217092 3.93819712664097831833 1.67911792727827613447
-1.62844906992182592020 0.81042125846514512233 -0.37438427044729838400
-0.01126152920975709293 0.32548614030564593236 -3.04689230438081892771
0.21704487304891983968 -2.54322012253086793265 2.31187047468625195279
4.42025484810130731006 1.87391578707548589477 -3.97006028934944765751
-3.43496031042993754667 -3.56289377509556359769 3.03184687996841173430
2.37398758372872986655 -2.85258574667924369450 -0.42427469268998407870
1.37564937934433118016 -1.52360319560175883069 -2.31235142724829234595
4.26415111828878767852 -0.20861171656693944243 2.72196457811404091132
3.53073788401043398011 -4.04048942293895407829 -3.90100252702921324044
2.11630381944071999101 -3.38102474550909359863 1.64040053526636864234
2.37394010248918263528 1.79840336209906670462 2.39667273304851136118
-4.35029406913884297836 -2.25816312666569007916 -3.06258553906096642194
2.68952430139617515437 0.34711214245812804791 -2.12963879004377032444
-1.09390863061882281926 -4.01717727118230882866 -2.92866383409740427268
3.74857210408572338878 3.41006001336340691665 0.53600002060983431562


