148
-0.23715217387485409972 1.59184691043586301618 -4.40396065189213370417
0.11475994077686557659 -0.49537953033371717737 0.52715375916689044544
2.18638564146330960369 4.39678210836691807373 4.36858949537993712653
-0.76963148534979541893 -3.37603163647848658613 -3.01882377943585300528
1.26168592388012701377 -1.01301776917781349852 1.36133409696130591726
-1.49960854550799371765 -0.03758285653340287524 0.09695511716819638082
-4.01963792437287459336 -0.70283460288838917052 -3.27654988209941500088
-2.87767755680989401057 -1.32181925344954098733 -1.66089840220046536245
0.87441791566880144870 2.89730244924056101752 -2.84841987031892962534
-0.29369477138093724733 2.18294587789275329470 2.21799395222404527317
-3.22558030180391464015 -3.35752409758960190800 -0.72820019333529906191
-0.40009702275135961003 -1.35127713895721557336 -2.41601299608802300156
1.79494265663617635909 3.00077862149232377220 0.54617276147141069487
3.64281735794209193813 -3.75433145981590987716 0.21241835024994237813
-1.07750448119270014757 -4.21935515189485865761 0.11256422436499224915
0.98541924424653881687 4.35720472146192161489 -2.66855027978641379249
1.69114761305536642766 3.95050823086177427257 -1.73928487470874504339
-3.13923464210831459908 4.48896857094240164798 4.15123859475368117700
-1.55818814801992822083 -1.21044938879416452693 -2.07282331915105499931
1.12130269952414796109 -3.72842314851504541551 -1.64055502666263386402
-1.94400279156861977015 -4.13804774622927951100 -0.88798959082997397374
2.88469464626339000546 2.51721104189413935615 -0.84885798591335914764
2.95936544355481867541 -3.52762040308360003138 1.02613303692315849247
3.19798956002920586883 1.95331232725255965477 2.37548973225639148410
3.92687561657680372917 1.28021752006828837267 2.70604214571769841058
1.76972633577897653367 -0.79225778521144363253 -0.03283810198747438847
-1.13944333584514945201 -1.29575031289993347627 -0.38013539883691116472
-0.02157473494406847436 0.60799454743665037881 0.30920940657528461770
-0.54805868206720464997 3.20083644332004269017 1.49864248670124400320
3.05413836979540587180 3.38379538812459301766 -2.99255324179348836111
3.57898410191823668214 -0.28642587325584933922 -3.15711855777835381787
0.47124207439110410434 -4.19932380743710176318 2.08240946632589540854
1.40400790573752409784 2.27850953241802844929 -3.98549697177084372157
-3.96368320620163405721 3.67914553502716668021 2.70851570546694730979
-3.03603549584509924131 0.48813521380134616834 2.81220733675858625134
0.76250812246090404756 -2.15606446639084703421 2.10059023124558663653
-2.10505944611140272116 3.65319761617927429853 3.38884205309890251812
-2.92946414712321123730 2.45292430346957335274 1.88032599373903064333
0.40089632451774903643 -1.96916192970673087359 0.69124352508872188849
2.43761614712525087612 0.05515007809613781120 2.28552911055588037215
4.43395985549185578378 1.46469625499780686795 -0.95738921317413261391
2.29953732473908534217 3.80791337427486009659 1.44121566100563214263
3.60807988882391494911 -4.21843373691310041806 -2.68349690844872590390
0.20434674170267541626 -0.23369058601680414711 2.68763980413869241204
-1.94513679518021742609 -0.02895611660094488116 -1.17176816614824019780
-1.17020786586773528626 4.12646375817570909561 -1.56850441439642818153
3.50633614981809760280 0.26374345934431175920 1.49043889110326688296
2.86924094485272185295 -4.26668099938699096896 -3.75952169224187437990
-1.79080249804350266629 -0.25559687670062380960 1.13761231056585199184
-1.07774025970333875435 -2.75709714171508668556 -0.63175178648794050318
-1.85839392755100174526 -1.21776785502092188551 0.41824923770622657315
3.24514041580904954998 -1.03819074228285579409 -1.68764563053549565552
2.79865233722868556043 2.87475401850768275125 -4.35152414101080786679
1.61961045246785406704 3.14325055011691389950 -3.52859097176676606011
-2.32391905331845949334 3.77737964317563790217 2.15502563091665333417
4.02576698444390057574 -1.59670802069484452090 -1.00974540844803062356
0.24645929225384399786 0.78911133877773576017 1.74787073393579550640
2.21000413143201068777 -2.57546066962745845430 2.09071020639103988259
-0.88031343243662663056 4.18899884459197746622 1.26426638521100453971
-0.68098523801356014573 3.66017555482551859569 2.37383217485529218749
-0.15086055940223896954 -3.94640540318660182351 -1.95826612431553659377
1.69866992248618675632 3.09770106761190344713 -1.04556188451388010208
-1.99906633791270804679 -2.72206298131100732363 1.66549440761751466056
2.03776908222555075412 -0.19394720667923959212 0.94592010157597705700
-0.21846606756450448472 0.97871107767070864014 -1.10936643953969493737
0.44734886038278709464 3.47907806391937324264 -3.94386434825543341631
-1.23284775437253912855 -3.80275724636008227719 -1.56814921320077749201
2.25232822660265608050 3.90252908067601378406 -3.92537531077424395320
2.70671642753645169677 -0.92888923085271102309 2.93837202563021993029
-1.45915386422729165261 0.57446546581979962554 -3.62946676109044252811
-2.21204124957775905003 -0.08504216426666832973 -2.45189815851657000323
1.51772935727223234892 -3.02590746917818576023 -0.95379723154377682448
-0.62863199446885786870 -2.73296295068786410098 -1.55735696409655322014
-2.32263196893207801708 4.35290525621633239695 0.31397136191857910603
3.56763133403188259507 -2.93535895489353704235 2.25953324897604090893
3.72139779900173106597 0.53494991963593019335 -4.08320763261129737742
0.91150724432630347849 1.93448933137461409615 3.73958899172974401637
0.61017333215073232822 0.09807895995011506329 -1.47347349388407433679
-2.73820162376449394159 -0.14043616241024281521 0.74352283086432269243
1.89466246184705777722 2.70182530402348319853 1.67244634908519440586
0.09458278447524470778 3.00561569147012352943 3.86506790725464366432
-3.55076756726203068837 -2.56987241191754955949 0.44159930182349782513
1.43227281295051600551 4.30058703040694023656 0.99144218957679264292
2.39843915216385905609 -1.57908408447109760431 -1.05913687074456897008
3.85768765216078701741 2.43828316758359431304 -3.15507001374334272725
3.18843996203468105222 1.21209241317103888491 4.41343495708646127440
-1.43597641442081869201 1.49683134020086949789 -0.32314095063458658785
-3.92830296621720709282 1.40205173301816277132 2.95964532568200144880
-1.84517394219397523614 2.61440938381961718306 1.60608711540807380658
2.54169194104730422623 3.20218577372044421736 2.41670167338597341455
2.14953552979885564866 -1.59568983566906830163 0.97550784077599050903
-3.66907081472499063679 3.28775102535902963297 3.64639253410341179773
0.36492620637070061207 1.95442507901520379221 -1.35684215084105463944
2.89972057327318655240 4.47889855219290478061 3.34821873223402999287
3.09726370642486870111 -1.04671214385918531775 0.95090736136473630324
4.24562815125248160797 0.82053065475170683385 3.65478330333725320855
-3.89953580381887476847 0.19657554849765812577 -1.58045681696759299228
4.21668215760972753259 4.50754297367445655453 2.21636633511819258757
-2.64436038664947892229 -0.94511323615467901504 -0.40581518797428728362
-2.35677414694497633363 1.25521905900578545356 1.67049035662229794497
-0.13001113361363270116 2.12783693752278946221 -0.02353873507766834905
-0.95180895722681313487 3.26244160954065520741 -0.81282117027033606860
1.82562457207677919513 4.51277706031105996232 -0.41653379412573610097
0.90252570407571841571 -0.03562298957245246811 0.16639214553193415469
3.50509539615663978651 3.80976038692194673985 -4.27796211369051526674
2.34570595245223234571 -1.69552988351656530597 -3.61971687941196806904
-2.08478122053892755972 1.45594485918328064855 4.29656309398952540590
0.96994158307616462622 1.00384270912972350942 -3.17352394036633977947
0.51119610901738887776 3.15992696256928251586 2.10790079983659506269
1.01090330424720153957 0.68947505053461544122 2.90441471510347426488
3.14967120859706195546 -2.24409608195326626401 -4.48222810089636070074
-0.56418348813710839096 -1.23103155794486074370 0.86799592346714060653
-4.05835348101706383517 2.86778053523682086023 1.13296714884614768692
2.19069884059240749252 2.49099797212697016136 3.58392079548639852504
-4.39714702251360467500 2.58535687299700089881 -2.34102824647783158696
1.31495244800729782497 -0.95326020810626577173 -1.47498072716971950769
0.51471496854545417676 1.80118042323060922882 1.45186190659665204095
-1.06695214009993266657 0.27133511606143656536 -0.79344277987710798428
2.51775524467888889291 -3.21399996030537282721 -0.50629214592378168902
0.30461601944443295054 2.67096661118558653669 0.90964737622251146121
-0.87423440612938474459 0.08297223111413742913 -1.81057474131269202644
-3.39765992473787648009 4.10154975921758957469 0.08185845771992639186
3.42119139337828759295 -1.69803021814972598946 -3.61494395860518835661
-0.77278327750606923274 2.40950484579984181011 -1.93669130218337670613
-2.88420288278015934935 0.61186221499118875755 4.33266075989656140877
0.14432113755217201856 -4.14915502112861567241 0.91840175837900606126
-0.15752208204745610232 4.42090957829306407945 -0.08793642750156926979
0.59212492776057779054 -1.08784937988003882481 -0.34792193236359825192
-0.84213845640616780130 3.54891480585199925457 0.46337410963928160612
1.67318236792363972398 3.73971813899527649738 2.25399509732077252266
0.85233561661191981074 3.68636337139231340387 0.27379589266550574678
-4.50212522972505180263 -3.80568820304726784798 3.47827346074024301714
1.85926083620875903790 1.80606739464700360998 2.61615067353011276907
-0.60055364239762454304 1.36775546122278246486 -1.99523406727754171186
1.03097137974811214889 0.22699148662468893178 1.75523897794072780698
2.79592572355074242552 -1.90139034428576403357 -0.06257656884561058064
-0.52415873242451116454 1.53381871545165449078 1.29768029910816107275
2.77481747710541259977 0.14912496331618996237 3.43043123532586680113
3.49411275183427694202 2.59572532074232054100 0.02940859291495812045
3.44794674444674331681 1.90915485550102559387 -3.93869954246937492570
3.77248910801598302811 3.62649477609933779121 3.03585658495849841643
-3.64021420245612414845 -1.87702555057664755012 -0.67514363580947023280
-2.76536477784364631560 3.15744698456839767431 0.23409455630644160351
1.33557738254502655906 4.21518560895127425425 3.34166743042554426069
1.33769835246318979927 -0.37195724179782541086 2.69955961805413569010
1.24520211077308484704 -2.52748438068205860674 -1.94478237134480025361
4.17150794371652988701 2.73499934404178990377 1.74857225838360541559
3.76463231024116229406 0.57064167132155496631 -0.80567570347323247404


