13
4.38267696559860997496 1.81598562792916595754 4.38211110860210251161
-4.11506469526371354561 2.81348946436750679823 -4.51638236835646100786
4.49788670378612476242 1.21141875963444078934 1.08586773717999029998
-3.96473488455096356731 2.07240779508001704556 -3.62105718681908683720
-3.43186088261281652123 3.64007771865202389705 -1.24629663354012265586
-4.50867548536533480075 0.82191414523044947771 4.16909151807558497893
-4.37903044313358513762 2.24466416256829948139 1.58192607057886114319
4.14178048837407342120 3.42734389173883347013 1.08108626030822030373
4.04917497074779308974 -4.40473777941713162676 0.68807945209233167816
0.73767289602163366169 1.93302642050940942653 2.53116190286891651340
2.89084846635332137765 3.10808594262652881923 0.56076157116633051913
1.04318712539192492983 -2.77621251870265650652 1.94095875777640092252
3.29693916134215925240 -3.78139404776785559292 -0.92119144138040987002


