61
4.02917844958185522586 -4.17056358718666864149 -1.02869447936402380606
-1.87750750273999855722 -4.38767238848546625718 1.52400165737711557057
-1.89276071406427837118 -2.64822903506377738125 -0.53073717496524075443
-4.18083583375334910670 3.50613138178813610324 -3.90738089194885818145
-1.69874269444732117762 3.31016195685277114791 0.64229774019435925680
-1.14471039705370003503 4.48916657650098915866 -3.97404686191882827728
-4.50116300731929275258 2.46815746813617309385 -3.94095093310046618029
3.46077610229688303889 -1.82887179095383611838 2.19481956950844470100
3.50067834843211489471 2.74240413543480165970 -2.96395761957761161298
2.02998726203131774071 4.41327055693228675892 -2.82519912201249523420
2.79831733367356161324 3.30967557402703427272 -0.00039547844247156405
4.35233121678782008956 -1.50104752538446417631 -3.16285048575293625817
2.38892902690066311067 -4.29905538825060862251 -0.91372081796150794730
0.65069234128618624879 3.81178566033256327472 3.06997442846829393659
-0.15085758056536846539 -2.67884804771948781266 -3.28540290655517841500
-1.61401181968869167349 -1.89665782109453440185 -2.36327110796221306899
-0.31165625144753850151 3.41991650077486308845 3.96426079323974978053
-1.91224992440020713502 -0.23099879166248182827 -4.07913562354657699416
-3.00779137700253196286 2.84612755431653319249 -0.13407299747652068334
-1.88387596248077260341 -1.48158791936099909492 1.71543731318852188394
3.15003368373892289611 0.13433324654976885881 2.46557870781884158617
-2.62096966674687914534 3.62398488540925622914 2.62407270128738101533
2.82851335508449874823 1.89637176352114611433 2.38601047128046150902
0.71523366257577070115 0.60571122087422679670 2.68239959968981889205
-1.69154096747447901805 -0.98523540382114438430 -0.12037139939550733914
0.62468189376634875032 0.13997946039411957031 0.14222712458330821761
-4.30272459478685842527 1.55470559582544698429 1.34091278370963085109
-2.68090169016917911904 3.96191546717556786206 -0.41932171272430185383
-0.36960122056949984426 -0.91733782450871315106 4.50078610039308468771
-2.11197188428037341268 -3.85560272192063235863 0.54453615227177731839
3.09381406741628151025 4.48911943317630157679 -2.12060647271863800256
-0.23180240150439601621 4.19821905310653331611 -2.75623870032787587903
3.22267115569207707182 -2.47539688100628962886 -2.81611163432359967729
-2.45814235264584191043 4.21773974430136799896 0.74138609318096282408
-0.45228559047397620674 0.05702427606489912648 0.47288033442129506767
-1.80660631963668638633 2.21165211066633471404 0.13164044875252756128
-2.62732273352042655645 -1.22475514972295052019 0.85921922437160347386
2.57397062205924420653 -1.90531826909005941317 -3.80662949105790771043
0.11752382881923928437 3.98981276114127236809 -1.26975738124095727244
-0.99426375159887481203 2.18634365967623534033 -1.00856445629150925924
-4.13987451397409245146 -3.26931942517893592282 1.45442084770364221669
-0.30233460533318901042 -2.16001191927466962284 -1.25655316970338670757
-1.96912685755352079298 2.51985184138807127852 2.59630153254476514491
-3.79462286509261259582 1.53113282809778272764 -0.92822805186924961518
3.14238974970777373841 0.56828779190848877079 -0.61091275250385645990
-4.33838072665188434485 -1.44027205618284082078 -2.02636070814851398936
-0.65442114566891795846 3.51818530152000885636 -0.50981808494203750826
-3.02465739842185676878 0.80824094878866237224 3.31235014873013700054
1.83242965111879652085 -0.88038603771351819915 2.50598239993196880704
1.74661566950439262058 3.39051817405795308247 -3.93690205632259182522
-0.07904932971115030682 0.91661843481658955568 -4.21449011733834932869
-3.02883543291170509448 3.09584688554440212727 3.32915706995476501362
-1.16520094506293991898 4.24592915948770421863 0.48657117217095002815
-3.32081428654110233367 3.07866573280775757127 -4.33104837385278695905
-0.22876446043956200072 -4.47553901493774652920 2.84323416456404221009
-2.41146550239726131792 0.78257508246765805637 0.42008291396501906689
3.40602279756088588414 3.41042160196175014875 -3.87365288509752714319
-3.44895180965818815011 2.40847690224274746384 -3.43176817044106874377
0.22450434524388374058 4.41391811758509522434 -0.29773347687642104376
0.18267278631286032464 2.08245765682547023800 2.67770481641001545370
-3.97902844074909189942 3.44885048483868583702 2.57508926367412449565


