70
-0.88247736575991897467 -0.68196497294886526674 3.80291319262882954177
-0.50368377078521042733 -3.88028594277398442003 -2.30982418057568672509
-1.91399312606098526146 -0.18203754563706109337 -1.66251052025082746155
-2.66147647745970816757 4.38983998669874520004 0.48431661356835320476
1.06509156947429506346 -1.34807510941845576369 -0.02956192719845596173
-4.16969758401685641758 3.55301804338225846180 -4.04697491633047246040
0.99953972657074974251 4.53439120719265087445 4.26539162168653884777
-0.24306834829850387791 0.55946359422315161680 3.73914931838129138697
3.18521220162115081820 -1.79774436540094928461 2.60494955648098436285
-2.26786269059794287628 -2.75742275726601571151 0.53372320253195582040
1.83341170742363956947 -2.51558900945394725568 -3.64353574967619087133
2.88638188643108506426 3.44842940179508961052 -2.42547883389950991173
4.07593006468632435002 3.82060825396601000392 0.03541742409255643764
-1.63219894529639253378 -2.18797784818214635649 3.18402929484996821685
-3.20671961592270760022 0.56129643150744712443 -3.14415952699963119343
3.02785136894332485014 -2.40112987105708652891 -1.11299139202735597465
-0.63036539242313560649 -2.27936090063201701739 0.69652790423571975253
0.65002913736335887762 -1.45394090601328684897 1.09559881927584346073
-1.93988132828846193689 2.25523082671384145215 -0.69911081331786650850
-3.08550713681813126854 -4.23492652366653388185 2.73149022244937800252
2.24712319595131937433 -4.24154844224167337785 0.57462927913154171478
-0.85880979023989834076 -0.69042726988481728512 -3.46077852565606880475
0.67187515520261165136 -4.33692471099875387353 -3.67714530697994046449
1.56246932914790459535 -1.93072432373002822459 0.75103298498654780246
1.37345729853907005946 -1.63353336086163958285 1.84079258252366528836
2.53674389609856287819 4.07452965445056403127 -0.91874494970685072204
-4.32011563126005171398 2.18183722109806144118 -0.46248731136868315161
-0.50340100682561583767 -3.49159956504442581249 0.71076006117685786023
-3.83501282345969363163 -0.27075113513088755468 4.20493262434750914025
2.14559531670232139788 -2.74323197404458785087 1.19261831753940494849
2.04120447919418435134 1.74990129528520288460 -1.71189942077344614546
-2.23600358542727928324 4.37494996745428377238 3.22719935899017862369
3.89955262202976893349 3.80010549098922734146 -1.32762717260891083271
2.65447178228082059093 -0.52339215914604597657 -2.48822430920520876185
-1.67036970714679178229 0.32615598979879489860 -3.76002883936358456296
-3.28761311928602362187 4.27378519126634071057 -3.12647560408652536168
-3.97143390509454796700 4.17443443951432069383 2.28701934804581608063
4.07240601951424263660 -3.15359257985184537887 -1.41943347326855917601
-3.01112999706617312512 -0.51450639168933154366 -2.59245261968481477410
2.35013680613441700018 -2.87655804949336646459 -0.46654387710879863249
-3.50170076857464396269 -2.92467373219817350360 0.37770919873100705644
-1.53986697722220222673 -3.85006579856371322634 1.09478869693225355775
1.81654029552367024536 4.53358009123537097906 2.47160067757723922455
-1.66708452254775263413 2.60056391720720636584 2.98927606728524519752
2.37705014708590223194 3.39831282403185674923 4.22815200179876793385
2.24332419374082991936 -4.32654080289889186872 3.45977142055022834910
1.87250295452270965058 4.09006912308252790211 -3.24325581998958867302
-0.55360628326738137162 -1.41096883964615571472 -0.21122778177071399597
-2.54600952834853710982 -1.25529895446401784653 -3.50478323896907717483
0.79284540316894158707 3.43178259323223056043 -3.40200492686970790146
2.01180263786199731157 -2.38473391724015204574 -2.53060711218755018947
-3.74778610493853436836 3.12827233912163560348 2.35235316192937826685
-4.28402668015527332557 -3.53875269405023562541 2.15536262574889114774
-0.73393335686240845916 3.64900051409800862956 1.78841153504197336588
-3.76003584780842015078 -1.07094384028755174043 -0.00212220775664029304
-0.67220832144795972241 2.31136597714813607496 1.49504502189089194530
-3.19135544369209966931 0.93977076760584221660 4.45732046653720903606
-0.57961127554557334562 -2.89289139384514237818 3.27019078121124007197
3.66830569346207990833 3.24740884009140007294 0.92444017723407512221
-0.14106381391335620634 -1.61903773283563445773 -2.29907969922936050722
0.69166911298484734516 -2.53286932511532514312 0.97838562861580768981
-4.10872381982534040645 2.05482345235779373382 -1.63439106781215048869
3.18003068684721945658 2.35064041599624395928 -2.85248255463845179491
-3.56720440220260792685 -3.69914728484930321883 1.34239717190517726664
1.11981713325457743480 -1.61195039350442703707 -2.23798303172053092425
1.29142105724099831576 -3.72308332661114516071 3.60922297682782566852
-0.40527698393477962213 -1.53155494189697893859 4.10471236850801357576
1.01965102334513968430 -1.26727502508505018852 3.29618842780730147979
-4.39076219119295618754 -2.61841962472471001533 -3.98972276408833614880
2.48530186395263630317 -2.41576731329163374440 3.96970586238890188469


