459
2.94039830595416606940 0.16446565886859598749 -0.14959826935504771939
2.97416122513734837440 1.20968101181434573022 -0.93084121293012955789
3.48031435601392491463 -3.37232680221764491435 1.75456701892975619472
1.24169809367044781112 0.76729261783853175416 4.51780640543625988670
-2.07025355519130682680 2.42588916207197602404 -0.29284260093254133039
-1.24520037003681682819 0.71624348445983354594 -2.93410380934592041058
0.05291228752634680177 1.98192253830038911389 0.19875040746117900170
-2.63080333618527539841 3.34974464273827798877 1.80757747328066198378
-3.18886076333213752676 4.06661379090094055044 -3.36939398122674838021
3.85039426607577883743 -0.52830792611431487416 -3.53442670964894833929
2.43098564207969047857 3.67390367256227801107 -2.74771547849402164587
-3.88119737002705456064 0.04864786687525324282 1.97894520958558306489
-0.55319244167597902972 0.70646189795163216729 2.24397547343681047494
1.19803339863867552850 0.38328849724905644791 0.60907832734811595543
-2.27145887424551506939 -3.61711264456130754397 2.81323179777140186530
-1.13183338304300651345 4.08109155419569358259 -1.62882091214594204587
2.32376663158736196380 -4.07402436766052034045 -3.42881860081210509961
4.52889512878357525238 0.71220706878629425063 2.47622660985055631500
-4.10615206663027620948 -2.95271424058357512266 3.20433697378370130338
3.15832816484777634258 3.78578403428460230629 4.36365581940851665621
3.23029897815152633456 -1.24212166897566644863 -3.79134706210627481227
1.82016339125475301586 -1.43933553816123538382 3.37286359727838469524
-3.80400093961400154186 1.60244893430748369667 1.64415492794467166249
-0.32513168762302857573 2.14076600168871244989 -1.65113689033515687044
-1.37815892775863080288 -1.61108353513055346795 3.30221997220889029734
-3.08856786725765752877 2.40490445570559696620 -3.46811145583951230265
0.16433691437656783307 2.90742408322417933420 -4.47824216059819235625
-2.70927685528904449441 0.79152008695865738730 -4.18675544008299382881
-3.51830217301984315981 -4.23862266642984497622 0.20091549576181932935
-3.41246558614967954171 1.46056010860882157232 -2.65794596534060545423
3.18701137954911839500 2.70426098939096970497 -2.99249635097301469600
-4.45051237328844351282 -3.51905703961929461343 -1.89567458353331774745
-4.44216391409512567634 1.73642016681513577936 -0.39865382354084211158
3.08564487642197082806 -1.58256492205166932052 3.04449499905282472412
-4.25505636161302547293 -1.01266716201804385378 1.83383031282539743501
2.64077917139467199803 -0.19779667040630677377 -3.70230749865466757242
1.45544152038002483351 4.05878688195707137965 -3.10278610909013297103
1.51028528151225405196 2.14143027540704355971 2.18350929634918511368
-3.93162618379507566857 3.42585030717736760408 -2.52750926619987081878
-3.65902738256094295366 -2.68109788592701736576 1.90554643367715303981
-1.06783592754370815214 -1.77903866395491139230 4.35180942517241842182
0.86765371148846437421 1.54594090980129816870 1.14024143485385653918
0.27534044052826089910 3.78758838423862531641 3.87935980974678695787
3.34887221104468135735 3.27136882191813427312 -0.19277822122259102855
-4.39360899337411225929 -2.17368745866579127224 4.19037905097737972682
4.26126790781675079955 3.04875057968292217936 -2.34157602974234535509
3.98840744607939878819 -0.25273427583865792911 2.00825754402946632382
2.25979515575429967811 -0.72177119501197584128 0.75733402950388395425
4.40828529425179826973 4.12119825069323564293 -3.08472674248376588224
-0.06878033159446683698 3.76751050032691647829 -2.63202313596096626469
2.21886080601165591730 -2.15428103287626093731 2.27232281974836336502
0.63743222591891957052 0.53732993310308341250 -3.49469658049562070801
-2.40014482054070388273 -3.66416594848537480189 -0.53492467649485231362
3.77497221177478525789 -4.28107015033664151105 -0.25652675737186569904
-1.54982189889457266929 -2.07466264541186262704 2.06798499841392935394
-2.96161689038889708314 -3.28994277151414937777 -2.18746864636512361457
3.76909706199731342480 2.78918056040875850243 4.00840450898939604230
2.67827595130314222160 -2.87146685729948725196 -3.26181265105870821230
0.95225744969919645655 0.22861320776563154311 -2.16348278674602623184
4.18631408736584997854 -4.27555951072556439385 -1.18748190209574744358
0.55785394077497940657 2.63704562538079834155 -2.12931259539186257257
4.01172998078002951416 -4.02975313259485989903 -2.72998939596431666743
2.80052025133733462070 -2.81633647442126289206 1.13353756860534371498
0.58035145896651396669 -2.88267125513958299976 3.05108470307636547858
-1.11955053553538075306 3.37935734350081062871 -2.59381853386891725322
1.05997978803300707540 -1.45632697335468241917 4.43082930352104309435
-3.43557735085278359577 -2.38078764697147304830 0.71453032088165002733
0.53580967619287012127 1.74331110334478189827 3.33445819869440907013
-2.48675520233080726840 -0.50551338868784512215 3.98930304363548149382
2.33978892323233278461 4.21244478854365755893 -4.10046594517918627787
-1.62728300226757838232 -0.58452565606575745960 3.28903625252257558742
1.81121831305853220329 0.66051514938258026888 3.68156051038362530647
-0.12163889768011681980 3.25254218349134038846 -1.63529802653389877420
-1.85598409844227152377 0.39762081522847303461 3.85649206566014779440
-3.30987844118576735042 4.19931234916077311681 -1.74253320897332075745
-0.01078751179392067883 3.88901752742906037241 1.51458211482432680839
-1.31437421983718305540 3.62945381555493273851 4.36902718138587342622
1.97915424445782139884 2.21126790467372114080 1.05377615258697598932
2.73217928568680878954 -3.77497242162121393605 2.55222724723825056259
2.60029454542549931517 -0.07654757947910972860 -1.21587857486270767282
2.71571330300207769426 2.41856652321995557742 -0.98047005677871190699
3.44000132341052999863 -1.19969843106083473572 -2.07616177517114897100
2.74929493267888513941 3.27230574004529906063 3.27798378746365681735
1.01088109407982074117 -1.54297567456149664622 0.75735917607164271459
1.84633661227939338545 0.99631490219177276657 1.00006652246777338888
-0.21484976413571921228 -1.37294869522113049953 1.01498733943846541905
-4.51467111893353045815 -4.10799316282117654708 3.67880727332356105563
-0.51456401888075031792 2.92003547603956015166 2.07118159068576179749
-2.95772443663265383051 -2.76880425108203498397 2.89957329741851133065
-0.86827347280657019013 0.63669270166881819506 3.43222372021413679732
2.96676697332854999445 0.40951561751724074867 3.67357532130682873373
4.04713867984508457454 3.28173856808674724306 1.47056587329401278197
-4.11664229571997708490 2.53940764000044527648 -3.11070310611194278394
-0.30742097045533522959 -3.34542088983368834931 -0.80801101783444817528
-2.19658997124380306332 2.43071833090064082228 4.31483477172597051919
0.26217281867554298458 3.13225517214368753827 -3.31266510323774543423
-4.13045215131969634115 3.75971287089996142328 -3.94194948849313853145
4.49358960013608577100 0.08356178699273364430 4.11601079968339345072
-2.93517743858702084836 2.10752349160442076226 3.50169879737198375125
1.39968789770210566559 3.42200044725574681337 -1.85560000079874276580
1.95140300619819750949 4.51161741316605624519 -2.21667900192916178526
2.62780640844216684116 -3.97569009545880902579 -0.14951571967662680152
-3.46424751189435653487 0.88597725646765379537 4.13092390749047044807
-1.32676585735034180402 2.55247364266468412808 0.44522716877355339449
-3.32923969930223462299 -4.14905477209205830746 -0.84614712812809234066
4.24472816711543909918 -1.33848300166743339190 -4.09216806081909023618
-0.29298523234310547281 -1.19948114749716694405 -4.23786368173230343359
2.35719497276305123279 -0.69282311256765627405 -2.03095392716609213224
4.46132958901965803733 -3.93783280272586155846 -3.95303340363766642085
1.21226683225291420598 -0.22838255835118026482 2.99866886101015595045
0.99767918692428469996 -3.05663955907431583725 -3.73122603668124463994
0.51144423116153436837 -1.79653791462228396014 1.74061989905880398766
-1.44007306919191035988 2.08848816488333621777 -1.54407145471775608669
-3.43360980442446228622 -3.07015764198679352859 -0.85586179034258069720
1.79396501646797634777 3.09118413129381153226 0.56025732185482191028
-3.39035854390356838906 -1.82544862276430741588 3.87706385792084606834
1.05831395225241742253 -2.04286239328544017013 -3.85953075240455945050
3.39763914072487072104 -1.25686743167928316467 -0.87188703818643276122
2.04962239055833084223 4.49888770370785717745 -1.13879579704245248450
1.69900549162197034292 -0.36431475229692189544 4.15296557591788140229
-1.57762420462955699207 3.22412056749171149761 2.30691532795417941770
-2.04185256325412289868 1.60833525064138083138 1.15160464004511897684
1.06248702433174102566 1.50101898067856875940 -2.10226111093881096181
-3.51970029041268217540 -1.30979668225764012135 0.98004389754894560838
-2.81419753683756468376 2.22582517735924589886 1.17899239696114310760
2.52432454389878646595 -1.87192590937717051602 -2.23420821955294446326
3.92564868018014490048 -0.65007818061958833056 -0.11061036387706568718
4.20026947591220700673 3.67218741560719141859 3.16197310559804289909
-0.84765951199335853872 -2.09311441739464942913 -3.63198482922183885080
-3.58349371167811403538 1.44484296375630183462 -1.36206032753950445624
1.94906388264550933798 3.04363164477481529246 2.44553457449124156398
3.46808835116680302946 0.08212157069143355415 4.48775267923260212655
4.22427975760939578009 4.40613835768721973096 4.44754896264726529154
1.04511772862777529980 -4.52770825326684622780 3.09312694790385744881
0.16418042776322749887 3.98972439565961334296 2.67715425493237724197
-1.45992292072751661536 -1.74435048143210913452 -0.18190774083381011650
4.03497049308260979927 -0.84128881242731567980 2.96234596360614421684
-2.54522006972885028731 -0.60681672808388853468 -2.09289498374152138638
-1.09101651735832794188 -2.91257132858062650627 -3.02843937232870086262
3.82528750994567356969 2.01826995457639934983 -3.50204248001403106727
3.36541750140118800516 -0.25437946669037181380 -2.63637455519827446082
2.36038608713162734176 -1.53734205812351465426 -1.12195504113343869079
1.04193388950070797705 1.25412935634073630098 -0.55467419970422771058
-1.84810488987657439708 -1.43108460124079694964 1.05378892373861621223
2.08147391174465834496 4.27655866237002069141 2.79548771804980944466
-0.47130359283365308443 4.51798724469423351735 3.63993448184208556739
4.19705281704471122595 -2.81915461696592917207 -2.62926034848718837011
0.28196329550054510804 0.52076287673853194349 -0.35187382323911453597
0.96913380132207294082 3.31418391326168926270 3.06334618202646691287
-3.94054388417675571787 0.02106495339666913935 0.17333441016835671178
3.26112022138392187998 -4.21251391184377688148 0.85265677589657951074
2.48834136184835674754 -0.86322704735001032361 -0.17212179437388286374
-1.62954222037203866336 -3.62962069899773887016 -3.76547627893058312054
2.39335461516119352154 -1.81387828066809930760 0.46998188425724407580
4.49524284905845927796 1.54311434111626244459 -2.75249476889976341099
3.05819571136845436143 -3.66109422630211334138 -2.43866802939095261848
2.35785691737059899253 3.83553099139583242305 0.08878758574771072887
-0.64949111777148704761 -2.43993702106395327078 3.48709827705410102539
-1.16077444916589067603 2.27160211006554568769 -4.48535887164700142193
0.38299680082312903551 1.82911855544387336181 -3.97926783912657988651
-0.61194396615857726829 -0.49325027374552288251 2.78579090206408341857
-3.92659398627198985565 0.02286222779505475700 3.10836288200231525281
0.89576364916270279082 4.12158880861071263979 0.82805423666378796810
-3.56044873779371418010 0.86472553889357239854 -3.55806677902085999321
0.81885367627428973236 4.35379449710295940434 -1.91477102910365504229
-0.81128844088071261353 0.79035136428913688178 -0.31920841978824565643
-3.74010759795085157009 -4.27515246908072477083 -4.48146744332006630174
2.20634779327611774136 2.68046433451224785927 -2.54399704621066335974
-2.26203503519206261529 -2.85286775624129829154 1.75662970311962762793
1.82832500371692585617 0.62258559673446711713 -3.63140883322499385955
-1.52328983272502194168 0.32253694078560180003 2.69480048280631745428
1.60494532285058877363 0.65722696306855610260 -1.47056103164245222104
3.28356348595417824043 4.49004333689474233182 1.83705609285931981134
2.74991718233491866386 -1.36759226232232489195 1.91149179811388059136
-3.97054822874710566794 -1.79435692094167187349 3.06641341324455662942
-0.59245122137047667721 1.21325069798933249388 -3.59254501880173204853
-1.89907619052731391207 4.28481100979723716904 1.81379402996969840700
1.62199976543691004593 -2.43291017272055087872 3.13956369753289710189
-1.38157935503877071781 2.04506645104765816257 3.30080523271938730545
1.85992805706200492466 -1.98169598135516800141 -3.17872345808505674114
3.25183339450829489437 -2.74787265444292660987 3.15234593355683134774
-1.42019958950594737956 -0.66582993769996923206 4.48369090313181306584
-0.77797968553412122361 0.21570490728185021112 -1.59549963718352838526
0.01315920973601958366 -3.36221085076029924110 0.28963798791998573989
-1.93621417151390540212 1.37084264413509249181 4.10014690120746916335
2.64447262593216692039 1.53855265495078974425 -3.31320438139742678985
2.12359680613054724319 -2.90238907245037935922 -1.95659631905847941624
0.23848188725368846264 -1.56874641457228047869 -3.35404704650733131999
1.31176412555127974713 -2.41845862486044049788 2.01966284235512905099
-2.92357399021407182715 -4.52918889812676184192 2.61329527667069694274
1.54533834713506390557 -4.31465592908563611019 1.68887871653554366702
4.47148534442895151386 3.82610600953709312222 -0.87392860792521176450
-2.69003813295065130617 -3.90200148615815001207 -4.02881195851106443939
4.48387394632797420257 1.13340995551626022575 -1.46288949956851643819
1.74733713348542263333 3.74413600489267484051 4.17105013873328100971
1.00665371822702631732 -2.60389125329910164908 4.09268806599364776133
-1.47223980995279912776 -0.33139148951356034445 -2.40036602253348840819
-3.79151251272039857554 -2.19281597693772045687 -0.44519283724263836177
3.90162360157129572968 -3.08315716017244767500 3.88925798247479637126
2.78242630022187231731 3.57931544310383298324 -1.47357676157177142073
3.94475226436858417145 2.26952821361432732772 0.36776333626697255141
1.27744104635775279633 4.11794235786661655396 -0.34759961117520088436
0.34735214650091705835 3.92954601563475502957 -4.18315737291049227764
2.04131494510206490389 -1.28210253515857708351 -4.12373222389498206297
-3.47588011561371024172 3.41305128309539096421 2.72480032975134012219
1.04503319154164664440 -3.47918400211584666337 -1.73303771994900079889
-0.26623695976464656354 -2.93427016964185538583 -1.82863959052094804392
-1.23058080106717593338 -2.43182789548700295512 -1.68757638568814050117
1.74827306695000661563 2.82677081407434904747 -0.86906962930750530916
-1.25719618786932452181 1.69974631570197853847 -0.41242128880487083364
1.76356483531582508562 -3.55276687967721649386 -0.89440522200731908953
-2.74959439657155169101 4.21935360745741672162 4.37038732420817321866
3.62152579807420504920 -3.08966055051507559881 0.56448940585805029713
3.59318111525560635044 -2.12284228861516766074 -1.74570212285608139524
2.84474715123619592561 2.07256204052285131212 -4.14614816590472567981
-0.88951922904035196638 0.37903420512691177180 -4.52174269420373065032
3.63016175009404928886 -3.40066107840298492704 -1.56499383440356165664
0.32436072860081210933 1.33232893572105037805 -2.94330054372413041364
0.30489885956535722755 0.58532115901924708368 3.66420518041244935858
3.29458984434056123547 4.09974701056320167680 3.05982130890871051321
-4.52499192829718221986 1.82266648176731838049 2.69698060782925086443
-3.11607560242694159314 1.97854992371671389861 2.34307304915312730742
-3.05713036045413000252 1.01339086796193011963 -0.46158447206016184339
-0.97870109686491524315 1.21610697717238380733 -1.33702229315644283147
-2.53571211036430366192 0.57889823274001983577 -2.88931752050608636750
-0.82899119827136491523 -3.39406599242647555315 3.29872907912822288523
-0.64340070916509928267 2.94683767489621128988 -0.53659738249155797263
-0.81283486937679061413 -1.30400053383591307821 1.93247523158070055871
-2.02731246400415221487 -2.60593149458991080181 0.72650018492965084960
3.60634402343368787314 4.28450101233142444102 -3.67218323207898889038
-0.63411097018283557603 -4.27891421649442982300 -3.11284271638469256516
-3.11175719463954791877 -0.36022376046205817346 0.88066684750659973702
0.47625053982044196488 -4.15313844160412859452 3.93219529136858536589
4.02678995375343884433 -2.07640127240753846749 3.35611363533430040462
-2.36194355968260838452 1.06771001373191065653 2.63597835825236881391
2.42258747463938650668 1.59119825189205155169 4.12707573498779378696
-4.42035796939767511304 1.28982614282891372426 3.59796015423836035296
-2.95404160442112750928 -3.42786502414916594006 0.57200700456834585594
-0.30945088602132209132 -4.12728166048283018341 1.14899347279472063832
-2.32740949031950705717 4.46759144368744198772 -0.09525352170401113483
3.18299231044202812768 -3.03995152275959368282 -0.60307608585754834962
-2.81503032225852001247 -1.90215188488556075086 1.53378996764069963632
1.25868159097230236654 -2.74945813859756293951 -0.43859444898535926427
-1.32005499651217794721 2.63489853967816323177 1.42273739473809968104
3.82064568141262572709 2.48680355390255236614 -0.80338736782180575347
-2.10617386732815603523 3.59677616424952351082 -1.69333574376023499042
1.06433176293511344568 -2.00791428502505020504 -2.33002530212185243741
-2.20275002393302399284 3.80387470489635415305 3.41731428328422026652
-1.35455041946699505928 1.86668187213724490192 2.17833875300337620473
2.51613891854385229863 1.31694759390432114543 2.91650071539668420684
0.10159195179656155261 0.31066631060315241797 -2.52390521027255143593
0.01561293915607198102 -0.05482220401534565468 -4.20555068915712304545
3.06180215320854376415 0.60915717640741906536 -1.89497960927148056953
-3.83954252788985428424 -2.39353746901643082978 -2.97538066942402323889
-2.79819433447104337631 0.08507580549037641049 -0.02753201610303346314
-2.30809462686223465511 -0.80511252860453108582 -3.30652836192326304854
1.27665262656905831307 -0.82869185299921799270 -2.10950754148901120644
-2.43375756853919478218 0.94382504797080901682 -1.81167504385975464132
-1.84112871034957459315 0.38033071171777876884 0.61290543164281885424
3.34323006975640968363 -2.01854168707718040210 0.07996739348503556499
-0.38337787747681861816 -4.47826778371447176141 -0.92190179813210715309
-3.28632481373511753375 -3.60062894809221711867 3.56046126923031192035
-2.64605347088857900673 -1.56104069190006100598 0.40476022591694782449
-4.15242209992035782307 -0.44989321029785767081 -3.44368322050356434616
-2.86623789112280702440 3.23088105994816121580 4.00287682437376357569
1.39806898659279177366 -4.14013079875651079931 -3.99388781143839244336
-0.13719926223791922837 0.66127913692505213561 1.29643940718895844810
-2.01013168652023432870 3.69469576574376912248 -3.23406012721463165249
-0.89667372539496881245 -1.11287710133680262103 -2.02384884968281397732
0.69460295350753309407 -2.19673746971877337231 -1.13561220526545314513
-1.88901155719582725112 -1.10823846046588769809 2.42406795506362637838
-2.96118338153268512158 -1.76371508779508845421 2.67099754430719116272
4.26088283630317032902 -1.81608031490503485372 -0.94209094660957015677
-0.24889287260548353942 -3.19531221201886062033 4.26155806028925976392
-1.91017251415582567375 2.39293248976322647792 -3.64351073884834653072
-1.44835313640968621485 -3.80845390692220941986 -0.15595495374073564676
-2.04602169139214229432 1.04290022998823417311 -0.47475246480410149275
1.85775566557929838751 0.67178105355098161056 -2.49998234719330225673
-2.32335095399273017236 -1.64688762038510994046 3.60809725834338212991
1.56846169209256469657 -0.24936845008268537782 -3.01362165954369620735
-2.72135629644295784502 3.24482908999481445278 0.16158148926467408302
-1.37604771628080335688 -3.63725213692495064066 -2.14404660040759820205
-0.10968857263628883913 1.47891949751971374383 -0.69954525387633736955
0.91697172958783212948 2.57054139858435792831 1.48987713967670476478
-0.08041448827469821481 -3.92905077952267678398 2.84613959780879977046
-2.57530432019844601754 -4.28651148749137611560 -2.65426804061714349814
1.12030276725328281628 -0.43098539506797894916 -4.10810954638503211811
2.28707829381783245282 1.52627503005733711205 -1.77467535828441658197
-4.09250263406578795866 -2.89181064682902100316 -3.83780317568787010529
4.12630657434871839229 0.72362187322344251328 -0.66571165782527508270
1.18890058706751666762 -3.67901157537514045259 2.47107975119238343353
-0.97554448286854533734 -2.73355806353786334739 0.38311178794918809842
-0.99621949894308015061 -0.23147459000215686586 1.87242108792396244610
-0.45703215808956176858 -0.27048495854746601452 3.79562712463674589713
1.21388234568877440012 -3.89482422026035912666 0.28908883418456898795
-2.98170149957340857583 4.07567404448306103149 0.84365207663489094614
0.58498332567429045525 -0.65548640906004429496 -3.19420331746219599012
1.14827495190995865215 3.86757123842066352637 2.21798118918935305288
-2.26080395610630402459 -2.85638068180301907262 3.70790866897600235319
1.25537999467201455417 2.09418109133358765206 0.15859724330388402791
3.50078466789428244255 1.95739856084401608882 -2.14840974041271381978
-3.20265464935744059716 2.88393725184719951216 -1.78239588406121685082
-2.14627485977380993987 -4.15898685124095823795 0.86199342016072399986
2.49948797957546720028 1.00998559825011824387 1.80078581339917231929
-4.04691712250866775236 -3.07348286671306425433 4.18095562826339861573
-1.83694651717016688153 -3.97047667601264597792 4.03069963655650287393
3.43258586389824937868 1.50687320068507801807 3.44327962496592476782
-0.20947085294961542701 -4.35563498923350778114 -2.03897609805184965026
-4.43298842292569350576 -1.56673526200786517037 -3.21935209333633265416
-2.03908950489255236249 -0.83991116889975092619 0.19613271831801437628
1.44079672407194969708 -3.62602620325321511885 3.91813647881260873618
2.70014869646828614691 -1.50430002361807879652 4.07661330066221250235
-2.19349783893995731177 -1.73343210549704362933 -4.30873765749463544239
3.47908235847807301155 0.96577977568961426158 -3.86377435759389786796
-0.01604399145039803187 -3.48895136765431823633 -2.73941187825112386633
-3.82404213013206151217 3.88158487602065616073 -0.02987106180706700087
0.39347005949004287828 0.14576069148706682910 2.63064607831678021199
-2.87261947769068326508 3.50965091759670766436 -2.55879136637538540100
2.09725194079816734671 1.62551652301064919470 -0.34675408023124720813
1.62693742230698390472 -2.55817947639910681090 0.57706980055306722477
-0.51357036366829333929 1.04424439036705951622 -2.27158089087070713674
-1.41745193459806317904 -3.38839859863331538392 0.94628816173164853609
2.25294139599995535406 0.07351267192644872495 2.72575217301725114538
0.08027480903751804675 3.77992380381063330930 -0.55783731254964941115
1.78286699625494282628 -3.23179734534850826577 -2.97694814819103381609
-0.33916221239384736208 -1.78609612752069546460 2.63095179817014379609
-2.42855194017027553599 -0.08989828059853799402 -1.16119465130618282345
-3.51787967267048973241 3.25055555209298763231 1.25294360856080189137
0.00546821763193072741 3.00392850438028968796 0.81553495180402446607
-2.22327184787079890071 3.52724914609284478928 -0.66234492839910075190
1.60857225580431251188 -1.67334477819185467595 -0.26661796245591418142
-0.37610512966514964006 1.76881086612834703686 2.91385785912522177199
3.29165993684126956254 -2.13694036263441811130 -3.05985503277659276478
-2.36922893402250966943 3.27894671287645511626 -4.17805310551196296132
0.10202115196056738000 -3.09847685548053686233 2.14727734453220175936
-3.67944612257108882858 -1.07003495006377580268 -1.34663560233651535825
1.79419195659401520260 -1.86310601396986053047 1.39947136263509097631
-1.10420349887268143263 3.73417267195778546096 0.00502413689145964071
-0.04849099402989587304 2.89259407491769149345 3.31807998591857167270
0.18879699070264699401 -1.32920691054849982038 -1.51024894955959343434
-4.18660772349875642817 4.04760551148237102126 2.10511815181223749249
0.78788818357614598398 -3.64837651898922432636 -0.75215571559828475756
-4.44436771858901646937 3.07272746646868366582 -0.11413532107196999732
-2.05368255506125896304 3.29617786029937498427 0.93168622653556720792
0.08723142912153480921 -1.42851376242379313197 3.69156725958855158609
-0.23238568766633171947 -3.00531556697792812116 -3.80802944403822785091
-2.14607713660402454892 -3.01616499762849832322 -3.15766179852277151241
3.18727971429988610197 -4.11988532642513671789 -4.18181795692274338450
-2.58134812456317241924 -1.86957795469195087179 -3.18703384095223363204
3.96211974344706430173 0.75005349706012047761 1.50994348064250782926
3.66071615209561773696 3.08238920247676961850 -1.52636427396033358406
2.71925286995993964467 2.56667315872258772202 0.45815952203393717213
-3.90458314305218268103 -4.26093424570102730087 -3.25255274711527597731
4.05868184873996806772 3.34126910317925140959 -3.77242735975983123353
2.11953681043129282813 -3.15183420750279319478 -4.14854736328199624751
3.12955529778810603858 -4.17613252307816473774 3.79033473175904855879
-4.53419094742437511769 -1.36404507877770253543 0.47976718957517228148
3.37079055338921129703 1.57788020760828562317 2.09036605549407994431
3.45407601345792247827 4.48149904376537033812 -1.77930486493652040281
-4.27249866592543359189 -0.96705310580322390024 -0.49924071342698805864
2.21042500147606180150 3.06360386842965848331 -3.66237284835447507447
-0.85986857490866697162 3.56703451818832473208 1.04231096490094099494
-3.03890226638463811781 -3.75217584743451748608 1.66602224392512976436
-1.26714451565253005683 -0.06536734468880034399 -0.12163959709955651789
3.63084768592409101728 2.65028351706187148551 2.41291096193587506491
-4.17280163409761328808 2.51991884358445350500 -1.07523015314217174065
-0.05377901984786870315 -0.62017454753193668182 -2.44720080425051644823
3.33590586051877924234 0.51352242250761204190 2.49441478988731812905
1.51847768569236674097 1.52196256143600727739 3.13271608549245250686
4.53102571000319276351 0.17133773918273220715 -1.63231350131075370058
4.32032345407388884695 -0.95389447016288775316 -1.58904004280602784149
1.17017213558014265828 -0.01952727285063105001 -0.58947681327831835674
-3.87581045400788948285 -4.25304548710329655137 1.38492989254288456635
-0.23548327095917187535 -0.56133399307540443601 -0.24103162119449361711
-4.42777328516820123383 -3.70614219248364662462 -0.15098895908567566693
-4.50465973066386649037 4.01179354124561715622 0.78813260884709723797
0.10797002577150127678 -0.73360130299077130900 1.86427482268605260174
-4.33083742056754950056 -0.22890127327093701126 1.06500131453449231600
-3.34639624700183935246 -0.97197675031825969683 -0.13395690422881312287
-3.94249891066356950020 -4.07769635702965960178 2.78867476118569879162
2.45446789975826362706 0.65209076445693803237 -4.49035097752594136722
-0.15228074911501110478 1.73847826729283827518 1.93147682851221791367
-1.15112188434884066268 3.28641573122646324379 3.41966458994301181207
-4.00811500411104937314 -3.27123972013820951688 0.68594959382001530201
1.09810184598438542736 2.17236206230435247022 4.46449844862673028700
1.23072767641540270489 2.96337002099105095709 -4.02903699229347900257
-4.28593895807544189580 -0.81812187459980023618 3.77131935859179900916
-1.36471863171640039880 -4.51351108089986752248 2.97609259267745418498
-3.30240912813371201295 -0.24616971871069193156 -2.74938791173284791114
-1.45578182236937569982 0.79168658429596749926 1.65137344817250575346
0.31389826553691158040 -0.25294964711753564757 -1.33852489367946381194
2.46869957495966740879 2.13878511223454736978 2.00291353509623615281
0.22861139008061304168 -2.11891679827212175979 -4.41941419418462544400
3.06278275969036339887 4.14913052520971969983 -0.71972156838411027735
2.30656975432088096056 -2.54620904324112551365 -0.37455002332112563579
1.56664035105423860017 2.30659845349766001732 -1.65877838648205111483
-3.46599065771482539589 0.51149878230572998206 -2.03348702732266595206
-1.88310735868797962667 1.20202887008628778176 -3.70025884296021700948
-1.72631533335888898151 -1.59608360978524377316 -1.26364743974535009841
0.15664395714198597886 0.91501187337338585337 -1.57139554305942130696
0.52026128026305240581 2.79601313935953310619 -1.04927058872180989368
-3.34139999531224107798 -1.20691143651709653639 -2.99135938351522279177
-0.84732536724347617962 1.71132512008168635731 0.93372091702353987586
2.79271762176815663281 1.20555086253017140763 0.52181013128376108057
-3.14018307811340635638 -2.82121880432949589945 -4.17706257141855541448
-2.88964850540600570739 0.36033052295505019202 3.30331778434798284394
-2.29792262004503866635 -2.86295116966197626951 -1.48662837677865100616
-4.45069562044913702437 -1.71093747721182332100 -2.20051799601341890877
-4.44300783427932444170 0.30704175604404415623 -2.82698212101121049145
-2.95867403949159646359 2.53346466030845274275 -0.83519173704529547919
-2.83958523281763630663 -0.69025601470214237310 2.83924858556496761963
-1.76371492695315001953 2.65630251012275575562 -2.30247398441277484338
-3.97505515692209199230 2.24129115830738445680 -2.10907574833081490340
-0.73983071352708984492 2.26840972273157603922 -2.69752175094722668192
-2.52081163481875547561 -2.25659973962709781148 -0.54690734485399516984
3.22007005915629118675 3.72547082149104635818 0.91679582038899720686
-3.20016007324583018345 2.22983398882602212865 -4.53500617478705070340
3.30953132422855134109 -1.30782631585503361649 0.91871381551765196605
1.81032939788405222714 2.62334866037100944425 3.83433241890551546049
2.60917538437269325158 -2.16257235443733009106 -4.08106848579358771900
-3.24164857438459730332 -1.71844805571462710958 -1.91049420015740079037
2.77803569341861855690 2.98544539810274223157 1.57686876220458227493
1.77263562165178623076 -1.06592248161187175270 2.18479008556286924403
-2.42116586702116398655 -0.04062496330388132293 1.89196463834630979051
3.38500245723992509994 -0.66392243935131833865 3.84679688155628962676
-1.85915826462574296229 1.62920943588825029025 -2.49768787859313512456
-0.51902466972117977662 0.03955352586031235518 -3.29157552165245892439
-4.15826829535308917229 2.77059552519302965123 3.38826805982958223495
4.25362936466583274608 -3.92452480228253364203 1.12038349075767751373
-0.34827463369842881491 1.41779755733265133699 3.93506110477193171704
-0.11600491982293004156 4.24204056089829339982 0.44333165375396621499
-3.67540577813715474420 -0.04995802551193229135 -4.33495476232789656024
-3.52046666856385703781 3.44803628021476260557 -0.93422097217923827372
-2.67039260818820078924 1.75199260058096850656 0.30891632338966523719
-3.05779756463947016698 -0.97071092042318074533 -4.06746737540742309136
-3.80994922048199002873 1.30672891119036815866 0.70505221153837549508
3.58169602481752402667 -2.14241911546479668615 4.44869623697610006019
-1.78695571228976701761 0.05045603572926093960 -3.80342208445176188647
1.79595096745436055841 3.49402684081400227711 1.51136837541026913811
-2.96469193093998262256 0.95924012755527954255 1.62008069042795277426
2.00249001198095033516 -2.48826631876843284985 4.06098007816753803212
-3.52783166872754661014 4.05892433502810501267 3.59819728579716890948
-1.83277155777305367224 4.46887399053526035431 -4.01885952870691820493
3.55112138735636317932 3.79780550424694940403 -2.63123100183930924700
-0.48697573647830871835 -1.99987936661478027389 -2.47036200821573492803
1.32102416200551164849 -1.13424175296654627942 -1.03113027561721981584
-4.38865464889026579698 1.24456296440172753393 -4.15699366901216027514
2.34560213742078982335 4.34560848020684087345 1.01966607661333164003
2.40784833224673278096 -0.49855969419467083270 3.45066342660268254861
-1.26796767413351929576 -3.02517242657324825217 -0.90577291076103438883
-1.09388747933756302899 -1.02928390926962443075 -3.49449517342475601822
0.35619901021095135007 -2.35038556133014431282 -0.03922706495260630533
-2.41774551963094674889 -4.18114149689487746286 -1.56760559545152755589
-3.43814888043589261812 2.60637714793206942687 0.07563632259754093923
0.29416110283662444402 -4.09562842321028153236 -3.94298454920950725011
-3.54338322587841858535 0.99114545421173616546 2.75697048722053938974
4.26957679814395785201 0.64013453536136832867 0.49254736280845801133
0.52473805519921157270 -0.91772088945636109969 2.83151657695883596233
1.59333125621309434905 1.86192562541235950846 -3.14478092714740942171


