455
1.88407266634461922905 2.79601205905906624594 -0.54185307728511178382
-1.57980834083369714449 1.69105054528006260028 -2.84709817649352947555
1.25864022300666977827 -2.00094281926138028993 -1.43993529136730602502
-0.11998304745091026291 -3.52410614847329473065 -4.40843114608435726609
-1.46649303767938876675 2.90073977050587128446 0.49719695722381640479
-1.22725885045596383449 1.67279535646096810808 1.95043576479509894739
-1.28831677645350461958 -2.60799984934049033924 -3.97904220440123124192
-1.30679450498872373743 3.73035649740653862949 -1.98655808235349029545
-3.92238268110273713418 -3.10839890174106425746 0.34025305216642731665
2.95581439622486286112 1.24742355691961126496 -3.74275323687898575642
-3.98036126427397984884 -2.08937711353484090182 4.34675097214051842087
0.49428686908944907685 1.53548131703854107144 3.57799909908095958855
-1.81419418986036262709 -1.23164518160431146754 -1.01666309573531288279
3.45930796984872923616 1.75049413215320459614 4.49827184525558632089
-4.08301371935104651101 2.59654953914246089397 2.26593529016170780466
-3.08052406476489126774 -4.11701219558445075108 -3.49334159324783088962
0.97756545315844078914 -3.77494251812913761412 2.66373879672843028033
4.47371455852393307140 0.38005277428737649359 3.16726391014873076557
-2.78471401674683827210 -2.97363095127222187841 -0.26901575248851372635
1.52693418030041172528 -3.37344981474961658208 -1.61051227136310082244
-1.94655604749084254479 2.39771040097424847914 -0.18825099598735928197
-4.49812935083333531594 -2.28624455680510418887 -1.27310819090593874137
-2.87078198269931972320 3.02923917229752692748 -0.17307753959827731904
4.24453564674451921945 3.57269435451017347560 -1.62973315063968549055
-3.66121647546237882764 -0.44240922787294234553 -3.88081048086832636201
-2.42761578676651001985 4.38068317139363383461 -4.24150156483673512753
2.90347649725896683748 -4.17042460199324516168 -3.74049473135534071844
-0.46967363033697218100 1.36130441138858326866 -3.02297063546344135787
0.86306047464976742845 -1.19952753169045989168 0.72645053697201333875
-1.74644316750241923586 -1.63009879492435416637 -1.96703342461235797245
-1.17769209869710866911 4.43184413359534357113 -0.86962460550352727040
-1.44040045552007800467 2.85224993857046182910 3.96294235615245415971
-1.82638838305415474039 -1.68952303201833853308 -4.28531861559742033307
-2.36313379184851690695 -2.89475957711992570864 -3.33843886903259212673
0.64167758358821380682 3.06799917224795937187 -4.25785285150637538010
0.38610948434850644873 -0.43249522650321914341 0.25994123017208980997
4.39611189953934111685 1.87943921059944063501 -3.62336223322561412630
-0.33597575262449375089 -2.74314171683861696138 1.80429104995764699737
-3.83070851970367387551 -3.15742441992975075848 -0.75451140522280502054
1.22851089631484367004 -1.10140406511210553475 -2.49298326037797135513
3.41899166715815550077 -3.62126864580052609810 3.85528339619285187467
-1.90614266687521904942 -2.86492558643285866182 3.81099833924562059195
0.15141715166719116326 3.67798340455389283221 0.92846337580738413919
0.98954776926670451331 -1.33956139392495376939 2.28215146138811331156
0.33967503275344590463 2.42928391402786392206 4.17912241237495951651
0.28115253162760733829 3.57903808349285146306 2.81424561765586123130
-0.88158336184380559075 -1.29825022643380316723 -1.14459326756399981662
1.49342084974165612010 -4.13835337157677507491 3.84117879188994404416
-1.44392046735294243831 3.89415814236502999535 -4.23560958685824662240
0.57638883650535621683 4.34091505745720862564 -3.70556250055119340558
1.81766011502694802004 3.95803413292441330640 -3.35060591282425157544
1.53163918323020897816 2.10417561562331822955 4.47026925990909429487
3.02852946672805600770 -1.08132087582453007002 2.51353818743807710945
1.24861456836738948795 3.79868816273660936389 4.08515714445934730037
-2.96204282125498608025 -0.92752499467258076038 2.79897347097682480666
-3.09622433117789253032 -1.52866532367532581560 4.34744856756529696185
-2.55827725132466676783 -3.96016595904626145241 3.29558559611542545298
-4.01500337124862038962 0.32690168655457618740 -0.90100517588746154019
-1.85993688226572739808 -0.14874652196416970895 2.53001266631023025155
2.22845600868164073205 0.99483076227319777729 1.47481786078319121458
1.61283437596788470358 -0.20864362497703936583 3.88339497771000541348
-1.39362471899366813233 -2.29435625498231088315 2.45787004627653082878
3.11251090072631431127 -3.07065340415947174435 -3.85773500285401338417
-0.91566958334845249823 -4.36494795611049468675 4.31183949661896104288
2.82235543066839511539 0.05606418387475020637 2.36196613718148551442
-2.70582474658064109363 3.18257608395020508141 1.36844598023805730236
3.26738402349853540585 2.62611625039442486695 -2.91053752211277760864
0.70468950013263498278 1.05436296086878655842 2.20560591446975351460
-3.79021082585662760778 3.27448754127078167642 0.38553208545645212268
-3.49652798206545467607 -4.18307522424500000113 0.92170915722881829879
-0.39689838321716131020 3.72639307520239260185 -1.41494637600782668940
-4.45347890616996000546 3.63512854601305246405 -0.49485940191321908799
-1.26673197323763053745 -0.40197465892503103646 -0.57225746948576095008
2.44748335579988030020 2.07144397449637285291 -2.62995822993893169084
0.73627920877315400361 -2.52737265167722835457 2.16108072294362063559
-3.52672895056611990228 1.10727986766549246767 4.00879421203592922751
4.06412474696367009841 -1.78695560807717068741 4.07829929336405694329
-4.25550694055947609229 0.63409240723545678975 -2.24920044217890824356
2.74125929706455995216 3.24653731638312326169 -1.58113501760788377482
-1.75632239895389075102 -2.52780107926423758258 -0.25515416244574229410
-3.45344367618307179768 1.74456553775152389818 -3.73251176816929008950
-3.71761977373481045106 0.57180018184639269663 -3.27180280106976573151
-2.56109362140485963266 2.89767010214910847310 2.41701053921389430457
-0.81984011672594636622 -3.87402669283151812607 1.75350069331679137008
-1.80958698155852104605 4.30605151882902159599 3.67723513085779796228
2.53320979749061958586 -2.55449961295210314915 -3.07641852286062045252
3.00805947718766386600 -1.17480976223283528626 -2.03795894245684694468
0.35069011253079462875 -1.77625522988815420788 1.53785711442135841764
-3.35422332056157301849 1.62473116495602187825 -2.52902406521478706480
-1.48690395009855524933 -3.05876695723558533757 -1.29174807594416041212
2.02480104469761368335 0.81120180042217793215 3.48120188993783141740
-2.95404351433794643000 -0.48878433817276789597 4.40504133728629643230
-4.31102528025710274306 1.33623525922867614213 -1.30974813913615806271
1.56852923406830324637 -4.25558847935118933492 0.29087096558152492065
2.44557551252284621768 3.18708779221559179717 0.82437207926262789925
-0.67825348453689748851 -2.16417105189123359921 -0.14847749698484147274
0.26906748939911739882 -3.66109161045197772921 -2.07369244787593665080
-2.26798279815334113962 -1.69021412490117972638 -3.20354770417569101326
-1.86322087199148933578 1.47516821939878273184 -1.17780919317214527453
-1.17348495070239078331 -0.74681354756372364534 2.95194943605055648561
4.29148989777223111020 4.23191925878969765762 2.22102251442532239167
3.36292429637838097278 -2.73145004651356293479 -2.50194417588791440110
-3.86817176951066965529 3.91133112171068386687 4.03174805414344472609
2.94173907049344851572 -4.17992177335621306611 -2.54866697366541083980
-2.62431778097723356069 2.35274532091131494127 -2.97438639280553251965
0.49106250005867124742 -0.44810977985844147042 3.83937632575735232621
4.07231841970911201400 0.39218194405423378868 -1.33421379968692122020
-1.23181841025453930882 -1.50774461511323831786 -3.41526419544085646507
3.48625149835667169640 -4.32272902955054760810 0.84469994863072894731
-3.02720221522659693747 2.03145692987278447816 4.37533881475427133267
-1.80776820314617703289 -1.62663613922146499391 3.37038105496429540864
-4.39926142075864756720 -4.20867061001429565437 1.61022205070352342204
3.36434255797999437476 3.67759649446058656252 3.60088469160079238662
4.48097488304873348142 -2.82270652845281677656 -2.21743277378820691226
-0.34713182862288682884 -0.34236702001533458883 -1.67131286737641904239
2.97793596031568519322 -1.16115468949935962684 -0.92686607685443966886
-0.50905378962711367308 2.57098751252768753517 2.29381075418732471860
2.09214745266612478503 0.37862271996697671739 0.32885588713100322167
-0.32975923560224629227 0.16756519202789466050 0.73837374828866053633
0.80533545318234800447 1.98960666530771224103 -0.42218254876638017237
-2.48635811968665176863 -2.38501296483468427923 -4.49220367166364997757
1.98003500345075078570 -0.92659567419484245576 1.95758814585992535484
1.61197890628044859795 -2.73790539919822117909 0.68519307441702270722
-2.04290530133694847592 2.00759618126607985999 -2.02760293656836410037
-2.83190676345566494376 4.40581535696494963616 -2.28550012137126845602
-2.61361916952956274685 -0.22374522594276058385 -3.45156232302054277739
2.43631448355906332637 -3.05299133770439423685 2.35091896039120573647
1.47392172143658495287 2.67426216083400536405 3.30950566985928951169
1.06848018853524795446 2.73111811817837946137 -2.32202908137881891548
2.88759359873619469994 3.01870701538703745115 2.93097681911922602893
4.33946883266252125821 3.69342088274473479004 -4.16774340919000074734
0.34259477529454240852 -0.28763914030481352313 1.48556228292813763403
-0.10391173406866904827 0.41732579040485173749 4.40082885930614065018
3.31687486738843784195 0.24291363806356969235 -2.08139798827936939318
1.88868544212915789871 0.09417423998079232916 -2.44539235515502051399
-0.05508067911978908882 3.92958709458529842351 -0.48090815122745134147
-0.69197421326959229759 1.00011011024500451327 -0.18829138762381347760
-0.74951055243965702957 3.15895227930787925175 -3.47663933585774209689
2.04593314698337902513 -1.78724207557658276713 0.41989512416916152659
3.97574226564552457575 3.18633694917674947789 2.52609779226499764349
2.50140261045731548961 -4.33739587418196492763 4.11229410211797752339
2.83820295480145912137 4.50555524144472574477 -0.24237208279430877411
1.53582788761410604650 1.48024960213934608788 -2.31850507800694227711
1.72327195100428287589 -2.30522965446239869181 2.57552125377279406138
2.69522364786285084648 0.88057808833655482061 4.29378562897632587436
3.65960271938449732687 0.09253743940506797827 4.26749208593538664758
-2.18371874184143699438 -2.67631297774421872404 -2.20722518517168930785
0.88131411841728546364 -3.55880559397363871454 -0.08177355136954211901
2.92710194063754425287 -2.62448159262001379233 -0.16304815222763302529
0.35146166961180913546 1.52975817540978287212 0.56315545411227407868
-2.21583920745426254939 -0.19193523693723957280 -2.37629754340050203254
4.22814965615749027705 -2.00853877285228010763 2.90004386190706409110
3.89080490948439727816 -1.61268278779096885245 -2.53112080490064750293
2.45087189899358204315 2.14590893427668572002 -3.89232756793744849588
1.17133958090506506977 2.58600263777266281551 0.47803148641395587504
2.30834551399366993962 0.16577125073909115827 -0.84346180829753691910
0.72944685536825382144 4.17031320849380460203 1.83499084910541920834
-1.09357190065001441681 0.51776203747457039128 -2.77137773286734390155
0.45052962165083965118 -0.54720411838529869897 -2.36475339673140227958
-0.99979296568927189526 -3.30167782511494589670 -0.24075530804608202828
-3.76361416724836495007 -3.01025350565582705542 2.53915958713312761574
3.88045415135854110389 -1.77014674975247654487 -0.27972947742886944411
1.08949804794836691002 0.97472184472683043310 1.17361237578066290865
2.48648357297677247146 -4.01093979338373252119 -1.24412964582345786368
-1.92892048791247061601 -3.85552539826685825020 -0.64777486676145690225
-2.73327054651129275342 1.82169328904017113757 1.90195552823226865513
-3.28175623051404175001 0.50464863428646378196 -1.48315182963543179540
-3.84196997811552076740 4.19119292905394313919 -4.06100448904754429691
1.12750737697341119059 3.57187375899629611098 -0.39945200315536677493
-1.44199443407102423365 -2.42892663620806015246 -2.93566804293149008487
1.02152949673700188526 -3.87724531679804584883 -2.94074613260648209945
2.76719222508639983715 -0.45559804285231741972 1.02643819428915961112
3.39382855853678311320 2.61101282160518088915 1.72434219509124009306
4.20661118407076539683 2.52223827748530826653 -0.92688402874388264863
4.21310333999007990968 -2.80904685721008862131 3.53952525072205670398
-4.00780556106744878520 3.24527014799487378838 1.47325069483246462454
-1.67625443660496653564 3.73552597161117194702 -3.10731575800326886849
-3.89978461336557247208 2.54663853767190495603 -0.37677738497296608955
-2.81422939264873317455 0.97317371505325844794 0.97156294122013964198
1.56671941822752192053 0.48787080445648367544 2.44728386808835196575
2.86504571850047096149 -0.86226392444856836406 4.21348908511159603307
0.15710285147093294711 -2.28810060176288621037 4.24737562073312613364
3.15380913745300173190 -0.96304695619400604301 -3.32371517629028856433
-2.58817947315573038125 3.28656547574770829812 3.72192596946491516263
-3.78117145901115891959 2.10854230208390625023 3.58300477531220007421
-3.83673708983982475473 -1.69542921682679903483 -1.95488808642960876227
0.90673440177545128194 -2.52587941483107725205 -2.91297063615211371257
0.86866635417716064893 -1.50766501712928491230 -3.41269446230530881792
-1.66359206684111082808 3.40641082680242224257 3.11691142478433924623
-1.62003871474802174646 -0.73850176124434119274 1.72962049289345554115
3.37452734871771475866 3.64406230643345718789 -3.73448916495845884000
0.30577443039122442769 -2.72544940579904393374 -0.89183050783092099323
-2.35195527296648032589 -0.81613160795843731066 0.06683820523385275436
0.25213880472151473100 -1.57926215401441094599 -0.72196337298795576487
-2.36492533286618522581 1.44092427684909996088 3.86957373449647246133
-3.29601345835161518849 -4.01351467989917054524 -0.40516136009570313803
-3.44711774304623697063 -0.08603278998420726964 -0.16811646394196522181
-3.93671521386751388505 2.48843502960569384896 -2.90118472110131264685
1.48543891424839724635 -1.20655120862943698867 4.31646236598457644362
3.55309497210505309539 -3.64518974247613991579 0.07267931860990195503
0.32195754539674847905 4.36370470128351239936 -2.51324907041798173424
3.45174346191916825433 1.99975656266547119344 3.37736719263591655960
3.05992900613313345559 -1.59292634157283696794 3.49780693924294627806
-2.71083951966864633576 0.24914903869472482256 3.33855158929573292426
0.18604319013756054346 4.00447632731831770769 4.11471781530616009803
-4.21285642064887611014 -2.10593860656519460406 1.93943643666166298800
-1.79745898661603575874 -0.68271457968200621735 3.90303920345074484288
3.45045600175368427642 -2.19646511273105327078 -1.55896151135582794467
-3.44280957685642308164 -2.82298848703169324992 -2.86321750340560843284
-4.42759718394425672017 0.49164364088897549721 0.40710066479166240327
-4.11693755334618760600 3.25420968455517645168 3.03820457868300142223
-2.73311635450885814791 4.29885644121311560895 1.62209480888177193236
-0.30291633467440792771 -2.02289899436373143971 -3.65589730233070397958
-0.10705056247278132986 -1.38373001507711945735 0.26675784170753669144
-1.47542451552241793422 -1.50794365459463941548 0.07117881579745599652
3.17396950095098429045 -3.55192644624429343381 1.77880496691547840271
-0.64924750512200413155 -4.38585848397959221501 -2.07329773820514740024
3.29494032315125995325 -4.29581294921550149724 2.62025860292836743071
0.07755675771636472149 2.52367677336455908943 0.30860197658443855318
-3.70330215478132362961 3.83274715452327097154 -1.94101913889970401073
3.32749286043119774092 -3.24603339938036228318 2.78179476174946405109
-0.80788576184213667375 3.71931702879240244641 3.92574739025794716696
-4.37159566505548191628 1.76006807425305300541 0.13279827873504412850
-0.87551053481088469965 2.99072955481699409575 -0.40748202139015265999
2.31734586663350938807 3.62421065617887716570 3.49419500987522813062
0.11910402666143049544 -0.99690745599782948361 2.91259797272282572322
3.13077560642584007411 -0.31925252282263993919 -0.08973943444991228091
-4.33693951131258526033 -3.09405882098798379332 4.37233569056050708213
-0.80042512403349030947 -4.32469290342718615250 0.46530202960964750503
-3.52297939975639451404 4.26350448333953035984 3.08169202569098121813
-0.36006242230952878458 -1.24373925452583566909 4.03709238125297975586
2.07107595640887343080 -3.76621294488630020680 3.08209903450115074719
-2.83833250315241869544 1.81989245295010704240 3.08454048138173497762
-3.39928142558708845655 -2.19810630577131105312 -0.60297077759241313188
-0.08423552737869854923 2.63996224704833526431 -2.55145807090884080282
-2.53727844738983066009 -3.97509048537191356232 0.34216876982603494639
-2.99061540925328017693 -2.34952470129229373796 1.86282180925148299622
-0.56361693593600037389 2.46009290763615684483 1.16323653489330602895
-3.23772523560033453904 -3.28169026665777296969 4.15398786950698006848
1.46331544137581737175 2.50583338034312941289 -3.29204546985834367590
2.80340177268542500855 -2.31468312661402819685 1.49364717984162620468
1.77296541847254207624 1.88652864050176560795 1.18369192195772310328
-4.01905639451290674913 -1.19890622339842689570 3.48482503275392030417
-2.79883381867116209918 -2.97391365048287381612 3.19694761138363592323
-3.71543527509490090210 0.04303258192078995847 3.68218974743780780301
-4.25815242275869643152 -4.10428089085582392670 4.27326056123341313508
-2.69735517989063966482 -1.05919795933299543123 -1.76579616632967439926
-1.53825866294131508027 2.58629838516918386659 -3.59397727373318609523
-3.75868877755049890510 -2.38290036529352011740 3.37168649742309955997
-0.94425853025102135518 -2.45329517321264534147 4.08116536533018514632
-0.25374627977861941019 1.84837570851558385954 -0.67676781316926248877
3.90612256420911929666 -3.47503551227151907810 -3.38552081476624699974
2.37728281642681693597 0.94311797741948044660 -1.83045136143030928721
2.50155757972591263893 -2.25356451576252725388 -1.04038385645634257060
-3.07397631740444277071 3.72979943989659457060 -3.60580878015731798314
4.23643508011929537105 -0.29762766104689042379 2.06638274378718822533
-0.04932744132301980500 -4.53474405090600640733 2.51061706096497516683
4.12354725850527170650 -2.53268774101890192796 -3.65887602965984815029
-0.15345102806236443627 0.34410253095029919024 -3.64083623422680835446
0.57398997971561271925 3.42403580377023608605 -2.93456826270028559023
2.39130449444890391675 3.44849032940064947894 -4.40704580823057145977
1.63567434900992747515 -2.79900651217522966618 -0.42074486187706128248
-0.43129976273864389924 -0.74094025247664152545 -4.16964015338164273317
3.93378514567774129063 -0.90379743136149537364 3.27557792361351918231
-1.87359607900298597016 2.42895742914257173339 1.49256713760848480632
-1.16965785172260439140 -4.18125956955948474558 2.78413285631807472242
-3.25614227526534660839 -1.12371658961101594798 -0.89154841136695228698
-1.99692880506792169726 -4.28540755420777141893 2.07344226056352542997
-2.81083843019560131182 -3.49920025087159558552 1.62662439658101831697
-3.58893031873788093122 3.92156044663988456733 2.09638207095563444682
-0.93825076808425045272 -0.08386514316136306491 4.30055853189828152239
-2.33417567169596340548 -0.26265531844294720543 -1.14040260615690502988
0.08169245568980709749 -4.33512394038025483667 0.96092190396664811658
3.18406307833946833341 3.76655130284802108775 -2.31092799580832242157
0.98101384884797315777 4.32482904407016999215 2.99019946078244291954
2.68145435046242130994 2.24561428936559792646 -1.33896019731087934090
-3.71536010751435741284 -3.91155140317344951484 -1.53679082082778117879
3.25741032362225091390 -2.61228776971437071097 3.63534751743433570681
-1.99011483584079051923 -0.62159575490125762443 -4.16023230822683576235
2.78736227945215642166 1.86609387215251665282 0.90758281357329195771
3.26529785033014885443 2.80285542274069410240 0.08101107311977706615
-2.76846314775375779149 -0.01941502583934440196 0.71375005376364519805
-3.03087929269621714212 1.93514234924093475598 -0.25882072551868695598
4.20345500481796729986 1.55127055398232105432 -2.56717573205267557412
2.22653220642878491020 4.39440645238221971880 2.64172029222510307278
-1.25626007878833867437 1.08293366955201886270 4.01243256129361025586
-2.30297753941917582310 3.44380524372604579497 -1.04202104099186865227
-0.74279630969660281892 1.90189675135225133573 3.41522196152641299705
0.62215244945354086781 1.09311299235665426721 -3.77307106568773686917
0.38173900721700615435 3.01561635577019959698 1.59494645817632285656
-0.88807583783422172630 -2.37220125652857660725 -1.81941771544428032570
4.25665643723098607865 -0.38542577888701590183 0.95964183920521950455
0.18760596003503149376 -2.80704993345895914558 0.14234149236814364059
-2.11285001962545981868 4.47472738508625678122 -1.47637677113116660976
-1.01980841211992645512 -0.63023775723918129543 0.40397490974261973662
-4.26698132281308595282 2.40537408133420527179 -1.95079664331858904092
-2.33057682588027947901 -2.45492964749693598492 -1.12580229668220477279
-2.45062014786844750702 -3.64122522150093042015 -2.62708441339992804231
4.49430437113030745166 1.57803490477314856122 1.70555365466301989130
-4.16204667061184974131 0.30794020930516818879 1.35358313397542673329
-2.24282774979947641114 1.59329647090186998781 -3.72685909016789373993
1.42219693413356207401 3.32769244337317804394 2.38727419880072133651
-2.65765545534700553532 2.58649864933125517297 -3.95220043229221351666
2.97036490422840948611 -2.08410087423581691368 2.67807028446619721507
2.58254086145197270241 -2.90149989755649029277 -1.85173296229033601534
-2.86791698140923578819 4.15224699683105580306 0.69335141016594370456
-0.08236999000544020788 1.67835976445978740657 1.67907864864052491782
-0.19623819568464018204 -0.77763112645838639025 -3.16736307560447416520
2.88563025377731996457 0.12787553807079188317 3.55016295643656665248
-3.20255955860126784174 -4.38761569978500443057 4.10192936383956041624
-2.99098936570551288128 -2.97837905773005040544 0.75435376220430594429
3.88252722703269892435 -2.03236957607385226865 0.96110500657963715554
-1.06320836289423770182 0.88081607017722962638 -1.37290279679731153095
0.41356900386608419495 0.96349405112947206220 -0.36263065189145216038
1.41496816367258038127 3.37119031335795060755 1.25881224273315428519
4.35623549985477698243 3.20057930501579246396 3.88975741533896890445
2.91575639044613499351 -1.29548406595736542712 0.59613433138365312658
3.89177514385783585027 -4.04955421111997271311 -1.99137170545518582543
-0.03746064177166719134 2.06643813591770442173 -3.89230593508953592874
-0.56530506328221274970 -3.50793748918284986615 -1.18670461062635457239
-3.65868162261633633747 -0.60648859228769902430 0.67738999814006373157
-0.79687057416651985164 -1.55056486551509653538 1.68639477259919789986
-3.00507291377684859768 -1.43441231648677636201 0.53399509127258326657
1.69427805118122076777 -3.16484762137812625227 -3.46216370949361085252
2.74644465270789783773 -1.90288690076396349582 -3.83028846946220902225
-4.21885414232439615034 -1.14603580841247421063 1.62938530438856599147
-1.96984639167370989554 -3.65424768474975403265 -4.32485172327532474412
-1.22734311840055854148 -0.53232187714131296019 -2.29471979678679938175
-4.32931192780582208002 4.46185672927689491729 -1.08007801186769381019
3.23031714409015524581 0.45036005170073778459 0.99661292852424931965
0.25255340749670640577 1.28511554441290254402 -1.86426060167430307501
-4.36080217231960087787 -0.52162900716970117543 -1.26746754602566857884
3.53568934255798250632 0.68138216704407295055 2.57544897669658912065
-4.36275261863161833986 -1.37822492487288217333 -3.92264896800725448855
4.38696837624293589641 4.13949666210174438419 3.18491572683803614296
3.68347915922228263952 -1.53340049142169121410 -3.98520272042567968995
-3.37839786879674752740 2.21663604950936221627 -1.51190604677637363551
1.85890528027330059757 1.58645500882618772920 -0.90272056314421877943
-3.97216821659657259858 -1.81536353917950910031 0.75718974885226586480
3.06942329478707165435 0.22041198270297535089 -4.02237504073591267684
2.48308933520415120455 -3.57064965132926470659 0.27968479542728985621
-4.14788671961142085820 2.65444580216094205838 -4.20986134324053562494
-0.51590997822316975174 -1.91730092779080019127 3.11446511316230356670
0.86123498687167820975 2.05359084528707835915 2.06854752831379240519
1.52533955247209007666 -0.20842822284825857082 1.05498377579618729527
-1.85802802815447876128 4.28657034646820189749 1.03532855501362330841
-1.64527957975175542771 -3.19018201064537887390 0.60641321022989913558
3.92845585074777847723 2.53712352767313031876 0.87471391315136504119
-3.24178316686607770336 0.81809078719787731160 2.05602805511369179925
3.97317255548005565657 3.57511151518196701460 1.10270839773834072872
-2.48179160297321255157 4.02884519294648857368 2.64400366550783605391
0.92592835450587074320 2.82520136140708721939 -1.11714377759130112366
-4.16119739905827934479 -3.27418774005390567083 1.53818563800917207374
3.04329246426835275940 3.53133123770239887307 1.91443776744555815839
2.18810928250794134442 1.41205494365730821471 0.04235182819434601953
3.49421777494001783992 4.13618450171130458415 -1.00901206900800932686
3.72622139929953366533 -2.65358538239951213811 4.50665850839831616526
2.92684033391605691321 1.70664495640111457675 2.31499246444571316061
1.52982516805735269116 0.82166221984708709414 -4.50582859804797930536
1.72597597734421093207 1.61241850719069823583 2.40595570635454603092
-1.02605831193929475376 3.83100154450095242709 0.17114615733549864984
-3.59596413719104601725 -2.68835042113232747241 -1.76863073108045343318
3.74156032383138192898 1.06296621257003476302 3.63463131432409181087
-0.29082198105994372384 0.68848708693212667953 1.80509394146213519861
-3.80249345730702348334 4.39186073552025835198 -3.05100597571799836416
1.15047486766561135596 -2.92148453840080213340 3.93684775442700551906
3.40241402458280983723 -1.28342557838559967465 1.49250154189653105874
4.18117829881518066060 -3.88060338371511548416 2.96213835413340209612
-3.84578713580195419297 3.15860521237553637519 -1.12069627701203433645
-1.78999119338950674063 0.42493841719757874387 -0.10187242515617622729
-4.26922430613486447726 0.28333208932216447096 -4.26262504439032774428
-1.78870763539493538019 -4.32716241152633962486 -3.34099903339181159012
-3.03347299805168235665 0.49842088320267929902 -4.15214016172698041629
-0.39338182375266761426 -3.08268995039564330796 -3.27639413954914315852
3.46507504355577555799 1.31598756289824070365 1.47648482015254689514
-0.51333355700694571766 -3.55655456134067726737 3.43922835407815785658
3.77423067239576059961 4.51773084091079457636 -2.93781844283726600864
0.10019570519063325520 -1.84250363559614660502 -1.93480539449271793373
-1.64717463662895724497 3.55946884526149442962 1.72476563774536639784
-1.89708903868040223983 -3.15319948770327940224 2.03548436636666796318
1.04122134867494597898 0.07486836113765704681 -0.51957249875458799693
4.42757797267046004919 1.79398913334209897386 4.26294867404225197305
1.98697765298527695421 0.89773885363011274308 -3.10719059544768683168
3.84818674708597452394 -0.40588692873263099159 -3.92326920699643322266
-0.22865926667987412912 0.38073193099312341303 3.24948684627608752606
-3.29995048639524002354 -1.38209766263238176265 -3.37093291989125987129
-0.74226358173593176559 4.19677550397086296385 1.56157051635760790731
3.08599307012336065981 2.66913629792859463663 4.29447752328106258091
-1.00177596115667633114 -3.30728811418704493619 -2.29658778073104574702
0.19917101851102003707 -4.24225526040610656509 -1.23460869097179060105
2.32603593347809045611 2.13978100109969648912 3.49723077074235977335
-1.79266228048518794225 2.04000910006479152514 2.78606680455021393783
-2.84558832723358978711 0.68508569517371320501 -0.65411998272053217818
-1.06129705831671383720 2.50782505207869643726 -1.58018453702612404754
-0.84291702858309625057 3.83583590400335250337 2.80475681774932450452
-1.11053955632061018832 0.67689821431030949839 -3.93033559903977680605
-0.48874576529505464606 -4.23008619213460779207 -3.15896082522111854018
-0.74275262566293420718 -1.55086266261016891832 -2.43015837984076688016
-4.12299883400821265411 -1.42805207201240280668 -0.29556968623753121506
-3.16083470189455173482 4.09470877754375361945 -1.13254834174342278175
-2.56653710325472417253 -1.00579203333651978625 1.36654012500831267829
3.71610072386078105211 -2.77809317969141433835 1.98203127545848456492
-4.49021311272477507970 -0.60620579350669601126 -3.23708461487969945125
2.37820341976571736353 -2.59428012531567997456 4.30766846108260548220
-1.99001389034130804490 1.04604599934555508867 2.18538902813264090952
2.25726885656779074907 2.63442063900958611811 1.96734103239221802539
-2.25129462853459560989 0.21520611515342391584 4.32269407882608458493
3.81294901173447176035 4.07367841662181628948 0.10696936177577320848
1.80654977976037756093 -0.71102833837139822748 -3.83339500495043061790
-1.59539437007332995933 -0.53531689186027975325 -3.23210615336302486966
1.69442476161805899437 3.49881975400786426889 -1.36424930363350949136
4.46050602589888267602 2.36579382859968134767 3.13932190272130640096
4.39248712450695055765 -0.77394513905258621733 4.38334738129500944837
-3.72277800763925714733 -0.31227690119794360157 2.25858293066706128371
2.07371508298840012685 -4.14331593612122084380 1.75605678645850105113
4.02000372464452215837 -4.42380998030459782200 -4.00567803878471551116
0.41206773638503157997 -4.00216043858920311749 3.91735203184961644496
1.19640291681486221620 -1.92738483790597658896 -0.05453833303308464053
0.38461269351562688001 -1.39575259469575474469 -4.33865894227556481155
3.84078551666411716070 -3.18333703781535604094 0.96296607045110693690
-4.19819056353967301476 4.13498250991846116875 0.97511683863774045733
-4.30516277450239215341 1.48511235739372171594 2.87327824700372858047
0.97332126605495794536 -3.66871888791790112805 -4.20975279084666720308
4.51256439761985372883 -3.75708985225584113365 -0.43627623389112990537
2.07191340756216657581 -1.60895781141288729543 -2.94238081343535506917
2.01538907292535185434 -0.95202623090897375846 -0.37351802601065742238
1.84059025642829521274 4.35848631254644036659 -0.78558811798901517776
3.68936695049465424034 -4.51525556922281534611 4.08821608972768313350
-0.45131847848357597996 3.79247144836203364804 -2.56058089215766182534
-3.42718509738070231663 -2.92666472086665274688 -3.96704133914996326382
-3.01712651125464148549 -2.03193659571466955782 2.82224416278849421502
2.26654381645510039078 -1.87048864133530212683 -1.97762547459782522807
-2.11394142305688781391 3.78120947371159044081 0.10971591958146120760
-4.10075328616659806613 -3.72852784461792907678 -3.13523821815810821434
-0.50177070173929205765 3.02825685912924225107 3.30066481822628254861
3.22830613033776625542 -3.12139652486761765005 -1.08771969412522562237
0.96725932801797132043 -0.37092255677598551245 -4.14185076411538499741
4.13364563043355826011 0.89652603190600643757 -3.50059428704784503239
1.15910868976215208903 -4.37440803695796187611 -1.67194617682709045781
0.71400322324601628310 -0.23227852783063251962 2.60681267919927694976
0.32254044304918583208 -3.60794066312774130978 1.96051556709290419889
-2.41847810006923991111 -3.52764351093520378555 -1.56732051100260472154
-0.75350522047474299825 2.64790132271357858684 -4.45106621733020180187
3.93601713202026193272 2.77029847374293236584 -4.19104372884116926912
0.51187671241489596241 3.55737070834961155441 -1.91643518461630346650
0.51457345077365967967 -2.84196612163863759903 -3.89303886963226064566
1.50157471529590136328 -1.30255816293615600543 3.18006652394536981632
-0.35540859444442141069 4.02855555850744817548 -4.03478849019186114333
2.05410178948177613023 -0.38796721738706096971 2.94701473758234566702
1.01437726387924787019 -3.68220511979327991270 1.07329736886072257818
-3.90317429396574411271 -3.52417802947679925651 3.44266936133935796960
0.68374117174674431396 1.89000328857071675515 -2.77270262083676843901
-1.78200424823012859576 0.63710141327927516386 1.08219327667390263770
1.69403470329636984815 -0.69781124425705653991 -1.29650176633926772496
0.86481990847353440444 0.61790620562173170782 3.41051164839925746719


