394
-4.36666740215249848944 -1.39406197216844418563 -1.17739929823626887639
-0.41675344221767751662 2.22739281213255857494 -1.66149079109258224207
0.06169389115312728933 1.73176779714066331195 -3.92628226813652592142
2.70953123740487900051 -0.85381724618889354161 0.13517056326147791623
-3.20445687852056249056 0.47181102791459927914 -1.11478453434168756075
0.36058043201711331704 1.71091608989191978907 2.92122582742521164079
4.13908852644321978431 -0.66791695179409904526 1.66842015118651953998
2.07801271476554827444 4.21669106215161360041 -0.07573132542870020245
4.27104246052954916735 -1.29194121488926771946 3.14551717163968636015
0.18830704741048709394 2.35500829087866314637 -0.59432125088379894606
-0.36937394957301261655 -0.94827724516917477615 2.12579311257095859844
-0.69193964649634853714 3.50480945201112437104 -2.87375918240485628274
-3.79704105399811808752 -3.61253846651385712718 -1.87687924542407280626
-3.27677744398605064191 -2.40031341334221348660 -1.93573202831937951629
-0.13257416957836021254 -0.26842625409668929848 1.30981540342038638158
3.24856964617816235119 3.94003095421082161209 0.11680355778233320052
0.12359610343734939164 2.12611615627297378950 1.42184604584730234222
-2.24983591335150778789 1.10980246023021766888 1.85661867266620106420
-3.55894066006591813789 -1.89213806136699158600 -3.93355218140657836301
3.60951364838921850975 -1.71564472758422592591 -0.54700486570602757652
2.89532918804749783703 1.66891756999054852173 3.41702296005714778460
-4.24425768229173971946 -0.96378710473082485066 -0.04958951712143377932
0.99160417319838067840 1.96001802453976203822 4.38765284736213434513
0.86523301921175210794 1.35212584782233768976 2.07116747047842864049
-1.01104908555058337072 -0.87252864437540145204 0.39512750550082298417
1.71760782263958766691 -3.70631300200912905396 -4.08217959774609884249
-1.39856448958767387580 0.66926914659045078082 -3.09077796107149849192
0.91790986792743645140 -2.79521681469667804265 0.02427781894188374423
-3.91827409550996863530 -0.77799579514081251830 -3.94973110111900638231
-3.48741339345542389339 0.97858804258334419757 0.16654352624706270092
0.02588256421089418780 1.28838732272009703905 -1.16455389236426043453
0.87524162381023007384 -2.96385966696639435725 -1.55123171342432186748
-1.91463651562293879493 -1.51365639679868069223 -3.06616564567485427872
4.48381346928621038472 -0.05526248442335024436 -1.34956054221112786706
-2.41804487091475417415 4.25834318048216875496 -4.03238439530055359228
-0.06874372813836426843 -3.50511775305462380814 -2.09527911426345081480
-3.84937177035265465364 0.93587430649456848641 3.15004925699541882267
-4.34184149570500022008 2.31297709111844351781 2.84873634608449055605
3.83304467963581796397 -1.72880446673418930459 2.36574970373462090123
3.48626254363335252862 -1.51631455691985816969 4.07822489098538465413
1.75476207625308422422 -1.12152967962177951833 -4.27150394595264426556
-1.48755529392740859507 -4.33406744527444320880 3.93435886036142523636
2.05704646227688847659 0.31876069782300309186 -4.37355575788387529457
0.24133207259179556559 3.35323248320403077827 3.95279404615344187590
-3.07239776412345122480 0.56825385642788095453 3.60036830578181099582
1.35859853073933134482 -0.72481696500844261521 -2.50531603173278449859
3.49263540976863939846 -2.32304922691343795904 0.27005982873827871771
1.02972239613840876871 -3.31938305197690519677 0.91595704366087105086
0.39898020058808914001 -3.75483279137937175918 -0.70096748298305744385
-3.96746039127415350833 0.67693827267590389596 -2.41707967417784308495
-3.06715152567745175105 1.55510826045715955246 3.86393229846010921591
1.48472770047143054484 -1.96136769515462816571 -2.03202540688300947735
-1.82165491665722845127 -1.65123499350558233800 4.37092620581846258432
1.49787896426170519248 3.19773965708144825015 -0.83536902378908983735
-1.53156360176818884256 -1.14087256709183426651 -3.87962046554158979106
-3.17143635429120296365 2.12236859048761505875 3.08961340601362532965
3.87723448787738167454 -2.60078332974456793991 3.08990933788015187389
-0.74340199625614999945 3.48041592474269823043 0.82223984031188024346
-4.24468952487801232110 -1.45029757319511976021 4.10359355188402741277
-3.15181064970804047931 2.48578487107924317456 -2.56848006850733856510
-1.25869742802147310812 -1.59558411052846160771 2.04201851055466043761
2.71411002986295724071 0.24292974181492787977 -2.25550103774562282766
3.91406260151694151972 -0.82380601279980769647 -0.72916570159113103244
-0.47000530967098708146 0.77022761721629873222 -3.55843457922471539945
0.39205512932798480819 2.51875446937011648885 0.49747451841856271670
1.83137853110326975781 -1.48000811368215146047 -1.00007423726478927861
-2.91408331427991029727 -1.37304237206701440499 -1.11611218636095710366
1.43029360191689924875 2.15095969462422864638 -2.13651202476986057377
3.14461316991189843151 -3.93096442844534355032 3.07319602419081494560
2.92659445524716055331 4.04831112992172403864 2.59706042454007413056
1.81461443255924681495 1.24748002894148779518 -3.03877267012838059301
1.11691919877423018193 0.42580650110556028665 -3.89542385532479018551
0.04961509599000546444 -1.21142395496029653401 0.29991393142805744532
3.87441754152663353494 2.22577328546171493429 -2.02837565877704451012
-4.14936979513768555705 0.19611898862842913616 -4.28556151834295206982
-3.16216286645456445825 1.79238434574187355253 0.80968440574153266454
-2.84417954909685155584 3.99157408095858468045 3.26258544044416165519
-0.71831524484102038386 -2.89962752098768117293 -4.29130751538024313163
1.02770060034548027517 -4.28680668809082199289 -1.90471906881009500623
-2.04572968772993935005 -4.23518571619366213099 -0.38347429819285494546
2.34958868652743113614 -1.73285694682897073449 3.95932869085573546641
4.07390107593794592589 3.01944158858086186825 2.52790847899465642712
2.00473274569479276153 2.95256677025914093804 1.35896949008199197095
-1.46653789541267798313 -4.34976645883440760088 -1.79996095945597822663
2.68834724679341530162 1.56991376128389248379 -3.52482388503511900879
-3.96797712839935190487 -1.09589283173354123946 1.98447341249884168235
-2.92449440623781153903 4.43966084424846751944 1.98132049159833290020
3.92558110479403854498 2.37810229563074848613 -0.17855956735825362358
0.41500524836604579804 -2.00347597271137090047 2.74263213254964366428
3.41554907349919645299 -4.24880912140505540009 1.98321593376045068879
-0.72044993465441287128 -1.32458289432131515184 -0.50460576788930922021
2.35198815758079682325 -2.94493960728591819276 -4.46827842235027627993
-2.25743135807705819218 -1.91962190169935364992 1.75731239042246478732
0.79929266770982554391 -0.69135497595735095899 -0.30657206806785186615
-1.50531760235619715971 -4.50661224204623334089 2.44242275382111362347
2.71377857829992397143 3.53438063482027953199 3.38044836449302898984
0.32581809761103208700 0.68024038010537690724 -4.41971460221726175632
0.89134717642547922622 -4.31307557990077938825 -3.13799219491262348924
0.59563604934763692000 3.71225940649795571602 0.13430831089765593589
-2.45912822535552377801 -2.40738337542451619200 3.74272016073410451753
-1.37459414539818824963 2.49651765964587202262 -1.79299822862143454216
0.38438497767205603850 3.89103546366732810924 -4.19931355204119594049
-4.35954550602877866083 4.44918252543058034831 -1.85743212582373917741
3.52931838186945423530 -1.84622974721193600089 -2.48070727007994085156
0.17452702472398851086 -4.10156292551819223746 0.49222531436054861587
-3.02356161307541171368 -0.86989847416451349105 3.12249068548935948542
3.80676331382953403448 3.56633709485812300244 -0.94980076501709032044
-0.99909898715959366555 3.13487560546780219539 2.81594430684002450249
-2.95420972863767028471 2.84292862006307434086 0.95119848122568040338
-1.57748705967338542777 1.20009497427330469321 -1.96309214670852938411
-4.16932668801650230250 4.21423300937422862233 4.28185720679427372914
-1.24906306701339442355 -0.37905538712370745458 2.18898721479698643577
2.58351088679561513572 3.74611295738111760301 -4.39859163352966131555
3.73995822106310615851 0.98172793132659563753 -3.11554232768306649248
-0.51925732181821082634 1.58223038792495440674 -2.41580523401372193604
-0.46704306212620227967 1.54174817555498044896 1.98587430389847696688
-4.18324693054943619330 -3.09034815652021022103 2.94580286028599669379
-2.74677998560302594200 -2.30229972881559108444 -3.21953198186992661789
2.77760733184411279240 -1.25398113592132443017 2.24573880314567286831
4.44323210022455850066 2.52142954745286917984 1.45352511188270661080
-2.89569447046419670144 0.13882760939486438190 -0.16961710217152869973
-3.90966401867708635010 1.13585285804122460007 -1.35558744902661043596
-3.10961550214457549401 -3.79872125462410181740 1.36262457193272901179
0.08876230067855939154 0.45394710204124955055 0.60749433835963273509
-1.35172784414835955857 -3.68239611517689491293 0.71818849809637441695
-3.10453222769746695064 -2.78141134943422452253 0.79428846616675752301
-3.72190298758711701765 -0.33933346967427002738 3.79738287403644125817
4.21767314817223049062 3.39961796311563801964 0.95347568680641359151
4.37293438978321713506 -2.72425448318315188700 -0.41232659876678212640
-2.41909790822321690840 -0.66153981329649358401 -0.27371469721305086154
-2.39073411620639530994 -3.06741022293158049905 -0.03163829384843364068
3.85004843519707673494 -2.92321355080494704737 -2.61430832564771398197
1.82473661020968069835 -1.24957755117024849056 1.11306618818515179470
-1.95432719211217209576 0.77632584247038227687 0.54088688779920168770
1.58613199983547659144 4.06459193844311794663 -4.41196984292756777535
-2.02032755523177787182 1.82071634359875655917 4.07636853109967400854
-2.61297204406290450862 -1.09959495323218936491 1.13557111550443146086
3.70927000617100777191 -3.82764238262722988893 0.67031058982847735450
-3.05655571097289024962 -1.11007652265006129255 4.22430187152303826537
0.09057556633252339395 -2.10269620283014280204 -0.78794839431825280940
-3.58123933298935259728 3.24147339266988598894 2.87037955376090447857
-3.40162165221880297139 2.55359321567011221532 -3.73942461781626267481
-1.30221132489853586023 -2.38087455681466808599 0.02235173390130285043
0.22262081939227762462 3.04464483507810701468 -2.08957428072708095712
-4.48170857640582642745 -2.31340644829915031977 0.49619097065085338016
-3.58179852493463846130 -2.06116158490244938406 0.02259165620945324804
0.01112694630106592086 0.42114593237668263015 -1.66828024774666694441
-1.45029731674277773124 -3.58605603116148463627 -4.44167276927669352204
-2.03159075044940884425 1.52323697513248390578 -3.00256846475778882422
-3.58214876796663972414 2.51051651783736051726 1.76442302001001838363
1.93767350830251494642 0.85396074532657895162 3.25714520906608751005
3.81124240649173184892 1.37878989428651888005 3.84931159432769742779
-3.87065618579646031350 1.03035523611311141678 4.27354110921126828515
1.55904498316432604810 2.37747737963950367401 -3.05607319270440358494
2.12336773807357648280 1.98385928930367061440 1.64996476704134664715
3.84381083371912080082 -1.57128143047341284344 -1.57584569084198111710
4.51925749342092952787 -0.26494530110457237271 2.88828005001456666889
-4.33863967139227657555 0.19313388319302493557 1.70613779701768830677
-1.94413974054560600990 -1.32377338562062263350 -1.60677464993251062353
3.35740446989793728250 4.20318357324195002178 1.21121559963350744482
2.64164293092673485575 -0.41699795776477088793 1.27065331114402102486
-2.86860675376747353837 2.75335112586907460042 4.13117469418416849436
2.40982781737807894018 -1.36002102345863651323 -2.35719094024052644443
3.27517082940242243438 -3.15721616361391221872 -0.45674451376576552519
-2.30308050948246822998 3.12129019889115433273 2.80111546156699109389
3.19365334302157410917 0.95245460048474583914 1.18338574577167321422
-1.49716054851924917912 -0.58175375341316737376 -1.01596712522889642827
2.61538116501307893458 -4.14846808060384120154 4.47426971626648306568
3.91379828295565257434 -2.74085150328630389183 -1.29705572609034991416
-2.55077136177397978400 -0.65187231098809217400 -2.54468722011252346249
-1.46905507719889927287 -3.27706903176707564640 -1.25729463770611493700
4.02154845610348754548 0.28598895199181040283 -0.56793541629563870643
0.56754333138393509017 3.51993528366985497513 -1.12420105692505778450
4.26281938687501327223 0.16122593785033068059 3.93732600387968201261
0.57825105152887257276 -2.23968880411005955011 0.79876328934046192387
-1.54599550884526015793 -3.49406917280039586160 2.01360159749016265351
3.80755765857980943423 -1.37015277514150879412 0.59286713046156869211
-2.57296066488525765337 -3.83887435804868859535 2.58192777007204465889
4.22262067776912441985 -1.26727762637896468334 -2.90609604521322806292
-4.40422239639157186986 -0.37561903254162753996 -2.96601154839694913790
1.33670317995231968666 2.28959231360010484480 0.72884605768176502494
-3.43920366510027220031 0.13086678727218892249 -3.51066980109657889031
2.25792216278961976883 -3.82199845647071390076 -0.30945391836652724749
-2.05986715709261636320 -2.42528319580675466582 -1.65676478991573672417
-4.36807724133201258354 2.95232965441735473178 -2.86718176251630607609
-3.72132463304472294041 -1.69533710900015499590 0.98877430593554471727
-3.55284023336694465556 3.66836722889976751816 1.83553528855522163354
-3.75299713730809925138 -2.21094450392968822072 3.54572438053597327468
-0.86236007516051671473 3.14969037827997677681 -4.15994254490822701342
-1.60447651758424836288 -0.78854490270319876899 1.32113106628444665347
1.14997906324874410444 1.42015189576504052837 -0.82164610700605678062
-0.12062929064135730073 -0.37507245635758401647 -2.68722314937955575331
2.01346299849440146801 1.36339119427934107875 4.31902578148920657242
-0.87519911639604419662 -1.06843347368156527111 -1.79504944934416421631
0.93990131756984585110 -0.45029973016391444673 1.33471509495844653514
-0.49081752379664322916 -1.04059438781610413827 -4.34700708965444260201
-2.77441852718429871061 1.10472769077864629850 -4.22038903035410228881
-2.74895528772235575588 -3.30899650785531118657 -1.09863434180148455965
2.95238713398522900633 0.16663750974382995906 2.95439527686507918958
3.39205810670304952481 -3.08599153349070931540 1.72403145582937522562
1.48739162772417277125 0.88995526385757450782 -2.15830640777782134521
-1.96123096185230982869 3.00033696880966349596 -4.14747297722896135497
-1.52382436852404090644 2.07799710469590070971 0.59345422453853569067
3.33240962821390063198 -4.51724183291293623910 -2.23274700429592298789
-4.35978227934885786965 4.52061028551683907750 1.91713086401790366864
-2.19378050573891547614 0.83967221148274884257 -1.14990341472137291845
2.08422167797917534671 1.17587370558821024957 0.92199674887576676952
-3.42514071991136459516 0.06279631070317215347 2.59517353255034244341
1.09461627969189745357 -2.51650706628258724606 -3.25083580315632891811
-0.20646931000557611213 0.31429931782665310180 2.14066116524870420079
2.94792618106951476165 3.47947565727922469847 -2.49985323530556557969
-4.53726101454484620490 -3.62646788962426702696 0.11095250941501610953
-3.72513550898564238523 -4.06159081562500645646 2.56675882319229486939
-0.71191049426767616382 -2.76968650498526258730 -2.91882687238651161721
2.85310103749108723292 2.85223291888396790483 2.47460347114681145086
2.00480400274941406025 3.59883732423353652763 -3.34092531440796536302
3.46426688093230250587 2.72006522257299643286 -3.39058149873809444586
-2.72365451364161215153 -1.85902206863312491336 2.75275811138449455484
2.67713719090654755917 1.66239658140217105853 2.41190702843756721307
-2.65563244693149957953 1.49005563637294269341 -1.91988655331849233932
-1.10990474714527875832 0.13156025958775607876 0.34996369782249825420
-2.35004096303851506278 -0.07922317387240163100 -3.57026039354247259894
0.14694187357308230446 -1.33455411607899598891 -2.18752961769827258820
2.70383939320994048927 2.45930537354655509574 -2.59111176957886435446
2.50055578822786817028 2.39986569345702616118 -3.99250579259067706062
-2.21787161434568957930 2.33021198704650256417 -0.81816543217101722618
3.82202054005174129969 0.29183309589816186502 -4.02754592788706933248
3.14355651380274903062 3.95882985669328402167 -3.38544774868050524219
0.58779089910532977825 -0.65097834950255828446 -4.36803259131739007870
-0.35657239322474243437 -2.24176797371119773672 -2.07478750227918196103
0.84975226243075585586 -1.18327733887521091560 -1.22540310853017686554
2.41230667546834975923 1.38821258000355829410 -2.13865844293952456212
2.40332740931969279785 2.16797068945083193370 0.17848031833938016177
1.72476558351991204887 0.98498787008389943054 -0.06712236670200155686
3.04875842722207845981 -1.74277381281817866920 1.09343480771271117646
-4.12649858474399966468 -4.40743829021545252544 -3.03750128873480340630
4.13244059852978562475 -3.79172641999112247646 2.66121527924535161702
-3.64967297289242420533 -3.83346145671418625511 3.56764562112807137595
-3.27172839135406734457 -0.44607970402755903194 1.58862671946351152741
1.74691371802208461617 -0.72894189230788519751 2.52617416552643980765
-2.54971306807864772637 -0.97296588854720678086 2.27281267175430823357
-1.94788862408356422407 -3.24745998745000719055 3.12853339860637635894
-1.44456019026188497989 -2.21375778943480483463 -2.40611684022934291249
1.21891881540204227719 4.42145583631852812090 -0.57099014411207793529
-1.47823790644068431277 0.58200208476769965671 4.49714173513845505425
-0.22965308949461160637 -0.27808318298826595338 -0.08555462184687190330
2.50733906392392125184 -2.46263617126187606132 1.96866303330456471343
3.13889812728317796342 2.14917255910608862024 1.48248076158788233414
0.32071706020266077530 -1.41955695517552182849 1.52761103176272960980
-1.88049821489588087076 -1.55218182192110187856 -0.35327728928518542517
3.78540495650881236855 0.15138292989240031972 2.20868038833409041644
-3.71659188383438232606 3.44057960311464583469 0.60122831896509509875
1.60105589709504769758 -2.48578571480599874732 3.46582444775017339822
-3.47167153724147103944 -3.11906218822960434878 -2.95704625408817189935
0.83570118689947747725 2.66251208866054067670 3.29223791131033483026
0.50478232174240122987 -1.17828677876401277658 -3.27555804413720164092
-3.48126233388780903510 3.45557619431669937882 -1.42282154657916759533
-1.24304998882679962335 0.51070412218282879024 1.41108060976027704925
3.14567076542353785129 2.80160203541893348955 0.64338447788220953782
4.11786488721013466119 -0.77231719406550425333 -4.36844730224305788369
1.36445009102395875544 -3.81859623379415635824 2.27280195890684488802
2.15506864108914530931 -4.22606655071995707118 -1.82348888373403594798
-3.27231077340665432729 -4.00547781198546104520 0.02130069971622639002
-1.42818596091187632879 -2.87632018379694542887 3.82723884704643158017
0.54084732641728372471 3.78142540109617275590 -3.10842628181143609822
-2.27196444226181215598 1.33046392763112830693 2.91020618574350020680
-0.58254185374199796144 0.67351455909779556208 -0.47776831593658464215
-4.01492594533389635103 -3.12134686529558313950 1.77608945183271327295
-0.66932159512493960563 -0.28579763349890452417 -3.66217629816049816682
0.69795242199034657204 2.81204862368048313925 -3.60499887752975123334
-4.12137104145258525989 -4.49555344721816219078 -0.40314002486175137818
3.53755997001055444429 -3.58000776332104253541 -1.71065956196948620871
1.43326274687452226431 3.46774307860733355113 -2.04403915661583290841
-0.95953601620207473744 1.48606043809871302130 -1.06414217883008621612
-0.71939089793616251001 2.36193985757222080224 -3.08122541196483368253
2.12321726595820248207 -3.46663907909262958285 3.69217546941104313163
-1.49657810234081489753 -0.30819163403851668193 -2.98952380104063486499
-1.88658741817699260324 -2.43190602427990709700 -4.07768466761772252482
2.80759481911944241972 -2.63641327815973758320 3.68885726450259898712
-2.53208335588277266837 3.25786877681732267575 1.84479398767046109953
2.78147677647749791419 -0.67538089152415503591 3.40242258441614353615
-2.39255770841118886594 -3.40248858610147841830 -2.21308865744198879355
1.55448599981974044937 1.96438959464798834631 2.48322022630133520948
0.57888362439898788381 0.57398759123136322557 -0.59875897870666783263
3.43286850948662181082 -2.60533467214246172716 -4.46382737564141596209
2.64765066778876345666 -2.63213841291261285704 -1.66263898414616129173
-4.49131459153215484292 -2.02197329810975690023 -3.64232516117689097968
2.71679834202791692377 -0.54048465525759459283 -4.38815998952107477749
2.25597792922525020032 -4.44306605589612413354 3.20789732750542544437
0.63254696994600312365 -0.50220074387410384986 2.23888365221734630950
-4.04230485279081186434 1.64193965916160333762 2.14048625241414569587
2.71549688597803040579 -2.90670083050366789834 0.87845825401979027447
-3.06640108748035045139 1.55353277883431051265 2.22564273234410858748
3.85092954162275713514 -4.07577349793302001757 -0.57255865276466666458
-1.69593041704334890341 2.12241364323392023294 2.98743552719425942144
-3.21427875822170427966 -2.89375318005263748589 2.70539205479653510622
3.64302172212835539966 1.35482654735538776691 2.17981777382463004500
0.95707909600574136988 1.32124028414490624073 0.94234485094291198237
0.42555173534823254045 2.27127355820346110704 -2.70025844142065984954
3.28511758446716672921 1.68064688020519792389 -0.92126444888580216741
4.50418308655513666139 3.23637530946531892795 -0.24063189091295633659
3.44256344002767011858 3.17269283122754686133 4.52606042090477256323
-0.10583096619437704078 -0.56491070801493581399 -1.31109565314686138393
-0.80591987821387345292 -1.27241124890416790194 -3.05019835260088179041
1.39110813218950291059 2.87908999041969870802 4.36668572098815754856
-0.98306469056802470163 -1.99983175604380214452 -1.31454829944838191835
-4.45705094255977751772 1.13678026306490576047 -0.26990696834405358828
-2.23056862939817790448 -0.00305936120130301248 1.63201625927530713511
3.37369116237484689691 -0.46415484094643044699 -2.59213181668185521644
-0.84388045477700002195 -3.57219778554912092972 -0.39004418149418551565
-3.38569983176634092814 1.98560440122230286164 -0.43968076319561255616
-2.45662317491068282749 -4.47615816042501535321 0.81703495350407084885
-1.74437243455691781691 -1.16458676914023318005 3.19429239830237765574
-4.48990041218330127037 -3.55935616663341169996 -1.13475290687830110414
0.12044412319088593222 2.59093631470835550346 -4.41144926189006802986
1.23756498198764663954 -4.12553108211883579060 4.16421557270579700827
-0.96022509550459922423 3.37835648846799951883 -1.26357202782584820966
-0.38658495932476011347 -3.16189956162616558899 3.57838696320420179831
4.34905479241738301965 1.83982849292676764463 -3.11627454309994078585
-4.44757091953921257499 1.72052943420621407000 -4.26934414731699263257
-1.04322016242865434066 2.72043603051819360417 -0.20264607341586327038
-1.12320764584877119674 0.07863604238677179836 -1.84843510399070654060
-0.32985590390758812163 -0.69188827648492212674 3.69421033785667862759
1.19873423746814200541 -3.82870505420568774113 0.08247387688452523236
2.58423204366085723649 -3.69643271272235285352 -2.72689591290227850706
4.35071412746826613471 -1.88800533974211415256 1.51116119296303885733
1.71670760974680192135 -4.36155545082782403199 0.93908872248327579513
2.93733536632405645150 -4.36837273127265746098 -0.97438689462122685114
0.38991655802463931479 -1.96822429842993784632 -4.29771650186041931363
-0.92479476187734199755 -1.99561524508811105605 3.86685417314053747617
3.15120082116770916514 -1.87745445262412369303 3.11146239268103474984
-3.57080749443730027792 3.68050285309919633647 -2.65114572821637528577
-1.02900532289880564107 1.57663987182253872987 -4.50737442251651820868
1.13192545097522323516 -0.08660887306644404759 -1.57612006996762143984
-2.78491570432345714181 4.40370208606613910973 -1.11096513597246149274
-3.17625952466853389566 3.93261096837696566553 -0.22582226784911174633
2.01320646424106008965 -0.81388041105665021036 -1.67235170634102692233
1.85591103632992204808 -0.49402522986960573093 3.95279810757562355406
-2.43738627348535263906 3.53110048199175086125 -1.66137137721128969048
2.49246439525382523783 -2.30192778954082966081 -0.30452918872943790518
-2.02576362880394356125 -0.45464694632930680029 4.02851863434535584219
4.42191336441499682763 4.51861981564355286167 0.93066077756008436239
4.30656609386368227632 -0.15513649010238950154 0.74266234241488504608
0.30259465620349956794 1.49108865619336850017 0.03354827886929623304
3.95387149635345291898 0.66370410750091579644 3.10351829226889552871
-3.97651134565629726936 2.64199870441002548915 3.94168882209298576669
-3.32382650755925190822 -0.70837502876159375020 0.38438208496965664551
-3.22107121649839456268 -3.91330965817144216246 -3.66137445054126287047
2.49908613575757598824 0.46991778689816499082 1.98669477009663975053
3.42988456212160919279 -3.50760229684012259099 4.05071548969673411733
-4.53620040344333741444 2.84088422969960152642 -3.97331393296067902909
-1.33408145370368291793 -2.44929334566196521550 1.34450209614010507408
-3.96886904439684728985 2.20808406109869448386 0.51494055355867995871
-4.05672361023266869751 -1.63479204768746289034 -2.21658431122193499974
-0.36866036111458733160 3.47677981956995463264 -0.17260419006324223545
-2.02272429216850246902 2.17706588117130728222 1.86472504482430245787
1.55628995766033817461 -2.99120093959268640305 -0.79458187309087957573
1.35580756637610999604 -1.47971369114945616730 3.12902168463350083272
-2.78058448897867149796 0.54012739235133899740 -2.25850247610243304308
1.07589012773768999409 1.13244340870498572116 3.71048716389505184310
4.53269795850554313432 -3.19820557914513514675 3.83272411706404536602
-3.37695764710736323622 -2.99661951396036885242 -0.15905623006391333973
3.48506115900637158944 2.02656557037107010188 -4.34183295115939493769
-4.15596578673171279661 -2.02762299240567367420 2.54179637110355916008
-2.17753787230319817425 0.21255428930692943368 3.01359883911609216511
1.04560703740611860013 0.00130155823003264004 0.38909102983038401646
1.01273233397593909189 1.64429275099041749542 -3.53817271557145307526
0.54132457637168229780 -3.06824151070469319791 4.33070144617042718238
-2.02391953434942495349 2.76512297022279174286 -2.45508603851811857410
1.30013300903547968090 -1.91501861629497227568 1.82040045184333987294
3.21667515292056549470 0.89642795515679019047 -4.52550844738713031745
-2.78220817077118987015 -1.14928124406595433271 -3.63234199492223774897
-2.34617600099219369980 -3.53543617266012999423 -3.29498927937938734800
2.21254831667180784649 -4.22838799248087671145 1.75009804171266125650
0.65291063325490128477 -0.40862043014991034084 3.62735894477938725089
-2.88560984082993110533 -4.27532852222626225114 -2.21091733732220685482
-3.48030069116521278971 0.68527904428179375884 1.71728221133393699205
-2.97777613707774246876 -0.11173257835301342311 -4.48747296727128830440
-2.34649533998479942198 -3.15686640970944054629 1.45746822903678641126
-1.99191999621372151097 -1.92371865213190940125 0.66925420961520210028
-0.75920348640510448845 -2.79346905048930205240 2.33820477794070846755
-4.23844683431321023193 1.06470952450254596755 0.90780912161918525527
2.99284837836623562879 -3.06581693596305404625 2.77494914105315526598
1.86755533967071052359 -0.44830524361374823883 -0.65866105954949638601
-0.09670506534317269143 -2.79562365865110518115 1.27804584751056715675
1.24772258907379729465 -1.69464432862432223814 -0.14794999674391551281
-4.36722730023061789240 0.80725751617934093929 -3.49442244973484017478
-2.64977164433077128081 -0.27055392946333700621 -1.60238819613034788603
-1.29803299214072964674 0.95735874421498934339 3.51003221986350677497
-2.99654995168307092257 0.34123710289867137391 0.81798383430303811537
3.98743901183465343507 4.16852632854718319066 -4.22310699223738605923
1.67098679330149213484 0.61344169484178578955 -1.07006108599928806413
-2.57528586775554213517 1.24031033320631589589 -0.26758886610721521748
-1.70656109498144648029 -2.47404145418805221368 2.37726802101751122365


