341
-1.54462635961896799230 1.19389866571405089957 0.28762658945793084797
-3.78395683190188281131 -0.18047011489735353962 1.16760706503906508402
-3.78519685455102061766 -3.27203957474781059744 1.06788707584454467536
0.93001725113443090009 -0.15870538558637825588 -1.97305284097299127311
2.47405754504539121541 -1.75699091625095782376 -1.80244558597918214105
-0.10861780017767852513 3.32696208477684773896 -2.17466309645590527566
2.78670924666696517846 -2.02888660297849776626 1.15516252636708482981
-0.00895641893069676343 2.71138240083633696997 -2.95258139754182868941
-0.02946220543164201899 -2.29875190861139300225 -1.87503897945652475698
-4.51188749067291094974 -1.83722201452858868720 -2.18719296581471489560
-1.54647164624566002544 -1.03958227398029512401 0.10773519769402373214
3.77027981177036952687 -2.53637145456784818265 4.01660609992393258239
2.60168823072459609591 -3.34340970711261498138 -4.29474537397124933591
2.84672477750498931215 -4.14963026749863317377 -0.43513643568706061870
4.41538631183105945155 -2.19893207374789767528 1.78820588918398204470
-4.36609550748473917992 -3.53531864274746299159 -0.52137941636501405895
-3.74786275993419915054 1.62048563273360812786 -2.35041048298133414818
-4.31548163064841094894 0.57004585262395490730 0.47229159472286674770
-0.87405379081085943227 2.93138308904502853380 4.15682205067211452132
3.32723529217988112094 -1.17247428260579500403 1.49326131038859255540
-1.39002703234897406759 -0.16949269112894516098 -2.08370396986856043497
-2.42235062312918136840 1.69991715158357425963 2.44129402592676481021
-0.22762545593399163835 4.10556054636427258941 2.81413874909692829362
1.28820629363136962553 3.52503746855074862054 -0.33812970825325461277
2.08553240850808929707 -3.30376283515514668210 -2.68111798669704537446
1.66344202416597664040 -0.28442845126274818313 0.61061096260856384532
1.99979419092895671639 0.76863087690424514165 0.71688658901747626118
3.60942825498044594923 -4.37709570033834616254 -4.37464508123114459437
2.45860051416657299228 2.18426678448188393844 -1.62475412017556264388
-0.02340793108628957953 1.25048741021587872524 -0.83392710970161809669
-1.66350731604669732633 0.17195859640016397663 0.59081079649801448994
4.30869806361813534323 1.64574022568294164870 -2.74718211380136079214
4.18629352814294986018 -2.57267480439174889284 -2.85066591379245304338
2.54394021192653774222 1.56306516585317645252 3.72482245591187766109
-0.46385539462242331155 0.71078546413835752560 -4.17811430611863521278
2.50711712132171715695 4.09059381329151872109 1.88845692601581038872
2.74947700645683745790 -0.88000338015721668583 -0.89078336379379496890
-0.18171337087134098454 -0.06557847355136825485 -2.09606807619855883829
-0.48799409575504704151 -3.39335158408608350555 0.55662428888157311491
1.80217403171393986128 -3.31048311835868558362 -0.49743583846985028885
-2.22040407005653817052 -0.57145709145820733355 -4.16291770264350624586
-4.05145091292703440899 0.85730165274993019864 -3.40922196261394683248
1.65061955466834131556 -3.41111123763747592363 -3.65336532921783652128
-1.24340871164038002661 -2.92991826660101928326 -2.67437778521203295412
-1.39603115956293777344 -1.86455626364972770759 -3.60639963491826875952
-3.21163906494342654696 3.97624961728583681264 -2.42958681230217443670
-2.14349144553759307641 4.20513846095496202082 4.33915804257981374548
-1.77671396499361122778 -4.49054781918427892151 0.54449626726394217968
-4.37198413795267182280 -2.38463026579518677650 -4.22440332498721549115
-0.99439639440688010197 0.36819566873769193904 1.52986541004649811981
-3.24694579919147807701 0.62859576161260566352 -4.16217471404538752466
1.57169727419689753134 1.74576329709810718072 -2.17240319542113446971
-0.83404708587721021473 3.81178880277203813165 1.56640469902828716187
0.18014763538231015616 -3.55325591127535966862 -1.67251701871461877502
3.32898680220020271037 -1.84805977051797931665 -0.92744255954991938751
-1.76176202594272801605 -2.61206608381614868719 -0.85181353447557039971
-1.79462171375243428884 2.38514524542002703811 3.77368211818398524571
0.48797918314306354404 3.72878325970161039749 -1.13169030193498176828
0.84743850590472558082 1.81325896680873821509 0.14506584931933641514
-4.36384530150439609031 1.86219293436658350771 3.45624209095588863505
3.24091979844034394631 4.14844631102177796578 -1.75997474563054634444
2.98049844242816597273 0.88586117872110392568 -0.75893762285957810931
-1.72040943725784511997 0.91836667939034910546 -2.52546370814266385452
-0.17814409086951599193 4.19585967462884301682 -4.26131001241088203102
0.70336722063256384985 0.48330539237908620720 3.77721607712708529192
3.78411250184410175024 -4.23216203613959951468 -1.42968803737302208035
-2.13427250233790077871 0.85663986679524217749 -3.55529063289918090263
-1.54367136780810954022 2.19306247155448019726 0.50934344249119067882
-0.59436174247135920012 -4.46947560963615941887 3.91069474336218458888
4.43224586655374164224 -3.41897513308577361002 -3.36587387457656639356
-1.27046289494584874191 3.21641841988859855661 -2.72480065730923115552
-2.56703346442985358422 1.40272082974159939539 1.43290402280512996214
-2.67447780491955233728 1.14713191061822250560 -2.14883101381000019003
-3.99535922466341197890 -1.18399009683266509541 -3.16716386628600643505
-0.14297344575552006773 -4.25870221586885921994 1.89362946977622659261
-0.64642050284345664579 3.40172721691863166882 -1.22691755628235998898
1.73526200138958586194 0.06458492415753802618 -1.08688038569797473798
2.92586876033263632024 3.56305976247280664637 -0.18371777866655047973
-3.52270318202785848172 1.00846277288813990225 1.22078956585890363584
3.01357803069611840385 -0.74837092035373942167 -3.97588031220645277131
3.52382955758403593194 -3.02184491212735073518 -4.00074280058613584998
0.05699753588261646797 0.37095584354879740374 -2.99392678791873079192
-2.70340968961953587169 0.14199944932497388095 0.57358028957795959002
-0.25685206048942976764 -4.50319889379730842194 -1.60807797941790964202
-1.51670131990428114221 2.66097718490047974171 1.74212052739916956057
-3.74875203173771165410 2.85382346353913085579 0.95221627591743374097
-1.00048415065618323538 -2.09943627968432400266 3.15224057034495608320
-2.22223451267989480229 0.03989981219611138386 -3.02451037390027144269
-3.53020450539945684909 0.74687565351236884226 -1.64091755525800753190
-1.37813254265659468345 -3.63257978100288791978 -0.08801417745949624560
1.96554185994183683306 0.41610786172521851967 -2.07240693721446511688
-3.63765505820605827836 -4.03592590139551177231 0.23283120961797099113
2.08075400888061512461 -2.64667635600737227719 -1.49156960589154063967
3.34734805404914670390 3.65799340404115103098 1.07492553358111742057
-0.53854776677053894929 -0.70113240254507047666 3.61104604283074781534
-1.00572675430756941495 0.39268111034793840020 -1.37688464599795867827
-0.81581017456466931037 -1.61056565809908480702 0.74620005253316001870
1.88971251512240101533 0.30230220211469394087 2.55010121240615728055
-3.20580374105596677126 -0.47585558685498874354 3.89224576265903809968
2.94031193595221207460 -1.09329332896747555282 -2.92875105981013872380
0.11419670985217322823 -4.14485060320284670610 -0.20950717169477517388
3.71890381666554237228 3.04891452412150609774 0.35785903739438218452
4.51327222927036242339 -1.01095437130027754336 0.67537726034386125207
2.39303109636800304116 -0.69965064876058535859 -2.14239412386443550673
1.64657494159962602964 3.99338307789151425453 -2.06863608820374889063
2.69006318286140988505 2.42352632138777490667 0.86186058615372562741
4.09105910776927128580 -4.00266429574353743703 2.88806944371143003991
2.26192551139805786420 -4.27350637042933279020 -1.56458834692408288447
-0.07576232674250604759 -0.03214896098315467299 1.29947156156825105455
2.47129109890661702309 -3.67176110957786860922 0.97056980404208026414
-2.64845889388871524872 1.23479225388891844517 0.43050892040595378774
2.13031584875863622131 4.49717616291526223193 -3.04239276587589380085
1.47995846017915244630 -1.08699935777260048297 -1.42040687799231868382
-1.07924849700966030142 -3.55934624893989504102 -1.73212145917447779553
2.95775902119633382625 1.96258675252983660897 -4.28801334588551696925
-2.51870366669048140196 2.67885715586898420781 2.77205299064250176855
2.27347264366079837572 1.12472992631941082209 -2.83328341456891497074
-1.22624588350126151326 2.93848871721754623110 -3.68085543680338656003
4.26446868326079009393 1.39216650882643389053 -4.13887974102517564035
-1.10189472649450248554 0.41916411845490664234 -3.22800437593279543336
0.96467312221753953594 -2.21180921532010676955 -0.26120277164596394925
-1.00293643199020188206 -0.02170755897534171197 2.52340217325976823304
4.49977771583152641455 3.64308512420862218306 0.86181952879432266457
-1.02644940177854593344 -0.29061781737385405933 -4.44221856788426361362
-0.13629216810136401961 0.25152340127353767230 3.12280356315364659991
-1.45000534595502594826 2.27608429061738082311 -1.70562749889916176471
0.52405435326215510372 -4.27016052489971631445 0.88543725756186475451
-4.13465975487620518436 -3.10042789476208868749 2.14817511710448005857
-0.75300038523209256169 -1.00972378533438256198 -0.44150152816063226169
-2.73876147608585807092 4.40661625677023049974 -3.21506987306130476156
0.17465986929241417158 1.74556952340205295826 3.24982162723430612061
-3.81584911465648479734 3.79316015917110238576 1.93263022004489304351
-0.75160570115374447653 -3.85753070487746185790 -3.71472264873642199490
3.86088437324327049538 -0.08594694220460930012 0.67839166332782419033
-1.96394431447573847294 0.44534166124755181215 2.46899227830494005786
3.80352499401703791904 0.69492555789402921107 -0.04213923898723592742
0.07254950891383682432 1.75885508477464203025 2.20658549710429685575
2.31245971206969702649 3.40937141085041428568 1.06197912024588081437
1.88243410732947857866 -2.15275165156363179619 -0.62089195272212327481
3.50405147089601509691 4.17508731269426913713 2.28215042428501746485
3.91928219775478847708 3.76810217734128460876 -3.11459124707883550087
3.79187964843986247132 -3.78157091858642413484 -0.13678498842913278111
0.59982956579219681714 0.33374620685823863653 -0.22539851927497789319
4.33096388319266178968 1.15587777049838802412 -0.76542245651480422808
3.28538727118356899126 -4.40672957498381556718 -3.35279807411838914888
-1.86626626419760421882 -3.62412295532724515468 -3.74562083927272881922
3.04238647887437885231 -2.81088868239991107600 -3.16631260642194156674
0.88146919747654983723 1.51534381082048952294 -3.67437628543214955812
-2.14697773720553231058 2.68077356854984127921 -0.96808319318754509908
-1.56117498830447498648 -3.37846714738256315158 1.13256382879485339998
3.60183132343857348445 -2.65410165684024290655 1.21374945003133749566
-2.92299183762765268924 2.10490942216836707246 -1.75652406216982193143
-0.75336479443475212747 -2.81244348288051915219 -3.71728498494768100358
-2.89045919531625905563 -0.58065008309549703824 1.69125838355257407386
-3.30605818334088397137 -3.07061576009752368321 -0.89945346624820698977
0.93385624819504986505 -4.51685760688146675790 -1.76195604946515249623
-4.52128794314763116091 -0.12680912142141220755 4.51095336276398217734
1.37101251369583465589 4.25443721862292623115 1.20866898819193568926
1.03961146213846600261 -3.84623527438223788977 -2.65311587511736224343
2.16787323157716027566 -2.02103650802735179681 -2.80936544811204402805
0.82400588333154001219 0.48525856182304316633 0.75601054347002971667
-2.27121325710540711285 0.41114741129959408994 -0.40926169411918422725
-0.17294613364129673982 -0.29172292426517110187 -3.67510934594660154673
3.05907547193933648799 -3.13407910627144214999 -1.36681815486183477759
4.16651946266025330345 0.51405434517256143323 -2.89654735985440270341
-2.36452030107707678042 2.07111134527549811679 -0.08459630804691808947
-0.91609044776912007535 -1.90029583976121818623 -2.44297399206125120941
-4.52084040432309830493 4.12902294387964641231 -4.34837108568760832839
0.91687822029096821552 0.68969068491397678144 1.74234537402301548070
-4.07265329300465328544 2.56453726929901026921 -2.37879260550345916769
-3.09005060381543872339 1.84639878606343454948 3.38524469372517433641
-0.58138156377600225255 1.55502838542474552952 0.84643249529949926568
-1.32238177564959036303 -2.54735650086938969494 0.56094460005529711566
2.80241121140259163980 -2.64099932889668709279 -0.37268396530913694420
3.90958754618182968699 2.55064875798354950831 3.95122036962613609745
0.80024468862287356785 3.39488731606890414838 0.86578492286740882378
-1.11616563429652337902 -1.02981361359627676677 2.65284260993791320971
-2.05097457429046370336 4.02511001428987835737 -2.39477568402579876761
2.68648955002976652651 4.45769365641366110964 0.47614846268744770441
1.53514993766855933899 0.37664116080758347493 -3.18771004632038801319
-3.33753002842319190790 -4.20270612497641238292 1.32556405645209540722
-2.39112685360040000404 3.56657328484444224870 1.78526040841892275068
1.63728010382388777799 2.17525749370634091662 0.98804994124192990768
1.96530637855123835323 3.04116595104425613272 -3.20088911153070920790
-3.67661986684140940085 -0.10090177035891567670 2.95872773734635519105
4.12602182540860251692 3.52549968455498774489 -1.58738275723948030205
0.41651042408434779674 2.87999193885890658606 0.17762550969871870876
-3.86138154682841916454 1.37921138222679307006 4.44441859327841282123
-1.49449761162384264779 3.20487993434656903702 2.88146089493849011376
-0.42701236924511309923 1.88258900758701575029 4.41038771046626276728
-3.31943136006592975917 2.85970416769728075224 1.95966163887514621678
-0.45686293270382627441 2.29532469938554850586 -2.02001943594642741076
-3.56682599765757935018 -3.92679263258517563528 -2.32497501459629285492
-1.66645177202901617619 4.35532045548151014458 -3.45042569356426565008
0.48336143539878051456 2.61040738799713256668 1.60017781344872567217
-2.08802938778399393982 0.45627103688297943052 -1.45069454137380082770
-4.46282122007700898791 0.90039012536402918130 -1.94249197207357493511
-2.66326712825448197464 3.15976466453910109777 -1.84383074204367325422
-3.66915515425055582810 -2.11208790438408922086 3.61781780318523349393
-2.47403118454636894441 -1.94532411385989689734 -2.19825685215711397191
0.96355337100426474706 1.59045925016970013388 -1.28692431491193026716
1.75550978597713136509 -4.16549425682293072981 0.22292138113720572079
2.34049146022596765704 -2.15099211360078479416 2.13753494602258964363
-3.37412368429215625554 -0.47341532949801035102 -3.01844260192793800712
-1.34912092943104644505 -1.23812084273900424591 4.22151607936823847211
4.52541859191777273708 -3.39577407917652829283 -2.14914830080427110559
-2.73539542673577606990 3.86667163789078482949 2.93544809715295240693
3.40802034755620386619 -1.82043534389893491010 -2.08843258281413124422
-1.00149319802710801142 -3.35865762796687805647 3.68612222467618355637
3.77684867402945823045 -0.00535874574758476996 -0.90655840862768855004
1.71023471969242102375 -2.65846687577438434147 0.68298687085690268361
-3.79142725160812466001 -0.59808337179538550998 -4.04167379214005340060
-2.92041684715284111107 -3.31743160382449975287 -4.08303504998504340762
-0.04567648678199187628 0.90907583069533970388 0.17705362162219895339
3.56793595853522571559 -0.74814079506736197445 2.52583071564182493063
-0.47847081615471687144 2.73832917294714217604 2.04795779584258497152
0.43357414508785740992 2.67614572681872875393 -0.83733947840700606591
-0.99970199791902203401 4.06386983402301549262 -2.06888369836828767134
-3.80186702239075557941 -1.27421695632354792238 4.24411793685477700677
-2.81557932989335668594 -2.04272582408676850463 -3.49237814630913501190
-1.42412406036339289628 0.97971338521050288506 3.80080008675346281422
-4.35591718034375041668 -0.19691259425961593621 -1.87059138973112037974
2.16406135274547661851 3.29206473582112213450 -1.29104161843168441237
-1.82319426777796955719 -0.49856679802853776096 1.80259620594196334764
-1.47453937070243767948 4.20230369842095452526 -1.08638290886407240521
2.12761631858345534596 -4.07072705467214834840 2.29700747278761863157
-3.36099367204481058735 1.99295497246310215900 0.22842934037814988102
1.69083400661896110506 2.97558043471121802526 3.41296417848328292877
-4.18448672439805235967 -4.44234572440891195555 -1.22917553956058434039
4.20971918615594997704 -2.06906961980801096246 0.04840650213846231509
-0.45378509946759049143 3.96934789532632148479 -3.26869942420065306976
3.47620133850461865421 2.27170327721102882634 -2.00496801943557390047
-1.08833329296142000686 1.16780157403263373794 2.71827545675794546298
-3.56521169810256832733 -2.80498055231939336096 -2.19210843995719750765
-2.22032220454746420657 1.53906970156406153194 -1.25632649801396301115
-3.68060974025840659252 -2.11129313753271707910 -0.54602805882678229210
2.91297832798853040259 -0.09386262051207161505 -0.17858353079550948195
-3.19404142032295323972 0.96294335782413842395 2.36121759882351067716
-3.02821997240091622672 0.68007111408350962023 3.50595762625217322039
-2.51696806032077446957 3.77289450301694007095 0.63384055902258751303
-3.76257405018471846603 -4.18984861012352904908 2.27675148979900487944
0.78095156537701537758 -0.05215042390065782740 2.79938953764297870919
1.45692296344386829077 4.47714969118840411255 -0.91678924786304349936
-1.87167019504359233295 -2.84183903605040022455 -1.78921682371092138908
-0.57843781982556663479 2.05912452085226416187 -0.23918495428605712760
-0.05204081083895051307 -2.78491866471187821119 3.83752818441056486876
-0.59648417150183874469 0.11794211142653310276 -0.17066852762886774997
-3.10821962780758287437 -0.06777202611344534944 -1.00550768885882124692
3.09833007984169928051 3.20105747805829476960 3.27349217074411491524
-0.45163217131911714830 2.73469440641748917642 0.86877027407333695663
-1.45725066706140360395 -1.50184456408835131924 -1.54818720588243508018
0.73901286196385473914 -0.89468232112761425512 0.20319567987040265677
-2.34424540510845025310 0.44765101150206909608 1.50283612966007318335
0.58713382950770487412 1.44024058122083253863 -2.74060565132884859096
0.44545630612668407622 -3.51059606070982832549 4.19238951948109050960
-1.57021849116197120821 -0.19557766444835866793 3.38190292813406934158
-1.39776413038389257792 -2.46497595315152384643 4.47594524998912302038
3.67668551178458091755 0.06920528545569304413 -3.90137972398486798653
0.06789623451770854246 -1.11330999041902689584 -1.80051457286240346178
-3.67005165169630664934 3.44788792300926605350 -1.69900265455642562884
3.99689000334633259826 -4.52601059734240163124 0.71508702802649537489
0.65589630408387744609 -0.57179205453406778403 -0.85424188968070025041
1.01943263958837704308 -1.68326686876582076735 3.39843584618633176575
0.62460443622870265301 -4.02446109620280534358 -3.76833966298873512812
2.07339263445969113064 -4.30092027115161101847 -4.25006232643837833507
2.48027957357898998225 0.24241028444103474015 -3.96847865937846577822
3.20856331968301855539 0.87003878161848913209 -2.38589159589123145366
-1.04525503438530575906 1.50300003115303848489 -1.09003834437514246503
0.99899549924284691826 -2.68399061869997002105 -4.25175487150884379162
-2.42526097331202850071 3.35873299769746314070 -3.30072114986023157357
1.86581305939240404967 -1.03504352086173634362 -0.43303527913463657484
-2.97312304497201251863 1.98331747728621632376 -2.99333160396494735167
-3.27324365712253229077 -1.83056312211229998965 -1.43881476894961446433
0.01890680627681717851 -4.38611945503275535430 -2.70414210673270005714
2.47537596100116896736 2.72579466965882932783 1.95776974324905772562
-2.61208997861152747433 -0.42518829871055352498 2.81321722321865674843
-0.69505026029854599656 3.16045437770052917159 -0.16405890339005679834
-2.86050942974353406001 -3.57963717386183422065 0.78940501748672264881
-2.92549715332522364264 0.04294371554692322235 -2.11089497692255045891
-0.43373864341936130273 1.33880104330554861036 -2.52661070411969124194
-1.20212859824941187270 -4.02080451483679190972 -2.60700240055951759643
3.54223632483387529390 -0.87138954745160734916 -1.50754098273087366877
0.40490559328405417716 3.94028905046583677318 -0.09463505342809241938
-2.39402702385263577156 -1.53530320261147057437 -0.65375855419650674705
-4.06064882677587046800 2.00669503149613959181 -1.46158265517740382222
1.96270478486821531305 -0.90010107215140200410 2.10063090321132239779
1.71943779401503338278 -2.79002345949892394117 3.80487043894312559900
-1.53412666375851802769 -0.43664909514731231610 -0.79388855158988302918
-2.21986340472092269493 -0.75625276626440296468 -1.61236149715419863071
3.37544777170168419644 -4.01724260908079600085 -2.41706068565369314172
-2.58555910278532197211 -1.03789794837800863903 -3.30802468571268182274
1.86350576832648684444 -0.93211339453908603758 3.19176902828256281452
-2.61563184691692818262 -2.92464231292420029362 -2.65987513130951080953
-2.60621416810129691299 -3.50402488381047527710 -1.44322921909288348630
-1.32890820784996233073 -2.91764130558336809429 2.61631545642224327963
-2.33740253088488580957 -4.04608808743330694568 -2.38085064363597043169
2.80048863756038546313 -0.71226186732274898716 0.64238114059675588408
-3.27168044522399847907 1.36563241645611732622 -0.91398375058776171187
-0.40743429398764163807 4.10719297780566616751 0.69294214977301127334
-3.43243142074398521757 -0.98818129554360556455 -0.84647038925262751974
1.31274460164325468270 -3.55482267758619219222 -1.68049499916905809016
0.47969326409009038770 -4.09577698376579668604 3.11785595051466923877
1.16559269277808930099 1.42580423803881561895 3.69877240872136336947
-4.27005104250906786234 0.70831256441362100418 3.85444871785929255026
-1.25574824729270773105 1.39476908373974595179 -3.61814264549432040852
-3.85315328359808662029 -2.17012490590858719841 -3.08587046661866715169
3.21741218699853437357 1.65800312802752181085 -0.22364464708712539220
3.57575883697807039852 -0.93569644269935459135 -0.17440296850108172322
-1.93108365766682332776 1.88882158874077976662 -2.79434708516009155943
-2.04433936381258174464 -3.80652402614865303931 4.16897237616247107184
-3.40370056772354256935 0.66704020803662533723 -0.09792578121988970707
-4.18894656554831357198 -0.16076397037544598589 -0.83398317239494001996
4.39433608396386876649 -4.11098739854514505510 1.71928241367859424571
1.52601162076259999623 -2.96802935772520370961 1.87125817323192489283
1.15378299597588007686 -2.54348808406675308547 -2.92772218219696434005
-1.72271172943902994845 -1.31056263127677397051 -2.54500328050510749023
2.84839951920810552366 -2.23402358750399354648 -4.04782157025828670527
4.53119785831985932845 2.07743273639793013530 -0.04505011747886289442
2.29002940831895784868 -1.67351196356132980725 0.19746639857808290230
-3.57711692479711640402 -1.05856002203761256908 -2.21995869079929830647
2.66571488254824551234 -3.22831696023535164031 2.11691875707064625090
0.33334560568366189415 -3.25151397152329391105 -2.97566699221022368249
3.28362948423055378555 -4.24260579097178780472 1.50309497205195174985
-2.45856393417434215820 -3.09369697808832944119 -0.22779267649724843636
-2.48174062915820181630 -1.46672711970378788493 -4.42558606713997360060
1.79252362388484254296 1.00642192436257182919 -0.44444499901694811683
0.41749200167585787113 1.56864113101784141691 1.08271863589035177711
-1.34235648181219247022 3.38541119834021220214 0.67213005417691906729
-1.29055888707512345093 -0.68770248723445170924 -3.29958324732304486560
1.14855569171248905747 -1.09284858637955029081 -4.04883614044500905749
1.78324438140781094120 -1.05275672680305865114 -3.17472467869182350952
4.26753378111434233944 -1.05981046134804390846 3.64824812785001295623
1.09867683648265934693 1.78596822450341363719 1.88740391992078215821
-4.25807532412115108400 -2.57630373203502527346 -1.33957654913578583233
-0.42545519385459140693 -1.71762747744236898839 4.42585915990046441237
-2.49363813336452322389 3.79851053101354718677 -1.14334676021507597454
-3.97734613955277716002 3.88261441969435328048 -0.16656870146005431366
3.83399832381883687304 4.11599394530630124933 -0.22115325685248343746
-2.04622591184321089841 1.45975618128346429359 -4.52255058137802734564
2.03260253418684566640 2.69414491535154443369 -0.22178591166803407475
3.78668155512065940371 -1.47343961649113630585 -4.44282405002081404177


