328
2.97894060488183232138 4.14468111089394053437 1.60449622105511124914
-0.71051703399661247929 3.86100966967834136057 1.21845357801523856978
-4.30703439632683693361 -3.93321262583549913217 2.91545592821981269793
-4.20015860217855507841 3.52663358904262747018 2.60774214905541601439
1.59906831167980367781 4.42252441245265170977 3.76854460901255716720
-2.31903921533594337134 -1.41709895173452737893 -1.04016549836689131681
-0.91105177169822493255 -4.05539693352840480145 3.04674236410624743598
1.58732555536455066658 2.89030085862669761099 2.89830000245595265085
1.86067006569883641731 -2.46077441703692301189 3.76797372450196998983
-3.47637346833934302026 2.44856734605480141909 -0.74307946795471879753
1.96241192557086474579 2.61879318811800754219 0.16205022771248689395
-2.08734630707837887087 -3.38324211391923457271 1.87617039901351034814
2.06242341027288222932 1.64695008308567114597 -3.48419774755992373017
3.08886293959091862149 4.28900423702804456383 -0.53079897876566572990
0.91432355382003294153 3.09116998014372423853 1.92797741706582836940
0.83693151314688929432 1.11180864852552030442 -1.32281560106928086640
-4.07858971955509908014 -2.82807807200363292566 3.88786801118586122783
-1.17148134632635425589 2.20702238631518010692 -3.21970090305015022025
1.07218982210198809923 -2.13637206118046529824 1.07696143058093074529
0.26064240966084639695 -0.04256079032991877398 3.12697605755108387626
-1.49443283174336638552 4.45126565094696591274 -1.88475861511291853390
0.81773647327630971660 4.14257461742126853466 -0.52277163121156533521
0.11094130507620025838 -4.09741235310115925472 -0.89492923442564187297
-3.56507904386205343172 1.52550198064610054161 2.29587091060830861267
2.91378628227245073390 -3.53652310759013932540 -3.97310212869020196180
-0.32454567035676173958 -2.40459843322645250296 -0.62247182407223977663
-2.66218135784546650058 4.44295802083139523830 -1.79321637353681673233
-0.72114252970495718031 1.00962049750743432242 -3.50582688567752098763
-1.15952264349925382447 0.01546634752527964451 -3.62255632026472973450
2.88263569069729452821 -1.68324088838392071921 3.10059345293988730674
-0.76957298140129459796 2.52610258013452337877 4.03088494309547318295
3.98674016988490986790 4.52821259379356444441 -1.36356443191881471222
4.36896897343604617703 -2.55411667772256745224 -2.57158983369826188436
0.83530975945867425025 3.70794618259971553442 -1.54589811810317678820
-4.07974551612495162090 -0.64266066784480768703 -3.05350185870641066543
-0.47316389124586510917 1.08478013700111741713 0.20244768436040949666
-1.83898826790931035902 2.24497376264349579600 1.47215886709081988926
-3.47710852658407487681 2.61163182342232413902 1.40119908921626823428
-3.37186286040414273657 3.78535972405583454048 -1.37101303073586144876
-3.58997690039771644166 -0.66656654537491055734 -0.65470230570057674768
-0.19615055915787493745 3.90890510958169823397 -1.02915544203925790612
1.46375962846557516883 -2.52977350052253857626 -3.23083975035503856432
1.31439530476462973496 2.17535683339558350013 3.47990077102977313217
1.38885269921283960315 1.85163932568056655015 2.46831139754329509373
0.85959231548513770349 -0.44920268650006800470 -0.91922711567046411218
-2.60447696605746248366 0.30021784156540398669 -0.88807814185884703662
-4.38033914262034684839 -4.40171251305673738585 -3.05477958416229977701
1.53865900712505432324 -2.73223779426276580651 2.07116668287867700116
-0.92352883458453538523 -2.34075821430016617342 -3.37869370123755530244
2.95215002480471522261 3.40118465082999144045 2.57071070057842998580
2.85972215654538963747 4.43607535902555571994 -2.45875754048991090883
3.74625988050927194450 0.08763918034031004112 -0.40076689096388928846
-0.37615080860670246921 -0.12524921815980061268 4.40724547356679874355
0.25523948673822349775 -1.89872070273711823774 -4.29210546671157189280
-3.69675888390553719631 -3.36832630403212762715 1.62278108639499318855
3.77916683170352829535 -2.13016095351024281612 1.35480612771636454994
-2.54981471337352560980 1.46225938632091523317 1.63272357028168446647
1.01507262069306491981 -2.83856420013309485029 -1.16684604870333874516
-3.29127779780786688946 0.92933076813603410216 -0.10594196675500100469
-2.94425961866481777918 0.57444824972076791170 2.35595393484505155612
1.91966850113869114125 0.07585422763536886492 2.97369257339761627890
-3.56222171348318727979 0.48645753606041441941 4.34506937352806499320
4.44686284524233688131 -3.46520257349023319549 -1.63678674083566999542
2.69705911646081997191 -3.48542921027712893078 -0.39941256228509391946
2.44330328934692619924 -1.54190283955969142937 -1.70183134102090560802
-3.86952989367014144051 -2.61796891214932836434 -2.01963265705103900416
3.09836729640064767466 0.55344394911001781878 -1.48144433229169703026
-3.86445070975250981604 -2.24864720883545565755 -3.97210301670704080124
1.78571580704992971533 -2.44499319713191098913 -4.23976920518184741127
2.95185366322413766937 1.71651554447485032995 -1.53882005699733515058
-2.60504590406812885917 -3.64728235655363652867 -0.30224440530385443537
-2.40332662613125336293 3.67658032207394480650 -2.52410977240229339458
2.07885179194272140535 3.91575976278573012479 -1.67913216176963508985
1.48295773470268876792 -1.69182326138099003998 2.25472810286037539385
4.26923742629092739520 0.96624581087639072052 4.36061068373487170646
2.77030831678921973804 3.37020973923315914078 0.03867217307168235862
0.38918302287051709243 0.23378739235412293596 -3.37169125967456340121
3.29132842880867837465 -0.74067776396127582572 -1.43429797099584188658
-2.13308625200391599464 3.68953576211033773546 -0.11266716728111880741
0.22322150961286002513 -1.04207076850447055705 -2.92949058481849844426
1.48539464842825807978 2.14188042672732148475 -2.56359453080649668522
2.37190024282684408519 1.94649987385158862452 2.85676681780846219993
-1.89667705122832863651 -0.47748874957708498101 1.62134421221257785106
-4.16820935109562373810 -2.60532398919375562940 -0.91336586080594628356
3.92017428817186530665 -3.31704348695520856438 -3.52564728533775495478
-1.47386635270246602047 1.51707032804831953854 -2.13795409094147670359
-0.34322650977346302881 3.51657782843391597538 -0.01314639243376980460
1.58756307784476380363 -4.18151034640382590624 1.46207995907722487772
1.19565328814955318393 -3.57756791414690278330 -3.56597074487176657343
4.46535083115112119145 4.37511018479823032834 4.31815018892328605915
1.69723019547088593839 0.41551970572935115200 -0.18037261881033206379
1.91272817208627454733 3.68795029330253054667 2.24042285748151126512
1.70726757784180449562 -0.73981388238794876244 1.54122463010124199911
-0.82730159309121731326 -1.45643519640598340104 -2.51093222287379402857
1.36196678762577505495 -0.89375357109976771852 -1.64302603856787987624
-4.45709113198417750112 4.45590119871893630688 1.94472093763448938830
-1.01129161440341919231 -4.29167893105496922601 1.54668611860906413114
-1.21208032967626166965 -3.92069037632191497167 -2.81846661226176786741
-4.23131011270496770749 3.61917802422412915320 -0.83831786781810979647
1.72899027274597738568 -0.92432924869171628757 0.06774431467937880313
-0.34652904311738730314 1.93756812870855998909 -0.42146373628533773115
-2.63380357432724876432 2.89312585575426961526 3.91150896108286882935
-1.03892220754691289031 2.27071158058787414546 2.09688109714868797795
-3.83878189123350521683 -1.80587256198551759923 -2.89921857384038306193
1.46366914796832681134 1.97849595462366867338 -1.00403645804983954193
0.54755055514445416520 3.68604648343310881131 0.59811607985145176514
-2.05253422381349581727 -1.87998805258848156186 1.29187665661708095399
3.86436311342592997420 1.87890901725073522499 -4.00060000280500549508
-0.44403148975573536461 1.50888033328502846331 -2.68004170532986840669
2.14508602335390019533 -3.59455727628321053402 2.16810307991937811778
-2.00447916464426922900 1.88642832327275034032 2.77974857383555384871
4.18338692446021109816 3.52183260747517312694 -3.24779823898005925997
1.85624413075523531091 -3.11692427580687780875 0.04538109799817480194
-1.29034202562115485335 -2.91909413085718405512 2.36367408703417858362
1.42737536756010641170 -1.43090742116449387566 3.91152016100226074258
-2.24209186192988729758 -3.92820668726404598203 -1.18881593561530163328
0.95072133661904167923 1.09068767991926041105 -3.67922282652131338310
-2.60851657844229523064 -2.69467902965304295648 -1.32671658831865491024
-0.55099574924123073671 -4.16854999169664797165 0.57529981362775295395
2.83276911649943929916 3.77390536700287615446 -3.29154644524276740469
4.17213949559693109137 -3.00066813270652543721 0.12217981515165465822
3.08683302865030650963 2.65414734704149335442 0.73867944788316375337
-1.95299381638200886258 -1.93554415803084500780 -2.42723616687582754992
3.00671952832074662609 -3.05329783518096631312 1.85467999664812221994
3.95031006571959419915 -2.79614181294319985582 3.39232042511121090200
3.22897425731206144661 4.35300292227595431171 3.94299987180681288379
-3.48913919741713129952 -3.75342714199204419145 3.80039294932447635489
2.71465923004375486727 2.07284802969286019447 -0.37377649189733475055
-3.56233687635752804823 1.46964391805680349989 1.01429106830995063859
2.99674517924426719873 0.39311048054871999824 0.95509743733377394648
2.61571790599299713875 2.87776561265972841142 -2.63060894217819907226
0.05408417344838234442 -3.01706957672224662659 -3.77329912453300320152
-2.71213350669796771086 -2.20356523064358134079 -3.66512308615751791763
-3.94214857623907821704 1.50162445185344228804 -3.21521218810123832199
-4.30746157667758122756 -4.48260597512838909751 -2.07329826793506066807
2.64578409002666958827 -4.48127335568182250114 2.83741032883393540232
4.33574026427629366509 1.24454625361687920559 -2.47579702548319513511
-3.40785659226640236241 0.58686434864634584585 -3.34358449344579788942
-2.67013990122379274439 0.02349591575348952688 3.26029573039032349868
-2.93374907441441790112 -4.21378022351197412121 1.44741911488714514178
-4.08831131605318542910 1.68279674457502803619 -1.37421633358918882095
-3.51977045242110708756 2.42483098261338092527 -3.38091047302882419245
0.31585867047743487745 -2.86223983327648978658 2.18122744503491272638
-2.73318721928218621997 4.03249072804515318325 4.02729565473979089774
-1.39112190528646895160 4.04883894733112636999 3.03337734933479463706
2.12533143437550720023 4.42783833857352870922 -4.32925664788676556327
0.24994549405614296944 -3.79868826414676163949 -2.73614387164324224244
-2.87473394050199360095 1.37442146594800984616 3.10116151031079212430
3.82728629547663690147 -3.92413009066433060568 3.97071046516045367269
4.07860136543931428577 2.65875620605412876785 1.47479136542569744250
-4.43146781970408021323 -1.63897311981713311724 3.35119672842638482990
-3.74781406106228320851 0.36441978482228254421 -2.33015201228942103739
-2.31757176353728810980 -1.20237374915574735113 3.48870612972258964390
3.06551388080786768597 -3.33967559824612703068 2.93174689457903792089
3.10072749515683820931 -1.84022280503457213996 -0.06000986596782187377
1.19976203743569875826 -1.48355541460191853176 -3.44696087440807019675
3.23228590317480612981 3.76692835198011888309 -1.48440729264962367751
-3.49220576301410279285 -4.02653227673446156842 0.41290914230367636861
4.22279561754611076907 2.88321508921016267379 0.47353756089796839035
0.75288054192109132856 1.00472250972897025889 2.92690250686276254299
-1.22941908581204994988 2.92985915784984651822 0.67861017248449062578
-3.91158763626320871154 0.17052627520547858353 1.79955118737486419178
-4.28560133669652199018 0.75565314029783614558 0.44095885056007944058
3.01797942282740816466 2.44419874442255746771 4.13803827966924142601
-0.30303033278101043635 1.83972329232530285026 -1.73770350621571889604
-3.10006333675658130034 3.23833197021370100543 -4.04727344429495428102
3.24873667621970962927 -3.33161341706681968233 -1.86796345643827166327
3.25173499696970491613 1.53150938824316895648 -3.07861390531204248688
-1.51546054759001691536 0.94004762521839690947 0.11224010017010499496
-0.17569950166067993536 -0.67999008237685654166 2.35374518524317455359
2.65389417563290397339 2.95367706739904001267 -0.97475258506032780303
1.84858871712232453177 2.83719061854493315167 -1.69609712323148631441
-0.23773898988786701381 1.75571215388947532432 -4.29652317375926617871
1.38980302058522919850 4.01012653380825323524 -3.06759670622886115865
-3.28892616996973830013 -1.29328201192207803416 -3.85918710579400503491
-0.56650227282167087139 -4.25707474396278495732 -1.99642999279682831215
-0.58592505144501050296 3.84485116764226564356 3.89514552138158531847
3.77575550250961367027 2.32804764146043030593 -1.37902359688912357072
-0.20224953325838956886 -1.61136965289791511680 3.83991426759216647469
2.59588903094141798533 -0.85478405959900438660 -0.64021321130912278718
-2.50482420596829280512 1.56644175534744167777 -0.55007693847395344733
3.49707334843749872988 -3.91691038489846476978 0.50955999126655093789
3.86175539884226903808 2.80855459591004130715 2.99930380633358151243
-3.59817914338648847661 3.95801115598572206267 -2.47750556847379410641
-3.24147498649862608744 3.94430450092930851014 -0.34028214869769701778
1.41068164533122253346 0.05709754685233470184 -4.51300932556358258552
-1.46713848730963647427 3.25303170022650256499 -1.48862051740073386696
-3.00178765490279442218 -1.82693865821924772419 2.94612173026915247220
-0.66973159258492831469 3.09276592264579708313 -3.52450775101463653627
1.85872143446896753716 3.04345367433770164212 -3.31919763237772569298
-3.80171658438137827218 -3.77664153620767617525 -0.93652521561063251099
-3.83053010026111273589 -3.49575819249176866776 -2.97153100767451361364
-4.51432598604927459718 -0.72728099034546200841 -1.94546765411644884125
-0.90530287461340908095 1.89338978442060046348 1.03780023708685309458
-3.85121969402406438832 1.41759415937763577631 -4.43011466309516510620
-4.38981218370844583632 -1.30207525598714557447 2.19066809679878371497
-2.00796940796144252062 -1.97912905159392771282 2.63282091557166797458
4.42099125173638807240 -2.48310323857645887102 2.30856323196514967577
4.18212714943283625502 -1.00088562038521633468 -0.87907512288415023960
-0.39940691860107957467 -1.09218667900131460868 -0.96086339989654234728
3.66316959915925632885 3.19715703186757682630 4.17754535453682773749
-2.72770879897414220139 1.05154845236485705584 -4.48747793676543604846
-4.44065167112035563690 -4.13356667757230500371 0.96536034577208873486
4.53151214043547678756 2.67577976552813634470 -4.01256397816596521722
-2.96223273571505441026 -0.59868869022356419052 -2.94728275721190113856
4.46388702164023687402 -3.39764132076825609019 -4.44955331072383053481
-0.19513747672796633026 -2.97963220598551004059 4.27904860869169478832
-2.37500070145294683854 1.60236681909750711128 -2.79687308107018983705
0.24557348288329716723 4.34750805775830162503 -2.14265536018525137862
3.96070935453572570140 3.66344838817836571110 -0.13720753313729616707
4.16167446558142994917 -1.52865530707539587496 -3.03827582660193451503
-2.77558702076934871172 2.31862688728482080336 0.05561517574104879458
-2.52745736225941453057 2.90868044303993666944 0.87571748337217947267
-1.08434879357927904664 1.19607084070337954529 1.80818701053842989523
-1.47582673882408865751 -2.28183468637472319784 -1.53049679684975048488
3.94910389791738314358 2.45245035580017489707 -3.10086308024332790723
1.59357371617342291614 -4.37301553195462133772 2.74282051516734970420
-3.81377536189156707280 3.10651663737967442813 0.21002119249699724435
-1.14580399523187193012 -3.66027293957315347228 -1.24230079531799741943
0.26068650708125495896 2.37768900477626843326 3.03901811875216321113
4.51945293155140159769 -3.91502431315407939394 -0.24928429160720710911
-4.27166330075667222133 -1.12152758005935915264 4.41177295657825307984
3.81494790086142732122 -2.46573098464215556547 -0.67434685271487238012
-0.89312531722933252709 -2.66263541709951567782 1.33727182014897127971
3.96891185561103210233 -4.50657318829493558354 -3.84544487577855331750
-4.18086944806224636295 2.68546166159747468072 3.38080692113522829345
-1.62371834562464467666 -0.98109486342990859242 -1.99030970593689193748
3.23050388116298048402 2.92077349395790708542 -3.88141423773789684404
-0.22696500978143951954 1.51599246453736391516 3.79074334715630900661
-2.35243277164030351045 3.73024535027642212270 -1.08522652848117884261
-2.58982847531248916439 0.35681850736316533812 -2.18248075052578105471
4.13311747344746560628 0.25367294441859744580 -3.03233910555628272121
0.71502211573463014815 0.33529650399809263206 2.11763888861985360990
0.20278184798278164891 0.52760664229221898580 -0.30543350002796199050
2.48726318916432820316 -2.50449669140078068352 2.65070982795005338772
2.22141017814600072455 -3.60465683260426184020 -2.41493993707697773843
-2.79504518427743198217 -1.48744294388503295323 -2.68926076983854311919
1.56019874444515238565 0.32912058853909087475 1.48090053758278905605
-1.95721803900691604383 -2.98208125957965508590 -2.13535711836619812587
-0.36730595186179559875 -3.25248224953552433902 -2.09182253843584531339
1.01400782253248866738 -0.23372852052089321262 0.66984525599515265526
-3.64208220415307559747 4.21056683521103547463 -4.01340027608581717544
1.59253910472198967341 3.66287521581164821072 0.40283791851763517400
0.41834589648237052728 3.14965504017874753373 -4.50910535661819622533
-3.35016045426727782086 -3.70204187941683615648 -3.85589354327687594548
3.77639277629163583327 1.03355422089283965903 0.45929553899146302598
-2.37780839898429263712 -4.19496913986557817822 -3.59940556640511966080
1.99374649222958666428 1.20577309956898837129 -2.10639959294030987280
4.35724082133455592469 -3.17398652034586259418 1.61950309485249643870
1.92033304118668457505 -2.53919011451687515191 -1.77777602320654670720
-3.76009293479602213495 2.48817104001252253909 4.32059628832736120074
1.00054323447693072069 2.08389016131900373097 -4.06336719049518180213
1.28680249073170660523 -1.72532629661055114667 -2.30097412060807782197
-4.09575218814071018159 2.36471365755604434611 2.20222998517897128323
0.55660566325224891671 -2.62182489642193417012 -2.73000459495280090039
0.81285294060435919761 -2.71241240286064666520 4.43766337012194878042
-0.71223380946781311707 -1.69900200068860751657 2.75621324376133625123
0.47089547003011400506 1.97673565810005946730 1.87377303460634880850
0.35933195742634982395 0.85530405554743627050 -2.24487258718260207502
-3.04100466388559365072 3.91202984862241809338 1.18520623646994405220
-1.68130248332583942528 -1.48818737463146222311 4.41725118166203767345
-0.77621882783556639396 -1.52034826372635967218 -4.10888906619122185049
3.31648085392737357324 -0.51053622819597244131 -3.47949959749279580379
-4.07167378230053955690 -0.16710625385257316111 -3.95969739328149694657
-3.06622292494582548983 4.21511815350004770409 3.09010210955098774122
1.29260055754356972813 -4.13681767846216352780 -2.17231804720036825174
2.86685915128721990897 -0.28648086647020321038 2.68197294335352420802
-0.47660307265422297007 0.31945275541785544959 -2.52794119662020833061
0.27351205042896076236 0.71189283546772141875 -4.44872479393563224903
-0.73992841360668482054 2.93826057008749774724 2.85154908769731907370
3.71109126363440200436 -1.73272009563636553153 -1.50473627927230824142
0.59307869972228210997 2.71064654198653443018 -1.02815923673420606121
0.14438031052037025859 -1.14270960393112286368 0.91511473119495523321
-2.02922007141651938866 3.17903661689555594450 3.19699464840003866328
-4.35435019325417194125 1.11778379893514756560 -0.57671594365800471493
-4.16926430335337450117 1.92780011081029822861 0.24760649826867719980
1.86881340030131415375 -3.46477650140495851971 -1.23562146206751499733
3.00375857582622440844 -0.35579946819180285900 -2.40824783511495921218
-0.02166260075318859890 2.56003775834578650716 0.39763981132778702943
0.40580738553772910393 -1.75414531273920815124 -1.77087219640510173946
-2.21126242398304562187 2.28924123010946267698 -4.35424478900806466442
-3.19732124294854003210 -0.84397182609259768782 4.15504521142349414475
-1.73300528709503431912 4.53486090209684267194 0.94106865695607577749
2.24992367098043377638 2.48197595084304634128 -4.32477004064416714613
1.72311234968424731306 -2.06524647702874641908 -0.60810499744262536126
3.50524798316274566190 1.53321822296907850358 3.75529634755704844196
2.94637355066245021362 -1.38737169197025966838 -2.77850684016320270686
-0.24869007403454101990 4.17656476194152137538 -3.05120289491514151692
1.78944567827538580929 0.86672630606732248282 3.61646374709409368364
4.51902564127481820577 0.25183531096516720282 -1.34320171073311422916
-1.41521435679503682081 3.31268624392432275982 1.85316868383478716709
-3.45486370605859915983 1.70591188256469195039 -2.15369920094520717058
4.51058198412696409463 2.49923724633390076377 -0.56705068625712540253
2.93651602591597171710 -2.59419551385023794410 -1.26037048425194964096
-4.16081402070870609577 4.14337915819147806218 0.14940087879513974656
-2.42304587022320472300 1.23725957148139187325 0.53688419688834798649
0.57284228248267154981 -2.43343253902676037725 3.16637611127740914441
-0.42300671151453883567 -4.09175440101306797658 -4.42483378383160363967
1.02067535543956022792 -0.79724850453870255151 2.49518620656504186428
1.49632844672307285805 1.59707439386475957832 0.29683452216162109494
2.78188854079224601179 -4.17970518132982427062 -1.37489999871434243062
-3.97330756097096360335 3.59033845120526518002 4.00675725259575887804
3.51944395744486282496 -2.34450426836694258981 -3.49232646383907585630
-0.36829593478454913935 0.67709467360688879722 1.27329957599300858107
2.20616307939240297031 -0.04932757719979274924 -1.12691219334484493686
-1.92637657069771695006 -0.39988096192680355756 4.15556988620760048292
-1.49132732079208096820 2.19902519351281355853 -0.71048407230398646917
1.25747891773607189947 2.44276156292895052502 0.94825580123507258179
-4.25901593395283750709 3.47747695794010969195 1.37094068572875471546
3.88930557471321858287 4.17000811563360951340 0.87315980476138843613
2.32096287118141031414 3.07973348970069515929 1.45723678564278102954
-1.34187424126521559486 4.01166691374144246396 -0.74898322383413873382
0.97231593990317310983 2.76435571810774138868 -0.00133195717495393495
-2.93756190110268899929 -3.55114598357908883841 2.76582990520585614291
-1.78679082026278601703 2.01655136629442388596 0.36469385234465079293
0.35961359446697382936 3.11862203223398193330 -2.76497439716260640097
-3.06160742201458280221 -0.56399576302505050052 -1.80321286143775161293
-3.43671992822622751618 -1.92788310843813714968 4.11716412849032398213
3.26795366055343272649 2.10103163644829393775 2.22602187337494950015
3.29267684956567219245 0.68140456988168018881 -3.79812075535795923287
1.97410509490620533768 1.96434629497611812354 1.57781455189060704214
3.94074248933909121462 3.80251587865791673693 2.10222808171893138507
-4.15712315059509585069 -0.37554656506521855164 3.23086214711527119903
-3.76062229989363405736 -0.99799549386562391717 0.94079020031716176220
0.66897824035999864378 -1.51292962595636337753 -0.67444525960606638293
-0.65100098086049662527 0.59731068402836928755 2.84290823178940765814
4.10282422142071734328 3.56229844407335161094 -2.05743267168209076345
-0.92827408610258821398 -0.12275886910169653277 -1.37437035845418975555


