386
3.74294118752663873551 1.36451457428941846928 3.48856647734687275175
0.09080202419737926078 -0.18426703820045808868 -1.55340320372621665257
4.28706453897521644336 -0.06454592703208206217 0.61839536054367627571
-1.18608652655028823375 3.32937889072463200080 -0.77220272220852104184
0.74825424446526422884 -3.56140498380676184809 2.88105552234879791484
-3.51074940422510817228 4.11202788929998686029 -0.81894081512779948184
0.12401052417496849500 -4.17734162015663113010 0.10180074421496598802
-3.52321123186866325128 -0.48342252853133071966 -1.69695554362572753604
4.21662415453189876047 2.12576753033399423742 4.47081456434520685406
-0.51637365046102434718 -3.05186245821655433019 -0.38569796996007976730
3.03448475723008659344 1.41052678400438136208 -0.69030903727004311321
4.44337014150984099814 0.77135759321394647969 1.73881926957091703656
1.50332527878321808856 -1.20979978174794977619 -2.65121538073359186427
0.92689430578485332290 0.10219976027055110990 3.99893534282082097064
-1.90297583397703951036 -0.56108723958983164337 -1.46931079355010396625
2.80898933770418235412 4.04740367365738595851 -0.06899423765241685658
2.44447609500794360571 -3.72552187071270246577 -3.56893910646377898743
2.33622129923571808519 -2.82781835964737426892 -2.93264410440276312997
4.11117560644193691388 -1.78869860186669171753 3.25432540226549349427
3.04271385452241727165 1.63439473213221386771 -2.56716638802511454287
0.87704403858751867062 1.53015770479024837414 0.74291060014038112769
-1.82848828747027791763 -3.64360056181055513846 1.79698477324851868531
-1.20971701329227254718 -3.50334789958619152728 -2.95092405503085242202
2.93046763650983876914 -1.12508741248808030733 -3.30220829810874105803
-3.43963114359038391044 4.26450062132974050400 -2.79683796931495232130
-3.59349248993420333775 2.53928896260818248720 1.57988404419110128885
4.24940169643706244784 4.48587314071656972914 2.36391014118067932515
0.27910613988422561249 4.07705820417155262447 -1.34400181170915899997
-1.16262300827726239305 2.98311900706215649137 -2.83245032044343503230
3.37827755179770150562 -3.00386320933192729754 -2.90264780057815574565
-0.44739782140749362327 4.35157451546930129638 -0.56244041601692940091
-3.82658059097773506352 0.79360158501115396490 0.74504817562606540093
-1.28453652214123925646 2.99355127310334179214 -4.04107185168973437328
-2.84147972140771676308 1.27708534567913023494 -3.19548232148229027771
-0.65556511933882344323 -2.58559018734180057209 -3.25243951072417170067
3.51604134119250044677 1.01389212887428037391 2.27966406392362141986
-4.06042432973519584749 3.78853302046345863374 2.25967945496358701973
-3.12127985411431296825 4.23016285878500664097 3.05949278963546511534
-1.21018129197607748893 -3.80988061079689943611 -1.98231280954832200791
-4.23545648222942450190 1.82737183039893036351 3.15035331777283555965
3.45863556755522782993 -0.59271524318003665499 0.21987990610661967139
-1.56283546865254896474 3.35046853724287529985 1.50175865406779429634
3.82364132802775724684 1.00063118878305523651 -1.20975143609692725732
-0.21717685597204816617 0.39945660804722571413 -2.71055009018869030868
-1.58033020378704502917 -3.97931789319285655893 3.19450743778989743049
3.79155623868567648316 -3.65876272573630911822 1.52478618478671990033
-1.88129145936370179015 -1.64142497587534652581 -0.86144463006667315597
1.11773573009126359068 -4.11407814288994710950 -1.26887658427367799874
3.90472976596218845913 -0.80809166890730166344 -2.99524061392095575229
-3.88240918303588156135 -4.42385497664505411564 0.21634880257751021304
-4.02601430910153013087 -2.70526165196797130363 -0.94832799880771734280
1.45632429558784437518 -1.08853381014862637954 2.85499684922783902863
4.48687472474261905830 3.23067432828567024927 4.13424324940470011569
-4.18133876475268806416 3.73624064637776864828 -3.84167876315662981668
1.30518365512569456399 4.07950852155693954870 2.75856235680484740413
1.10223085107531648674 -3.30846939826935226847 1.77426917170757914022
3.66504437668902394165 3.60742104583305778220 1.10345701743585866694
-1.04784150982820012388 2.15077291153688854308 -0.93328516542828587887
-0.63732223967958034905 2.19089256760550998848 -2.38573849501659873695
1.43331659911739706104 2.51739683000850700267 3.44209405938938761693
0.92677524260705457237 -0.81254891458245914748 -1.90690235628125703826
0.34121018708877492998 -1.61744381752504784444 3.12324287814397560936
3.50496328090055353499 -2.96562200596507308248 0.74938347260209603462
-0.84671602116500244151 0.99854807431576908527 -3.46309380116025788965
2.15031709772696810745 2.18195391945289518532 -3.41967672186504412224
-1.83004885613143208900 2.59213799838952052568 -0.05250928692705780776
-2.97258198362402747961 -1.00057403545725032146 -0.89183150458553717144
3.41821336552656607211 2.07688481657701462524 2.38197793845581440308
3.49663951153624719126 1.98348813064455331556 -3.50006809749821901079
2.30636659882984229597 -3.23136810462085666273 2.19069607241568586886
4.48858586715785445875 3.10038403052359523571 -2.79188877640176258410
4.26502550855675277575 0.21977580895556592111 -3.11210574743788193075
3.70810522368753492373 0.07688695170303194715 1.67893830657933040840
-2.94381843393287301325 3.01427243416605428195 2.81617375683996762348
1.01608170931723940100 2.08524363729905815035 -1.61502884011143299503
-2.13073342726541792302 3.70107712502085295370 3.39431811774287250927
-2.14921671916971623872 -3.02398544685083159322 -3.64631824892481537503
3.26757369578480449945 2.56371733696979742234 4.21878783216314712234
3.27826636637943114039 -1.56911933503293887782 2.49552554256062730786
1.11630190934248219037 2.62487482134240401876 4.48961231818586004039
3.47408480559240206986 -3.63487010813315114532 2.50208080061871385169
2.68497666360092246407 -1.09147824387665082213 -2.17913243420848701248
-1.66438368184345053535 0.38599100954218279469 -3.51752812035062545348
4.34205115466322499884 2.82450148746358564722 1.63688545893994419345
-4.47293944217943462149 -3.10393805722752258447 2.41290117191272823760
-3.58316400504937826454 1.26037779648782599651 -3.91359461398091745821
-0.31251360498229008300 -1.68739750402209676139 1.38124154514796249060
2.36614954177599923213 2.45444672789281792546 2.07449789614938939764
-0.63809005985504985148 3.01066162223052469216 -1.63248384681117464368
-1.71868676756943106199 0.03788435208386253805 4.04179488822150734251
1.59408670841791533235 -4.03853614839162577965 2.52338073745495794498
1.26008089060404149251 -2.10897234057591553835 -2.95563588108363051177
-2.47655161798537370998 -3.48178003054690865525 2.79589287002397224313
-3.01368596869474325572 -2.97352248458983092760 -0.18571387990821541791
-3.10533188979406693520 -0.64069217548576107291 3.88846033910381105869
-3.58822894554567328740 -2.22558078655941571355 0.26552062791536812369
-0.71151696269336950351 4.01831077281872151019 0.94077947409883933005
-0.19792966737368899999 -2.05289484560448443062 -0.30631004427718533378
4.39976709618088701603 1.29460754883406892191 -3.27786690200621855240
-0.65195225219841113073 1.62033470099945287046 2.35057962438504830516
-1.49661373983298950918 3.64493404319202962682 2.56287110045234900468
1.30947992510621968876 2.25914489263336371039 2.34875668635316525723
1.89170156958605417685 -2.06960996296744870193 1.91166278033797976121
1.83206471858274522191 -4.06242316807650460930 3.56527259660955220255
-2.75491607574871988362 0.35926025984068754582 -0.58572442603427976593
1.22178427307027437365 1.37272373259013225066 2.97848815918336118358
4.37145593024151946082 -0.02018076980216498839 -2.01842361376374856974
-2.02225447926012646960 2.61022823861949859747 4.39966485878317481450
3.64839402368173804092 2.93177016777231980171 -2.11086636295050844581
-4.08219058649195787325 -1.10329102189339600670 -3.33495323498902429549
0.04937187681249533000 2.28464060571731586435 0.53419073528116012284
-0.19016750776228708020 0.33455997834304440630 4.49225523140408267153
1.84617646234600396582 4.11611029399049055399 -0.63256155585098161609
-0.16639497904535094364 1.36202527459934596976 -0.89881928559521817590
-1.81561069766429694639 1.53506313202735800161 1.44765598287371943798
1.60627768897442368967 4.24308102142176135629 -1.81287852991778741796
2.06624508537256268426 -0.01021340230365197499 3.76521123401956980814
-1.83003908691958017130 1.28663699471997450274 -0.19031812666572278658
1.07205246225618822109 -1.01638642505360943247 -0.90740719568147110152
-0.16899372926150224572 -3.02485024538071467504 -2.24225311712583597057
-3.27936715697591152363 1.82652324409935307159 2.34085450863813715472
-2.96898420821799335911 2.01249281426547188545 -4.29587837163830155163
-3.61411530594320584697 3.24405173544537195340 0.01692673684915924071
1.93692943560176100704 0.92885256516406489169 0.60316778216208355445
-3.93302845348916152446 -1.38686575208759821365 -1.04688188799251635785
2.92041273391578659613 -2.19955083179545995975 -4.41199882382482222454
2.95717613325031525306 -4.40704630330444757647 -1.11570122779599056884
-2.28479289116933781401 -4.44020794654899564335 -2.07869484325932374347
-3.71588666964546865401 -3.76627098983240093943 -0.84754031270392360398
1.21484058820392437639 2.84219135670058697940 -0.47242205727530262038
1.98115231672970271148 2.39534949694638044093 0.83178558873251429162
-2.32953115182150805040 2.92784715820879259951 0.84644213653366495720
-2.63816247193895092593 -3.88318733672975024973 -1.24276432910743173110
4.11641176002918651733 0.73913794853646752614 -0.16652870596235658240
0.34061982141359425924 -2.35259849639186757742 -4.16120956439747669009
1.88855708872061089920 4.35145235509809058527 1.70731000850617053999
-4.50944987516774187242 -2.72673796811885038593 1.00689655675643052746
-0.08075420209960615381 -3.04956076950244758805 1.60967790995532045173
-3.32452294021839955818 -3.06234399514107735740 -3.09483043068225560646
2.53569059099966409576 3.85992633398209061824 -3.29645289055904244790
1.18872403804001791627 3.33546094318137242851 -1.44523073799767676206
-2.24118428019047488675 2.47189345892766265678 -3.38638327243141956657
-3.59959647871787735696 -2.61214973343929468541 -1.92899276328483448850
2.09155687568899839590 2.26600198384097151205 4.32113454429045429350
-3.75826523188433370137 0.89277237369070583384 2.21790635412668546422
4.09474923718899130876 -3.75859396867418427135 -0.88324820055308794764
1.03284495244006802039 0.86912258490086724549 -2.44722492474434893950
2.74978517831902724566 1.28438521201832234198 -3.95960755117508211853
-1.02700875493689558482 -0.02969623550579658655 -2.17330576508525741275
-2.43667031845554715730 -1.48242715767662591730 -1.80928726283970719990
1.49757507105162535055 0.49208779670903179948 2.44473840522804852782
-4.34112091455281046137 -3.49703435011416896572 -2.90035978264883897992
-1.43820207307276870523 -3.53171685256089151750 -0.75734522750944943681
3.95565610541387169263 -2.32805083569209569916 2.29053246533990950695
-3.23296721820198706965 0.93199161559712351277 -2.39654818595251084545
3.93590197137577124664 0.78363128477687116202 -4.05176188428956063348
-3.75959133441524251396 -4.05164376885409360796 2.50276298764347959747
0.36186823788653033063 2.40602633695858880714 1.76316470808495839862
2.92032377679500498857 -0.18394342633719595881 -3.78128750427103499376
-0.25148819114041565115 -0.71679832740300941651 0.71779231591898007281
0.36783916146205797304 3.73214147742053636847 3.44297514596243114937
-0.60951448420104004100 -3.20267813070584672630 -4.16617241073553401520
-1.51834467651340387917 -2.62281425021324610114 -2.50631881722172344951
4.28627990411624093525 -1.09178040578815993555 -1.59625899494860412631
1.22063207176282606525 0.15279989411136796207 -1.48598289877635503231
1.14366391950051760062 4.24888910599853364403 -3.05921031532802922825
-0.41269439523800688363 -1.79286849142105175758 -2.78047313090595826779
0.13760581938392046908 0.15653596398835301073 0.09875779855184774192
2.18626060048561576821 -2.10098463018800218904 2.98580305586270089435
-0.51594505829563797050 -1.29984464157484769231 -3.83281333294705728321
1.32401293317780055503 -3.51016374358539007261 0.70771516909323572975
-0.89728248808064492437 0.64067135516920536986 0.00527445050042629759
3.08529741544743085768 2.90671323505156831146 -0.75248299846819488579
-2.66428060167599900510 -2.05682454586333562929 -0.31286133576390362521
-0.66435176750089741660 3.95589059664553577278 -2.23414448774370288930
-2.97548344720936785990 1.31828792440854769552 0.28707422809875993153
4.40462058927641297856 3.99947207354189604445 -0.08192854719827646903
-3.08409652715143733914 -1.52694337171084093541 1.20057897946339675599
0.23541508504371400079 3.09652473059840094294 -0.92827712794725147916
-0.90366335122247187783 0.82181937593203180370 4.05299709027092536218
1.93364349831786253020 0.67598085518815853590 -2.97263630164553704915
-3.15647828680911857191 0.71371930149873907823 4.15867591720760554352
2.89159019997382404910 -1.49918220006249658383 0.14722028327275626935
-3.89699658206823951190 0.11245236671352376590 -3.76026055878719134284
3.19734980104666366429 2.63997932164577342462 1.38477885070053385874
0.89622748224705706122 -2.14922669404719579589 0.43962578320963796585
-2.19288293807550482839 -2.30037695984011003603 0.95307984255218869407
2.31673523656415625283 -0.15794991093039190133 0.38695753492349993508
3.26758713789080612599 0.51341890377128152068 0.57476834757492500927
-0.82704830681733776387 3.67549475757350929683 -3.52902259707510612685
1.73306221595416953818 1.54600438738818279916 1.64285922887520197122
-0.22024379897617052393 -4.05099346959897133047 -2.96660283803913049638
3.62548282943608501938 -0.40847658108369166996 -1.16434741558552801166
-0.37673430995651013831 3.12871880537992819171 2.50640177732766122887
0.87647354780922270834 3.87449492208358226009 -0.37950924959394161107
-0.80186536259527940729 -0.97233798150081884870 3.68314960815903180702
-1.20333481504872485957 4.17552294598598461306 3.57745693071040360422
-1.97488594601016709262 3.51580921149093139633 -1.89623160172943006074
-2.93686495948432835235 2.48407894256544015121 3.72818512736664953167
3.20000407575620560152 -2.64170617772177429572 2.92073026529717427735
-4.27382304629931120132 -0.91994764217505098358 2.88033338595376520175
2.12669542297763225491 -4.32172805234019818954 -2.65662307039616907289
3.25988204289743688236 -0.90890315616929395759 1.65704515541285779534
2.95091692411572203980 -3.69156039430554994141 -0.00904373364011945569
-1.06018308316287424020 2.93026745490957996054 0.63368531340670841701
0.49182682367761731967 -4.19447169418809728825 -2.17554246746404533752
1.64671596612970727591 -2.08163639034557146346 -3.90219498067306513889
1.52810046255451759123 -2.89299840114795125956 3.10379491306506327675
0.34827146201082648247 4.48494936158019275041 -3.62329384588031544467
-2.63922877144976020247 0.25497704559326184182 -1.91206914757235857394
-0.07785685694924637801 -1.21749858647795594635 -1.02510031185012184807
2.89859122204012198409 -3.48830757466104657283 3.64342339603499265621
-2.34779153576445498430 2.95825433536224480235 -1.19776913242406735094
2.39673472518196195580 4.41882461698280959439 2.69279932527580445623
4.12985674606540609233 0.02165965229633837197 4.24533745719720823075
-4.11116861582952264342 -1.81646120638860564256 2.46566942523427901079
1.47575976301745814823 1.74466536646763881180 -2.75844244939242067005
3.41282225187917287457 -0.86100372613506959141 3.27473960832262900311
-3.60711243677193316159 3.25103133560626123000 -1.37113608556949584383
1.47884632221464595858 4.30506043333829691022 -4.44957196334676563509
-1.72735993865811954251 2.68165648952068291777 2.77632368355379277602
-3.34465030284700537422 2.33726654957075830055 0.55434825022314360154
1.37834652338730823118 3.17092545663227109998 -2.52952886013783517782
0.19405619248148120448 3.38807093376801216067 -2.23934935240033672343
3.62057659581863600096 1.98586881577587615055 -1.49646418492458987970
-0.79574981075358897087 1.21628221669837532914 0.95510350000224253364
-1.24986188065231873523 -2.66815740726951533546 3.84325197427606912726
-1.00152913764867790292 2.07121113441105375585 -3.56567200270876183410
-2.45263669275632700817 0.27284046093148806023 3.27730300652996486832
-2.29581175635144152380 -3.27832692007226889075 -2.23862221158634033813
-0.44896372329151823521 3.63169646472699181317 4.15604508940857808597
-0.52147777694374752855 -3.57795916632758892462 3.48495357599528876591
-0.24568439382335327537 1.67547729020684865731 3.38114017910261654976
-1.11596119740358412642 -0.29554848007399581178 -4.24110009864873216401
0.45982117714340109416 3.95467926384974344245 1.67169904968324267713
-3.09319190305776459127 -0.75758363550490015470 -2.96147684252442289221
-3.77190990816718629830 1.89648177201886714016 4.20861563965674978505
3.95902722191284883735 3.94623060343797060767 -4.29352480233971967039
1.19815971587365854845 3.00113497838188525435 0.89074149714766370778
-1.85389213821139309246 -0.72890157911038278016 -2.71150558555713594444
0.76487528065136878297 -1.89288711672854503831 -1.90025568063902428051
2.41049572997428551702 -1.24561510835493916005 -1.02888466202082096146
-4.26375462143854822017 -0.12056785512375967073 -0.91094019870473363909
2.08213605803205048517 -4.49947696656451423536 0.68587812175823437144
-3.37091349519430583115 2.25968729562824943713 -3.15894031100442296278
1.89346465324344581660 -1.59851434059527175435 0.31474678775322217916
-2.76488634726107829209 2.08374895359412892759 -0.41893306715851164057
3.58157796614050827344 -4.41036852472701390582 3.30976472703390278696
2.46488101744237386725 0.95307985136501205403 -1.92010386296264767836
-2.66245594550871667039 1.73882639714782349927 -2.40136692506579096928
-2.79942364289830747381 0.18468265661102112318 0.47274411964431983790
1.64178184002167082411 1.25900763162282292029 -4.01220838676845836801
0.78020013522740772061 0.83855250522090685195 -4.06607175101254902927
3.11674517402578743486 -2.78291640611529444982 1.70283226160869372023
-3.27393156353251413293 -3.68115107053245660396 3.49084929135043164905
-0.77877197265809705584 1.96995281338489736100 0.10269537503944281553
2.52172218820607607626 4.38578324776037664634 4.35767316570724094760
-3.95184808705564849518 -1.46844709496858749631 -2.13977306789208165938
-2.20837629865542339758 -4.21517627155592933264 -4.01877943510930890625
0.81310338830869888227 3.02095514403468978770 2.62983059311210798370
2.26941564317220478841 3.25988980656588367424 1.22307112111852500647
3.87995897082605711859 -1.89095623643871313391 -2.88167380620406099467
2.18670284599179876039 3.31509649042931808793 3.21097889182827866961
2.39946478874169955020 2.25938887825359113748 3.22143896277796226713
-1.54912685494461488389 -2.54442667349589646264 -0.23858104575678229509
3.10796238607898445139 0.58754560697285018733 4.06661312769560989722
-1.90122441359686256135 1.18211454224359879817 -2.65405364053521708456
-2.87609975326707445475 -3.24261002640957807230 1.24556826854048896536
0.93277908848044166490 0.66517932353724074090 1.59179451932982019002
4.15878649590324922514 -3.93027816925671746873 -3.56975710450403749263
3.65217841586485914007 -2.36394171471829261932 -0.15285218372235487294
0.57214606798864675596 -3.17452888974676250555 -1.59503205577336792942
-0.21747686629311058226 -2.30642283497106559409 -1.29846840687517506296
1.45120318428567873781 3.50750354043138568017 -3.89447839477668233954
0.00449605558520627113 1.52293821930010775390 1.55539049689525743503
-2.93643496845047735633 -4.25630706248334433894 -0.34859330870114035861
1.69887548119923614820 1.15799832988893491859 3.93618989439422772847
-1.74604591412727305766 0.57132220772206565584 0.60828242709884516870
-1.62042621977752698825 3.95932537284555419177 -4.52229498387510542301
-3.84791001396383958166 -3.53333073307015466114 -4.49114977632054301893
-3.25525125066112419603 -0.99139983056581781895 0.23735212397932947681
-2.97302344457533873623 -4.46458011439098800821 1.66181671385855622702
-2.55906656385614450500 1.36648880961315644100 -1.28059310015603866617
4.37333858709374734275 1.18797414977961857119 -2.09537527118712496588
0.87234925033261756511 4.44554551747777626503 0.64858778235768799192
4.29988161008887193049 2.94583510639722589985 0.41226219455820167781
0.36718517795977945184 2.70798668826009336641 3.62862417642071033441
3.34275239554697467526 4.52424867023207522010 0.79472484634614026788
-3.75292508357015686116 1.84158724937505979824 -1.24562337803111189416
-0.79137909624522162488 -0.34246132022531750039 -3.13723172231560054612
0.10437639710571833263 0.70944388120294021860 3.54770657415707457716
-1.24905081596644729203 4.10828086326561336961 0.03378293046487979012
-4.35702256409021604355 1.03152046996302626525 4.32951356544623688904
-1.21020377536146206410 0.71572651618534255391 2.36452261226558668739
-1.91315113933299585369 -3.51564171804820579936 4.14176393058736902475
4.07333644013793527705 3.30929654349547242020 -1.04825958420275799909
3.66276137017390635009 3.06935810479914028548 -3.53929960047570846271
1.89263069469779843246 3.48450897803335823966 0.16047792971952468122
3.27005299131861715267 -0.72800449931028232697 4.45085086149597497496
-1.06726859687601738358 -4.17233706816019545016 4.39658134949507850564
-3.16653416109585217342 4.50764682234911706615 -4.30234834331334248247
4.42267739103831925007 3.06434607622189592036 2.77879731792737505458
4.46634660491370194535 -2.25300267780872198742 -2.03602851887075741999
-2.27520318216544037426 -1.04677307982382394869 1.92147459412478216478
0.65929126936786630608 -2.88758496820593624221 -0.46764925048417360642
-1.29162327465392312575 -2.40747150429987133435 -1.37531380191237850852
-4.18987780067307902243 -1.68840232430484071813 0.99000487462844066755
-2.03991558670490924499 -0.76067447701368173796 -3.80911757937462747137
2.45229812976003191949 3.11813009833008436544 -4.20591068589340633110
-2.67834050266901346760 3.79589142185402561580 2.09583287783034943885
-0.09867520179593824992 -3.82160731482185855867 -1.22203545244371447609
3.21172562160935992637 3.48764832779305233856 2.18285643658970940351
-1.11446997647132972631 3.00807627512829878214 3.59138571020120966892
1.53280424246017066281 -3.07203080611613099649 -3.91118704525175830966
-2.45233946300682381647 0.27797667403059111990 -2.88658004211778740355
-2.87440663328959589151 0.83606319645990634370 1.31722588730934297985
4.35503462950598940751 -3.82319804979130584144 0.26334965756708328399
0.99617021693151741601 -1.50780794196474632329 2.10139505648027746787
-4.37078086444479652073 4.06383050250677779758 1.34127611897017118281
-1.96110688424353796222 -1.25133447219162707853 0.08754325475480495555
0.99251174449620815921 -1.10580283758388953075 0.25165340922192225293
0.08371373312407826006 0.73120513814599341629 2.36982098050786849086
3.20074224371478255335 -4.06831393114267569899 -4.29905019291449264074
-0.69879574852511705529 -3.88673275523586303493 1.18306383655069424776
-3.49400591932577020415 3.20051546839202405437 -2.74379700332615339420
-2.01503935947271317630 3.83784599429605766119 -2.97504068138074417860
-0.00771598393740813293 1.16028903799601490476 0.21651547029075768336
3.93838113503479458899 1.84578559258646901498 1.36372103947401779322
-4.27788731507858432934 2.38019782830566395404 -2.03842842956857950298
-1.36102142707534756738 1.59017681985491332597 3.26719522720106336777
-1.12023451887148794981 1.75114796748232759427 4.42775361785937260350
-2.61214251208397874038 -2.30453017787786373916 -2.43149255359390847886
-1.71094443626422698657 -1.80412036750516913131 -3.18293732213727365021
-0.62768493303722694421 -0.02897868008892157121 1.43412063328299588250
-1.72259201987780929954 0.03159164287386762027 1.77576694827792902487
-3.92724245225534929205 0.81618996923835052115 -0.30826683525158937726
3.17167930867263425654 -2.87594056010252074884 -1.00287453463391784680
0.01419218894259799413 -0.86996580242916321524 -2.36181942557233837121
2.11707858949004101845 0.38489903704271988261 -4.35140484214866063439
3.86652388376125255576 -1.76981587286687158667 0.99810149893365363027
0.60865603988123417878 -0.06801334672918191160 -3.02024680826250380150
-4.23133489294033093842 -4.43184640929671314069 4.01176978609684109500
3.37004401585414115061 0.42677253160156958245 -2.62439289506570050392
-3.90217657325857958384 -2.73325739909566323149 3.52587399569193937765
2.70101498360250058539 -0.06956011030143471885 -1.83259095433035090750
1.33765763183890040722 0.00960324368424458896 -0.03432666200981859816
1.11984269179813988870 -1.22845358640708690601 4.40715168490638742327
2.54173438289785114108 -2.46294006337778714766 0.88120073214462202316
-0.95301253818100750692 1.01104276944498661095 -1.90585881745279239752
0.82837519056676978124 2.04155077188944122923 -3.77659731952014920964
-0.01501541700702624382 2.33342553641901950812 -4.44353084178354951206
4.10972128132832903447 4.45127759112600340785 -2.69485593852601024167
-2.41394409071595239524 -2.47618661399856687666 -1.35157958430059021993
-1.59624942927363289158 -4.19394887542519079204 0.79285616952142401459
2.97940299996257884629 -1.65279135909851593311 3.65971733496658746532
-1.49099774284985109318 0.69203758211769450526 -1.12102866556235625239
-3.77488791868037720789 -0.08785338269830500479 0.06320169733736769047
4.43709408387035875165 -1.08039699395087129830 1.72714251500211268819
0.39163416703297659893 -3.57430475930806013096 -4.02869635566684092254
-2.35528543237904353091 1.14475773423981674881 2.43817493344510083375
-1.84032763278383093564 1.49503645312091038022 -4.00589673672489965384
-3.21925383440330659113 -3.69293732208585900878 -2.22670837577344027380
4.52255273748164920988 -1.19053601259919217270 4.45096997635213664779
0.65550383514535770502 -4.33150180388449079771 3.99500017427251830071
-0.12745624830139234973 1.33048761751243826978 -4.18012314683469199394
0.21710749025044684402 -0.59569529215782157650 -4.26132219372109410926
1.40135749810491194722 3.61194397279197243478 3.78226811629834624995
2.72588386039728902688 2.89725784940567976378 0.29555906877253335097
2.20442329337513953647 -0.68881506534397329844 4.51730482423756551924
-2.85559136891100928679 -1.59582176069916359396 3.03331709985437392163
-2.16070397651134182837 4.06351531095763274237 -0.94810216165504535013
2.75996161388152572158 -3.94834506092687664847 1.50371470827169684270
2.95375313314632581552 1.42416557365289442316 1.52188451790427592414
0.68511669658753415746 -3.19572010276205453749 4.02493470471454362070
0.60355306759326499133 -1.24525962714438875878 -3.21327329175086173763
-1.62319096628601933219 -0.80779670508108347704 0.97407056665105962168
0.51738778106646332589 -2.89475065613129656228 -3.07233295799586247909
-4.51929998167085233973 2.26873182151033425669 -0.47142532622049682089
1.89365288951688004460 -0.35302017752688730212 -2.31623633230275727257
2.19100801053727156642 -2.69406928224488462220 -0.26662652247207407896
-3.08979299485048652940 0.04433365796998511854 2.03338510114788384442
3.13592197065340538842 3.57350262450316780161 -1.61399705995421172133
-3.57944788558329562989 0.66973899007272486017 -1.40013418420244528662
0.07000356462870716001 2.69057643205483465465 -3.43485020526520301587
3.54406435581045275995 1.92951984016719624293 0.33395995885450968643
3.96686670769599469821 -3.20383004698702089641 3.42267194472899571878


