453
0.14438761223312113202 -3.69158951845756799770 -0.21807675448724150868
-1.02190275973084609973 -2.94229447110050701397 -3.06823487095688340887
4.17694955287196645344 -0.11457912002751680092 -3.42990638910465461819
3.62907648678847127854 -2.87290984172995811363 1.37215516115147462273
1.02445441534876025003 3.96778517502250682725 -4.33928771493014764360
2.06449706067304372681 1.80751424573566854548 -2.23290099434113420429
3.38037199043957503619 -2.66085021370651197969 -0.52712442583862628709
-2.47393717319022687917 1.22310482973518386274 3.75133924633527282566
-1.04282149804857704467 -0.31383125585730642371 4.19028463935916928307
-4.52184254148413966590 4.25565607423038638757 -1.08953398112692001476
1.02940102093902829949 3.20929822628193583967 -0.35503097037244657486
1.42613234186689386007 2.10981440907355821679 0.89456847891011115337
0.79887018007475241177 -2.45695501769626067912 1.80317963725751440052
-4.37274568874622460157 2.52405719354036239821 -4.30954154481036244562
2.38040913806383347406 -3.85493134597677178377 -2.19418130624524465588
3.66185627996994877975 0.60910767509310481671 0.09537881239385814780
1.65515403703025487658 1.44797461226779944354 -3.69714339227759980488
-1.28122042379977507665 -1.36054845967480053659 4.49969792597688833524
1.96511440310397667020 -1.53295914538541255823 3.19764649654555732639
-2.64902964355147707565 2.84237741779479602400 -1.81471780751755407124
1.26261698095213592552 1.55947459402743771051 1.81023375104964845406
3.53128902341119310648 3.37594333464857232485 0.89900003908965331334
4.26648678822250015941 3.54394557416906064162 2.58225487727503288937
-0.09686929567026947296 1.54457045974008355671 -0.77878250324377695790
-0.19775527487002797500 -0.84914820467682794458 2.01047915406183363984
3.70815209697051795246 1.04068331506658218188 -2.57242860891212155039
1.76056665869178452510 -2.94691136889101379381 0.70071314273914175885
2.03097881722528672555 -2.34572960770260730001 -3.20842129216989002671
-3.87716894187427341123 4.21860261408530679006 3.23015393266844164089
2.10624260493459480870 -0.17668741644706553728 -1.71871887544769741396
-0.05709033709042810045 1.34734408929395854670 -2.54198183446647441031
-2.02263936590661197457 -4.15850655701040494705 -3.28472579743849335543
1.05498885358076055496 -3.07881240027066693798 -4.15169088518632189988
2.40883261838822360090 0.79609719145189661305 0.52224906089951250721
-2.77869052443205211134 4.04724764673020498407 0.92695151693570565499
3.89565734871589963717 3.31938016336730346012 -4.37346552096648011343
1.09155689260413968356 -3.58979960249165630515 -1.12291796469326499164
0.43182393695974319314 -4.27411010253908507650 1.02173137722713658349
-4.02108736698978486146 -3.05545211860303700391 -2.40570309100560653093
1.86546163884985638504 1.65622415653471222186 0.10625795422583905747
-4.37952172472847589546 -4.44701635287876850811 4.39468287526117773467
0.96859261803421592418 -2.13460370091192430664 3.95319242299291939702
3.74727623462511072461 2.23305710331822293568 3.87493814306507911027
-0.61336667872457573125 -2.81093646319967938041 -0.94927817618639442898
-3.76135758580946211183 0.51380545642284936037 -1.35462054347267901733
-3.76753218485810270622 4.01561001920827198575 -0.53904939590785705406
1.49175040628076072124 3.24787024198822482646 0.51928530822686980173
-0.50845664376362265102 0.39638807781992468904 -2.56732851156115993163
1.94375498722840944765 2.99269131356235362773 3.71736828406100183742
1.96649458542951816042 0.30803998913683994232 -2.93488683040854114736
-0.45511297241999404406 3.77267886856763023928 -2.45983078357803730540
-4.28738136294498417556 -1.93605977363992165508 -1.21543209456045797623
-1.37574384504759894554 2.02661836077347157214 4.05052698218181017609
-1.83823642815954046981 -2.44908949705970302446 2.17526642663925606769
2.88246536659291585636 1.34390299451990458124 -1.12796286821437297121
-2.86260382670093571633 1.34720577486170256520 1.60435680079743026027
-4.16001656612477610508 2.65578439255032972000 3.14780654647856916739
-4.32903944918025640476 -2.14082005067601910397 -2.48826696492645149661
-1.40059856203105992378 4.39017599290994109396 3.85553147630495640641
-2.01985718232018784946 1.85784363517919715036 0.96890638624423885972
4.27448911910115203483 -2.01743666480277417108 1.44855762244846086872
-0.59415816803378884714 0.98982581506803413163 4.17878048921132272397
-2.68047447059880683540 0.98923036613664372396 -1.98674269267655567717
0.66265419578685591517 -0.35189759322844960110 -1.21117920812771684425
-2.79895701263268570358 -0.76694814095246677255 3.18661420606250533893
0.00583324955367725551 1.32401615588338561480 2.07647627673525114744
2.35019396200325392243 -4.18024561909895275846 4.49056165357797265614
-2.83503148414131933563 0.37051282612642744141 2.38816355293283066885
3.06790364037630514105 -3.68986338547073389194 -3.83255041377619454224
-2.15851617781176852162 1.23545320917032430685 2.72123614344077946470
-0.86116591194519553909 2.96591006249513622350 0.66118065551476412622
-1.15668871412282037170 3.32669253368570405627 3.76287488237619438536
0.30211713884598889734 0.85717467544970915583 0.69114258823217156191
-4.47920141829651008436 1.81676983762129840017 -1.92933865828289663469
-2.84364131793474417265 -0.91288728643995220580 -0.30399708809258108033
-0.98431112977035795097 2.65766617263691795614 2.89625639005163471040
3.03212089766522741030 0.16231841256955359398 -0.98621269909708786372
3.85133722250009125077 1.98949445569272231893 -4.24442881068703492531
0.12362837664168591090 1.76526692449966748910 4.43077017738586942386
-1.42835550156411272837 0.51309151498341076802 2.56351625384648418304
-4.25703862531511312284 -3.78165074555753211172 0.62798469693707215100
0.38023173903984375244 2.23372870459545325161 1.16846631519198407290
-2.25293624728180930106 3.32520926957839435545 4.07596870816976153407
0.96650700425622915191 -0.47701829695806452492 -2.88171267396064045840
0.81504407910113574331 4.51317224509623837747 3.12417174301407563064
-3.41003397956660148083 2.28126989168193539115 -3.64232349805581057112
-1.87719854279435249822 -4.24092972554448444100 -0.56088350414388754572
1.95977021037100485046 -0.42844006119524458143 4.00491466411636221068
-3.14402595139471729979 -2.82368424797535677584 -1.82613768505151252697
-4.24375954408192601619 -3.71915705096776161298 3.49672173228979144000
-0.97835371237538915068 1.76786427239083732132 -0.27931890227470379529
-2.27141054851240831169 -1.41236014114665131558 2.66961570291347261019
-1.78361848390202659687 3.00237807751549201640 -4.05768324732453233850
0.73327372061244755486 -3.18964265026773263756 -3.14311730348949325275
1.44270384217413383254 2.71349981371485871051 1.88149851567882908654
-3.11680811874820662410 -1.68118637187673414246 3.79186143365616867840
-2.65090272928069881075 -1.62398587331375399145 -4.01386412437360196037
3.16416493221628147836 3.87386501469785304863 2.10514858723228126536
-0.29510864412937465318 3.97022790175868589557 0.83034391071519575434
2.16080946795869532906 1.67319326155928926880 3.68998106875799525284
1.45585765899211061480 3.09396487754101645606 -1.59359327974895492730
4.11271096991235562967 -2.92531286109368249271 3.30680004253389814295
-3.08565662847236721333 1.71469585634923760153 -2.94340852888358206485
3.20903582596657610537 -4.44921499451406443626 -2.99322670179515837319
-2.71846967249158710800 -2.28513091501853971010 -0.98341999284711478779
-4.41280428823504422553 1.46529046177283817087 4.53162332993877381426
-1.36827234407141151706 0.93248429114029462994 3.44645064705850145970
0.54239074429394484866 2.24339715765905101108 2.25881773979957056753
2.88252644273893210425 -3.65909737315819327819 -0.94245958327588130743
-1.68358317593060746731 3.18172577364730191363 -0.90634409793010606293
2.32503787715244225609 -2.91754309293070868137 2.23367184894746273471
-1.78232362361217511193 -3.33472644251978289631 4.45206954828089873644
-3.64384158626189647023 3.00885122329301157862 -0.53775434734998084352
-0.29753828447759378406 -2.01943499426230843596 4.50792508085883181224
2.20580014163342585931 1.48560388226214445950 1.48175075161316538441
3.20217308364748198812 1.67478196288723335527 -0.02502372633454186257
2.51654345707521098774 3.69315924700079545318 -3.06581610112000380042
-4.42184870237635951895 2.62994584913750895083 1.49362979675114004863
-3.07815981363677959592 -4.17615701117784610119 -1.09635735972922798709
3.45887572616592908759 -1.90061547380366935300 -2.23314411277626678753
-0.73475587892885618757 -1.62514607092214147244 0.02162071904924545152
0.16893990180435025650 0.45995897539886687611 2.83252500631814907450
-0.79045107796336866457 -1.41920344863899483556 -2.41295103849478476121
1.01986813111285279376 -3.73033008725302739350 1.73270756003646209109
3.43735535868383035307 2.25740284568599935966 0.96130204353012516094
-0.07051860227936668224 1.65615422147468915881 -3.49593717931448733083
2.82792817414676367349 0.19798954419646008773 1.78488283546314630001
-4.07239094287701330899 2.64121472919731292706 0.41976075784637689736
3.24363485651371430407 1.37243009726337561460 1.67560076496030241344
0.29724780256892824326 2.49719244196879852637 -0.92785906722354560827
0.65600784226313191283 4.25612208274408754249 1.87119016258578430012
-2.93312952629716816588 2.50392424298866078658 1.51255658404529924610
2.02414853921395998526 2.20575970215525529738 2.54172982423948123909
0.39514060656948046812 -3.14042946528469224532 2.45546966624278528712
-0.18539103726709704745 -4.46730044356063693556 4.43855660282666786287
-3.85047712271660769190 1.59598398301455901560 1.72635932955523774268
1.01961882003886206149 -4.20452425118809003379 -3.83932792362084773785
-2.02774850054202149252 1.71906403285741138376 -1.95923377006769738884
-1.29174828055563173379 -0.28869087291241601889 0.85172352532088702048
-3.73878888343789261839 3.78251812950864962914 -1.90593357020998332985
-3.63300576232114380559 -3.56109668353419639431 2.45679580142090880912
-2.54370380432462717124 3.57178064660657934581 1.82706940886852819972
2.41493943810434696928 3.36342601152544240506 1.14805803457723420991
-0.57403199179304920108 0.69860228454277439880 -3.91834502182681498894
3.52670402918383008029 -3.91554619049608909620 4.37062276580968056550
-0.47840131700947807758 4.21598630647248473480 -0.46819942489144583675
2.54831624508019771724 -2.90551176876847216946 -2.07363810642008727925
-0.15247266424477512459 -2.29684856563950923203 1.54569105731056488651
-1.02092456507281470479 4.49496020040823385244 1.13503116247487501056
-3.00638744777678423858 0.49327234581514289857 -4.32305633262069122225
3.06366123087091946076 -4.08484663867394459658 2.00264313426330531343
0.97861190200843317655 0.40848981188045918600 -1.79729333179177741542
-1.82075441113852942721 -3.36601072046557270312 -1.01391379975215301101
-1.14837413566081369964 -0.38338723122954920797 -3.58354608813553632274
-0.98315204933100819318 -3.82265130100529004764 -4.25471216338072633079
-0.20945264404602248476 2.77094074163885384365 3.79794895506673935159
1.29740143477669267469 -3.35094983131361390249 -0.00899829726900236437
-0.41715121419466782982 -1.96486728615372685525 -1.55212224862337055953
-3.38132631686224494061 -0.70658910040527578289 -4.28656674017794880882
-2.36309942939230221981 -0.04188706968148991905 -0.90247082470925210629
1.99378557097782316276 -4.16015997446981966590 -3.31770155695568247367
0.44717340444174435987 4.36206957056313360255 -1.94616239585569417159
-3.85706261433530661620 -1.68651458074500570916 4.53083567753961435898
-2.08346673838613627439 -3.54117020487997047340 -2.24297833175707905795
-3.56831519571802857627 1.08900264322546203033 -3.75631538625517524821
-3.30500570721321862422 -2.59348300772492468269 1.85536337741695067649
-1.06529460684439092333 2.29358951121627274716 -1.45121404576646817475
2.94966411359532099112 4.21746018670440658838 -3.89156159155777814362
4.17298861451945679590 -3.20484122973678031698 -2.91465539039554766276
-1.40181217004636549106 -2.47976957428403288475 -1.52945810133508075523
1.92042928102074572649 2.17480616069185739292 -1.27861525060080349903
-3.44660185677076924549 -0.70479446583909499680 -2.27225372235682510080
-3.57526719808925053101 1.69771965210621011977 0.70645627446899439406
-2.99720738010296416931 2.81486213522105188645 0.30237319789040029150
3.58117230674970077331 3.33932110595481912441 3.41973956359234598779
-0.49305158147267036384 4.27125090238082716354 -1.54503515000283897507
-3.57956567878473874700 -2.36473461533954099068 -3.49810707692244360345
-3.18471779990016390371 -2.36345327986091113814 0.81909025111623101623
3.78620496923244420628 -0.81093312961574381958 4.13058902531313965056
2.63691724149653605735 2.70860892514566042877 -2.55972445332337272816
-3.61373100642234890145 0.23943174583266646493 1.44564938386815722282
1.00170148819865456602 -0.33058356332612692796 2.85306256975187633174
1.11060660486486106890 -1.44308971261163021538 1.80420176161297707296
1.51405918761077540324 4.12971399851146880877 1.28574274952245826142
1.20576590070224831663 -1.41995659620059022643 -3.12656438646732892650
-0.15443506534082018788 2.46345048814973832663 -2.09388186943506982018
0.83642053196887466981 -3.53164876148415851631 3.39095996755444950566
2.06974163566106383882 -0.05732138088608262905 -0.45797244100494882701
0.53153231028744141184 -2.78857609986412890990 0.53588754146878603279
2.72232225337123256992 -2.21417021182499462739 -1.31007402784036841581
0.67520785249164116948 1.34324129150528204235 3.62016563657301748691
-0.88389763074851224189 -2.85309779375216221453 2.43562778814982916487
-2.79845711996360124729 -4.41162884458155257761 -2.14947080382827282463
2.38195878934968785501 2.29947138537208406461 -3.51207960468841529078
2.63317078950322880360 3.03077036851598080602 2.39750066454035781760
-4.49470590255506063926 2.08802983923852547576 -3.28437128663091071346
-2.17325903400242514962 -0.26268117526218937030 -4.04553392828099767087
-1.14449552450134817150 -3.66430636737975756745 -1.85446688509857082749
-0.40195405174134712922 -4.12994051245336279976 0.44203473327192988052
1.25049653820742090460 -4.25865228897315262202 4.14845695900107980236
4.36697631228700178241 4.47975170034225644855 0.10930146162576992452
-4.19320689016740111299 1.23506011696089057494 2.71443547966005649386
-3.00578901898999628628 -0.55850346327142919023 1.96412296786254447767
1.51141110879701656700 0.45394389544482649512 0.73800529180880847235
0.82666609353859588083 3.14093988215555430799 4.10672127092756067412
0.51831693322388261436 -2.13268869289944307255 -3.59999714276549154235
1.50880672538881199785 -1.80869235921516535726 0.32188878235164963826
-0.10895546966045888126 -0.48817497791995112522 -1.88794318713025965906
-2.75404972803353809141 1.78376635721759679853 -4.29238587854513120590
2.17852070181539847482 -2.11191462895665615918 4.39729857016036884687
-4.48320067679669786997 3.15841148402404403583 -3.30786905050623403213
-3.12454345667872868120 -4.17787932234562919831 3.35151496466536880092
2.89259882490809605571 -3.88306755321139540627 3.35199573589039001575
-0.15622682540217525116 -3.84582231403281848969 -1.66193630111351353662
-0.29237798177428953039 -0.58565859339900283587 -4.33334143492114343132
1.99360161267746960334 -2.10585354379803479929 1.63144101969943999819
-2.04236085388288124420 3.94385510495852908974 -2.67872215097021060259
-2.52682289851276964399 -2.54251158860277914897 4.43334749509477088480
-1.18965141382530203984 0.92792784648043280527 0.59345285699452521300
2.04768650151905884371 3.97047822708065378805 -4.37063336128156532112
0.38220910131488583517 3.23555771609084974472 -2.65592376151326936551
-3.79470805423538326551 -4.15179443024009042773 -1.95551951678370139476
-3.57180901868541100797 1.93124873324495816007 -1.48733377509153319451
3.35633694117678427205 0.24330766457047392493 -1.90141270914674631598
1.86616224418199561086 3.53577051189819346888 2.34948573987079534220
1.84161719037560533963 -3.78172359764985932529 3.16283787068326116554
-2.54187472849071305347 -1.64533650424119315403 -2.68142137745603603705
-0.67071582068762225504 3.26900808097422501675 -1.41670789036338717892
-1.37386842221906935180 2.91636226411006660442 1.86158816779622160453
2.20240097408381085842 3.71377650000387315998 -2.07245516213773539604
2.03203060028731830045 -1.88748071377881831978 -2.29179845865363063240
3.33909696520604715175 1.81927986259155982651 -1.92336576536569126006
-0.23135835658026771000 3.44006799337307089814 2.32306541653198106445
0.32351563623687429327 -2.97950166132845195577 4.20963263055950687175
-2.75644455245386099662 3.84418797578647630786 -1.16299041371299072267
-3.16743787507214591415 -1.72993945689497952145 2.48703987011658522732
-3.70820344087811726297 -0.40861328661970741649 0.33985728006674786883
-0.18603529928821416206 -4.05108293885873305129 -3.53243450792388591353
-2.13078102424450754881 4.51445156893332377734 1.64005704400041807389
-1.55771284922846220411 0.72927194960095143017 -1.82190085959540803984
3.14300892349027893857 -0.84371415711315567165 3.14598844861226911718
-0.78327918970073184823 2.84836457518982744119 -0.33905356255701146750
4.10602634791072329534 0.85191925303567384020 -0.88374751812332297263
-4.19498594391405177362 -3.98879426489764288277 -0.42324463402140821700
-1.66579888595680003505 -3.23613796375025053464 3.13060914950174229432
1.85877750912022854379 -0.23071756094707396301 1.45427201360234281680
1.50902068759201402059 -4.15577086482280755320 0.75678632178510341078
-0.41596169968249530058 0.84274671274564827428 -0.00988250514592081686
1.68409719903350296732 -2.73618703320484391028 3.31023346962729636545
2.29941355691857562960 3.88926655503668339264 0.28105013642624943060
1.00510059692290809608 4.35017335652689762782 -0.95110554488820175933
0.12727276468132231457 -1.22158863565897757297 2.98005107787811684972
3.30789013333902648384 -2.42259966305833351896 2.29399776040356595530
-3.60294861940426658364 -0.05157758520982103079 3.16775838102884854663
4.38554281241081067577 -0.33852717975192359035 0.18361199636250624678
-1.92039174787557964663 3.16266122171668850882 2.67995775316157569534
-2.11410384360270953152 4.16953827362142614987 3.12656145623138304046
3.98945374659879004042 0.50074971859320971390 3.56462518138651152100
4.08339046924638449099 -2.14146791341794706653 4.30507968147255848379
-0.01497001750090642958 -4.02234458841989983569 2.81749570205028465608
3.70796951925453210919 -3.72875829968958116822 -2.20367848954616496471
0.25101169908989184876 0.61938666579054046935 -0.95488228894841142846
1.46682007823955284920 -1.32493191576903024398 -4.21658917530219934378
-2.22168469358067532937 2.61271430941958460181 -2.81017657920879937450
-3.09083645367372605861 3.96325516899229857160 -3.12541280510246055613
-0.17957503278045372497 3.93582480476430429661 3.37320686126819335726
-3.62389108241307189573 0.85513496268921951327 3.74128031722772735890
0.41579243116683350934 3.42568969022152192139 -1.41546732127923213795
-3.53628565963437191400 3.37374440174836376372 1.36431733793755149975
0.90010964894926903668 3.49164433483367719901 2.95767708984025023966
0.33554737416330393529 0.64154561106391039260 -4.17654570561053528621
-4.19337651938622890668 -0.92706678920895768670 1.19198424013120707343
2.52116135649788297712 -2.28871932620196494312 0.58603868253520197129
4.08797683018850666059 -0.43046618846487483268 -1.17539091581824362009
4.05790536314394412187 0.97993881364588375504 -3.72078178338451737162
-0.07227133183545753070 -0.12031460408943495111 1.16324502111582805952
-0.73618359133917277148 -3.80440074238717240718 3.53277017178891039606
1.92575813602447620809 -3.20249149772161967320 4.12746849258962900109
-2.31766194381406354097 -2.75882793705680073870 -3.13289252060941958433
-2.89113208061157633821 2.24838551372562189812 3.66842817502132501062
2.23403958926784174110 -3.10810796226393826203 -3.90960895616043613288
1.61808787239819995563 2.94935674337605124862 -2.87954406580385802172
-0.18793578807390165508 -3.05381977337591514754 -3.99557874072259799902
-2.51114269696336789295 -4.34123445653149797607 4.53638937358928640009
-3.96640710623867276396 1.38054297539939074824 -0.55256180471119975550
-1.85109582667218308671 0.64535489362299980343 -2.83151356082602312370
-4.17321395682504459046 -4.26432553072751918677 -2.99350695029642777101
4.27469818003056811762 4.24188347987429903441 -3.75517939201177641806
4.20745180417876785128 3.27127830777735262302 -1.24790828413729215640
1.12642003442292715221 -1.93306858688126492751 2.73696727927972993655
-4.35144467334415097071 -1.65353012732653370520 0.33199365848282180735
-4.40887941617226264412 -0.93377821748411138358 -4.11864879229480429501
-1.32624792158486659588 -0.43077423450595908605 -2.40578929829816701158
-4.33927676218429603239 3.38921122768218729959 3.98836371252664090292
-3.02589911342549067186 -2.73740989311682714202 3.01955376159203847664
0.84125599095547620720 1.96446823271348147699 -0.18954016033844656164
-1.54159804566153857408 0.46230558984812297751 -0.28305622637506377970
2.80948325735865633845 3.32028811035730431200 -4.35758375753848792300
2.70040033814035584925 -0.53180173984769840700 0.37558973922109650800
-3.82715558915448239574 -1.34642100684267473909 -2.99534445038635999126
3.97606809149885176424 0.27742398697530568086 1.00031945451524340029
-1.05744318405312398568 1.74563197824816374037 2.52554341564595663527
3.88513004005098405713 -0.16200185093599905883 2.10789900316722178530
2.57319264116123402886 -1.16968349008397964894 4.40194288353943985470
3.91513061237924642199 -1.60208572502106960656 3.04027794060318967695
-1.99172379258441489824 -2.82535679991998334160 0.60466640910202951176
-3.69689242791373873231 -0.08697895217407047852 -3.35350020228901790631
-4.21013295676585563854 -1.95663000861791269713 3.52959870707972900306
1.81255234550162480645 2.98413860169538391887 -4.25500746348033764832
-3.22238886293910820058 2.21844735163160411417 2.63216352150564869561
2.27761735142358734407 4.08456278259908867057 -0.87031628233188529364
-1.62985493321742369588 -2.39052329902992743982 -0.34234232947376508349
-3.07494035530008957835 3.26275763703222310141 2.86028078462781731872
-3.67644660349962970614 2.62092938854234969170 -2.32183639346494707922
-1.05131041149828696746 4.53213961100773854440 2.48239377644848335791
-2.08535788445996583818 0.07224563819128082542 3.49331188875591269749
4.20416320521017450318 2.81467013821923028871 -2.37835102219920191402
-1.28390220884110828337 -1.50357301798562170703 -3.45579210568905903500
0.87954607503065584950 1.83066548837678855222 -1.81783132490586263330
1.43455277097396116659 4.04656012297838874048 -2.96849659428558076968
-1.42437771151518255408 -0.91669072806581475277 3.20289996899246887097
-2.52973626283471064724 -3.38513224969639781037 -3.83229993576317484738
0.81559966864891286775 -0.18611422296558899347 -4.07902386343030443072
3.79009692752733950982 2.66341527632771413181 0.09913906149816398283
-1.13898788449516352728 1.61261399210829470263 -2.56262282041704203550
4.22709043042568222148 2.14664357419836271390 2.36514240238551387563
-0.67215716884103526851 2.62377627582860295519 -3.10196059553561331867
-1.33241893246559239827 2.97685516535332261867 -2.25732043959870143368
-1.39173315723801493959 3.96425892858536865759 0.37205610110247366862
-4.29803917090424025815 -0.83111898182062748930 3.69847390861690339392
2.99525729299690635088 4.20484592406148660615 4.04586938268545193154
1.55544364506072252397 -0.62923989043567596369 0.34593165537114156649
0.38264890886971247852 -0.08406537457647811351 3.80976270738592237564
2.57090630843175560472 0.93600438435844512952 -2.02456868512551624306
-0.61592490576175817907 -0.31819850548352501818 2.99985467786330861628
3.20095623838292642205 -0.90787371646104730871 1.53950915701897272925
1.60047184146988374920 -1.50764102830961466140 -1.06929911450419323771
1.85322868716225475083 4.31506852801849571932 3.45906250878130183679
-4.50259885013566929501 3.72143414034362418619 0.91859618240796780952
-2.19529542924390064229 -0.87867183158957873346 4.10198210562964060699
3.45429206063739702159 2.28263103220363117174 -2.99061451719861981502
2.07189530863219051326 -4.34518461114412879454 2.38968830229812390087
0.08930974782054601491 -2.79223118765507161143 -2.42222687126899005605
3.47173414485923981232 -1.53043422778793924977 -1.13667438581417012955
0.54140127897569279014 -1.20763068478058954724 4.53204134470177688598
-3.95316371250122333691 -2.92026941190232491863 4.29071088873540862352
-3.06472035011511056979 -4.44668636186796728538 2.07357503562505307571
1.02439384931709387416 -1.19757966533756832206 3.44634007638191430800
4.10048633778268989403 0.87180139186526517392 2.16779954717059553104
3.16127178565448208047 0.28557249282357588527 -3.06128180222885015738
3.16099709146385077219 -1.02336851759446156862 -1.90967002296108168125
-3.09632985583291420184 -4.25721542990005641371 0.20889649085989603350
-2.90509297905887997615 0.80844426530581614543 -0.64372394143209632489
2.79213339689074313554 4.12158437303989355627 3.05717097193977416225
-2.85373315602857413609 0.26061953241379764989 0.35527812604357222881
2.95929243833064958835 1.27304067007631527275 -3.45363886116318807851
3.40458190088238144000 -1.45450169604064782902 -3.93796586605195431119
3.63495198303200606205 -1.20164937050091413795 0.45722213133417533015
-1.95678382825609498141 1.87611141104895384757 -3.64374553554372182518
3.54294315414690519361 2.81139783941541931966 1.83209662180945187515
2.64317146888312759501 -3.37451782674944356089 1.23548404271181677672
-2.64161778052746987200 -3.37749365740154372517 2.42782941774864458040
4.28832036605040389787 1.37069258117668990593 1.07932579294209674003
-4.25168667557134671853 -0.00435647096641567089 4.38014726285136557493
2.29925031321177630872 -1.58228484104757782802 -3.74582700486338460166
3.39256814073603951698 -4.28197592021598971712 -0.31498233928489938194
2.70352510806192292137 -1.46032340248247205494 -0.30241700666723492219
3.21299849547056215471 -2.29441551432796364551 -3.25557719938064860088
-3.39827697057013144999 -3.81562982516724691351 1.42185063218699792031
0.14057077013582741642 -0.16871409654998625882 -3.33270242546494621649
-1.80507308977575853248 -1.74272332924419881550 1.12477199876499955877
0.01299236237905265767 -2.54719994075834721414 3.21613687795299618699
-2.11624162276890182000 2.41140451951495649041 -0.04487919646755766934
1.08833955725508424450 0.79212920055508995176 -0.15245828783182346911
0.37211340554668037583 -0.94553547059055276236 -0.48665469900577473794
-1.79455378373270768577 -0.97840473630733892918 -0.88907253561018162458
-3.64762139672534457802 3.72522545792875003912 0.44011921902181416755
-2.21964344749611308671 0.06650167229769277100 1.17714948697877908046
3.26428629411046777875 3.18035598032194855023 -1.92710144846704611865
0.53097936530336919958 -1.39865657852811509088 0.84091020009217931630
3.13489657438716928795 -2.78876903845516554981 4.39517976285654032864
1.15282987136791259530 -1.11064621954960429662 -1.92978590574208297426
2.41417407051709353993 2.64960552947972605153 0.43472905398043781844
4.31926141823503240147 4.02010610625413900010 -2.44568078433243396574
1.90325152451632462203 0.45854345305511756692 2.17854452115757268871
-2.63301652625372506478 2.66990955047537781297 -0.86782777440487901544
3.57889924277641835459 -3.33762716577625351277 0.23373605942218755871
3.42977813429209898999 -0.51684586836871204696 -0.36795761023142503632
-3.17119265635499880673 1.93149441107990593736 -0.28206771230415306206
-0.73996790186996719285 -4.41472964079672625104 -2.67040795430543642652
-0.77131001136269006224 -2.85986269373508772418 0.02583515600961217018
0.15877963221769864077 2.66881031443237581868 -4.09126602153598373235
-1.61058993987063203690 -2.40812200028081058178 -4.01526636064250830316
4.23242022688627894667 4.26113453020236132573 3.50999846211688737441
1.21580085995102571417 2.08253488384451834747 4.37180339109856586077
-3.95202915610737326446 -1.19619687936087615299 -0.61971362172106525534
2.19986028756191043243 0.84916408942547860761 -4.51035922588782778320
-1.03032887145977447574 2.31603384657538491354 -4.02701117364544636246
-1.17143076846201221741 -2.03171490026286338804 3.23669271210489650770
-4.41435681126769541294 -3.01766863949176933346 1.52590434572163236027
4.51898184285266157900 3.44170013120083151392 -0.21431165530097384675
4.31272681530582158160 -4.32246706803777680506 1.87194224129123210076
-0.95679206671425998110 -3.80532100155360186733 -0.54092783024227175659
4.04423977178918914177 2.13271063560373530521 -1.02030899080671488832
0.52725668676203341079 4.14824780009215476895 0.15516237513908848200
-3.49611992010399674768 -2.10725818879081794321 -0.24300671366276471730
2.62635109263027199944 -0.79650619485264861908 -3.10225757086821207764
0.53222607201160609947 -1.70673394167766634411 -1.18714973225531306156
4.39963949316559688185 1.76326631517154019946 0.02359492959205766738
2.91256337333786863297 -2.27921251693934090454 3.44032453105560609430
-0.82175169823142812930 3.42716093223999251904 -3.69584690279594330065
4.42257736149880731347 -2.08340944301571884267 -3.69493529758832295329
-1.43595320668735793035 1.13101279809997468107 1.69596356608257448073
2.44693392041973556417 -4.49347429359397221305 1.06468133493599381723
4.33567658101163022621 -2.53466728589354284296 -0.14119699013256425957
1.28135811401332588844 1.11040350924048336623 -1.10055999544300187054
-0.47010530955585405621 -0.30403397036091739380 -0.50149814597267994287
-2.13824412276114950160 3.27603044424976630467 0.65380954996638607213
-1.68345820545120528067 4.06853841573893060257 -1.52359509032753592805
1.62801232864994815941 -4.47198006803043668356 -1.93441052824078107975
3.49961437663064156567 3.45462638815022771155 -3.05472586170734450306
1.03171344379842100381 2.39771458764101108585 3.20481561864277697538
4.26008531157780279131 -3.31011987804270146896 -4.07551677198539685776
3.64321440403704155386 -1.09113222274967380798 -2.84498811873370183179
-2.29490495496875634984 -0.37869128491886261401 -2.07966136889344577199
-0.85771680716396758726 0.32815921081825027983 -1.22918221476949707238
0.56236365940150356835 3.27420408790696626511 1.35075648101137169022
3.75866306155851948034 -2.67579409715578409035 -1.49951791529493094757
-1.59678124854927983023 -3.74093000569385880638 2.09036910480761140008
-3.50215608132142186548 -0.35454463441502959142 -0.90360984987026604642
-2.17130731032283597060 -2.41652110162226563261 -2.15496505033853713584
-1.90654189994427536448 2.20180823389232482867 3.01221480719495016132
3.64740603626212855914 -4.34691204119912200099 0.96902677587118812852
-3.88773584174324193796 -0.79889700436180266507 2.52872023032817683230
3.26380390655240848474 4.40655973291422231597 -1.69832937428386188117
-1.09707350589683549913 -1.54141770332830763124 2.27158016109905691593
-3.81739294298519382664 4.38364799544967009837 1.32379946435200679389
-1.06886011877095521427 -2.70173286690873037941 4.17119022879110001867
3.11214853901473631481 -3.34843105942128760333 -2.93078709358889044623
2.26514995566119470283 -1.01516625677125604810 2.12121233355213067995
-0.31455060774187426631 -1.18507444941748385503 3.86032598914254254652
2.73629970128461597056 2.38609450389638855228 4.28831872691485305182
3.14528645400032491608 2.13663404084986918718 3.02565217614038939331
4.34717634539952069161 0.25688384199594516133 -2.18904245309001188602
0.84872775437253800135 0.60544050458498865908 -3.01756545070783221973
0.31736981460159618962 4.17243343164319835381 -3.12691543348172640293
0.77442198449941468397 0.32321718516852282477 1.76937941197535142379
2.10131613390635951788 -0.21473139954476927471 -4.02236337628200057992
3.16567798202792705098 0.28761526091812772421 -4.05423170085172923649
0.73602757992638956352 -2.43079481021127152829 -0.47313902587931533361
-3.31900599794793915720 -3.82206608805562808584 -3.16677392503282195690
-4.12378277542457816196 0.58864853419029739001 0.56964800701442008801
-0.12474584556908130395 2.01881898426290273818 2.98720711417149242806


