268
2.98604551469941004171 2.59031185235772287712 3.77546705402715243594
2.45505721623967865241 2.21339444174298538570 -4.44207545762327260519
1.68746811009523778324 3.43826488162643073565 -2.77333026035599905512
-2.52519342405261237872 0.46183162716426284788 -3.31095709110180136392
-2.99828832676327516893 0.95726626340525999836 -1.50784898382539678252
0.28435254224962847047 -2.66488057784647480730 -4.09772839280880685209
-0.47974813185782139158 -3.37659359205920317493 -4.43367495383339438320
-3.71482664723226152503 -0.13568049989555763801 4.41736070121169088765
-0.56326122518933541272 3.16243994350710178054 4.52163187090589513417
3.78436985352772037317 2.17928079481981029630 -4.08238014588516318071
-2.72032538615645025359 -2.26020197945246481552 0.35987604462484146239
4.37950863392213474157 2.33343867568052498740 0.92013759835972752654
-3.27963217789336347607 1.83289537661751111841 -2.16193249679019849907
-2.95564060857148014350 0.29852729638118091771 3.60708803931249644137
-3.88126785785460937106 -0.29434421138100752557 0.19430788787066610723
1.65017994936658940475 2.36983293651424720139 -3.24935772830726365967
0.11388890470263834942 3.82589669116908392965 2.99038980203951432202
2.87903859438474274413 0.00399562662445074324 1.16605408581550218372
-1.74240199141958651552 -1.56360371953177601512 -0.19149653714588410480
1.98609630930859015763 -2.14411697868390183075 -0.84678328422961257615
3.55850938845087672036 1.46210771132852901388 -1.48938314052875231397
-2.27531458489547766533 -4.02978420173374463076 -1.39445142412238176632
-2.53833026084657031873 2.94861850746295584003 2.85300829853078763421
4.51067947051993112240 -3.44395008627979626326 -1.84393287901250513272
1.12826631517809694571 -2.47132109433517221930 -0.09115432221482766550
-3.53261752679815943523 2.14277884533212414908 -1.14213597998318627802
-0.88791198890716183101 4.37402735355165983577 1.16033600404429559916
4.15565364995948538507 0.80814499138589823701 -4.45660698706006730418
2.01257469763111984662 2.84915629547442694758 3.18162967295559084846
-2.97600379921232738312 4.40392494371747478255 0.64482183275299131964
-1.49502647675387301263 -1.87554146146946765228 3.16432478065556566094
3.96013929452785173879 -3.49261015594357049352 2.74203123404999349333
3.86903134312611474144 2.84304096456647048541 -3.12057078842770652116
3.96991902929913198506 -3.77818016938653755687 -0.89760362972642537827
1.44375547295316586371 -0.04421893800393839058 1.89752022796626551582
-0.70406123496981010135 3.75845699911191832854 -3.09487827247007007969
1.47717679448114669327 0.23655610314020947271 0.29919859722753550102
-4.53240339825194560319 -1.58357165788680642748 -0.47961510310944621693
3.33351709602891421724 4.42573340027703476807 -3.97559140838554103681
-3.95538717771780845567 -2.48329633828829710041 3.57479747022958083136
-0.57868365217975981096 0.06171453243128155464 3.40027358817219127474
-2.24674727914711835908 -0.07230350157188158988 4.50190990437147586789
0.04237609130874364638 2.86737077186113342719 2.18030814663127259223
-4.11589449354149561344 0.91428225600525436789 1.04587920366147102413
-2.74120443024638760221 -3.16609636106794622989 -1.19606508751982287819
2.26404739223483275623 2.23787657147005614178 -0.39080914311681613782
4.13395166319587215042 2.50758866639477151494 3.49329291636142702515
-2.04609683550740673041 -0.15496103480324396884 1.69302594811516193829
-2.57090353462320919675 -4.42825497465720196999 -3.89418612725653012774
1.37579752184473225185 3.70308627820470004366 1.65615047132198434099
-3.96199852693834619899 -2.99069976573244700191 -0.84181509652804198396
3.40083185915940422461 2.61787576843537994620 0.64479677071097540875
-1.04660794318154248828 -0.87003264689157111533 2.85534462254729959341
-0.59628759556953969678 4.11963148429824865815 3.99011266699753175402
-2.05108571076377232956 1.76652416772714815352 2.59965593493420588089
3.55574862741974850877 2.55048519987931943120 2.41637722155375733735
3.44939190850230392726 1.48289073360082479525 -2.74442310089881447155
-4.03599467638045972251 1.03701211440765383998 -0.54067545858691934413
-1.92094891643299314765 -4.44596493328480857343 0.77999372184079707182
-2.21570410453747257407 2.20362740070925600122 -2.29519196118430102160
2.27199111295339495342 0.19624229546753380049 -0.95285316912606399242
2.82684348039184119017 0.79432545996234793506 -0.01549202536382399131
0.25804213605715720092 -1.72159302932303504008 2.81358074894214560402
0.38774165557149409267 -4.06154571645547868286 -4.45235358330424801920
3.41472477735334667415 3.67870219445700730176 3.89014407707997822428
2.41618236518151974224 -1.90173363410901563597 3.77598928542017997501
-3.82923528511115884854 3.21290189851714202973 -1.43272638583795863809
2.17356774463458268798 -2.77755969510149158808 -0.01092362760825427159
-4.33829969190842135163 3.86628233439692525764 1.92420079204279570462
-4.49141847460795951008 4.40371782385256782533 -1.26837978903870318703
3.33708692082007196689 3.45496373155322000770 2.62354333883732504518
0.30289035833983923851 1.10206216661411549040 -3.53023914334941801840
-1.39299311694166672027 -3.50073250926770374036 -0.78744056710786480835
3.41224541988376639523 -2.36212271306711363295 -4.19173158534841139300
-0.83730370727631031613 1.95092790256572268248 0.37241253486972958342
4.26115678649666751454 0.31836264377848788598 -0.88088530552066579560
2.67699315052634201351 -1.76118454532987289696 -2.36057889882081228805
-2.30987152480560631318 2.28438772096610609452 -1.10795432922640602058
-4.07338350738339105561 -0.68394611761954671181 -1.75482960946936872304
3.93887616681255270379 -4.47873832791141435195 -2.17308218161244992572
-2.36586092388088697902 3.70727998566242344936 1.27653965960441961869
2.91488839428197454851 -4.01154544725675954453 -2.48157823466196658657
4.47279801803274512650 -1.56235766784041096855 0.67076697829955644892
0.33834654010640985433 1.24510800147417821648 -2.12917893722254447653
3.01893797495969984368 -3.67174293849287414204 -4.39401910256184446979
0.69623229824096544149 -3.59548498632654434104 -3.42270512680832617036
-1.03845494027523965741 -2.12671472847863274325 2.20048189469733923573
-0.62007812864200584357 -1.47988383832925407546 1.39396752618343278129
3.19775158045649998684 3.16905555685648465669 -4.24078235184588780982
0.77207236658594435852 -2.59461122932119003792 3.98243428370918994830
2.55851772750731054629 -4.21396537302978568817 1.58967215993126487206
1.06350263001670253260 1.39582300058232977591 -1.29926579464574398770
3.45864199389519288985 -4.02943123009561965375 0.05817391233116087079
2.70877889981500263872 2.89935131328918149762 1.47053828534304553699
0.99601134025893944823 -2.88037987364772041232 -1.93169438763700362927
4.25899048497779109113 -2.91312072618559048109 -3.90594955380476704931
-4.24891830637310441432 -4.03395392724899082282 -3.05167054271656823516
-1.95354184244357975686 2.13218298697553265697 0.02594942323726989741
-2.98984111780818873072 -2.61430725596459234694 3.97436197649944755739
-1.41518009543100609093 -0.76201189304837146921 -2.76851798027873785557
-2.30624346741972452435 1.26660222742585570899 -4.49297028425362121595
2.64396264882275389141 1.90686194917460927201 1.79372258646905002877
4.53250430291582073750 2.32046558912672651331 -1.32719239907018504709
-2.79909444703263732279 3.69557620124744001799 -1.39900890079368434016
4.36207144796726797864 -3.80973376575746680572 3.56440159309785986608
3.49296569213727092773 -2.94185082240970352530 -0.37301790487946107078
-2.26456054672512996362 -0.83264663901659474732 -0.88480942355069913674
4.03881506432262415984 0.28774648234515787237 1.15313472223394253291
3.49715944797748345962 0.00737390848743579852 0.25131085083312498796
-2.15859840316925932768 3.69866653745752582694 -0.24696075053167110269
0.48333069596928002198 -0.49069212341415724410 2.45410709832710249856
0.13186630539526866812 -3.84909725436898675355 -2.42320129374466031180
-1.18003331666855615367 -3.94002045630571773316 3.12029591271135231523
-1.50540830270213277231 -2.03691765547605729836 -3.13690875501496657662
-3.77262748164506733772 -0.46441243437703505492 -2.82236534485098333747
-0.25520024663230866935 3.23664939296403364466 1.03034779931323239310
0.45174408686348410669 0.15352787377062604435 0.86545839984900663211
-4.30544280790272093640 2.51048965441983273905 4.51731930344619936335
-1.44942866158599148463 -0.28841255221958572719 -1.17719124311548029027
-4.07431112001229767117 1.82197726054273712037 -3.67423935911615862082
2.88444018643754862552 -3.76072313578542427592 -1.20288797421046744773
-1.74506854149507484308 1.97689013353734210909 1.55675403218249197579
-1.03990511241959548983 0.76366418041534167571 1.32935390911474637932
2.74395395295633903743 2.81140090144228249613 -3.18568145915824141312
1.89686960148763095191 -3.05515205657854815868 1.24876297642307054758
-0.26007017857218439616 -3.72556321370561649431 -0.50390150125947297255
3.27727620492872162572 -0.97690495008592792558 3.65650125127583347506
-3.92919579774048877141 0.89362273056957519657 -2.40848663175351029864
2.44836242532341064049 -2.64761914090203021033 -3.83527856879257900147
-3.33296086557519100069 0.98765349379473743596 -3.86051142676420244726
1.21143826778116814324 2.38533098630152817776 -2.05627381315283974672
-2.13528238885054744145 -3.31993662093298702587 0.58486378830663277029
3.75748145231588903670 1.46134308569820348112 1.47968992398177601189
0.83866711416518047173 -2.93962288646133274028 1.74163204874859811611
-0.88535134513324909022 -3.51054262807515726763 -1.78330934084903125481
0.06396573358276302912 0.18732331567548321516 4.44626713519086091964
3.79683592378429590752 3.99797815660947453154 -0.61496089750399640650
-0.44011792144723571596 -1.29698513301935847153 -0.48978253121837411754
4.49840219212682423944 3.44963683628378081636 3.98266746731828558126
0.33608220951445488822 2.15806526799624176505 0.46219106301087187205
-1.81396550215572904818 -1.09705127727561313478 1.77644842060152452490
-1.41617592934375702285 -4.25335612866472256854 -3.37136182509820825359
-2.17483697949317145159 -0.80763512194774911279 3.50897512236625264137
2.01579134298328366270 2.92005452368588702683 0.48166536945535565195
4.10356663224429407677 -3.28755816708717585328 0.57635975099221781193
0.69841413889595127529 -0.90722191516637540332 -3.17741159017042518187
-0.50215916636547230922 0.76489951537905831458 2.44422822142789453181
-4.09304332540721826916 -2.26411053470308099023 -1.80898000315192453158
0.50751182566843144883 2.82617521228395229826 -2.88298199467499882687
-0.30014593274905365661 -4.15150323458762660067 2.27918202611587616957
0.69577707812992262149 -3.70434636340125500453 0.32182258296763688321
1.97090225571812283079 -1.07177674458798222190 2.38563031743661735362
2.44342566627164003989 3.93849002442143270031 2.64516521157456718782
-0.57168352229978403045 -4.48870484715604955994 -2.12252642545802006069
1.36094213020816745541 -2.84505929506391463946 -3.84759614235122526793
-3.85120746256020796139 0.31339842895329361738 3.08895045562835068864
4.38900780353791741817 -2.41658255178774972194 0.21378526646820983359
-1.68002078466136683943 2.98061546975797675429 1.46292629576197530383
-3.05483448961723258464 -0.05076886825926152369 0.99337131540180934053
-3.24131807071954369803 -1.20105819061415974858 0.28058691273554714485
3.34603215148293298142 -0.49111659074841096384 -1.63258328145118847274
-0.18150114064672706604 -4.24754881247948201661 -3.63515170747619897895
2.98085018228681075669 -1.64195750966462039599 2.78846400376418479539
0.75499971946092792052 0.82282161885428006798 -0.04487123286451843995
1.63634684417548204038 2.60387145422758514712 1.78784725091511997874
3.24944114178917775604 0.28126374178237067980 -4.30603482073643917261
-3.83129954964759900093 -4.18826518291701255237 1.21499976483082505752
-1.99141652059378060358 -3.97952444887358769421 3.71505988856982671820
-3.17083963226322751439 -1.94391177925933833492 -3.08781818083481462978
-3.47215659229841389077 -1.12908950283607678600 -4.44597627990115640273
3.82192311218418279140 4.34588948563644716927 2.60240997155618547509
-4.00568398645911560862 -1.49828629246658850960 3.44420427273143392455
-0.32049741825945332607 -2.43714895490818728163 3.60511278551597857955
1.44484756933046210037 3.83116206701396233569 0.49474266754891704778
-1.58166839103050893556 -2.85180034679400451481 4.05558936608983078287
3.79304760498207915731 3.11650253249073294626 -1.17458151393862708645
-0.76197160904124539016 2.77963681215665570079 3.62645676924538573616
-4.49982247836482507353 2.39699362018948303188 -0.13508369783925555652
4.02683232678936686710 0.30470279941736322371 2.29945710177701112542
-3.78914240656941458951 3.34154079644999946197 -4.23139056199486418564
-0.49644500246709810654 1.78423918277665372045 1.91432924693180961384
-3.26050784925249725887 3.40139496542149455394 0.41650677294666760275
0.36845971186730519520 3.99430832119353329546 0.74472642886567896880
-3.32566873271263041545 1.60319269077343928842 1.77344230315142414867
-3.69995276560534192001 -1.43187563980458021362 1.55866282668251354693
1.99008584312610636857 0.98520592295304432184 -1.69050416736416941887
3.34301358561310912876 -2.72139227542664663417 1.87431057357891717174
3.43752014257291627075 4.28508034921310265730 1.46763940309156648567
1.40597590455489385164 1.10423766451989280313 1.16899441680839810687
-1.00074793615810264669 -1.41921254031314791888 -1.40010832988380995445
-3.05607224302172886254 0.93036741418728396980 -0.20898920937074993986
2.69529697464795692241 4.38960044192421161569 -1.71387023508593649979
-1.89913727189784609095 -2.52768441965442747232 -0.51459717311275454676
2.79964046890399576029 3.46907128587441615508 -0.24941235131090699895
0.81352265776523768892 4.45999472047591094537 -0.30788051449450115626
3.71485052882211785885 -2.13921338044971021120 1.09958281118209288962
1.87568359096117376339 -0.67596644334000188792 -3.80080645854973253606
-1.90912419409266043147 0.53839723445450804462 0.35013180497685691961
4.01822819368839301291 3.71749443778435217922 -3.73829429561633919121
2.29176735367278450184 0.41622886172300077590 2.90023494559920003155
-1.55696145680233177799 -4.37067422730575039225 -2.16271213047291155362
-3.20254202752559269385 -0.18371053338110243658 -1.28527908379444699705
-2.24115729077806768998 -3.96702291936233697456 -0.32701383690403051929
-1.55951549849135950865 1.29016350948683555799 -3.84148586698622240831
-0.94957646152021668584 0.07091072967781908432 0.39852911655692846438
1.85564243969096587250 -3.57179314648331258653 2.98081579503311111523
4.09801208279572026782 1.64068837075217821564 2.83398878425057798580
-2.49427672300005109918 -1.48877718401331549103 -1.75019478667082850620
-0.10112471741480177911 -3.88463652399636005796 1.20904997908079714364
-1.05685536612364483489 0.00219427909562330825 2.25683028813728370210
2.46289607783069808278 1.94726999917980503341 0.68921546622963347772
0.26184853053786660837 -0.41999930140767194331 -0.73988210453234426467
-3.04730975609696796980 1.48452639589422741295 3.84307471017305690708
-3.80928510059912595054 -2.02556692339560262539 -4.41920548012971003971
0.97383494794994973631 -1.87702435478741858077 -3.59615092831057125977
3.63202998534492760285 -1.33004650947519209581 -0.98326709663122047189
-1.57658073200209791764 0.33867447628276536875 3.12389148066136890236
-3.11969013351030666215 2.61307879234435436189 -0.21138503083592308229
-0.20657019707023582811 2.22851918640037993669 -3.93214482353156125072
-1.13605597710345396223 -0.60915468970983743802 1.09850791558627935984
-4.30919020366377214515 2.05771209747253625011 2.10026435792444576833
4.13734605476617200992 1.31034270567123289908 0.43947115872727682273
3.19546358263525309695 0.67177442634106387942 -1.04322092682526612606
4.44404085543349669507 3.37180913774110901926 2.71801934664342770276
-3.78132418414962634401 -2.27616221635253612732 0.90703906630886788065
2.86251964459434482535 -4.16812774925571360995 3.58411367123356949804
-3.60290417000748686149 3.38556201214089558249 -2.49429623620598883704
3.49214697363114279227 0.19058233972402138789 3.67179391979914537814
-4.23280217239738565382 4.17702356286240128469 3.28715536748220227281
2.96409480101080013981 0.85813256719743247203 1.96454300925100167063
2.06078708444799296728 -3.24322462294008317940 -1.53273632212346466730
2.12266795993586576685 -3.60973230885880758123 4.01308929007594894500
-1.91306805641451926903 0.80645716618161689127 2.03357979206498740155
0.96352284293543455362 -1.12583576447358435502 -0.08016805787377290216
-3.42422565601864814511 -1.37823627665744963267 -1.35988818985057946520
-1.96281251600879258490 -0.50906192605495803605 0.47600233371380440417
-2.58563869039926252924 -4.10089256718652883649 1.79544983952375236669
-4.01922837286789125244 -3.33691096562996047936 4.42671107582867673358
3.65467600354896671178 1.78461361200451573694 3.97311354739180710993
1.77195797742040550560 1.40602518395769138237 0.03232338041287707853
2.97124677176519202959 -2.96338026278243837908 3.59394448770596230958
-1.28333902846179048751 -3.51362281936386056103 1.30610548745262011749
3.90456042848138462631 -3.78626911198620597077 -3.51016112734069363199
2.42835877891746232393 -2.45656440604449599618 2.35122295239128487054
-2.55491944477573085237 -2.23353590325516782045 2.22012866243075546180
-4.02677526874558733283 3.53542691180007206952 -0.33013518717770562461
-3.18943213359018118425 4.17418409598698492147 -0.39461106773484821986
1.81283115515741410917 -0.66236665950379292056 -0.52341515725394494041
2.93083544188864575375 -2.04149715110568719112 0.14488315394169593020
0.95512529242542942853 4.38210282662727390601 3.98665646437978704597
1.87936222973114208656 -4.10110691951820793832 0.64273870071013483596
-3.58943859804191944818 2.76084226182181158293 3.83448311042549061511
4.01701684576914086477 3.20426441132981842941 1.20474726733597581330
-3.67575618617420163403 2.35850352577318744807 0.91588432439211597824
-0.26023405705623581241 0.66505643618218179824 -0.50843323115527994105
0.75809120323814838116 1.95978765612346794711 1.48810349527771812461
2.42631739008516866818 1.73375648109369517869 3.16493262331631175499
2.51814076259489905141 2.06611877055299419936 -2.27245639981618863246
0.13131829343434819890 1.23589831635974167767 0.84204855009140100464
3.14124032122652074861 -2.95166558556943758873 0.64858225712575823252
-2.48844757995513221616 -0.52748055646335068047 -2.67544067960060871769
4.19146986576887936593 -2.45494500931444203928 -1.00521368119781673300
-2.68221631012005445882 2.39901141611823653932 -4.44832871129989282366
1.35636606930587788611 1.57612231710495986903 2.80699432194576647959
-2.81693616163498194993 3.93248349767323635007 2.18107733349772825449
0.21151910660397721387 3.83078681332880233157 -3.77409750767125506954
3.98485097200727178546 0.53243946487406113022 -3.17852121764350403765
4.37250512940205471324 4.46644589350327603228 -4.42057380919897635607


