56
-2.25262697374342168999 -1.23214553488436617812 4.26930191553648707981
-3.89448422070464683742 -2.85633315875863091904 0.64895508092443332515
2.89611988852827817453 -2.89300719425717733913 -1.33599266319322262930
-1.52747104438300596030 -1.08164845195863357219 0.39728677228652475861
-1.66542775244567353710 -1.47286445979048341570 -2.61714072288113319686
3.45766671047415474760 -3.40921601703840959630 3.84770329455714144018
4.42547124191180696329 4.35979220681426671291 3.26508617554498314917
2.76795670942671723225 -2.72084203006426239568 -3.55029415289615490892
2.66250485962264260564 2.69003072421632616340 1.30332408076799399765
-3.19094634204983629289 3.45694536468613566882 -3.73912682123424078284
1.30490889725248671027 2.41675272287031095431 0.01213629234066004869
-0.69659001162724232259 -2.86382914830697377084 -0.55978788302183613013
-3.08814379352565770986 -3.45185133770613505888 1.19639650657429275071
0.61845128582053554567 -3.35255198118707209431 3.97101420532871873803
3.05948023851612749269 0.22583257094740982751 -2.46197598718597454592
4.42524181931060578421 -1.68207798952451348384 3.13489084949732710328
-2.15416469745771221866 -2.60527691701626640253 0.04773487556497535422
-1.18190983928806314651 -2.80394676756224425773 -2.11918503994825302428
-4.13243425456396895612 3.17368566742536106773 1.71917650861296689158
-0.55569626589095477698 2.66542462647795463937 3.26919600763247952813
-0.64120742672893982217 -0.13928438974058821032 2.79919817562134465305
-3.25614805997532208437 -4.16316364721465781429 -1.13852931529227863194
1.25694717681183121272 -3.05818518326302113408 2.81892453288434641223
-1.05158032479990914965 0.06174805451163756231 -4.02541571339110237915
-1.67962479495199090707 2.08262626097263581215 -1.95536995142072589360
3.59321729623641150653 -2.31548772541931091595 -2.04656745743042911556
-2.78423486831410293973 3.67724314965968179791 0.64632975398233227793
4.07480123173953234783 -4.27547498724505015133 -2.99782632165825058124
4.32384347158894133401 -1.77655506987041533762 -3.26171047239505185189
-2.05855855755868821788 -2.17340641770717413195 -3.84558991868300559247
-4.13209774697767961982 3.19038023402175685561 -0.01153264167447876076
1.25727465877132615901 4.34188242673307112085 -2.87594937436383490947
3.01152846554643272015 -3.38447904291949708266 -2.89701607620011003519
0.72234573017425418584 3.64070612756295464152 -1.59074309806693525715
-4.50206517971215269824 -4.49675308814802132673 -0.39356525450194013160
-3.41586332119847124744 -4.30088210892319811052 -3.93357250591265517059
-1.33090477879594271116 -0.30766138485673533154 -1.66731790861284556726
3.74510487866709862459 -0.90721782381430582376 -3.86382355472201499680
-0.70679978735680926150 -4.45953345011767687822 -1.04871516448563362189
0.82483993896937413126 -4.01207818211420441656 -1.87660431568574992411
3.02998944365147160340 -2.24754730427097371148 2.79647572593063209467
-3.79188171958282360663 -3.96334311005420092400 2.61193722617304935341
-0.39837680403126363160 3.39022236347644501109 2.34304272220960019268
-0.36475589675668462775 -2.64090991441503675219 -2.88836512226079333843
-3.29761375997691974504 4.49892577839749119306 1.89697619767402780866
-0.60768606504397082446 2.12366797439464516373 -1.66474849877037156531
-1.88336105485785232361 -4.41239378224969236442 -1.72121441528542318267
3.07798786970542526120 -3.82167968907381405685 1.51337469646703492998
-2.04402118573109037314 1.04925928182450256543 -2.23176584132326460974
-1.63247683666432052974 1.89849454845673815129 -3.27469227455538502980
3.11200701382635624981 1.09019220631860402904 0.84274686610731386338
0.89258232644586588123 1.49400175371084298348 -0.65861178157119582011
-1.10872550922797241668 0.67627611158330847019 -3.03708322319308177129
-3.21662674263668790786 4.43969209306975098883 3.37677711301207583716
-1.29767799550840923217 -4.48363199055543670823 -2.75305761033758855660
-0.94567478592075282506 4.10323839972267823129 -4.38981667959219556963


