218
-0.52708920183339991183 3.62518666622081031647 -3.05383741780272277566
1.18852519720795424263 2.46267162439753928282 2.60722280467222855549
-1.62811975085813465114 3.32118195957247319683 1.74768477080541551061
-1.59524880474336017144 2.73713810912163069133 -2.99392764227038377101
0.13319060413228722695 1.41339346419697609036 -2.05471699909037885945
-3.56968948156768517421 -0.25723096326107430798 -3.54131592089204705331
-2.93810724802595935046 3.14275809254858895514 -4.20510645954306649941
-4.37098403031575610811 -3.91405547801647468731 -2.43759495421378780122
1.78942138423701990746 3.68224787804788267209 -0.58940653935088116455
-0.42610029981187125259 -2.61925422183263378884 3.09002913355872532719
-1.02058279180287936327 -4.08763360494751371021 3.79429682193691686365
-3.78360889031957103867 0.39786358701013124772 3.52713618728444711081
1.32960350579794539527 3.03103539034768321159 -4.34084989511311203358
1.80054481057553505963 1.66943530992753963460 1.75698288008472314203
2.45932129053490822201 2.66194089578408998875 -3.84569301200001856245
-2.12186836894878316784 3.79129843072632244372 -3.04292884288870491005
0.78014327429779761758 1.87106753003994352724 -4.45192297170564099673
4.35034630087735774140 -1.14894631076307041084 -1.32049092899114572930
-2.88918080586476566651 -0.83634714397905884908 2.96393113146948117276
2.38546375613095040791 -3.42283779265323540031 4.07771981093561475262
-3.20133071467260243992 3.97128058241118520044 -2.48485001675697869672
-0.85526046605482974883 -0.66320791342157958681 0.61902925259175667350
1.27278422551172631927 -4.18194877095577233206 0.24188388816227135436
2.79609098627405305848 2.68994731998831415609 -2.64387657647338825129
-2.11840631887743047201 -1.84365663416752978421 -0.49887454852359613966
-1.54848551492433461618 -2.40758307852379749292 -3.97393280174433849439
-4.26183218895731030784 4.20295381479517526913 4.24746219398980695559
-3.70609466241299312372 2.26574799864822207240 -4.37733936191594619203
-2.57867016479270549922 0.41009986867308168002 1.19376374550726449542
-3.25020848333406986441 -1.88995308345415002904 -4.39527734015216431374
0.22626837713090353077 -2.81170156418843797397 -3.46106223466433826630
-3.22186137991250820534 -2.92369194846089008877 -0.72885921744973725112
2.91060086430544107117 1.80851499272119387030 -3.46670297189770026947
2.79807627814326398408 2.36195509964093997013 4.22905580054835095183
-3.73466144060456128884 2.99528638488498799575 3.95750119222856522327
1.74456926058330274998 1.62233483651549281745 3.95930718298954165135
-2.00380248579987085833 3.68636714763879336232 -1.26636055287836057914
1.60398745291736943841 1.51567380948170882249 2.82292179671070986302
-4.53626216228862499946 -0.36671288838137527932 -2.46218368857110103676
2.15990873777431424685 -3.63099012726669645446 -4.05166937915337399545
-1.23702627392852271271 2.53537872105590889049 4.22809341601448540615
2.16297251784539046326 1.24101874308707404992 -2.53108762509174756161
-3.81351996222855138541 1.97740718461880948809 3.63354517410656807641
4.29888652542928095812 2.42664563773669339497 -3.70330290681130724906
4.16572057900736947289 4.07146567011590310159 0.28324083959846468872
-3.66131876792840449397 -1.57456047204081883706 -0.06187156682749161973
-1.62981335811721983475 1.79565539951390107376 2.93629597166606348679
2.53817190392653380115 -1.39655559963967634829 1.86370441814875764663
-3.11183976016426067090 1.32122699319667979978 3.10006754099192338714
0.57213193921591010138 -2.08493320428142281386 -0.18052728547642349355
2.43073792875576444317 2.42724285572870179806 3.08384140064713907492
3.69507837245070103194 4.31359969107607366112 3.62065714587893427989
-2.51882882418460374296 0.69063334831047473727 -1.54536492477989639838
2.73291774766688622123 3.54751210077649670183 -1.63064468057583589200
1.86373820756188468550 4.39166739644971126921 -1.54041377491463604699
-3.46231469810624314931 1.98462002612448884520 -3.35434727068011895312
0.49989740598082743617 3.34501765010821738855 1.67993808109282927177
-2.39665627523114599384 -3.01784856773421772402 3.18820912309749626701
-1.91998660772302542910 0.86125773864912336109 -0.00211461239217491936
-4.17118391722745851524 -4.16297206844902589751 -4.02899143017817351620
1.96013108124999657633 -3.14210157654307176145 0.38704087776199536108
-1.04613808170750655080 3.96538275143994933813 3.39021780073464551464
-3.56790332569031320986 -1.75595153548735671833 -3.16524595078555748273
-0.85805958616382449478 -2.17363638262577651972 -0.37640096222019980843
-0.10258818540982517220 2.37195418951158654153 -0.46081897029786222930
3.25427669170467481763 1.54455542424745306818 -2.25507404959414259338
-0.94739340096518009915 1.01619466921692946926 0.68395274236831404835
-3.44751948619857051526 -0.33283579293495169082 4.23871345505679730792
-1.02851869452370925373 -4.25906457042086117326 -2.90481200780430670605
2.81750723053481433311 -0.18848633787345470125 -1.95277799768654825030
-2.58120230627606561669 1.41477191457714557288 2.13812161575229797705
2.67840683103601495674 0.80654606585205623759 1.57625174538733592300
4.22782107010640739730 0.04071497872844886956 -1.32784104416230341883
1.59529522470009066382 1.49375566168219098273 0.33661952047307153180
-0.67299705151786870516 1.66162174846374899317 2.44947940160687860356
-3.90437300597748793152 -3.59141278230815963468 -1.47343176414943410890
0.45565051927893840400 2.21861969041834328209 -3.51306655319780247737
-2.58712120297137415648 -2.16269398632359477475 -3.02214490920751766012
-3.80885683372077110675 2.64583479190906079026 -0.79489024684628528661
1.30993116199135872790 -0.87660805888049164736 3.14465168686882545757
-3.93216570268209508754 0.59319562325344765696 1.35053419548454289867
-0.38173820653050150042 1.37750260261149559682 3.45253277104908118389
-1.70833615117481585344 2.37487891158701902583 -1.47582453338015406885
-2.18931553493258634902 1.16219749475288391949 -2.45629664438589623288
-1.38163544538141547235 0.75200935556788994774 -0.90551569748949667371
-1.24347620407050163394 2.62045248052541968065 0.82491797134943567471
3.83735038777791626075 -1.25386856916472355650 -2.15626518144376300157
1.22538225291578406484 4.33952443196827086780 -2.52284038902869456322
-0.55414932261708482741 -4.41608365939713021220 -4.34686893100889282238
3.74816694808012673690 -1.92649440423255136068 -1.15542088576906865072
0.08428984591852373143 4.44578976035114603604 -0.61003456515176779362
-0.15814556751233244114 -3.00456050707491151286 -0.16891857827374856527
-2.41594344456348952832 -4.23930637126510045931 3.65441934569000093092
-4.06747911221961455652 2.69311194171560153166 2.90340432050115015983
1.23181853007336616912 3.71938635228499503427 -3.48551048105098848495
-4.52055237893645678326 -3.26482321944123121682 -3.55566623405151771564
4.36138610514073743474 0.44490386197207332231 -3.27934030654667330040
2.90630386023029796405 0.90166943480746208905 -3.13068811751931397325
-3.36290121585636025969 0.10477098765231218636 2.46417275536906466016
1.64132190588022819355 2.79711977323281413277 1.14821013404993710338
-1.69758724793079318616 3.59364725570644960584 -4.09570970091199360041
-3.77860418485367910435 0.41705532066214789921 -2.07051849242513963389
3.46370511635415301299 -4.03522002840421567527 -0.67204092605114951198
-3.33544912792193892770 1.88531041621851347401 -2.07600174075724108746
0.58810298835982344201 -4.51440750703691850987 2.09125619943455109961
4.15314124901199388518 1.95183874021594938597 4.47457829927061911945
3.75229290954774885591 3.02512632447732343621 4.45009087348258614014
-2.76961553182084285751 -0.19130291633142171293 -2.02391521714131572551
-2.84677166216041266367 -3.63085201161060622255 0.63320420027575519129
-2.48688666693817417297 -3.96221046776021257330 -2.56718726922057705053
-3.35261587018358708789 1.61320995359129870650 -0.62390282876972680270
-4.21583615035575753893 -3.53425972166731305890 1.72746198958025054537
3.22911027583869625346 -3.68541472415620097181 -3.29260338333775193220
0.88716448776526490860 0.10430159867063526491 -1.30320408704859058702
4.23691381118994936372 0.68330390836310250791 -2.23017873025015544997
-3.36579937847453347644 -1.69968152092123503394 3.61358648802041226844
-1.86033759670422860211 -4.07281818850528321008 4.47274338397007564794
-4.26654054378153890781 3.68171841237972774508 3.14770315288552193778
-4.33421786902241468198 3.31552239311631513630 -4.21066876487988572819
-1.47043218357301075372 1.50995978481702675111 1.59497343780567568672
-2.45715519624536726795 2.95085810150603045088 1.18127477023625981900
-4.49957521792895143165 -1.20788952842224306394 -3.26300814264699301503
3.82056779759483422509 4.31476345256702220610 -4.38335505779254930303
-3.23543121017100476777 4.16750626038274329943 -3.61829715623138792324
1.92243094503903844128 0.16783765524338267738 -0.36451792236790669932
-1.63735712197434057913 -1.36565161082299768580 -1.44962483913975548333
0.67139824218871169137 -3.18058148879578528323 1.09793795141362959811
4.30044400544342853010 -2.49493553615798413503 -0.32747191648599205394
3.30437557294947747977 3.72780650155526327438 -2.55552881250235586208
-2.43010862423143336741 2.58403241542108919049 3.21364380871020127728
0.82276132541780455654 0.83049237980215639965 4.22005243221487003069
-0.08330238990973981572 -3.69127833429440377344 -2.13442337931540704332
-3.04267219979026792842 0.92836103434771111154 -2.98421456444616284287
-2.29308082401416069018 1.44983888835093654990 3.97018317268476206294
3.50580026845498249344 -4.21140046385485700142 0.63730373114887850505
0.09023296105572686798 2.41331833210232460374 2.44689444972426350944
-2.61125468004482375051 2.72979234325464314992 -3.19310056294882471661
-0.31400892244809330833 -1.68489815147421673203 0.72898248241332641584
-0.54892667892989699396 3.62978057382076979565 2.21330332378080729683
0.14273237924086501494 3.38416846722737130193 -0.40371818552880434083
4.52885032754230376639 3.17803264109117833414 1.91404073262730634042
-3.71135565347466256370 -3.76334873270487735297 3.70526332839484506820
0.28385928685463035492 2.85940224127910092022 4.25316716976861730615
2.88952975843476966844 -4.43968240286292736840 -3.98039985312231436865
3.08848060008302205404 -1.82048941081738657743 2.67535122928263735531
0.60824681982473283171 1.52079697776752453819 -0.61807920909730462711
0.55017166946080298118 3.48015253949305058967 -1.74395928035555813906
-0.17738983440974909200 -3.89957007051977555534 -3.38812143521066433394
-3.04525009275563407485 0.13975771412608573030 -0.95868572905602400525
3.20099300238277439945 3.04598484376359746051 3.40779800969086021922
-1.60458475200268635419 -3.51257420051434987585 2.06663950358617398706
4.18594953908136790943 -3.82932809082910230458 4.08768682075540379373
-0.87834319371915547947 -3.30638961465208991442 -4.05059491600762200392
-0.79011755642450909320 3.90399444982811072435 0.76766361190861065467
4.13207413279128754624 -2.09936343469386077487 -2.77883012984193555894
-2.37927810631258562779 -3.35430886724757115758 -1.39637289813139808814
-0.00114433515932432783 0.75560348397397536502 -0.92232884938343673298
-2.97614911328413089819 -4.19015971141488208218 -4.46627471785110063962
1.11577006698733693923 -3.26641725603926857957 2.70102522533973399277
-0.61128901473366159536 -1.48676518330726370465 3.89431548864705856516
-3.06606738463201589084 3.63325070587889253915 3.28071903029621125825
1.72192712599095276715 -0.54514407806255604783 0.34109175033326710746
-3.13760009754759616740 -4.41446285892825063257 2.57558339203236474901
-1.33885824316383272858 -3.35234815369059058199 -0.04219321979357282260
2.66565462825511811928 1.46116914825739652173 3.38742726240949476590
-0.59277619611905718600 0.50118812555230007888 2.32273415565120355808
1.48972584216720083106 -1.70475563583520806077 0.02494988408485987463
-0.58873934495209478968 3.53285523568215520385 4.33020977492820602350
1.35363503833035014878 1.35831841129264940804 -3.10545636803912605828
-0.34447840401885798656 2.65491203858899904588 3.50074172702886432518
-3.90284210733471592647 -1.36334265678425436974 -2.22602925124800510304
4.05861869269736086352 3.50579825901552855072 -3.48713473664045681133
2.21014689736289415833 2.64020910359754612529 -1.22344201151081399814
4.15297593662428266015 3.25680325691396799215 -1.27350214740891942711
-4.52958787880192659259 0.38132337910774616319 -0.15554922711811869362
-2.10639662301596386484 -2.44878182729152182873 -2.04536360277027418064
-4.53328385457355587107 -2.70095467970142388836 -1.35305755029250063259
2.21429269357059865797 0.63421014113429041714 2.44962340534967548678
-1.08278609219313270984 2.83129074675483582979 2.74294567127550070751
0.84481467988018366100 -4.12055699058585922501 -3.75930394423250779923
3.96528286116337636003 3.00762561138440798203 0.13252025263843414393
-0.59547492814098212932 3.47363176824765940154 -1.38300295403335260502
0.85218088060077867851 -3.20354914719515004862 -2.69394656706601987040
-0.29558571714352144255 1.92017928287123051945 4.38651711009141020980
-1.53512457232720622713 -3.43511854603905808503 -3.13329864235918176263
-1.34038143847854929191 -3.42132818288336615353 -1.55024964310971391512
3.44516346722274935388 1.00830936627736811317 -4.35862999141011631110
-0.52414767858640498588 2.62772090544401226708 -3.92647887733674538779
-2.54685902953467024901 3.89039385900298118059 4.20813063895151895366
0.68214290338202321351 -1.53093307800569178312 0.81685210679642672460
-4.07153922741810170294 -2.53730790613500367670 0.33942338573616925856
-4.15232398936487800967 4.44252617955447259845 -0.99535498592265625462
4.51522950966804170747 1.42533575793856392977 -3.72459701080676630625
4.09817548868789227612 -4.39012858468070898965 -3.34423050501651086819
-2.79323496713617869247 -1.34754521076764754994 -1.90168846647692912910
-1.44160625729096247838 3.77536993757629257829 -0.26750177057957635895
2.48728794038112699383 2.66913003525614467293 -0.18410823871696013754
2.12752360509988225346 -0.72501160990990642929 -1.05759298646988231241
-4.14646814133735741592 -1.29992380278708186125 -4.50548450896058394477
-0.75189616729447195098 2.74992995752672086951 1.74698792813879411057
-4.29760220876974852189 2.76442016228096942854 -1.99113867955071377480
2.97229890083246051091 4.24100960168596419209 -0.54823716331768723720
-1.22516625707180271121 -1.39000025872150168027 -2.61978046491316307609
0.58810087015052925352 3.92470202582070282205 0.87473495317566829499
-3.27234553958455798295 -2.60354446845665554733 -1.77186610073227113205
-2.08938011571844306502 -3.95559346711496084836 -0.61667268283459941713
1.21905438336110982789 2.79846207391777568319 -0.88993236487541160784
-0.07969542082874525590 4.16846659887626724839 3.64503303059318373158
4.22472157387848223919 1.68237915078108635214 -1.21736605979258705190
-3.64006692326787195668 3.19374589784845941409 1.17723383244403123626
1.74646339785662352284 1.80310721421008945953 -4.04641107409333500300
2.10507835029009537919 -1.43583145972899295373 3.27913717189202458258
1.68949306561089063194 2.50594085348865558416 -2.39446980170790180154
-0.73297889073469368881 2.26082563756966603563 -1.67778145549409707371
-0.34035308149148946200 2.67692201852538413931 -2.62029972734744243112
-2.69230448883998096932 -1.03682020899418780857 1.05006377963750807680
-2.44410666634900053396 -1.17967848809173325719 -2.93148013701118514973
3.26364418958301971685 -1.29231551181629411573 -4.37605546918486787433


