111
2.17763203096336166453 3.77176086477756289383 3.53506020836498802140
-0.12635447555367651518 0.33861824799704098865 0.77286843967567087077
1.29397436701514223500 -4.26593635886836342053 2.25879179832599685795
-1.32392622308117458019 0.26934439075348137749 0.44134806335747267525
2.99241523849198198803 -1.96849917052840872600 -4.23300716932121368075
-3.53622080888462697601 -2.86127088928896755604 0.06634553198003079189
-3.90173813645701894615 -1.99820713191780718887 1.73176080785944197515
3.84886555795216178666 -2.64581484441642267313 4.36353919158510006326
-1.65105653389669448927 -2.67865780715523671418 -2.88717445221957813573
2.77341630543954664745 1.40762224808442137913 2.70228459541982335423
3.08916702017165789584 -3.84444974397410232925 -2.25832632469277516662
-3.15276446201005500214 -1.81968362522694437899 0.68835649132581178122
3.49643434294682275976 2.32115733198261420256 -3.20383841843629912916
1.30703542368966108000 -4.12668630560778115779 -2.24345334951736274931
-3.37276718306208378451 -0.80319627932105897017 -0.53349751271740419867
-3.75815898122504199463 -0.79801670681046976696 1.31123400912384457939
0.47957362350717414046 -2.72340253779552288194 -0.97344858538173273388
2.43066071652421378246 -2.47656174443520082917 1.05200000254907788388
1.66505373416049629043 1.18189139913256635595 2.80880276305555209859
-3.37577091567448484000 2.87626455872607511566 4.31934689079425293556
-1.02251107577300270890 -1.78906178995184728109 -2.32435181209388552759
-1.80886109917938542324 1.44369104868589825941 0.03134808032826796875
3.42380997101259687554 -3.54713699162479612070 1.22235933447946898411
-4.15891244445903396354 -4.40174403410089354338 -4.02683770888770808938
-0.60143656006675128012 -2.98462972311990926144 -3.91432773654522003781
4.00617966907029288137 -0.69639447193634484989 2.65861027947324668474
-0.11462852814020063619 1.99501174122665592137 2.07213562934870676457
-2.76970918476782834716 2.96124605932631101979 1.46502337602217824752
2.66492354476704562671 3.61331432084389003734 1.58389444063906825733
0.69313445309034182884 -0.57439655104100539873 -0.14462961945947316877
2.49814664421727350430 -0.14399528553610885240 -0.07192499709934629948
-4.48477436040442167808 2.19647662164104318094 -3.31693379431742929597
4.40231428474933839112 -3.19881480189096745193 0.73531083139163211371
4.15396543715989619017 1.59464989422721892254 -0.04622079213012053600
3.02280990223798706751 -2.80569613012626728477 -0.46040467290698394720
0.83440140495309300661 2.10950913057895217406 1.16489284525523473235
-0.78762357112477632270 -2.05666479376065947093 3.33291977138888650956
-0.06470852848844810268 0.02560867042140468897 -0.70901462776938650734
-3.79111025851023519806 4.10846742153323329916 -0.39362079750591760785
1.40238308501205199974 -4.47990559756281836457 1.14069917812729215711
-3.97519490607897196810 -2.99862307818513507129 -2.26845875411516662012
-2.06880031052566604188 -3.43230665402956214294 1.10948430563347244515
0.55249685051708397054 -2.30745175790411094496 2.46720579602472511738
-2.99337682310987407419 -1.10819164985607399032 -2.98564654090530590125
0.27808283868314376264 -2.98720256513834891976 -2.04276480731592302575
-1.45620100073527325435 4.40032662452139344822 -0.55360824992604307226
4.45891970197123921338 -0.13685338470380425946 4.40308269522885620262
0.04006089861949657660 -1.47092854597271438521 1.86704008658695652656
-2.98948533697089136041 -1.86687618934139676341 -0.57348442870307803076
-1.05231453863502100177 2.74375161355340857483 0.83992170260560072848
2.06598570454451024858 -3.21403872992584949131 -0.92143279191419980023
1.37728276457319775972 -3.31545254094744157314 3.98107615592240104974
-1.01111684932927303748 1.55093131537641593098 1.79570670113372354848
0.10694444324075735864 3.50781628878548001893 -0.42347025389060810596
2.26166465222294199577 -4.29990111741697944581 -0.25992329014607751247
-3.67487216351117673696 -0.34378955704549607475 2.59926793931154787032
2.10521552460806926632 2.18525101780586261668 2.06767377992935141862
2.21751157620127781200 -0.35097974961101829905 1.51929771221822651484
4.25084399480626284884 -0.41974380922632104074 -1.63123802207838286549
3.84983613581812011972 0.32100261870749680071 2.85974203748190625163
0.20982804136411470353 -3.77385989920888631488 -2.83536839758940129030
-2.71965367365233978703 -1.33531587660528883177 1.57701854156610732360
-3.66232194676399158695 0.91937027889911515643 1.88697454169263334478
-0.65399568271091457206 -4.08603981612615729802 3.92417469504304339267
1.49023967358706244113 -4.42119387491765447606 3.40441369203926047504
-1.07691541775983345985 -0.06463098742095318983 -1.78363555644030125080
3.96857041306346669529 -4.36015703405514098989 -3.17142375593322656258
-0.59551930609069447797 0.90890583657933454731 -0.43174672129222724237
-0.57166590170217235212 1.61159071546488252835 0.46340836368512761112
-2.01973371419227198942 -2.12696100200559179427 -1.18141888680772222386
2.63798652782386966464 -3.83349234883049927447 4.08093580020337309833
-2.26823378756722782157 -2.27066884301603266749 1.73852661457897550434
-2.00497602128686880363 -0.66788393365095366505 -1.60982306040216283094
1.52791112377709303871 -2.45423255671743678619 -4.40278249677326360967
3.07295050582496998004 -2.42656900331713876184 -1.51058307647039891108
-3.23435357845425697221 -1.98574466121674042540 -1.98842100508121299995
-3.08974185026352277106 0.85717568182729397819 -3.52511474810912872613
-4.20280152979020726889 -1.39774727728442993424 0.45393557577514442869
-3.58969413151402028106 -3.27877098703645408762 1.17858044763887637174
-2.29589150092874527687 -3.20425932509339839172 -0.37318284565882287040
1.69239068847537499352 -3.02891407061805129075 0.10793870416414197422
-2.86025803290662627987 3.65950800561895395191 0.10313764141250647555
3.44543573618496878908 2.97344149204307228729 3.63269809609675231599
-0.92019252304993326419 -2.94369127368267147205 0.80607178072270890823
2.06869620508643770052 2.32408604028499166105 -4.28040939099236705800
2.94979383628322811006 -3.73052580519558718564 -3.85178772515054657077
3.09046267623568393645 -3.78194248257888432363 -0.01986942679963288327
-0.42737510027616298913 -4.06568402403676198986 -1.48483635200623131922
-4.47345804637659050229 0.25890410877128910982 1.60776205843064889933
3.71504606315094587643 -2.04528003668627267331 -2.50865665300466389454
0.57584211193807455231 4.34803708636395835896 4.19662116815718544416
1.14807808912032083271 -3.07890537108019080037 1.09690829143212820185
0.25966061809702623009 -4.09309211578562148759 2.59840314440641773075
2.67049261846337149251 3.75154598791293825144 -0.87588364724034484254
3.00973420840976491064 -1.06712587414923110174 2.44450279919505941706
4.39386823236845014407 2.90757553785600819651 2.51711321450467639949
-1.42295547742995109886 -3.42945520944589965495 -4.36989034435097778442
4.40395517154747029309 3.47060012781457682962 -3.00845236843362284773
-2.43911318911720620406 3.65828930482230685328 -2.49450541824931848467
0.41410463815045339686 -3.66839387090996993379 0.76538257513963703360
1.11655780711874896838 -3.96245278598544770077 -1.07330111334559807901
-2.45437635398222253613 3.89946279338646473178 -1.20029734347838834552
3.32044922723054369840 4.12014491292668960654 3.51880212406721692986
1.32039052870363970982 -3.19628606887610011711 -2.78654777760778316065
0.64710589957981046183 -2.46118808589437820800 -3.17273356396654993006
2.46619985224430671167 -1.61967684737822192886 -3.09640948155362094596
0.87552696882790304045 3.96284136698861200188 -3.98961191571255069377
-3.61164542631108576032 0.05896714438254324619 4.24014130233806962877
-3.45080794525261413952 3.84515649832485717496 -3.01092512017958746640
3.92269620185517542410 4.15481349893917606408 -2.19226929326708397383
-1.53044865058322931972 -1.14443563747091925364 1.74263487187413801394


