406
-0.87193432449263985617 1.01747517820083999140 -0.60557675262176502429
3.15246664363497952621 0.24783585974458688383 -4.28486967815366170953
-3.33508528401920623097 1.36787826159399639181 2.50169260885377919834
0.62417719164486928918 1.94463232445960976236 -4.23260458098109015879
-4.06625040128937964568 4.47685686991408982038 1.19392540503769861715
0.43600915995314526441 -4.27653280839076987974 -0.81290819735960084813
2.98757950480391887282 -3.24276822637834216678 -2.13598342752339886985
2.24911428503639587717 0.77592749067701838328 -4.13748953311361677976
-2.14684254170093247183 1.87535810392715696082 3.77613318674669695696
-0.62584614416685191429 -2.26008957055020021087 -1.72272108175174576417
-2.40104430126728951578 0.71044566278435272721 3.27334745753974676319
-1.31165293354707612750 -2.96795161615199010186 -3.11615813258473206560
1.34533836800025241587 1.64665898595729576215 -1.43021428217894586155
2.71078170793514328096 -3.02965612131713246669 -3.27892919812570271532
-2.71019092200664113435 -0.54593596755778683871 3.43978925324341400227
-2.46580839891751857351 -2.63775289339625995666 3.21127015679887062305
2.21197970162580936915 -0.83302804030265509283 2.81330265685409397491
1.84836941760928308298 -2.62856791225079389207 -0.89889148555041797906
1.89040244917183919426 2.61166039741132127716 -0.24618255797333432611
-0.19902987127918958521 2.14222437095439577348 2.97862134247066201453
2.41011741114401001340 2.02394822348960357061 4.42467014451219764481
2.99625016509706121326 -2.15158378276344519620 3.23491978712789229888
-2.78058044189609043784 0.18059925480094030092 -0.58485417437913200800
-4.44141039055597364182 2.37452265833889253344 3.27290571007192543362
-2.22620603576754394481 1.71257000261741687552 1.42734125490822449933
-0.95309448881608638260 -3.33211093302962391149 -1.71585723500868780889
-1.68240230483710817566 2.21690936705184071798 -1.85694359891978066912
-1.14575173819507680761 -1.47929895165023861381 3.94782937825843749380
3.29504400980769851515 3.77178062742093711535 -1.51249810581667487597
-2.30580928129724416209 3.02416794945166600428 -3.35383137480268489483
1.37255530290155292050 2.53501628620231489464 -2.19930047566131969816
0.47360886317970063430 -1.14937024456314595966 -2.93265420761549755468
0.12580967010612287282 -4.51297270653846371857 4.27609298005283999800
-1.98797892093846417794 0.34783537260122443513 -4.39522936167269673291
2.76347325064465909605 -0.80127154535607925112 1.37573570296828773252
-4.24398993781710220929 0.52949066432894387191 -1.42569384267408150180
2.60779239009029151219 2.96915310702233359308 3.07173405439603808276
-0.69612669856137276980 -2.24917570031496394378 3.34720781242665132993
-0.92558205285834338483 -2.67272587826297858271 -0.69699770620350864903
2.01417542662666004816 2.21404633860152610936 2.67759087839024978450
4.07186506380098034441 -1.46161608948252386142 1.22659494990236961343
-4.46431393066646275969 -2.90716308748027341124 -1.04067299842471117088
1.92452411556098379464 -0.04389210996210657356 3.34899882095366230317
3.83954946748319247973 1.86351858809863291100 -1.36476480892844609372
-1.52966785781217629037 -2.43327484038049934867 4.01055723382162820911
3.60719341036726159899 -2.59238045048028986628 -1.31934919036607656295
-1.28188486591298023143 3.55125298922668175550 -3.47821779804527286828
-0.99348011953244430572 -3.21769712786711137298 1.56606024599950721665
-1.51080277314488053975 -3.43200561430601469581 3.42103407370043388624
-0.61869877449462995500 3.70016147614890567041 1.58455840222462196465
3.67031631022982818280 1.97599666963420705912 -4.10993088553702001775
2.77206522122286269649 -0.08635181579650907935 2.20945008405904896875
0.94798458245845829140 -2.76862343814253852869 -0.18277763016796644280
-2.90660801253656586596 0.81854853471640698359 1.28646128914415136535
-1.85290842719372417235 -3.60104180623091485458 0.63526528287605898981
-0.46820101333189878545 -2.45123983245893350968 -2.77510396778509038640
-3.06447350325480805111 1.39675740479296184304 3.69035974921371501267
-1.45839687745942292452 -3.72782394829337127007 2.44322876759300733340
0.51955737188131845272 0.03492314420948350318 -2.72997027479205556233
2.76059494478555045305 -2.04457561004612475841 4.52727547807109598210
-2.22759831067791003179 -0.63312842451408890554 -3.71267437927287824451
1.95540104341400677868 -2.89528323282885313716 4.43009526225685146272
3.67676825819742436607 -3.55923711531106956585 -0.91287386505839229756
-3.87595455568747215835 -2.67718492584129652556 -1.86984705992386945894
3.32488820108313820612 -1.11466255468047048538 4.41433864933816177967
3.04798476944854623838 2.21177005942032955943 2.41883912025609593144
-0.29449099648475574043 -4.42983400575278007949 -3.59898080633167483100
-0.87349046035798538767 4.30417377584075833141 2.44498643813219018739
1.88741133011441508671 1.73321445364936455036 0.84409061951882069508
-3.03612842474275401727 2.74993819535307881807 -4.04279201373921015517
2.51495391385088051805 2.61634222726226184363 1.53517146906129653416
1.42654468053788274773 -1.53852533236367916558 -2.70678262571977601425
-2.03131480703525069131 -4.49304939096643440877 -1.54935632739822537474
4.44924751877860469307 2.44209295362328671075 1.44038387909861409497
-3.08133246185275400109 1.25147776486468753632 -0.77840414784391187553
1.51488756098826993224 2.67042866326910566244 0.75559880943279456034
-3.15427595320323606032 3.35275814980547171018 3.08230671761801389152
-2.13742141892070058873 -1.67019074306600012747 3.11098081386302993678
1.22862007910783166409 -2.04925454594681477616 -3.59940362908958100263
-0.02227657807437122273 0.68489461421326680579 -3.96137231632044883867
-0.75425215494961417306 2.77542938424284635346 2.12114272554122518244
-3.54396161925357144895 2.84027335665092817152 -0.55016776245781695565
3.79208297559082208039 0.73732414488829789434 3.07110032337112759393
-1.07495942694855539656 -1.46632110284335404060 2.68713777217345661796
-2.85686956724402563168 -2.21970428687153331637 -1.66639410746854732537
1.00802098363868619657 -3.68751773408463989767 2.11843666285637866054
-1.52377158924228561787 -1.23430735999933816061 -1.92719414178871861765
-0.74682043933387420864 3.32644662805024982077 -1.26647564135841061983
-2.15817378739875875837 1.99029780647793774762 -2.68048098971956383352
4.48155300744006535041 3.41998774824246876136 3.01603064223244299313
0.02878681476583366816 2.09428534815924560775 1.53217836659770600960
-1.92497921172118324762 -0.46402830220953372731 2.31762037368775697388
2.31263344921213764849 3.46165142064874142847 -2.47179031078761113349
0.74037220972439587996 -2.84113391846920748662 -4.45891909965360166979
4.19001109750705413859 2.73700202085636234983 -3.30680010868172669092
4.24856609096955661897 3.27862594051427524988 -2.29852352844306961899
-1.12771632740942617801 -0.19830279519770588337 -3.94862736688714388578
0.19340287007064560498 -3.16339079621722119029 3.40020113658999889594
2.91801215023450577490 2.65750886828775190196 -1.85742976845371199346
-2.95458703784872334097 -2.06394284716999054652 2.23606020151048578981
-0.69186859051793936359 -4.28811336554779032326 -2.66782225861037547432
0.64399270497112226508 -1.80578537053050958150 4.48222525805837168633
-0.31689071066086782480 2.62640431174776889378 -0.20911581999306960711
-4.19266515519645110999 1.52126050304319715423 1.41520196669793918431
-2.62424885483818748355 -3.21658539785710884118 4.30311459393450146393
1.41313444013900291196 -0.85309991793674866400 2.02511606197231319726
2.99582955946015427884 0.00939604800430515752 -0.22700212929891439018
1.85405899701716414540 3.93577283703721203523 4.29983652312831932107
1.88747536620920630668 -0.20952444266034486731 1.26784503894557065706
2.86573535602957374380 -4.40799621079387726752 -1.14655778523863904894
-2.60242498042950209935 2.22512436087404630314 2.81921666030575490680
-1.44641527839187977733 -1.44764972679458869820 -3.29286915846243255501
0.41227888102023158012 -3.22987637769183244529 -3.43695772925913134443
1.78655265339868307706 -3.48428910128200897134 0.26769013645227524023
0.90402275749659555260 1.94628937492195230874 0.08453426429780730444
-4.45470267950557463621 -3.39339995992094278776 3.19925863991454573210
3.03590079827631154075 3.22154939867307010815 -0.65904963150449091813
0.09560209883312165147 2.58660033093114360980 3.84498707904112979605
-3.15678616828492275559 -3.83962169909307782234 -1.62695622013088136981
-2.97153540463069587574 -1.89770074458884518975 1.14589250446571977449
-2.48648234641737664319 -3.64894244267094514100 2.31488104813564010698
-0.56849039872091289283 3.41680692025166710124 0.41403438609993958863
-1.28839019978146929191 -4.05479264314829102034 -0.91373489698395982117
-2.16870195457023484664 -3.75955209804778966998 -2.65003417064062896102
-3.14012423008810204195 1.86683306603244858479 -2.13855688464092619228
3.56799048288520470606 -0.81814988139206246132 2.12761879055765756874
-0.04093860447538233416 3.31276092426024693083 2.66936383786167485965
4.23456800021574419901 0.09047789894166946567 -4.16127632039635297900
0.33045994070749262761 3.27948615834766155075 1.13667216540909610245
0.62538880242394068176 4.16801991036223551390 0.30389650214959296193
2.99700550201469706479 4.12882022550025329366 4.22789494111619301719
0.06459302746285988661 -0.49389556984240545745 -3.66168401508879925998
2.21470287114923181093 -3.53503329206870064993 -1.24951335882281533429
1.17290800409769868651 -1.66394962920173350440 -0.10608550307610986607
3.70178694684667863868 0.23328128991851038165 3.90192189348854956421
3.73306390063301396509 -3.67046824702482554770 0.20908563592269668874
-1.66708579541270607294 2.70260919302833180211 1.66437949818307107108
-3.49821831555476325804 1.55806949433118102633 0.19534002704444208831
-2.26486724809054074115 2.24536455681825497521 -0.91795136993625670030
-2.54990489019089183742 -3.78225972186128878150 3.34889210214731658510
1.58600714026594591388 0.40287961743543210247 2.43802083962731153122
-2.56131111911423792193 -1.29971139317080286446 -2.96221811732911488591
0.56422634590945630606 3.15429355503320874021 -3.66358275741300287720
0.79375285586257682269 -2.31972966466597529944 -2.60207268894651644331
3.38448712391774098052 3.74510827284923930591 -2.90944575250914727604
-3.11339661658606914330 -3.93807470814978533014 1.11969519795065597378
0.00443181521785174226 -3.61312016654632683910 -4.37149474309745667000
0.02565872673729252540 0.83486242720409720164 1.18493427175894705528
-2.06280588444548840243 -2.78460311543513316934 1.82892814139425308184
1.56604939475698845541 0.86005405342396290536 1.47343609644450967977
-0.92884483354168478897 0.19707804396257078139 1.86323327811684613664
-4.09331870690906196586 -0.99967359952769108133 2.95548528833847967690
2.16967922265869272991 -4.14184349549343355790 3.75012274215886431961
-0.35202476790918435512 0.94442728024634448047 -1.68054015368634823702
0.29338776552893541805 -1.74751558580883648020 0.74186763468540473099
2.70182270203232111072 -3.01103500439227467211 1.05524403013135703588
-3.27377099347446787192 -1.43634756425497744914 3.71157284037287293899
-2.16452056886374810674 -3.65981079069039205720 -0.39195211917511940669
2.58487380606936056893 -0.56917333991466412257 4.29286309980901581440
-0.26908083687670902862 -0.48618958330441675031 2.84839845452940121362
3.42888560883059145823 4.13941581401270308760 2.19296137371017163531
1.14348828566370563919 -3.77909958312121174728 3.15435987742772905307
-4.37939621960016811641 -3.33572507805665008362 -2.46835158415591848780
1.11779716127052086705 -0.61493756523845233275 -0.65906911656728617288
-1.67120885487952808290 -1.00958767055009079883 -0.22333014282408214513
-1.27815427257881086831 1.89527450961582388800 -4.49455995859526158398
0.29751174151766335285 -0.07481808090144514978 -0.30172346583160170042
0.79579918437249030916 1.54136465312324411059 2.11030159059227440110
-0.18193428189950999752 -0.17677534878299727694 4.32655571732935317897
-0.09308198271358669729 -3.23660559992271190666 -0.87804340716832429692
-0.95939367744204684385 -0.58603236427208971193 0.93940342949910959902
1.65043188426028297755 2.18206425272851944897 3.79133088420295205623
-1.15432092937141872468 3.49704745036725217489 3.11620734956007972016
-3.73297999267089686271 1.40649868401568145515 -3.58689366252792041223
-4.23324719889313794141 3.60505259259691701601 -0.45250187255879126269
2.98882695923189078968 -1.89785847852410505254 -3.31471361606355108265
3.24719111582844455199 -0.65108358971869950693 3.24268114336507284889
-2.00196885163533622176 1.49977746368848396941 2.38067708290842539043
-2.87046185157786615250 3.03565957370670691517 -1.88663424383333566681
-0.77545036474914175173 0.72107837661493512371 -2.87825071415380095985
1.59262031192554598391 -4.50931854357249140008 -0.04857335620569092072
-3.53013854627845935497 4.42725861036568257845 -2.05547836223558766378
1.21190690433111836199 -2.74348866183109230121 0.80184246457162178245
0.97405325304734713399 3.99107121709081003047 -1.64535032913126455512
-2.41609277979163206140 4.24061450338867640397 3.61134740947782528764
2.78759621537664958879 -3.18130630861855356883 -0.38119948500832911975
0.53804533327663062181 2.67198091319618580286 -1.40700319885625724226
0.23336880748665844720 3.68552714417675897352 -0.65239483704123690799
-3.48239729621325322384 0.49063106073620144087 3.23617265030840695061
1.09306970295530714310 -0.66225166916738498202 2.97313941965715056170
3.99738261438195241482 3.22096995846012834619 0.21047119355784715822
1.28935210026999769184 3.41359882557881011422 -0.57219149687121451109
3.41061224326313183752 1.11552429707255829072 -0.74013486360493940808
0.15066299349278899911 -1.43474684741849722869 -0.51665633995185089589
-3.84446777552632479313 -4.20146600267347647417 -2.99778799215854085958
2.36051905896685365605 -2.21052549062699466020 -0.12949560784931257729
0.11663643891144648279 -0.13286450077221001465 0.77803873977616166968
3.41776090700600754246 -3.32268102647749374867 3.23007161511228968465
-2.63854851626839614909 -0.87399098619017401290 -0.95965575151658821795
-2.64206282772246403567 0.77060484684456920235 -1.66473723110880245102
-2.33785588564722601745 -1.38370840609990075620 -4.52183417721984248772
2.81217757301905724177 1.13526191409299404000 2.49343981557782701231
3.11504030765889261545 -1.85988181210953396061 1.87725217762274887434
1.66024129052979763088 -2.80694480680524272032 2.19875331115708672058
3.74018960299484337639 2.32537733650200717506 -0.41296929196870024725
0.92241849667428343906 -2.27451226615330881486 1.60983790277265281787
2.93438318885283955240 2.70209576537940598939 0.55937850250511278460
0.86689670476547942002 2.56670578708045749039 3.00898538176859009496
-0.79273241536185867773 -2.47058029378702226353 2.23133407192994859258
3.04308782257144905259 1.48337786468043919541 -2.16682961483216418586
-0.72078519575987121115 1.29682661319345360340 2.59191073826279883008
-2.12835547822041570853 0.78623065934795643983 -0.20928719261638928373
-3.45012400938390184635 -2.95305508551518069993 2.42266333404386102757
-3.46663956179414034509 0.50936824720855256032 4.37360983098846656247
4.45031257720222139795 -0.55027375094471153716 -1.30647364781671182499
2.32842212328811370980 3.75167714895042347933 -3.50097728676349451149
-2.26156040630616672615 -3.22436111623786203495 -1.43548515229255180259
-4.32235594271185430415 -3.99953684214344251657 -4.03688624396779260906
-4.32322121116431290488 2.30892843309396500473 0.07281675917193908276
3.30302028038779926788 -4.26200304593954193422 1.11922381729941466944
-0.74415656867616375436 0.08467194341232087140 -0.14780965210632057705
-4.38449679135146919151 -2.76613076069260843681 0.84344435723217348055
-1.77532004651497210546 -2.53638762042130938568 -2.10252019869157535936
4.50320907802978265266 1.09314478184452834597 2.24525938380259315608
-3.56630274193212493117 3.79802090155008809091 -3.81274917666085366719
4.10575802422968916261 -1.10414214344936567613 3.66285589367608377387
4.26128262182325290297 4.42107233302847202339 -2.54115765261371073791
-1.66127696991796058867 -0.52207633692833432804 4.08149675037127845911
-0.54672952253733875239 -1.13744066296801316085 -2.36963335573776356924
2.34579000989219288442 -1.01217712268542703313 -2.86596798367463723167
-0.49070898801508455733 -4.41110656724803007478 0.92744162806829244516
0.34309336139665802534 3.63771597862399698187 3.73298576665649672890
0.81190731132359594824 0.08532540619454920261 -1.62219123729172487458
3.36666726907665836421 4.03722269136453615346 0.41959923516554553657
0.86322874647419389760 -1.03704570142681529177 -4.00039250920388589350
0.41199439909566759610 -2.61565755205909988845 -1.61516663784046254904
3.88324564770883906561 1.03213533912972632578 1.25113146737002445263
3.23414531049924924844 -4.26376526216541229530 -2.69793470615076325103
-0.09382640257619190294 -1.47716715170678103419 3.70407661771881269175
-1.48050864899226475302 4.48010595676524925324 4.28222367694000194405
3.71027420243434757907 1.92837418386038184082 0.73388789305232560167
1.42507359760598362186 4.30875899354415192732 3.29456280496060838203
0.40053995967255939803 4.50238648415907061207 2.96433251208253434328
2.34643342125544318577 -2.28381727207354678910 -2.57712065733051387539
-1.13019274284509041451 1.50063704630484107128 3.68876456943172481573
-2.85041295136154282375 -1.08144110064319098896 2.59717701628132413560
3.41471795625586604928 3.22380325680793955456 3.72432693174454865215
4.14177450818357950624 1.11845024342540000362 0.12370946229886303769
0.15790374537995077731 1.41136257319174696079 -2.74706135769121884138
-2.93072268378850209203 -2.95454768099718645402 -2.48547033851963927731
0.35250431215451349942 -3.78074257764890697686 -1.82807856234722709843
3.93158357352700615905 -2.60296224246770391275 1.66860496541072134136
4.48977685680745519647 -1.89507557110497426578 -0.16583336555483541019
-1.38764102351363849408 2.23461641338045335914 3.02328367784368357007
-0.46645181054281348310 -1.23846487825285089812 -4.26933560413664814348
3.55297705253763407285 3.21479848678700719233 -4.13841607427910496142
-3.81755310946798909200 -2.79502813856242049440 -0.22313841615935814389
0.55549477402211877575 1.29429397526312772726 3.18916930819419608412
2.03312812154940036891 -0.27358160401324038702 -0.85942277820072421335
4.17701713785208905705 -1.77983203007118051531 -4.02348334089523884671
-0.68599964382513078931 3.06527782401092085962 -2.24512982806366645505
-1.60678775505210236219 2.95915101080667763966 -0.44919223517787898459
-1.32650411378201926738 -0.50459040165098922870 -2.90190304582884461837
-4.06337708232547178966 1.42528182412718518179 3.38314349237736156084
2.22858013088330064733 -0.41738671628275447745 0.31708040989814456623
-1.44429090389439540587 1.13496595101733976918 -3.67743587228762924823
1.09300885737091757477 0.35226839602372450599 0.68741580766915078016
-3.91739378774026292263 -2.15026931870963888827 3.21657190072026732963
2.10520443169595949939 -1.42601814800784687520 -3.77833235450044568893
2.66974853159653147117 1.71418038046597853707 -1.10143193068219602537
4.30298218547698052561 -0.05453287313485777332 -0.41776804466462191812
-2.01968614026903603431 2.89728536598065922192 -4.30617563842951955877
-0.03491580708222397078 3.68031098200592321490 -2.91731925524988966458
4.13145695625594644440 -1.52461408730382563803 2.77826400017794661323
3.61813483501893440319 -2.79907054096401797239 -4.24481684181942942047
-1.52698009158193137580 3.92499970141466381079 -2.54747726180014621988
-3.38084776687147714469 2.52037734773100829955 3.62189900992967483973
3.16622298621437003874 -1.52189837397250427031 0.37157732541416255145
0.28409974695466821970 4.26400924272137071824 1.63745537507918914599
3.53276412388652705232 -2.63534634862766958818 -2.86470074137036911921
-3.68474703348423071603 4.50172923196416530089 3.74446116164218789635
-1.11056603000372433598 2.03374321546525305138 -0.49687835007701330881
-3.65292412549083911344 -0.20817414428248071090 -3.82146972597470258037
0.37369410877918252112 1.46376039412563141440 -0.93478165613314923021
1.23654936030819939674 -3.10394542248449223365 -2.19110546016881446718
1.07915741706927281740 -4.30209684027808947349 0.99904018656233528617
-4.42136173822206846040 0.63643687110011892827 3.92127384305053272584
-3.88763768597336190069 3.30642849155673435035 0.79709783952586921174
2.26436081532694455376 -4.45481880955373110709 0.99577037102535559399
0.08676147849313764482 -2.20479519736483720038 -3.69403581984095064072
3.21342492633876108954 -3.48302174561232691374 2.28066597820553873532
3.94874311800911481640 -0.25930482613868477415 1.25906374697815248709
-1.95100888315658282934 -4.29529883935336531664 1.45067869608754396182
-0.91453976671833681067 1.45543555371031541057 1.47392447849116603464
2.60465450824676025832 3.04860757440552454511 4.33139911144200251414
-0.50081392816869207962 2.25732656833292288923 -1.51353884649655334727
-4.14407330546501828650 -0.07716671098843175258 0.59984998105333442453
-3.83560314750597353139 1.89339381059416655972 -1.26456852262289842770
-1.58765714478013375555 2.62628537067089506962 0.67037462927485425013
-3.65426181185638032645 -0.99196644088419372309 -1.67891550886302765022
0.21031579443019055020 -1.90195648260692218301 2.71174548245965407745
2.62473467426129580815 0.68569005354681422659 3.57661055042681308436
0.36148685565793581276 -3.46806131897082403626 1.17157130436873746504
2.30995697890176465705 -4.22948341809659922319 -4.13513888900025339268
-0.14632240008250807506 0.46656848109265602886 3.50070959820194094192
-2.20640271106889862551 2.97036731455997493612 3.64709121581797734990
2.86049389116958518997 2.89236234279675041847 -3.40228591164058480345
3.83366068571805218568 0.56960919426929379483 -3.36434251039786280657
3.49001603786063707702 -0.95215482666781880994 -2.77232856101196167842
-2.30405954474237040230 -2.53131025579618595955 0.59500422548966991343
3.66148666149821888638 -3.77261585038510194323 -3.64680655521747354442
2.63218456050758575770 -4.22969094245938315169 0.12772853500749459243
-3.22524312398119583634 -1.93605868271080083787 -3.97616039037230173392
3.10667111454944322446 -1.86393733089170376971 -0.73783879908930671832
-1.92668053637961556035 -2.41724590778652981271 -0.89255030729569240222
0.94375995016024116779 0.30308534763282946045 -3.81855797989198864073
-1.00810907611506461734 0.96552417776517884818 0.54457575188875217975
3.47848069599857101508 0.61958959724206152941 -1.66910317851063005890
-0.24979266663915833391 4.04543503982773966499 -1.97315765265433107345
-1.46943008055350299301 4.29884593931732883476 0.32958507366417233442
1.96894926084266685962 -3.97771992128405615929 -2.46936299135757053591
-4.29967829650731037106 0.31529439535418468665 1.65792992548791406904
-3.84222146286933119441 2.28174753139884334274 2.27237479316447732458
1.41906873983637815684 0.82286636338427943116 3.51029668220828749980
4.35717689728829338236 -0.16871875042681860890 2.96908629952976443889
-4.19875637315177474562 -0.39213010046247021023 3.98815569334842212612
1.92601988157624592901 0.79805065948438524970 0.38474893435456358759
-1.66595594397136537168 -3.57967077499412189567 -4.43256216256615775961
2.54331976602483234018 0.29158864948786700211 -1.53211782703843679698
-2.33788022739352951973 0.43644936459961947151 1.99684779446075921783
-3.55494390175076135918 -1.78367303494381790330 -2.40293536187882805777
0.70964451433846242878 -1.15781279094518385619 -1.77157840561201185281
3.46325123173745996752 -2.66613951705912777257 0.51854828697748978072
-4.32009226534266321806 1.05976186780515124752 -2.34916766472405313948
-3.71693822707276666506 -3.37985833961385040425 3.91768842480035051068
3.90944811476556264296 4.29325613142023865265 -3.82376424519593038909
1.38531148394580405636 1.21103492502733267600 -4.29872530205376435219
2.64870978865232764576 1.74557130665842041850 3.37747391975281008314
-3.05372598351166546493 -0.59662933370979764902 4.41533644069832842405
-0.39966971084914071355 2.53984579080906680559 -4.07399893700756621229
-1.93568334248906248618 3.32298258022095982511 2.35208308725273784745
-1.01072661542613406738 2.81722231182395965732 3.94258248266795252590
1.46649006048282348758 0.52598305506340370385 -2.14362426917192072651
-0.74358209123394036766 0.03059675284371188297 -1.91895709504505651566
4.53011254660727136212 -0.06076228168856179224 -2.40735876332975307079
-2.43339864930660709774 4.29520694624284171681 -2.89185575323582710894
1.97226464603889706240 1.46688729586174471109 -2.78696749522821995981
-2.97942286855952342961 0.65902866924333558529 -3.31037058574501008579
3.61466050519372661398 3.46071767060732327081 1.21922456651674160355
-2.70109383254741652891 1.31586040948874671841 -4.46898007716254763722
1.20263888092943194152 -3.42540306450734099997 -0.99343601340568143954
4.30065971354116083347 3.86231866533681245102 4.06873674405690177736
-3.98592350780655824138 2.12654710724475126682 -2.65625217159883719731
2.01064201898315264572 2.52237908624730966523 -1.33044642706448845715
1.11875634688134173444 -0.81974058447696895868 4.05672292075438090109
-1.83687169343851675052 1.65065230377950467044 0.22340568164973717558
-3.18661025091779004370 -2.91292615301925739146 1.25636838742363199373
-2.68376574221429242684 2.81853469670880851794 0.14276690126683977411
1.05224740537885175229 -0.75716874232311193182 0.60710729198864399336
-2.81988152013626525161 -4.19916329625458129016 4.33206796994027687475
2.42724822720087018979 -1.15889629759754120286 -0.35135401997077675418
-3.72233768347458138237 -1.19603773664200474514 1.77829154290710622632
2.83655333787260399703 -1.62213860748858751393 -1.96282824366994734788
-0.48399572832245585374 1.68078572333428599705 -3.70402263160026290478
4.37333862599543987670 -0.57271096252305397911 -3.37148585167819314634
0.72726630199355568607 0.55053485902687882003 4.25377562006332343714
-1.10233168679671544865 1.72297791947586986794 -2.72427830704176576759
-2.94291220792789287586 -0.09853443354119306719 0.54048649825751393649
2.94589427461887254367 1.58984237956247742574 1.46886663654665294843
-0.87661967228859349888 0.61322623704658596466 4.38558651953013889369
3.80854513225776880603 1.07636049552361168224 4.42246867826694245451
-1.27310633272714923692 0.49683011303234003719 3.25371694394887267521
-1.72964336705457233379 -4.46682975880210086927 3.13331901023954539909
3.74617313239023541627 -2.30575225992846943868 3.94516612265647648172
0.08309478760944521980 0.96756549471911323934 0.05711147497097801562
1.49370315694792399341 -1.81722109296649669830 2.73528865470005388971
2.17792954761705903621 3.54760242497959144004 -1.22065197941435421569
1.85979107060619686109 4.27553559964752505351 1.91764587356226723358
2.61232722135192574342 0.32565556349804491987 -2.97459432243375276883
2.73795939766664631065 0.31356757577118976599 1.22807566362189835019
2.26381947506413094828 -1.95137247247265177563 1.23780834788123517143
-0.06326841709161712402 1.51306696035393084543 4.06400976892460885637
-4.42284364201521107418 -2.49628049666303519771 -3.08753591051770559517
-1.44338285730251536521 -1.99115856858682649388 1.34868203411431597516
-2.52811220013803072959 4.31741367792596708597 2.30952235988006471246
-2.93921551776988509985 3.51287851854381028005 4.20948483235525205970
-1.70359411254195824981 1.44216555679009772462 -1.06845960297343856027
0.15654712723827746146 -2.77245952979066068167 2.01653518820573385284
-0.14129439401099208595 2.29937797196315774073 -2.83762930444975047806
-3.58731462940384870919 -1.77473134102254803679 -0.93787027512527920692
4.23631247140600475376 -1.61872214534515812545 -1.81717217096498107054
-0.43408549219672654118 3.66254708407297879802 -4.47413360469471399483
-3.29372937840458890335 -1.19500125463353246147 0.40214860566625088012
-0.78618247524172968355 -1.47659917542055652007 0.20670084948720646167
1.30337623035898797497 0.60919943884567029357 -0.38270930887328180603
1.12649812576942576214 2.58984896463023872570 1.67838316437970558326
-4.04224222307771174911 -2.12719655109465621834 1.60086495235387449299
-0.58951358129645381467 -4.21491397184758298522 3.35579127808228516727
0.28720163254694153210 -3.52054368884361412739 0.21156157754075444188
-3.53599205613190425979 -0.66410557416885884763 -0.41685571233241613953
2.30100966580983357090 3.44151504003373798213 0.86211183688220582866
-3.85713063127049782253 -4.28693499329347904592 2.65485359821045019402
1.72741885828865004981 4.49594437899478105436 -1.05400694416034257372
-0.00628572064219401483 -0.42767262286954199624 1.81928540603130617370
3.46586017800473467076 -1.04179204604992747818 -1.26033223300997487826
1.69602903804402860288 -1.67083377418125955671 -1.38591575976760772448


