349
1.97636029532060231162 3.88925963395400220435 -2.28017858722098809565
-1.24003061053971874728 3.62348150595760909454 2.55965437435923437448
-1.46668023970494765251 -3.98784037346782183064 -3.15591802407371924133
-0.95466667766901780467 -3.97970450075448978211 -2.25145780007489548780
-2.42623162784925749946 -4.18252271049467427844 0.90434227425888646934
2.90105927731393720137 -0.97401735174752213098 -0.84498369907042203408
-0.82749819078290043350 4.28480113517336302920 -1.19781096506107154198
0.44321700450985002107 0.79054722696094437140 3.87991725294110079147
3.16949550642968791436 -3.08002310429908332523 3.78150804270861140566
1.65848064456658850219 1.07063522613721406884 1.68786202396538964621
0.91710660856596959434 -2.93259655891889892132 0.77587509991536496301
0.67629950465033950024 1.79809185007208860441 4.43328911299420536096
-4.00915813457891889726 -3.83101667742886675683 2.19185691504341573221
2.84364231629924724132 -2.42641099413322747225 -0.55612459765541943923
-0.39818519419445674856 3.68668268972322277222 3.61870648707149111800
0.78777779104501810536 -1.71434480320378934692 -2.61337294560514532549
2.12324988414010196180 -3.38464233470541975279 4.11061112353815527598
4.00302684262292007844 2.21596590965044004662 3.66679315574330022542
1.56427780287973128281 1.02055209401516311374 3.48624248452119278596
2.44263413123770600777 -4.04458114927658130000 -2.13585929038489030773
-0.51411706611837448833 -0.18376651887308259603 -0.85183872976193075743
-2.45182625926527641980 4.28267724453740949997 3.47887010365884474794
-3.38592848782845390332 3.81735913929522130417 -0.29123018363414132637
2.82529658417082973898 -4.27322129982391540892 2.68872893462348638849
-3.35999402483457076940 -1.08535860580598164660 4.32073749858968181314
2.52304196348536446948 1.56594488934905573529 -4.20821340378840602625
0.43893313304373116068 -0.75666814006655958025 1.64967435710493059986
3.44848354696963976807 -2.61773894637408099939 0.23922301347201280208
0.49893940707262984802 -4.37415889154180259624 2.38423747692784182561
-2.93089740266843268301 0.37660139628984534710 0.56299348689886574704
-4.27254628148204673721 3.98848985596164506973 -2.15973927907772056400
-3.40543425638637886621 -0.11690998539016206337 3.46001513154125373006
-1.87842626181937344398 -2.10349291155546325172 1.83445383549954232905
3.46430819990374683215 4.29397134802101287931 -0.28798055994890692233
-3.16588843368369632358 -3.87447828637302782440 -2.04916934356552671304
-4.17802689382566061482 0.38947448551175600784 -3.10052064265514060182
0.46280379396967674666 0.01744203729740423370 -3.00649682068175083671
-0.84680202342549293348 4.13829555448817298924 -3.13140529738163797546
-4.12050097129870795953 -1.53876046854290216004 1.77765383699036760845
2.66343879191150367802 2.63458783307328303636 -3.79782386055053278184
0.75954556629357394826 -4.49820156324204489806 -1.83355712313333629737
-2.47841200219553403628 3.38444330785466807043 -2.87078566345854113706
-3.92443835936572771317 1.00350749877058742499 -0.31926992576129897827
1.41272673333868770129 4.39382755794593560239 4.12108251776592293680
3.02039619461594543992 3.51450325620466141885 2.30764659144761363763
2.87414342884017059987 -1.54407823062836513373 0.14799516949721880366
3.48000986889557051285 4.01874007164700675077 3.74666980783690117818
0.38938055480180810974 0.45502024300899179821 -1.47389729869084229463
-1.77642023309735197500 -0.65260145993392937314 2.10262407180371369009
-0.76211588245209327397 -1.78090989617140493806 2.19482803920879820936
0.75162447233644869016 -0.79363485954750867535 2.77792292512097649393
-4.24382854116824592694 -4.00311950794549620269 -2.63447718798057017864
-4.05407018455721512851 -0.23519022403542155786 -2.00822990238456711154
-4.41229850149703040074 3.99633670755754533133 -1.07664554591581218546
4.53692274787926930202 -0.05961821552739543506 -3.92662413380958286169
-3.60402238902063043469 -4.47578059505054515199 2.91122133429508700431
1.94478405876011972708 2.32997397757869695312 1.32396414049315769290
1.73261349607776526938 0.06620702757847496400 -4.06101316416348812055
2.43597289092262325738 0.60659466913806614485 -3.12511577012829988576
-2.55020572270013223815 -0.15822830104615182023 2.50560502479499902506
-3.71106673391534691575 2.92866510388561973599 -0.38494184418243104773
3.38199764148218573467 -0.68400980946417666573 0.69172064399801858059
1.58932369420275598770 2.21062413296184789857 -4.15125988053598504735
2.88405270636148092223 1.33770518711656105637 -0.07110085166530488721
0.83594960332662004987 1.20500716370163818425 -0.00461461256569517531
2.97226964918228375723 3.41009030595201867442 4.39546670102646697131
-4.37351200284444274757 -0.93520726082174654437 3.45291702158931990141
2.02394287547725415521 -0.92778416085335901897 -0.03661805300791787232
-3.17519049652523088767 -4.36724343058592179290 -3.01998732262102009827
3.88849605130094122529 -1.17890733075419573694 1.71761079729228427482
-2.44129833996074063762 -4.44869899074008046114 -0.14097565939804646007
3.14107385953791773403 -3.05076424015375735621 -2.48419867520231951730
4.08828432502251626346 0.37305654016294287345 1.02914041885924323338
-3.13812432509789562829 2.39890279745129397782 3.53682451783093920739
0.03951065000654807591 -2.26564268543714897319 0.53740075655274033295
-0.70036849419344093803 -2.53259162127498971273 1.42684498832208017660
1.79102240768762754897 3.39370046576182371467 1.78049183220131101990
-2.42936645317480826023 0.77269573177224160077 -3.55467003546619864096
-3.32679639621967515595 -3.22758445087959522368 -3.71039024046662513356
-3.79063572002342485945 -2.07922956802951697242 -2.92049758073464937880
-1.25119502829233031349 3.05442906368831490482 4.14579717795482505238
-1.49137446157021358317 0.54568420932246297639 -4.04849368336510018196
1.47168783216770115985 -1.96304732618614607986 -1.76947445928049607033
4.32151870870225973675 -3.52175060504120196470 3.63439614520891485228
3.07462980838150023999 3.31121450759497015781 -2.94972782259218346823
0.63964514488354584643 3.43536712961675583244 -2.37723260681207460010
-2.02835389116845776769 -1.04077061667920478527 1.11675362626612439954
3.02259801160749042026 1.60993529041306171479 -2.93071280194312855372
3.74862937772624160715 1.06381947523831943414 -2.38291376130355248009
-4.34299352086017176333 2.16568743544396991041 2.63837883871771694544
4.28154431449861316850 2.66151514900937780084 1.15149362280195610708
0.92129575967162491423 1.79206946578722092767 1.18556678309690788353
2.47391774293182198363 4.34593997770789552959 3.63699796102534822495
-3.47758680958623545010 4.25930712177640469207 4.30496210538790169409
-0.75098360580074441373 -2.80533744849325739068 3.04636164004722598264
-0.96990755833703135025 -4.03813164949883596222 3.92760537622178507178
-4.24102766468934966326 -4.44414573557356984423 0.06649677236640894051
0.45078641571223876383 4.20843374792145308305 0.65788331376683828466
2.52225543901787840895 -1.89707272457858655557 -3.36083854023691097623
-0.54775002872120204245 4.45365381515401548285 -0.12909745607378031451
1.52518449193067162639 3.50632731122745777697 3.30988129328067604007
0.90002402383494839455 -1.25829696633834942077 -1.01012482744966636261
1.48960714965859342129 4.17970162999928174230 -0.07637661275443985431
0.24957291956645466513 4.47731883846478151412 4.04318112563823728323
0.83731528525042886457 -0.71623148479389220356 -2.18722224686064548038
-1.91408914355816062169 0.66362759119632386273 -2.01864997758054620647
1.79691073897473696519 0.43854857710508365898 0.15256620458845393529
-4.39193722621984772303 -3.33797137079276451388 -0.20395365759698957930
-1.36014894839340794164 2.77624454220672944871 -3.40083757399327124560
-3.09659176420668913465 4.44090959326979994870 -1.13268254803756551752
-1.60343941745403650856 1.57599633793175275542 -4.48127843062723130174
0.94222338690712614806 1.34176230762857429113 -3.56961665833910668510
-2.34967110893513630998 -0.23346071078889707451 -1.99668226424718753265
4.47661136903827294731 3.64389485753993813688 -3.06456472674173197035
-3.19983114872739937695 0.13200590830137493015 -3.44434946035143330079
-0.78887172490791268586 2.82792756537345635337 1.97137103122768220231
0.18640223396031796455 4.51812270421007955434 -3.02377584825537581992
-4.51295874492914617093 -3.66409110217331956960 -1.59571087522543253456
-0.45554438413809794639 3.10913615091251926970 -0.38993374486644150068
-1.51355568830412101633 -1.43174900937998117456 -0.49373862360585096809
0.75699051363266089965 1.64410827508627743754 3.42946667132071336681
-2.86473824229667073382 -3.82948651925372374194 3.69157110387941411744
-1.71460727727970763112 -1.95176814504423301599 4.19645599847671757487
1.24281139938117846100 -2.51797833260101944219 -3.39146840251728542981
-2.73609147218076742547 3.21638192994489191534 -1.11290776381348344160
-3.46880328318716424363 -1.03553643906500436600 2.90810464379563526904
-0.18362542664183401087 0.81292226127636624256 -3.29045772080846576912
1.84789358570315620511 1.64799769597900969131 -0.66922309058292528405
-0.82727636143013416614 1.72112706946250071383 0.67245855380440211491
-0.32525920996861046319 -1.21783456243180321366 -2.51116118267541699183
-0.75747200671638914571 3.02662245706895038921 -1.41516623101784855265
-3.80752205864060977447 -1.69359088339065833040 0.26585857765791143237
-1.48058895928341360815 1.73066217882271899953 2.30476028142898581308
1.12725834793169532588 2.97269485177196379766 0.66554910238005859924
-2.65966967248212338149 -3.84720405779104934751 2.29216357029483575047
1.86574980958408254139 -3.59733762277826674136 2.50987788678191225955
-2.50133430771699671880 1.37122712626992449003 -0.41778460191413202551
-1.18897895008423182261 -0.11037969485465470854 -1.63689927877864338512
-0.62927911174160833241 -2.67592107286673641653 -2.04774125536615247967
2.31123113122401502295 -3.85246713070189183981 1.33539486318094891004
1.11113220359982900476 2.85781270834575362727 4.04721026202193367993
-0.23246167463345113191 1.32499392368699453471 -2.21953385038449324540
-0.25547770247758361251 3.86080180742526923865 -1.90398570426815583190
-3.20003688937552821514 2.66207026105437360997 -3.25338587197120787664
-0.01845630977183088106 1.54071308142555984944 -0.79622233090048410986
1.18288995016842868324 4.32928719178701282289 1.45752311566747838611
0.54641286566425062432 0.35616577081978828545 1.22177851638630219355
0.72333848754372276346 -1.64677326647022681527 -3.91255714337996085561
-2.31232632343951927112 3.22282444870705742090 1.96142804002204673708
3.84077060226965993905 -2.01668327792285584366 -1.06385759566902660112
1.80011109685495274135 -2.46289918015993336553 4.44747207531776123091
-3.64216646722205972253 3.19815636066844977137 -1.42205687212306752798
-2.02509825254165765074 3.71342998999526852089 0.24164750036012350165
1.37852432244270506345 -0.06663799088526278780 1.89272079487211630777
0.01672746721565765426 -0.99848407735422162190 0.71965844388836064383
1.43441642659170742746 1.01810586757988286166 -4.48704595889564838984
0.01990222144809727922 2.47632272677753828560 1.13205137655022536336
-2.14818248976291448216 1.07732941924525338351 0.58889647418063528761
-1.98233579245964186555 3.13353645567790106696 -4.15536891786649498215
-2.93538522350418240592 3.36453181600443951282 4.13304793447338436607
-3.50507497449075344775 3.68777334080359242563 -3.35502911180293317273
-0.79335618439371291544 -0.42065325341141956983 -3.03236789945253581990
4.12457242507585686297 -0.79762408884758695393 -3.14469463761439049776
2.21059547228662811591 -1.20494253680693663711 -2.37167759338156614035
-0.90105374755079381544 3.89568677807905583421 -4.45839865396930523644
-2.04463897246568260258 2.92500366713737047775 -1.96796132184917160757
-1.06265329611356040829 4.13469817866589917088 1.55839042742140510001
-0.43816538578775965362 -4.38822915504387633945 3.04105062562172623331
4.00116881814509195436 -1.38349844098039209683 0.30698049187402798310
1.91643073547689279934 2.00249425806977932041 3.92881142963092511167
-1.51987912639323718977 3.84051173135194812147 -2.03192269058964880557
-0.27026619969986231951 -2.42225621938875690375 -4.46711903287486933323
-0.37053993357537606812 1.50329218458375368783 1.98708763086324946556
-2.66372885451285457137 -3.26165508709180818059 0.39725442886042561241
1.95342148710794649702 3.52360425707086921676 -4.43721653778935376522
2.56781587623715434887 1.25714165072907757548 3.14056869469096433534
-2.38723590191316992204 -2.94672552159825018592 3.38640912126023341244
0.81068141771704294030 2.47501428297841918891 1.96764358958574714364
2.06634116168390757906 -3.27650526932824659454 -2.72217635735876362091
3.19860317045077202636 -3.77178538359545045822 -3.33677708024821173538
1.31577703312670912794 -1.58570038594262108234 -0.10404851220409394585
4.07477248087086696415 -2.49201046146633586886 1.23814773355752016926
2.40253155832944020887 -2.45452653713993429463 1.98993473656630914803
-3.16101150590522639305 1.53016305312808320593 0.26670877805041914854
1.33637716803084050099 -2.44885484422606225507 2.08136206363183884349
3.67210100939075356763 2.04680496559353120034 2.41021965496722501143
-3.81438933808848323892 0.78198747718000749529 -4.41865819183555430527
-2.63263230885360544065 0.73268126958613066790 4.26837433107545560773
-2.00839434916738079906 0.10085796948671621465 -0.19547851662397519590
-2.52743749375648363298 -1.05255010589263564569 3.49651022625954421841
1.64821399005876045862 -1.20192029200238437170 2.26637878221953759095
1.67572576243385551464 1.92992630492892036642 0.24637920636806587282
3.78848323557137423023 2.98717103970782904554 -4.04505371504503230540
0.19404461701023478781 -3.66917449478162538412 3.14235094009212811983
-4.32704455818192279537 3.75353623747639364439 2.35451171862312857996
-0.24940538034714609950 3.64618739915030598553 2.61016816119714345490
-1.08982009363605580887 1.15797446932795988772 -0.36757742551324756874
2.70630071539623617838 -1.31995627024257711213 1.28166836685301976928
2.42396228591259266238 -1.57024122303917978982 4.47318767555990870477
2.10578564672246759670 -1.30432177871628729449 -1.28210278497941398967
-1.44820559046862085140 4.01386726845296504251 3.58916194512777675385
4.38947803706352512876 3.04942074230312076821 -1.61853751183997429663
-4.53053661781275529563 3.24406457621256549828 3.26216759810056355917
0.34227733918354985576 -2.53601556509749315182 1.57788209356178743548
2.83384080658867087976 2.56954703488268343392 0.52178730232412373624
-1.81942531856800826517 -4.20195756009380971818 1.68649121688620784454
-1.71454058182813806610 -3.81426011829152811217 0.31925763885293889643
3.71869464266208904490 -0.82733413260100885367 -4.26423591243281929763
3.05520062206110409875 -3.54429291087101416835 -1.24451354553611759357
0.49261037316868971914 -0.30672575709919236431 -0.21379000891590749234
-2.61894517672773785577 -2.66282434226885866835 1.34348020113174460022
1.70227639731158131298 -1.23007916276481532591 -3.36842556659816239062
2.66317176951804857055 2.51849375508888950748 -2.39210949480890988639
-3.77528359874149188613 2.79781569332683233142 1.60339813276015430432
1.69986796037707676987 -2.56582073827679391087 -0.85940695610423789574
2.80558150575595988130 2.43202434695648417318 3.43134097523429115739
1.14686432663286819178 1.28377090621435829831 2.56940910885437290290
-1.22663891618713005727 0.97319002096754214648 -3.08927313796283176117
-2.10238683783332547250 -3.86309034309228982451 -2.34535231010036326893
0.28549989584334678483 -3.77089680370032453993 0.85841119139558763607
-2.46325707414167949239 1.81253072062982933943 -3.95762401771962935015
3.92217501775181265344 -3.92192840194989500446 -0.55310422728194241770
-2.46385558856898922997 0.84637250873991565214 2.70613770702453226846
-1.85032267623002910639 -3.58455053546309088119 -0.99927480060509665805
0.87445448284325522081 3.12038606748801239377 -3.93666452795510179996
3.80992594570735487736 4.47750591251126106584 -3.24051061282101082739
1.68828287705561663756 2.76240879155041252346 -3.17377329497152471660
1.16788671564181978368 -3.98472752575806099529 3.40775947603411655251
2.63101580494253894926 -0.54376266317703603193 -3.83029428871859067840
3.58424838514927390776 -2.67469825206638001092 -3.50411881563236482506
-1.77810858337392119211 4.53687568533044593977 -4.50207041805855379124
4.40909638873176046303 -0.84700996921839655229 -1.04999629650726911123
-4.20233692949862280841 3.24724951745167800254 -4.09594782891834885419
3.97371578548282844423 -4.36979338375265236039 1.41406546701872759542
2.01940244874452368151 1.57797076430918803425 -3.23362343183873557351
-0.14699288942508470512 1.44200859691611071867 -4.33668946428729373821
-2.95856079889321277321 2.14938504325845514131 -1.17978590393383742096
2.49783971899015266871 0.31699181457754299629 1.66120800925993439279
0.80429817294482575107 -3.25755791962649920990 -4.43357987873810799329
-4.49461593586994556659 1.03810826165144121092 1.97339271329701748670
-3.36631574016884638212 -2.63188669088774140903 2.67081360222943420268
-2.56380910550292462347 3.93259197415506189799 -1.87445178927777300615
4.42336427990980940450 1.10535164391689111341 4.00973254128018563591
-1.34231390546179518708 -3.23587187495266315196 2.34385081585612464750
-1.52724452423954826230 -4.21033282789308405114 2.94486940647164541218
3.83821518897294122752 1.72697473541485813087 -4.08180864790851138935
1.94770108075915260315 -3.89034980806588093216 -1.24865294624067768581
-4.40245160532559154376 1.45987265399710519631 -2.98741327734517136960
0.51843597089612103446 2.88534940720975274786 3.15242947317384469841
-1.55622135726442412107 1.73941957766031052302 -1.08221470035080225003
0.70497235021868398519 1.50685198797455743858 -1.51596203094488402030
2.64125991914262847615 -2.46497251971233088952 0.97529236682828202021
3.69712204037993341643 0.51603412707243023760 3.12412274819277069327
-3.91787056390165799868 -2.86343160155966058866 3.53486761486919132125
3.74037094560425753542 4.40015311374441520087 -4.31817612979097820158
2.43489963238645312771 0.42000853898131573771 -0.55057246528476255776
0.52643579468206791461 2.86239210759008511076 -1.44376777325799388052
-0.36080564265898118492 0.95150777686557841406 3.12884261703676003208
1.02129176329627568975 -3.62319873550622739700 1.71973592506359729271
-3.79993291004544175848 -4.09670298642208940976 1.19557690228063329130
-1.56683694463782785533 2.00864897099405848024 -2.34212611642902368558
3.51843612102187019985 -1.76054018847424931238 -2.13039870091153415999
1.57635076237285254308 2.63782737465449379499 -1.15024195516589289312
4.15655959444561684535 1.91177480573236557859 0.27589364274918981579
-2.74428338636909119330 0.81601949365686632376 -1.19212991777167065521
2.84704571936534289733 3.98806729611587851281 1.53566432170258249101
-1.62208474577775385583 -3.37953819817899869804 -4.29318644094841150860
1.94801435557712210311 -0.38466298722591840686 0.98392366107619100291
1.23337652253132556979 2.32451155326095904030 -2.09400361184026539974
-3.83474385229725456270 -0.72880413286789913485 -3.90366765148851690981
-0.03429274416056493635 3.52640642821029270948 -3.58115653043015758072
-2.99771987445658094629 -3.65530885092233281952 -0.84025426043014883604
-2.29511405490632780513 -2.09034572222826398047 -3.36114951438917142212
-0.60594375379440634788 -4.10079687257925851185 2.01657409974203538638
2.52862790097212286611 -4.24509472788116148934 -0.49850128573696039780
-3.92769181811275203131 1.54502206821478349497 0.96164447938336117261
1.21727720693558794096 3.83699752481914924118 -1.13691942821410929554
-1.46572512607331884027 -3.04709740409351059753 3.90866071358040567674
2.97733549362055160969 1.56708055306682236818 1.57173017115476465477
-2.25492527474567339141 2.80303145516459117914 3.40335619542857781283
0.11869554959870232125 2.26500081360541027919 -2.50431473235748658368
-1.92220506477553865210 1.86061533958626501573 1.42551717903793662146
0.73746468804833309463 4.07217839374296186605 3.07498041338561112212
-3.90118180035007533490 -4.20651875105008077327 -3.81998071350608681129
-3.81760725483319740547 -3.59487687120893495418 4.35511876615098803001
3.84148583652045427783 0.66365705052391277263 -3.46652875369197310818
-4.31536753678525553113 1.21148735895125181372 2.94730632309327589269
1.06279000510370913446 0.77899124343221703981 -2.28437975630366230106
-1.90137262800110384831 2.73530914701131244726 -0.51976350070551902149
-4.08405435693508334083 2.18170806272906414591 -1.61363436008251603937
0.73814945794309405613 -2.93517074559757507046 2.70189918018668517874
3.03763553658187301920 -3.53921931425730029730 -0.02848208661362416905
-1.12234147201540679362 -0.38577885305919146219 0.21851071742202599069
-1.22233300061858685126 -2.31259277543359509366 -3.83568050875796107135
3.54843072128383152375 3.01347354998452576780 3.03973731824036352833
3.83488708828514024418 3.97003479836280614990 -1.88027369271891853231
3.70912050225336908937 2.10834114379645409798 -2.19830504366121814996
4.34289736005753024273 -2.65151602476743608605 -2.82159092312289150328
2.67250156455538157019 -1.46669813473753674060 2.43271414934788499096
3.99011800101468150359 -0.08791757150987589142 -1.94238035995239410880
-3.14759172554895449991 3.20632924868646007610 2.71463576257933425495
-0.44528701658642777517 -1.36524437031405998511 -3.62949381379464020014
1.64521222517025922372 0.54606164620612762661 -1.44555317106031555596
-2.47600711074916901566 -1.44363100895279306002 0.18004608017183443280
0.25406689734208320886 2.18214390592270479630 -3.63492288681005604190
-1.28776832991658807259 -3.39371105991904542520 1.19141416739939209890
-2.09150202204890245383 4.13883684952140828983 -1.05454648666912476074
4.22963010147403739580 -3.68711640817507202428 -3.44833743904727807461
-0.44799643357404228539 2.12689812287106949640 2.84284576446860892673
2.39721130773618273935 1.16259823371005399650 -1.89239157769651455965
-3.22537792900907493987 4.25887304583075998465 1.79255960494577504249
-1.95480339517007895012 -2.99514180589843848068 -2.84383320234482273037
3.51526434463940429254 2.46169004099290145149 -0.55944765767836157622
1.54968096435883762041 4.26021145011252588830 2.42249271048844239118
-0.06883280649722678390 -0.12705064609074234738 3.06354905628034135390
3.55974947159177990130 -4.04532287019053171662 -2.45244338170149278611
-0.45563994029459831125 -1.58403210116549164610 1.27151768559489575239
-3.90911250028265033762 1.76143784557367144572 -4.00537507449168650453
-0.63873274534849633355 -0.56641007162312728695 -4.23811839194104944539
-3.27794061314807638752 1.66797997294947020208 -2.89225578581417863688
-2.64562508574054833232 1.12451935636146416186 1.70195000529591933258
-2.32433209593020073669 4.29846915629968062689 2.52062700680826079491
-4.52032170315398929006 2.35890652313081616853 -0.63378116494997671637
-3.93207386495217425804 0.92068880729247037920 -1.71271706890822583702
1.35055817798347543857 -3.54896249947662267843 -0.43201832698554909484
3.33782420297517035124 -0.56946384277454331624 2.48589708315075164080
-2.70811194270707700227 -2.18159797687676304534 4.16511836552859104899
-0.19049764395530388583 -3.38314796845015486326 4.14215173664313507373
-1.59683603982541466593 0.90800947140304799632 3.15919042757465362570
-0.79113056922540891946 -0.04169338934637956129 2.02501755834960928127
-2.73400918638875367606 3.63286953539294099613 1.05546394832885237491
1.23994233211203219724 -1.11776945812796313362 0.91110359197889945193
-4.00675590450404506271 3.53314419820260194882 0.80308388644434902659
-4.37986815788419381335 -2.67021590646547712922 -4.20954495891642554994
-4.53039273954615850926 2.61412324233508019944 -3.34666718595417522764
-0.80194415445857547553 3.07716981105116182960 -2.46298306263118860215
-3.03718870848618971436 2.56659114546679756330 -2.26008953597337391983
2.03945885053532549591 0.49049290006562085154 2.70233242951499530449
-3.61304725544013383143 -1.24252531247171749129 -2.01427122259880331256
-0.60087288185883647174 -3.40632203889524287632 -3.76166733944573472570
2.18244331443697525685 3.63368128246266675063 -3.46664750256412279583
4.07537753722660678335 0.41296058708852623198 -1.07842465360200945312
1.73603271399193115343 2.11965059276400769050 2.92718481893732374033
-0.74416794561354659976 -4.09825046436347317780 0.67964454864573831117
-0.93337482167056418092 1.55458382603204903205 3.76200070861404167744
-0.03238940694379888185 0.26209205319240957976 -4.26312894106816653306
1.04259490370722840424 0.16443633586043127082 3.04684159133306575740
-3.13854399586308963066 -0.17906870886471537574 -0.60653803533243344503
-1.68249785116966066312 0.04462438608216956482 3.98350322113644939037


