252
3.14596074501681766122 -3.16366513965452833546 -0.84882222528051531896
-4.19015054738672976242 0.57452868034621396021 1.37237115525090658252
3.60509748562027620977 -3.86703024908441461704 1.57742379619600736618
1.07069883923281139460 0.96872281579014263286 -1.14446363166238329612
-2.10932202240466981635 -2.04234379046452074746 -2.14322487208948775361
1.77688631341646630091 3.70428053097308218611 -2.82905058829503452955
2.07241317597998175870 3.34391646617390225771 -0.44746394339008954688
4.45240433121760315061 -1.40383495996944862583 -0.87613599540301834168
-2.75282726759209284140 -0.43130701683921035539 3.13802061812408084052
-3.23349467102404641849 -2.14525769104414942845 3.60550841586290982121
-4.11624142325026909361 -2.64761806232124596860 4.11491844847288046338
2.42383641246645531453 4.36073921763498884019 -2.12339790503868108829
-1.70861421234387700352 -4.47652352405396314339 3.21966378957615084744
2.65075780032972385669 -4.46821614533340927267 -3.14346209193088022005
1.56313081248463081607 -3.76902685856681340937 -0.62908978563952810958
3.20298668413937281940 -0.61227469739880824307 -2.30969318454696059817
4.20524800320673630694 -0.75245089502509010515 -1.78783842248547752973
0.84778432471643316859 -3.67344082611099098656 0.05178584863497714963
3.04508363817598048939 -3.09860338504837873330 -2.56802589753535714934
1.61971810874275679026 0.45117257425518797476 0.98955461836554015065
4.42692478735504391096 1.06799351052792257377 -2.11652802553031715860
-2.05626252231035566709 -4.09949704246916812878 -2.57598229944374068623
-2.13381200912940682812 -4.48494009163148898978 -0.58509804315092628357
0.63167225801940851682 2.70390111146820277810 2.79921951546969349778
-1.17953128814555574522 1.34703641935370388438 -1.72568439398070783142
-1.08816685535098311988 -3.84607242403012961063 -0.72182854332925261431
2.93076783471121871116 3.89250891289371470094 -4.35335336499753200457
3.75757866805548967903 2.49774893392307628659 -2.01241409037074392430
3.85906803686139721066 -2.76536432344089222468 -2.96837250389797357997
-0.96377766611504611660 -1.40359426978782142470 1.51612055992051608655
-3.89793407126706892285 -3.61548972136402912980 -0.06276631018413603158
-4.36553055877915419103 -0.07425802393289426817 -2.43732516478056338016
2.39490966030180185697 0.97246963367465255601 2.73606339414921428954
-3.45439582467416173017 1.86152572056048271065 1.24408959459916257373
1.60001018447195431094 -2.65552443865457155070 -1.10620924296693790012
-2.84161946068818194178 2.62221341288485376708 -3.68579777346244652492
2.47992050018888665619 1.02907865296044231940 0.11574666984794923508
-3.06145875742484685489 -1.14873588793431835597 3.94204329067802294873
0.84667304139669496976 2.86231110886177653185 -2.17058239757572302153
3.24325439824677630440 3.19587106355461525453 1.79592644436566484245
4.12171463220309686193 2.15410196230257700023 -0.35087453248152034035
-4.11770227896571494597 -2.60430551644568053504 -3.07285651979022045310
-3.02396470566299591098 3.76955784513829517124 -2.24554531980090121834
-3.70972558674060914896 0.43827250909516823896 -3.58287221654202214793
2.14062952137682049880 -3.66432575286667283621 -2.48926337114952378471
1.42801587486775272140 3.54967325078127426963 -1.38468126140539027347
2.78244041806180764098 3.05684393429870038261 0.39554176300396903798
-0.48194894738647509058 -2.59781675320199312296 1.02697429704146525609
-1.63812728365288595711 1.90720849315404183955 3.05022016788715166768
1.17074007693446446865 1.40884681284621215980 0.64293291061593915714
-2.82290551324517702270 0.81252615276507622610 -3.61607990746977536745
2.94219258990014598254 -1.91356709592535390030 -2.51500749741118578839
-4.17312372384543284198 1.22979405128384744472 2.22288246903690644984
-4.21528836215213331684 0.07718859636191943707 3.70154718923961834065
-0.72166680511003766796 0.74488890075512959044 2.45400687104941983563
-1.53072507710363758804 2.85096516723898485424 1.33943647194849990711
-2.48296903934351087528 -2.42445302591519240565 0.84922185261452387550
-2.55861476287951772335 2.42216704200453403217 0.90756665487575283180
2.64197899227228294450 -2.42868846113160863354 -1.62564176972312557368
2.47251789943878641509 4.22020275066283101495 0.12541557547288473273
-3.59428840906863289462 4.46761196348837597014 1.36892930846663851696
3.94221795834652422030 2.43145298227894368637 3.13461557748458563566
1.07732910932064473997 -4.51014785206457968769 -2.89558558627311235512
2.98697519741796124748 0.74374775431582307306 -0.64130013516028494536
-3.96963173106979549942 0.02492800250124638239 -0.96387388005230212329
-3.12259774925739730378 -0.30841619306825851510 -1.52786853493170937668
-2.15799479508126879068 0.06576330081073411549 1.99860060866613675756
-3.74433172585208495775 4.33464554515074151908 -1.40790196548809198873
-2.29093589867472191557 1.53034481628158669508 3.90773930441387573609
-2.00560277317492507976 -3.70856575326012105620 1.26147787502323449615
1.05121125980915319786 1.10067293628384188509 -3.27689038089698936318
2.80594948287057643910 0.93783944030972055117 -2.53109394910643592524
-0.33074293839596524691 -2.62620537100066497871 0.05517686872182991920
1.33827427025289846796 -0.20487849788222067815 1.88252626246059406867
0.73563027146461390515 3.43090424246606229275 -3.46171327674429640808
2.23307227605361635625 -1.24107322192189872823 1.66329860941385998530
-4.01535956373589275614 -0.21039039388835778510 2.31109400694299260692
-2.87156668302642259505 3.26538878671114751739 -0.22076270967804667578
-1.49558483840450273661 -3.14145478284358414811 -2.95868895382946117678
-2.48881468754891921336 1.40608772599021580874 2.23581785244920272504
-2.47224672571565884382 -3.05715148318486873436 -2.57632447969906097640
4.50861716182888816462 3.41871831027723072083 -4.43671930920293533518
3.71257195450637045298 2.61483304185453757640 0.90703784842229229213
-1.22467905927471321093 4.40216374014142441951 -1.68789910699268208560
2.46962559236376133498 -3.71588307632635173050 1.21076034897788620270
-2.55189324913953319296 -2.20319024062081370019 1.88209590320636444005
0.33408327898400091982 4.37333903505230647824 0.24072966587666488891
-4.20430021257982211580 1.97205695317559737134 3.14633279530757015152
-2.30101404855439906072 2.32017621184758748853 -0.15832553456400333403
-1.67916727932328591066 -0.93396428977267209603 -0.05499124443308556209
-4.18366621932061111266 3.75264509095930787197 -2.62730806334039579397
-2.18542480562465524230 -3.52145970247648909535 2.72584539363305378146
-0.38906505799344159868 -4.03778276767159027827 -2.01316179676858197922
3.79753186929267005922 -1.42497500336077242977 0.14273148213056874312
2.51391105959097060918 -3.48447423322830873715 -3.61253597379580115856
3.55099938857232810818 -2.59292979038933601998 1.26248563682491710125
-3.56997315226967870672 -1.36506358616051359789 -0.71128527508198580165
1.19635659984847109172 -3.82714877596917801839 -1.76749079906770667492
-2.08712878045996941268 -4.30034170401786397520 4.22156416677465085030
-3.28260713661654213169 -0.11538831175748676117 1.53265992154827745964
0.86553047715208997204 -2.52436077452379548092 -3.37670748245459462211
4.10657493715521138000 -2.63334428846879919917 -1.31544884176814225185
-1.77918215219869546573 3.24712416423385530351 0.19094857458581060428
3.66706153736943374355 -3.78649045448754550947 -3.19553648164521186814
-1.77071356301668014765 1.22052711659583756898 -4.19060942206133013599
4.12160778617619438791 0.68387652048853464493 0.19686652588847142198
-1.46120950755916423347 -2.34149647892534273907 1.38649246560651295823
2.42726139783373717762 -2.45219388280029981786 -0.34971199791829654657
-2.89889264988008221735 1.49567938365061525730 0.36774605822011086076
-1.60860086722870798681 0.17557264631168312263 -0.38809236440804184554
-1.42412924082126934877 -2.56337162101619320254 -0.82652127703001898595
-0.34263368711019115409 2.49146239323769691509 -1.57144864902339342905
3.73153807612790711090 -1.67973973495512041154 -1.83440851436742002889
-3.29897174034123574771 -0.90978461162764157066 0.82569234489568810176
0.68937789096430979185 -2.71679835193764596113 -0.44004726434070118302
2.26801329160826536935 -3.45257106067041830144 -1.27389169236983867961
-2.13817106376618726316 -4.04896774457409946990 -1.52764000418566814332
1.72546857247389429091 0.16246988858375210896 -1.60056071488081297360
-0.26787882851269984030 -0.71579790715480884344 0.86290554478257686100
-2.02715540607278743579 0.87580574661397125880 0.37381369003638198478
-2.81161045544450560740 -0.75100237326646634983 -2.71135797993718075105
-3.68989929544378236770 0.84052281008850115995 0.49888229421154761667
0.69052504903861766650 -0.93614887553338776982 1.40218821862621023655
-0.06531238570712449842 1.67467102719197136196 0.63996366233519896838
0.02617003052098176852 -1.71288996897634859806 0.94225840334676203014
-0.99854175575567793999 -0.35576173153704448993 1.66826803956740121748
-0.24865035148713765523 -1.48186548673609097548 -2.38400305729285921785
0.41024059727527806274 -1.61979558434985504434 -0.34121302809466591555
-3.18211082698748759512 -3.53239844739251784844 0.85580997964385385757
-3.90863046421329052293 1.96519233930619918738 0.03812646932797836286
0.01445636006892137004 0.63672679960578193459 3.58316513939337522032
4.48600910379062600697 -3.38845207901847089715 -4.04227029425064277035
-0.54933847219181775046 0.66025994591260417366 -0.89053699103610517440
-2.17634453017994244917 -1.28253206909576489281 0.75583810471733414715
-4.38115389581628811300 -2.17648720647750204549 -1.99821025694185872013
4.51360710172377377347 -0.25115528582142054859 0.75609929210195758742
0.37545746473516938835 -1.17977901916315275344 -1.36990030587757916081
-1.62600571520564418648 -1.23362291898840137350 -2.96707291901153791258
-2.58351609613246013808 3.64604191232024721359 -1.31807881314340091805
-1.20629152574895304184 -1.94077338316791481176 0.27604146413888930311
3.90575183330032427165 4.14243432669376243638 2.03319228786312233836
0.67206444509152873934 -2.48481874608241160018 -1.62280002347968732579
-2.87051110478391091618 -2.69895100337830351478 -1.15605037080365580238
-2.38705823670880601384 4.38722667461053728033 0.97173822781633401036
2.36872155756311020269 2.63391912961093499490 -1.18899649168521959197
-0.95141013192653289821 -2.75536081571951152469 -3.77770889367642093148
4.26043601262977045252 -3.45991391776397438917 -0.48604876252334161535
-2.17204690613527606757 2.86085431739394291384 2.31942963127135559631
3.20293455140845129137 4.23371063933969704607 1.10350302499394903322
-1.06698104254808612268 -0.11016654079631393870 0.59258119864565461654
-0.74851036160470307834 1.08035385662212046753 0.16280473749535673278
3.60633454730083347073 3.67889300222485804426 3.93201759391351490791
2.53173810698810530795 0.99126569132118635963 1.65467341706170589788
0.62042920854271077502 0.02091286178718210209 0.63508583437236865166
2.88803894935591198845 -3.79369547625777192579 0.02431731581165585965
0.67151823176262848136 0.89791108089119120450 -2.23069576744819420000
-3.10660670592719112548 3.81570311401917283689 1.91111651350339872835
-0.98318890843547723790 -0.52515756777897948382 -3.58931075341615768437
-0.51385570143304093449 0.94925235027316734460 1.39439700132214206008
-3.63542925459965005075 4.51822937642150446180 -0.34119894958431817855
-2.91105324560684541879 0.05235072318226574595 0.04377954091168145823
3.19476166290974550321 1.89121869435569145423 4.27970962517100605993
-1.24705023801600578537 3.02764249845361543834 -2.36725484472475855569
2.25811333259063751200 1.67473548681791228887 -1.01001540592443994626
-0.99374151178794623007 -1.72411729579359418452 -3.70372106199487394207
3.60681204332874383311 0.38541923106348097150 -2.83565893142889446921
-4.06929722419092243513 2.76820214658336727354 0.99529446603836380092
3.96181367438257669988 -1.70722640248220969283 -3.65397476216687078221
-1.45961374225037943120 4.40015398499438514790 -3.77671213481154088853
1.85058301633554300736 2.20970528384137576694 0.49809915638590140929
-3.11134012891700439951 2.14031831394277904934 2.64654327608715522757
0.39139224846874753894 3.83876014423061651115 -1.94699997930516799372
3.61251490222550675213 -2.87251964588208119622 -3.94209421100490065015
-2.15704167175845684667 -3.11903886490812398691 -4.24360015714638638684
-2.00831044003560865718 0.75793403214729426765 3.14388207830292909506
1.25480794707050247183 -2.74069037645114610413 0.53535859145500097611
3.81708803430023646541 -3.51763970428391781198 0.61730337871111817805
-3.50708612038852418635 -3.63542902076480389795 -1.15631759870587824679
-0.41964029966480520528 -4.06801125870442614740 0.34529929700022865546
-1.51375277739411506772 3.33549063989716909617 -3.91755378267401610515
-2.38593610984603365921 3.87285137600806006475 -3.56935060163827388990
3.86337749107859362852 -0.15474323217536323227 1.90067336142927878484
1.94674052033443256704 3.26714637144713382355 1.20173812003798463621
-4.38319041596748082412 -4.09434093785601049831 -2.67051596354400544442
0.87666823509195079822 -3.64310158011512186249 1.08265047160780536473
-1.11371749149743015650 -1.34127750376946952571 -0.86797523353482652908
0.15986882781628519723 -2.65381324165234433465 3.24495303858510908412
3.33141734621444118858 -1.29654709188432892830 -0.96845908278609371678
3.64094438953870902509 4.26624539882291653470 -2.63739391452357585521
-0.27193336359291908622 -0.53819899742255028485 -0.25738736696871988840
-0.52834731089034114859 -2.45431709573148237880 -1.36292373387528087392
0.41823790910121338982 3.08019858193150319892 -0.95983125715070061190
0.58331884725186622376 1.97961436607866936299 -1.30137162758824143083
1.26842409503954645089 0.85986703674204445491 2.00754067720382156637
3.18934742346834010362 0.29103201036421033621 2.92899739798623759413
0.43360799671543048817 -3.76483013749966666239 -0.94997971800732816661
1.30560294179280855786 1.93002522194989900584 -0.44496874580954770551
-4.38620488453561119258 -1.89163103515675956601 3.29108390636804859497
4.33447386170120996240 0.08758373474693570415 -3.65262486000182740042
0.72608506088282620539 4.34998670227471340155 2.23230368098224207785
-3.29960609705304497297 -2.53314650938210883524 2.42067194274528407760
4.37203995461686378832 0.64947027886999642021 -4.48462603821216188038
-0.06849631708468084668 4.16193422075481667122 1.19843943557375087750
2.26890920025166398233 -0.67962531922101643289 -1.71267826260149025330
-3.99196454056963334622 -3.82134207526385294429 2.00273879204734139847
-1.65661532784085574477 -3.05662048830866650562 -1.86259201314242828218
-3.29744147349888105936 -1.89981447626324939648 -2.20397189697707496236
-2.06301489568293083821 1.15910863464355617936 -0.51630543901631664738
-1.08675246653727164414 2.58315341591056313320 -0.78711633158332938720
4.44117959949482976612 -3.86928459129679591655 3.93318562677816263573
-3.64930828427898035216 1.17285945978500816267 3.16393597741242338373
-2.32576379392404231083 0.99123715084301711187 -1.54607688510659935233
2.30361492254669908419 -2.21018042358857869090 1.40459791591670235533
3.70673161238635007209 1.67609757544268234142 0.34706118319097534197
-0.43196457908631913369 3.47205085138091096297 -0.66450846514072781090
1.70966079215870436769 -3.98344592487829229910 0.61362280690896930935
1.79953781754934549753 -2.35739429900110675220 -2.20640421310416279255
1.57709622023559692394 2.18855611293431184805 1.66882261561560518714
2.67729026099147215945 3.09360449609522003556 -2.08098614469666776117
0.62397347177809958652 2.59435601833173112851 0.17798408550627442537
-1.63610523606931757001 -2.89048536726601845714 0.40451236778469201738
-2.69684006858472002932 -1.90066890539794286497 -0.24723534690428383698
0.57139794133807608745 0.08620690411478637571 -3.10332161495022296194
-3.03299397160452555156 -4.21795805423388703304 -2.11346331555068767116
-4.05745220068899925536 3.72454453233414195523 0.25159402558468446642
-2.07353204687367487224 -0.16601680050782441356 0.73397129873770605712
-2.20536415346103087387 -1.13152051569482337001 -1.40702679550140974385
-1.78218197486498874937 1.75497253889694349027 1.25458483016200350590
0.47504082578438566742 0.25017769179450599637 -0.43564652871391107425
-3.64181251446104514713 -1.40690720906849531247 2.72272746473226501251
-0.24689342547690262819 -4.46747721478856707478 -0.87126352121430628017
4.16315753119302112140 4.50012453525105637908 -0.13535789169645084939
-3.89531594116346990830 -2.41584790774890034726 -0.70154385298417132333
2.79802855259326577197 -0.77727881464100700981 -3.33541737745734723219
-0.89411345690995602808 1.04686153365791856373 3.41890289391646629014
1.00904093755849011416 4.37803816309069926405 -1.05881430648771157621
-0.24448026800645816792 -2.93820382392115631021 -2.60049185990211251251
-1.98164873898529503293 -2.36848541017895453109 -3.51459084752521100370
3.08404352287020167012 2.06223598061154067551 -0.42177561008398978259
-2.97552225487738786214 0.79338100500679775706 1.47029846480457759839
1.87924391738219132009 -2.69911733300797296309 -3.18888877352535571319
3.20930533286969588147 -3.90885927002988164958 -1.72214459181685874967
-0.69332186456618893899 3.16672112349047552016 0.61662209624194019852
3.48578925080401713643 1.01369235661148771044 -3.69403696622065869093
0.42920944604467337058 1.74215737534657311159 1.72805683598748682783
-2.89383837920017095158 2.56435054354367419904 -1.05848764585356569512
-4.29310620193888059504 2.36718353865642239242 -2.79028598928302962179
1.57005991406483946804 0.36972080161347165017 -2.69472590055792471375
-3.13726180707086355071 3.59693680860746756167 0.64451530554129998762
-3.13775284897087525238 0.48484430650933596496 2.47615059437609730253
-1.04851111742750058298 -2.12755950663907800191 -2.62927035428956390462
2.54257614189639458147 0.37511502234323668148 -4.48494166067017463462


