75
0.72882004220349116963 -1.78964087061821031099 -0.78789170742366909650
-0.29491203279075595134 -0.60898925132288406203 4.43777876122774639356
-4.42012551362492267515 3.08232540755709205627 -1.82806957574751072215
0.29356643095744061611 0.79448263163208032722 -4.09868573992388007809
0.22402718249007147477 -3.20700278374219305277 3.05300690190970858140
2.92925896017008025041 -1.40404643183461397271 2.83143380800392829855
-2.88610455280300159941 -4.13996572553514763371 -1.36300495139799560107
-1.22966101521568571542 -3.17440569906176994763 -3.76478143819661648095
2.08886619172515608511 -4.16677823633030719463 4.28602301879856550926
-3.31278834226631735405 -1.85993390905514077716 -2.97317126054493696685
-1.00903266474446606793 -1.09267437618364837704 -2.77814800174226528284
3.83742039971444004465 -3.90586047498752941820 -2.06596855180698124599
-2.80409391131259644325 0.68731684479387844533 1.81960540080225730009
3.46155040955151083182 -1.22188544796268283577 3.91046165997900896372
2.29740301666073243325 1.54274485543731021409 3.35026313226454242056
2.00167173840487055969 1.48471753033651765463 0.06732815795956792471
-0.64947004289405940725 -3.48259161345441015101 3.67559871975395413557
-2.98700317711387741682 3.44427375267769786404 0.35375279323077268856
0.29962907045245135151 -2.68641966477677351932 1.58069416684747476864
-3.28414752712704549609 3.32178348848795046422 -2.27322342271993926843
2.98497166772420374770 2.43959794298544974112 -0.48620574713129638411
3.99341965931878828400 -1.53367738369050510272 1.12391677301455050753
-4.03087812675814571861 1.32863968008688271283 0.12589604973113921460
3.80479419932454110409 3.21792707509423969725 3.58128123849556789793
-4.25179592882614088012 3.13731119760927956719 -0.12989134853304307171
2.46082415342252769364 2.60173027819210478384 1.60335055369637036193
-1.01290287256883226874 2.46942195723549318132 -1.77107558938338804921
0.48369568391967909804 -3.81120083991656333211 -3.93483456410663912095
-1.01607183193060812698 -2.24539920116139946060 -3.24865795709528448754
-1.11296012540170563554 0.46982667481843343182 -2.62594127666735310811
0.24592156762738870412 -1.61177090801405764608 4.40454300116094810136
1.13711691789502200578 2.30367353465830504433 -1.16958137770234138486
-2.47564548863251188138 -2.25675994661744683256 -3.53651233589660440870
4.05155652652286857318 3.94944060930563534129 -1.41582831929274366445
3.68350688045429119910 -0.17965209265239412417 -4.45762397672738508447
0.17264254998165284860 -0.72424820354093144559 -3.57852490144182633358
2.48115221844252875627 3.15066333319688496317 2.76222396644102108354
3.47887843843610244932 -3.12583895957081558947 1.29300338524677638219
-0.93713150963730207366 0.66135204908774269938 1.75708503842446361887
1.13594894739246665694 4.43938438586539074748 0.96483154588874064927
-0.97639455244368722475 3.78964789063028018035 -3.77285192036382355241
1.70764926303411090913 -2.22374364572766891612 -1.66821726266937808703
-2.06331815064876167298 4.20045145975630429547 2.72066246687122514913
0.93795658573524143264 0.00133986567409927204 -3.90398028171053113056
-1.67404426098076175577 -4.14517694593834296057 -2.26536836642086125693
4.04118671798780848547 4.42204192925745243059 3.08484510686547430680
-1.05605518803729481192 -3.28159090406337838886 2.11198849751936990060
-1.91155106125256102345 2.36383337570843909958 -3.80897679862410543095
0.07621197037145499564 -4.30199271807743954810 3.81044253912368180437
-3.17074953770013623355 1.76439136845066268933 4.01488351087736194955
-0.94880729917897088654 -4.43453992620130055258 3.00787588120659421520
-4.27534511221216906307 -0.45449401176407455694 4.49802068213536454522
3.38012263821860070578 -1.15224698402456526836 -2.56752344301034884921
4.06799712852479711245 2.09668619585089643920 -2.31287208321752313367
-0.05546653210461460759 -1.55111766604396850155 1.17115835622143382722
4.05971872164262759242 -3.04815733640852837283 -2.86647508395798045200
-3.41295472989939296937 2.43706625809891708201 -1.59407960482513377798
-2.60733397550627143957 3.21166156985029171977 -1.20146165659748849208
4.18408290602998444996 0.92567220643933012525 -0.51342025263069590579
0.00362031036794441263 0.41379905735058297722 -3.09832895795059126698
2.42585342445796925404 -1.95203423356536820421 -0.15096282112770431638
-3.16530899454652114855 2.53856080967686548178 -0.23795777001144813312
2.94331587253750459610 1.08884325271943094293 -1.08172483546571696067
-1.21255168737839325033 -1.10186769951021545921 -4.00551709706204572825
-3.09116656895983821229 4.02472042844582045262 -0.71390181817880815629
0.97724403866365339155 2.38655178050764060771 -4.50797569639864015301
1.26518728778769240506 -0.77048616068937381129 -0.52884225836398357501
-2.29528763111760669702 2.24907745719390650407 3.36428564704754240466
0.80967004084818849918 4.46401207744662098520 -3.31610227587165873331
-2.03025416803108837982 1.93237065495798088222 1.35606431465295340644
1.23381553471191818261 -1.68949310518016027061 3.90181072119098804052
-1.25009525285690425989 -1.07585294940869324876 -0.11091953671736298759
-0.17197058969531475725 4.49577297498814854038 0.41877031555493182680
-0.01622026759416606012 0.39466443367691361743 2.94471408904758380487
-0.89211171566559865909 -4.46553181127877429901 4.23872211674583798668


