295
-3.48694106213550947260 4.46280367043019676743 0.90199434071601469753
-2.66995738508471225359 0.86289867571878797747 0.46882231482221214947
1.78182685263599616121 3.29124419851068239495 4.26743966736083724101
-4.13525091743531092447 -1.82143658157009324938 1.38850872302574135375
-2.60688799955446048884 -3.15650050801137016521 2.81367202281374506612
1.74108634775557913343 -1.74472182048477408856 1.10593891200717120427
1.08575481385024819048 1.22120565832752614455 -4.36353946184935193031
0.54926298148149754752 3.24745872086252429511 -0.94594372253804825945
-4.22043497725606631121 -1.25585814010134999563 4.02475221137862870791
-3.19846203542790208374 -1.28763637009096587605 -3.45973725436912316056
2.84313542564041288330 -2.66409453871115742274 2.17370971290562398082
-3.21670915915109167926 -3.72508575233792615933 -3.12532625163824340220
-2.74185056966687001889 3.79768285828946527971 2.38242456602318330994
-1.17758331042006680889 -3.77303268648721790157 -1.17425809812624315498
2.76620497480021665382 -4.40664217999641305568 2.39813446177622768829
0.26228804408657069303 -4.44971770944346189935 -1.24820870876231282409
-2.81729268672546728780 -2.52063954662924194494 -0.42579478051435515340
1.05225682133552478348 -4.19188954224235832413 -3.59761632806683984143
2.75745100713766522205 1.77710349492429831031 1.17071224574352328318
0.76848368789708842996 -0.37499827230009952217 -3.33112043445309335965
4.35693740545079233328 0.17357121282063125989 4.35231557296803206469
1.68759595995589695150 3.46500850600733212303 -3.11020479392273641039
2.48787102379254054796 -3.48976535402464538294 1.67847332578339880627
-3.08371032009230150450 4.13479739376216581803 -1.79847742132829413464
0.47271708064657413928 -1.34917493443738134573 -2.88680607299906943908
-3.34738101652643660344 1.07635619736784260425 -0.95550442839466676048
3.20759057159655558422 3.36647083123333956678 0.83254033069147759250
-3.26154278429230526370 4.25806552226832568664 -0.22145725507842151103
3.95655761677966477663 -4.24915329466728852736 0.33498161707776485940
4.44164283212985733229 2.72112698755612392176 -2.08210622210015294797
-4.18046269276876891752 -3.06299293404161243615 -1.91076993840868158969
-3.43154808387165610739 0.82385711166032571384 1.38350838973267453724
4.28512510628417953029 2.25907415078499695937 -3.79576823748030145467
3.27975479444845152699 4.53742423135738714990 1.29279322545697450408
3.29491841597162338218 1.07648763994300455948 -3.48142827900079154801
3.07376294578355135911 3.30273784976561568527 -0.88579851691427702320
0.83559962786167130133 3.23946828912756945584 1.03713548165051872019
1.15983632890331023191 -4.03754899047323512207 4.31006377988039890425
-0.90944347491139332362 3.61767051236239023382 -0.00523738287577035777
3.13834905425886123709 -1.07681527748605265771 1.19451262257743096029
-3.81284876783759463237 1.46825636469346854085 2.23988089206489870975
-4.15474104229655338827 2.63405960616280143682 4.34264469892030913201
3.97181295513709020639 3.55153988994647829003 -0.07494354496792521303
1.08024697272951097915 -1.35132538961772885600 -0.01367854158731063308
-0.86797924307897567076 -0.19670462895822371507 -1.03579184198686302665
0.37540237369744122731 -2.03993574019148882215 -0.08576840402673369113
1.70422661104571293578 -2.17623734210616781581 -0.60599032681722242444
-0.71587512962933441685 -2.89227540239886504736 -1.85625673308939376227
4.04322522944897055908 1.59093220269981205917 1.65549764033426516363
-1.61784840935857943123 -2.91241381001359389558 -3.75318421947338087818
1.16088278191216165425 -2.43512079835995987054 -2.36857571670728361823
4.31079838066874554414 -2.54104865220401698878 2.45103544796477823553
2.79940527896575019895 1.92273326296961410975 -2.51989336094530358423
4.23135774833727840161 1.16039827238848136659 4.07140684864652069308
-3.75410743338011121395 -0.28451276346609510881 0.67179861213431912859
1.56727030872361083880 -1.15705271928958852712 -2.59201948432617879092
-1.17164378965538773514 3.04575863636943910961 -1.99736756435491891182
-0.22947009589150280107 -1.10016609589191727281 -0.66369788212943259254
2.00932391007509725256 -2.78059318063314231395 3.73042751882379786110
-2.18512649475644460395 -2.30709142961974000841 -4.47097912049519230493
2.77783104868181940361 -2.81702308223846165092 0.49654556318922171698
-3.20760173156694028407 -3.98890284581212117843 3.31694485845141606717
-3.69585058811015221281 2.02934373127120526448 -3.11353007999303210696
4.50914752804080531945 2.96746656340380798866 3.10674838223009697202
2.83707378096271867207 1.45681377840160575232 0.00436628939745187239
-3.37863151174133413690 2.40720124515395905718 -2.12758561111015653822
-2.46933320886305773811 -4.40905149241380378555 -3.72554319587013393900
-2.49161573562541427407 0.20430995112026106852 -3.60186192274764005461
1.65299012000145317813 1.13347699247754629681 1.03701679133272595124
3.08978985100647829398 0.01812557873035558487 -0.48037108796133498601
-2.58384728937370766744 -3.99644652664201815995 -0.01064921635136872879
-4.23563454262383132232 1.92386077799328525373 3.33173768365155087423
-3.28121100360954187636 -0.91430049922294998055 2.50385659822257178320
-2.60942858910973285447 3.87148847679749064099 -2.86234949791067805336
3.95258772468413877021 2.18589141391041330564 -2.78594243833814791955
2.20357916857455116144 3.18246649325352493065 -0.36101625140896587141
3.49748463902775252876 -4.50849822235963326733 -2.53603188221962883020
-1.66488591617343617557 -4.51824463537731535467 0.70655649505450224268
4.00128315664334177626 -2.30521131961506497987 -0.64672048616083888106
2.14850082013784149382 -0.90697848157112481715 0.51468177642944645811
-2.61407596091681471151 3.48122667477299163608 3.41222970512018441980
-0.05929093012144193153 3.59090646148959091732 -1.98645097654394442444
-3.77408623294697376238 -0.15648870309688334146 3.66695651270088784912
3.04150553722815164548 4.50313811774066774518 -1.56778399177047234048
-2.55645523473126123903 3.79119065647781905426 0.96090077940953655400
-1.62960706083153716861 -0.42741942094312435074 -1.99072919812184778721
0.24395728741790101424 -0.07504170833006540420 -1.00956288875522215420
3.04173249860368866138 0.89426630704155307683 1.78271038304568563149
-2.56285298913201442517 -1.55650983167196432788 -0.87868462706681604857
-3.18592212654338169386 -2.31271654436658469223 3.67126652853150314826
-0.36018413101603030668 3.06766747270466577646 0.62728292714064437519
-1.98099298888277619568 1.00855454140247058348 -0.52714744894537535203
1.99529193642960045452 -1.36772697749389759991 -4.29409348060092010968
3.92694848707402055510 -2.11252948164577958323 3.87052638889139100087
-2.12823112783443768592 -3.54134162274040331653 -1.37840871470517889463
-0.40750345746365201904 0.61588188810939037410 -0.45070756849330972926
-0.90497208107188553683 3.68393349558294769253 1.48386999791812534966
4.46158870538719032339 -3.83728470802340337897 -1.30140840712624950015
-0.46070475956275647178 2.93040355349068981639 -0.63190428684705413076
-1.98726397433151324989 -3.50966968024808290139 1.01796030076590948710
1.77434254902026555811 -3.93607481784402102321 0.97332162684255063567
2.06092364013392259636 -3.27628341557540903040 2.74796068287845063338
-2.68719661890422267803 1.78403010939828643444 1.28909642387688716525
-1.20800973575552639261 -0.31273174207273601866 2.51670248677154528849
-1.15154715014666297890 1.64947610627169805042 -0.14201345025173583991
3.73817490718379641379 0.18841942842295544835 0.43840004276806965322
2.29563670317115953168 0.83766581142627405399 -2.99737229258686266320
-2.43760897599726522600 -2.56080004711819775309 0.73051264089364664756
3.89189236232960755757 4.49993180455174179855 -0.73996095559780883377
3.02695097529939083358 1.77967186575219393774 3.73236390184643607171
4.44790268312842851373 -2.86678738920346898311 -4.18693318638795730635
-3.62784220657187006509 -1.41329599095823343902 -1.29168465374333063522
-3.97988207567234342221 -4.00836730344351366284 4.00539646343060251610
4.40480076714080492906 0.20320692090452041612 -3.38467641973537025635
-0.86439191618714517062 -3.96681420503599602156 -2.73951610417918756113
4.00342594485254199554 1.91821799407712934027 2.67130936312864619708
2.66901287184129998309 0.60197522929039593009 0.69167196862647006839
0.91731354270688481023 -1.70896317391162977373 1.90543133816654464141
4.14610907353094315653 0.43541891124672904567 2.22697411826692626136
-3.41886461314914891219 0.07982029446245686444 -0.96434238012448147970
-4.12750355671595237084 3.88734884390026191880 -2.30773796609394832302
2.79330666462683563367 -2.22065896193108214263 3.31684814682954343112
1.24349060629148944201 -2.85318021177777181308 -3.25817275135304518230
-2.79976786307097125217 1.09504033731297756304 -2.85150450826949741767
0.95463950963974664177 1.19628237345069177167 0.08108029436636776666
2.02669426338635272344 0.61218307178489972387 -0.15024884789658976558
4.19986272798188675637 2.81577650153809599942 0.99159600076804466084
0.10877330600055756804 2.54302675511675868592 -1.95665769801997591060
1.32622326180573324450 0.58330409479066691603 -3.31399942747391440534
-3.86531172251821031338 -2.07312596276349747626 2.43752326736758284653
3.79837151100742165255 3.96424287219703064267 1.98189305275429994424
-3.12191927092353882500 -0.08365828999776070418 -4.43163207133098868695
-2.49434996403459674497 2.76972222782730259638 2.62812051827301207396
-4.12039960049849973700 -1.92079440474852836118 -2.17695947815561208216
-2.85162957283465434699 2.74891330491855878648 0.54328947483211997849
-1.97667024433185378740 -2.76954498710458230093 1.90073834605869773640
1.60413186622345538268 -0.02855308809637158163 -4.46170817262649688217
-0.22590562369474209703 0.17069684059122991471 -3.25625388115706027037
0.81198821780524976788 3.80463223575911069219 4.42132183829000435793
3.26425470477828927329 0.82401210300008820298 -2.48043699468573919376
-1.14436762090530308456 -0.58913854754016714566 -3.24072099732485918722
3.31651399517411160645 2.39293567874420798347 -4.46411002667086798112
-4.22816958005111143137 -4.38018444586030497589 -3.45813925945469380352
1.82299497226689677376 2.26493392349796085483 2.75504820294447672069
2.12075120143411410822 2.80398510877026474475 -3.83532438381250129211
-0.91506894709507546892 3.99930167820079152108 3.06080894990958807256
0.90090640463013293981 3.04281849310001017983 0.04964423799628647771
-3.32343687237589957562 4.37319590181226747205 -4.32726541113958784734
-1.11141877172793446249 2.18444049654019778473 2.91929151108780526869
-1.20591305743398846673 -4.11068359694172524854 -3.84404773934194654572
1.41107480092824477680 3.94909969894509149668 2.46721235154969598113
-2.92082277735334372437 -0.65963692586993660782 1.52004256122398828666
-0.40625847117337166026 -2.71350114919344687081 1.71711331676839851212
4.44875415973123278235 4.05528610519808463408 0.97670050332303759433
-2.23760356323890130525 -1.47874746573875448519 3.15349813926175226442
-2.58960993710903419895 -0.38176284270395299814 0.23610369639393713470
-0.04608704765135929193 -4.21207881897793612325 -3.34357557274024408400
-4.48728362634219557492 -3.28336638485773191221 -2.94470961006507847557
0.16001417256823735613 1.46585037056526878985 -1.00580985961456947919
-3.22813495601996169881 -1.33316326376095828365 4.30573644010817435657
-1.54415591685192810090 2.28993187223561189825 -1.35290388127081140368
-1.38621728308047398315 -1.19256434862534765884 4.16571446834338576792
0.46816328115661054454 -2.50412636144802513982 -1.11619289582308622855
0.11920038387523046453 -3.49405802259731457227 -1.05378734409630547830
4.05120208236795331658 3.69168729182391164301 -3.66150416824213431610
1.43966879676467662819 -0.84215170846822529072 2.46175312012153124641
2.17308133903430533707 3.15006381539664026548 1.51018239548148436313
3.19002987113070712866 0.78553269175069750929 3.38457951347026231304
-0.84885091504661858153 4.02229203623647091348 -2.67664312901662171384
-2.34342873321338318604 -0.10747227288416549840 -0.71646713698242336932
4.15665580961779124181 -3.95751516882004894526 4.36745227522546297649
4.16669433569616476376 -2.11230493999568391672 0.49584909797691611999
-3.69856086499279745894 -3.39570795949215664677 -4.00242394017912506143
-3.67677666571636407866 -0.39858535917041226782 -2.30206572995317149122
3.53932381437140985980 -3.33322824561850294955 -0.40549487569494502281
0.49053165085290384440 -0.43504480759755725927 1.22918748444143588472
2.15081276603031934513 -3.28988458527152305422 -4.34985581293658718494
-2.31909985039913291160 -3.43357658506882490457 3.96786635160874201489
0.84417140130450185609 -4.03827750775171612219 -1.99177082573089858641
3.08459376088143066852 -0.58848021822298068884 2.44132924907887716159
3.28804511717926928327 -1.68468791990687849491 2.51447576142221240758
0.08652836105204375627 -0.89069151661717427260 0.37227078889282694263
2.88971303406538648773 2.32635646588790212519 2.02307962238023364421
-2.61948245141852931184 3.53171496095800474535 -4.11018440117990380145
-0.31872260376852512564 -1.14645486372531113517 -1.99205965920207273001
0.30418778811421720576 0.74674881056348496600 2.34014738215408968358
0.45353958854446929649 -0.28163636122326440869 2.37547042279226783279
4.15693971612941570726 2.73809210050495721589 2.04339159127501091007
3.80184292361772602220 -0.06947898021438714267 3.32199460011088110178
-3.92985402771974756675 -3.63282956915631993766 0.92627758035145202342
-4.33134255416147606610 1.03245806981971188776 -2.91752944170472749974
-1.96324730022780524763 -4.16953686076735507982 3.14709921813915638467
0.58096339298421906250 -2.70517556939227432622 4.14436017269348955239
-4.26247453745199500474 0.52820946475739116721 -1.88293891653805633979
0.09033553386838288901 -4.05841297850428261995 1.05083880767331461215
-4.20236865572425699611 2.23588324983989128469 -0.85926380570895721789
-3.68581859669907707655 -1.44759895393259574448 0.27837301840038630729
1.29566175492731439078 -1.61191177036428978653 -1.44145467532073690009
-3.38396463860150875647 -4.06611243643592956687 -0.89409810508357612235
0.93714867806233748126 0.58075971206647025724 -1.34533156169368961486
2.72456366749073541911 -0.68554118147478471101 -2.65628285229292160352
-2.71099199745063579314 0.89684312014083467091 -4.35919193962703932499
3.46617603062242007894 -3.49026876112768125182 1.37417919050941605974
4.44807026953602768771 -0.87574335122776458817 2.86905176092876690319
-2.24956305338327977594 -0.48803545715327967258 2.98737563749503731714
-0.80205102477196543731 2.50604515375071112970 1.66109846068709376965
1.85382016841006613816 1.67143555060616844088 -0.22411386606819139189
4.48028236706355098562 3.99525085952371750153 3.93839669686026905282
2.36893454765993016764 -3.91225235459031450702 3.85980353989059477016
-2.88671896983213560617 1.79441520007002797144 2.56825708798676544120
4.52042702253866846007 4.06065961342039027926 2.77408551211707088413
-3.61093286017949521849 0.33464269813376734675 -3.51333178116039945849
-3.95608482958599738666 0.90059862522665667939 0.17154667180457661146
3.79008126834697289809 -0.33895555667607446537 -2.07694896451944144289
-4.11414545046296442621 0.63858058857110755469 3.11550631260561683433
0.52428635437222492754 -1.23579200744720330007 -4.53241278138144476628
2.23411948800782145241 -0.60371123654799152547 1.63066699608782350595
-1.86181533871298565685 4.32833187364486082771 2.07171227948437586264
-1.69978696505608706246 3.21934439097367608440 3.53283067286784469019
-1.48029164444829453018 -2.15690842789878001184 -1.36946552056624692995
-1.83654732142197163469 3.33826364055316204826 1.67413363728917286011
-2.39722654428801673632 3.06641989016366256493 -1.78592208170741129081
-1.53979373592771917600 -1.21491516520423825654 -0.66409558847636729340
3.38860641762159975343 0.36967371728228126671 -1.42058819065025332407
-1.73032046636956060581 -3.23962530310424368096 -2.78952448023173804614
4.26290380604537144649 -0.41104259360672301682 1.61297368169878296840
-4.49546662182463574453 -2.74523291425319637682 1.38609270509811022265
-2.51321392090429718280 -4.33361735692513416751 -2.35389977825103802189
-1.96478705478177673172 -1.01609879699567828837 0.81766035861401409335
-0.39597950503037804282 1.51628250849452417270 2.45961272191529989328
-1.75091987668970094916 2.53812671295111691450 0.95556646432526903823
0.05809864425499267071 0.52846319370683048078 1.02326578358104836042
1.87186829640912133499 -1.87920235081566744384 -3.35839766725173394235
-3.43804930784520346165 4.09562379213158944680 3.76462606368517871402
-3.04947895010901026680 -2.72615964969803492579 -2.07925660454839222879
0.69177826985394208492 -0.53787178580348626866 -2.10910866658862206080
-3.58568704906812829591 1.32473564410852429063 4.25157577492488680804
-3.43277769404436616796 2.96299652595058837790 3.06886458450215737770
1.23367792828102640357 -4.45013715966856349127 -0.83829748941433201992
-4.41487774933469978578 -1.80123497217816819216 -3.98320658041702069241
-0.02389510545264172947 -2.07844386445941387009 3.14977992070646184430
4.00600052162912501075 1.51862685693318777425 -1.75531623936445546619
-0.81626895454452697010 4.21572135686423177248 -1.59286950929054604842
1.35717119431950461461 2.69736179064176351261 -1.55727412864190561947
1.41421624727167571933 -2.89223271042979135359 0.27118552720149669000
-1.05253238434899065723 0.91087672791274432171 -3.04172736252525011125
-0.58111850495501027325 -2.86369361615337814087 3.76031303534797967103
-3.79735354539588332301 -3.13365871023854358768 3.20136211433681605598
2.71349244199190575699 -4.09632996731523491007 0.24196333519770529819
4.29092634062787769977 -3.19675291739996403351 3.29948197727628755871
-1.16454215964283047668 -0.24879891731236192243 0.21987869183390262862
-3.42641128830621477519 -4.03226630920682360681 2.10169981575918729533
3.73567563141870362386 -4.16392549769513387048 3.16509638829312667241
-4.17878587065061246619 4.39058431764310963530 0.05974332007862148686
-0.63191116788723888931 -0.67858633642747889780 -4.18599950310187640667
-2.60537562115565668464 -3.36679089065980319262 -3.89607515121562286708
0.12138938284005629242 1.99378755038615640416 -3.48875936200720371261
1.05814084661197149728 -0.30459135186776897797 -0.22443949451559852548
-2.33650431841359873530 -1.66156653370677531711 1.74731895742892273660
-2.12568591364610881556 -2.37975069719404430657 -2.24157431697133002757
-4.30710900952829511823 3.87839400654969512772 -1.21129921619126568189
-1.90590819884601314627 1.77567003036596826604 2.02587180490449281223
-3.24647953888740881112 1.01991908630140049041 3.23854123222889445088
-1.96335584720552791538 4.05849015811604640902 -1.62302017934809139632
2.16382706400129887214 0.51992488133081948831 -1.59624737305644393004
-4.04474926510406973534 -4.14903675915961667187 -2.41998267278639023203
-3.63110758978657877094 3.52151600971156053532 1.86829775699030431468
-3.51271918169449737235 2.47978259527458710920 1.25166535869207695697
-3.84934772752602105683 2.93916055690743771578 -3.71016079838403722846
-1.58325160650535545770 -3.07289722504122053692 -0.64785814645801753642
-0.56490695779113808683 -1.36179377771430321076 2.07412551720994908777
-0.30369931512046210997 -3.53288263583236883392 2.48621169892476512331
-1.34078605950621421172 -2.06205113929818217855 1.25854613742531551424
1.35162550873974929289 0.95651640086833467080 -2.24524103111728390303
0.17853765264956233949 -1.58688534609724474223 1.06809706746386812171
-2.14106755983741425808 0.78446544975492660257 -2.09135906419976747017
-2.71756751918906092058 -1.47923781442082002968 -2.22601400991447340161
3.75632518240822310673 -1.20734918868803875469 -0.92330877297366198420
-1.02795246180944843672 -3.88835837073137113862 4.24779962860667037461
3.32574009105578660694 -3.45328454594110789699 4.00687808933113398524
3.52759779103516191157 -0.37826680336258711179 -4.27074501927039040794
3.41094668114909715939 2.47030243232771162809 0.35862857969282213588
-0.78284233079501852615 1.12170248410641182346 -2.06288625596404173734
-1.38521238023466342071 3.35903151141290035042 -1.00535224734283357151
-1.93652430986683654623 3.16755613279401959659 0.06342681791421878046
-1.59102626793822166107 -2.29938316781485596607 3.35680492066604418966
2.20196033416479952649 3.93743824691979593666 0.55516618234448777969
2.47183060152458278225 -3.78372003772701148705 -2.60287952470205929956
2.67030746162323495696 -1.28312390615455651499 -1.50406970709508547301
-0.96293054265532562752 -2.25262821538753676975 -0.04230554437993472305
-1.19526377776067782577 2.92395831459366473126 -3.51404272904332426464
-2.08684143465939930806 1.79574223623583417719 3.92838574551494534859
0.65556638997261007518 -3.24888752420269044663 3.11161561339151493399
2.53996481949275043632 2.94369772657411576944 -2.26027672377230270939
-2.15827386650575769877 3.92774338441140979938 -0.49449965374432558463


