490
4.29824279401579101290 4.04339831863218446273 -0.95289717822626274213
-3.53121735614790699387 -0.43519083492369947663 3.82645213208847589925
0.98267701757855974165 -0.06998093260433169149 0.18303331933122368724
2.58816048592781466908 3.62116785497458781862 -4.40020328299530483207
-2.57536969698186180011 2.50541215142934881044 0.54799444255852236552
3.50492856808819741588 -0.43138131970938964344 -3.94071500472170299645
-2.98027477683252417506 1.51508166404818833684 -4.34108404687286153489
-1.91016791640699601373 -2.22068634116457452876 -0.06103982445412903246
-3.98454275859468065590 2.15006343521986309497 -1.33108859623026543062
1.22501752131048657901 -3.34649247932238713688 -2.86730163033772234016
-1.47543735050356872307 3.66911124991897263925 -4.48842908810744489756
2.47996391473962862761 2.20471888177625974237 4.52812253651865948001
4.36057028082564013260 3.77523793242873129117 0.33429394343756335672
2.07964293864690841218 -2.69540597908141554839 -2.93850283096645847891
1.36385228951786352525 -0.32422521508400325985 -4.51597699983963885018
-0.53920480957173744230 -1.13868618249399533582 2.24454093346871985659
4.17432431620705823860 -1.15791897330172943725 1.80427916606043492465
-1.82835570697303673171 -0.40003881437678590061 -2.28029180746056381324
-3.04590766692148307015 3.05835874342694946648 3.07472315735815726612
2.87076036144826840513 -0.61958714190938746214 3.16551926695369534315
-3.39421913959733823063 -3.57107659160582002755 1.95363405839575410283
-2.11736811357698995195 -2.77409058494059523881 -2.09955013431884296438
-4.05735651418216924924 -1.60803252712688937720 -1.46757058125829020767
1.58970309855381053410 4.41555686398265390125 -1.31342258562395430843
-2.51496930701295307031 1.41808540499208479702 2.51796074398837799180
2.99446246287888495630 -2.34484344455288784559 -2.36624443346713064784
-0.33419506550449185056 -1.97426809755476329045 -1.93853579887903793022
-4.31829574808922345142 0.35242663332079615657 -0.89790903322344028936
3.49651792875432487762 -2.86560645193265939312 -0.12338328682073385067
1.47298978277307046625 -1.08458293567445407390 0.22317295627982414175
-1.59049775531823511798 -3.68494017216905911383 -0.43961656987408570529
1.83169853770455404174 0.11350462615933665234 0.93278990687405194393
-2.00963555580203934170 3.99766485082917188976 -0.10071154666298642866
-1.82584847585022380656 -3.30065531616663987435 3.73439063775353030650
1.65457345554465362625 -3.03836641676826291203 0.25002830506900686203
0.97337749345270285772 1.28690325085452528242 -0.71553068740955572125
-1.03407273922614262318 1.87283357365908553760 -0.61787990927737279634
1.51774033192684587590 0.16670383252094111981 -3.60493249998615583607
-0.89097695504540297406 -4.20149713270139990584 -2.70003547383646003155
-4.49837464987845336850 3.58307345706137514441 -3.58655589594450097124
2.71861688792547973037 -3.61278548335899696298 -4.44776117387100278222
-1.45791348596405834215 2.45683229838331040895 0.87283352573979655631
4.19320778780885827786 3.74775848162033131672 -2.47793674784515838283
-2.48250756972117647692 2.38597431940427906483 -4.04229209613382067801
2.98404718063744311962 -2.49518168948202889723 3.78645629233017100290
0.38824542542526874200 4.05005504413028294408 -0.71893541999318255620
3.74469845537419931958 -2.12390550796161603486 -4.20945895006933135107
-1.36482473121060543519 -3.07958905211965250359 2.20621951496404022919
-3.19836652329118065197 -0.65677136226816479336 -0.55092267452383847370
0.02631864897064417619 3.29498688246136683944 2.58668688481017294833
0.17313174044429757714 3.66207534010332036445 -1.79957937874566553660
-3.21585705507873509390 3.63659776078247087838 1.38920200454911313415
2.49429866638643460419 2.58002121594307975982 2.57317608916950835152
0.57442626892769332869 -2.30180188395764817599 0.75956272931264834369
-2.78645105463130438039 -3.50764294137738552593 1.07441701467999184416
-1.15811270794333509571 3.65030594262305907449 -2.48036037444932411233
1.76118933050544956842 -2.26023808144983062718 -1.98438198624222383870
-1.48918174713150985866 1.33387571526599746363 2.80667375488608694667
2.71011952745188100522 0.43735799936731201143 -3.53990928143769734149
-4.32324282519044711393 -1.98221644811327513125 4.30016751652217710244
-2.89558431323561205062 -1.79998759932168805875 3.65502109401546260159
0.78150373539212303342 3.47769739515350817527 3.29209305143384334258
-0.78469864463887883943 -3.20520627099242672031 3.93164551003028162057
2.87828894989608929933 2.70352787058090271444 0.39402432367651218925
-3.23447918351633356693 1.74471722163967335462 -0.42670084680839970304
-0.29704008023841765862 0.47998984754887885629 3.92730106237131604274
-2.60456966578568049897 -1.02881224176962238204 4.38597585024776837059
-1.25154851370672837163 3.75927806097345662550 3.42048256242400139371
-2.59585280155871878094 0.17093985995881411100 1.19578342354041922135
1.33187949003256633773 3.45949421699390402551 -0.16628170235759309747
1.83227918068103523552 0.89880678303304328836 -4.25457377836707451024
3.92338060509120456487 -2.10889316258079295707 0.78759985539405796828
-0.68352964222720480336 1.39213751977111321878 -4.31410371730917230337
-1.60459524876864367826 0.94395406424333483386 1.66361465650885964607
-1.04748628968998946931 4.21795456241246835560 -3.60678316595637982189
2.41331426042399144194 4.24146631459898504346 3.01837603652679131727
-3.92004630790386388028 0.72390278810814923105 4.43335486292914016104
-4.51453091742075596215 -3.44678512870198572315 -1.08540564912063208780
0.36082799721924097014 -3.33271544626559901303 4.46564514251574617987
0.76389444780467918861 0.82853538609090371381 -1.63502986310313103147
-0.04914401392984135697 -3.54849805898193748632 3.22083833565944566146
-2.72375412870646282926 -1.87302781642238924675 -0.60514315888902858731
1.73024022762537121878 -0.14104019231639242093 3.56861550654864689847
4.36646431814835178642 -2.38902799523661935055 -0.89501667218092917366
-3.75182116861425285492 4.34899006917889163759 0.10826847826700891630
1.35070253565256503947 2.49817778710518734187 0.29823740999937164986
-2.87834921676708788141 -1.30990831282645059375 2.63072479980010154321
-1.18569545452112645734 2.46945963260306466935 -2.92401977266153956236
3.53794544305617630897 1.66141000852359166373 -3.01155396961017762791
0.92236582429476587919 3.89913347215605998741 -2.65920482544529424018
4.11618473156972353166 -4.33713475121727931594 -4.37264031486333948351
0.43414164374750896513 4.13396182443528648065 0.68533149951888638896
1.26864914579649923354 -1.83468667430738374691 2.29797687454755905634
0.55307796113052098974 0.57615852546276258295 1.23474037545226345003
-0.73665488332140149907 1.80998710814932106672 -2.12713189625271370531
-3.23326573133453143427 0.23009710280607276189 -4.03928666678738323981
4.09566252209999870360 2.55321976744894829636 -2.75170134559562340471
1.13514147486056415914 -1.95805111337227710777 -0.20709346727842703473
-4.16841318600162402674 2.18120944735426736116 0.89049404941421794746
-0.19403362038498528364 0.65800640627848672182 -2.34688959406396202567
-0.69523537206230257013 4.06785198176391293856 -0.49675928798775359496
-4.05331782705312360093 -4.24710079190992662035 -1.48009415788211740050
-3.97956312811750079206 4.05751340272015337263 3.33004969154340724202
-2.58944966656334418786 -4.21694730626918534711 -1.53797135159089615186
-4.11054492779881197606 -2.89686211347079014544 -4.38789017296370076338
0.74930826076064693808 -0.29535089276847603657 -2.04883894053618931252
0.21907885395125781258 -4.41776529772566295406 -1.42863880466515125178
3.38354970739256533108 1.79768297544079214134 1.85181546997054180537
-2.14464033903109685397 4.08453393098826200713 2.10531973288134999223
-0.27604156204225116511 -0.31251457545528005255 3.11569553508591479130
2.45874783926708939674 1.72330657795418140665 -0.27468986416273644124
-1.37153798631229273397 -2.60021529751040691991 -2.90229064023299665465
1.95237658565349736506 0.92975148240445992798 3.09918188277160489008
-4.34018098367129923076 -3.72166833956096843039 4.12309259487811896605
-1.24907200695926601242 -1.31642588053662956682 3.92135299776585011244
2.45162866406681612119 -2.11299284518559638002 2.86981034410221447217
-1.13009236054466333243 -0.49942128945048125388 0.58270341690217186681
-2.58706560360023063438 -3.76664401830285200390 -4.42880592601588229940
0.41287016155736466771 -0.81996000977002836407 4.17703717899186965923
0.02052293276065242367 1.91570095259960293532 4.06640373106764929645
4.39162649495248569309 -0.35395286231138012312 4.17832076053207668309
1.05876135287733141865 -0.85872200454910263545 3.28091629502778836525
1.63271757149632090744 1.10268270664237721945 -2.19067819306855904316
-0.64856200478609782323 3.60677627633717801103 0.95847841861955185294
3.48490782642058771756 -1.13285799474990644953 -3.14126156922368648949
2.48958470528389685938 -3.30613734786385649045 -1.98802988712511297109
-0.74933150224964784059 0.21708699512123619257 -1.66289173342730789429
-3.98999099668040635436 4.52353252143826889409 1.89683344699437217429
-3.85195999912125452980 3.58716184092986356546 -1.90459841883190206246
-3.87940889142669176337 -1.05838527667578174984 -4.30385226930255271327
2.84126665980075365781 -2.02636333201318619146 -1.28796836870596109748
-0.85419478775524737557 -1.72486210872940493033 -3.11715355991584086581
-2.02251374429689301238 3.12482385685678476506 2.24615701271987777687
1.68014018460001590682 2.03628411268451170457 -1.27543867284914158589
1.25545494344275354592 -1.96591302385207189474 3.44493981845178876000
-2.18192603729084577679 1.18834716929079586833 3.97447272794268346985
2.39705722996273795644 0.05269575936136305927 4.50495499466106696929
-2.68542679626100921908 3.85127738578899769806 -1.51437596891639136842
-2.01381111054491057644 -1.98587296184035366764 -3.46766892092691669802
-2.93885790373457522762 -3.56946799280511273267 0.00397011317767059779
-3.27851805010164154552 1.61043833786210921488 0.67773076777478635790
-0.24292173560155561063 -3.64212244992616840378 2.21835377973111302907
-0.74533847819973209070 4.48390848628180815894 0.42764691108296037925
-4.33921070512472173419 3.26306581326460065640 4.00894072955173630390
-0.13326858402335783893 -3.15138796921847585963 -2.40654923846999890813
3.19446188051833068755 3.95561356361767924028 0.28656062155467587615
2.11409235590122346338 -1.08775166291849334499 3.78100279025863184046
-3.72018984047407430538 3.56343340818007714432 -0.86762844256456217451
-0.13562988569248624060 2.02529590858188068836 2.50593980831580598334
-0.70163027416933054781 -1.67486574207938598846 3.15619657500054895394
-2.03852975757687637781 -0.08596536156352918567 -0.92172647587893496990
1.36412252062704375533 4.13413244380670885647 1.34516202056621292371
1.59958818521367973631 -3.67555209875900512628 -3.78740747625770701745
-3.68498894371076701759 -2.72301020958564388152 1.11756773295582512162
-4.13910355314821654105 -3.89709418651690642221 -3.99877711676868718982
-0.13842198889542789431 4.43366898663335629038 3.63319632581764029311
-4.27556335490305894353 0.80574568115823730352 2.02034005405782668419
-3.75339479864534952824 -2.19632432374071751013 -0.29268866374292734633
1.67818255169170171825 -4.40342349073792238556 -2.74262804889022726584
0.37606048122411195322 -2.57764564612723034998 3.37537479684950358916
-1.94054608312481891019 2.46850139155512859901 3.05035575566818817350
1.76537295109091907364 1.86249750528192503651 2.36820692583158187716
0.22543998088055960949 0.28297361618512084647 2.30177397750458911929
0.81275546090620132134 0.22788341458478633683 3.06692070055389010008
4.38726027495518433597 -3.20238900672518322921 1.12015846812866737281
2.49477422198554332766 -1.33678867635349485354 -3.04762003218385579828
3.67193173441930209577 1.65606300762666869275 2.87845421822907798770
-1.51904079951443948815 -2.12840679690007172908 0.98978729142345134306
-2.83103788779896703431 3.97256765487676144488 -2.56900760900138802612
3.12451733052802094193 4.51287655660275976999 -1.22040445511535988743
3.08335131303860077168 3.42757735190347734289 -0.85888208166038282343
-1.19193009980113195923 2.94671897243712432868 -0.14249032739853184637
-0.76322735848361400457 -2.40167895687288801554 -1.12344511436660621229
-1.12121882107174331011 -4.05416209222079793051 2.75526475298663964253
1.21044538375372390249 3.07002665498840965341 -1.16062164768672460013
-0.37176679129043410654 2.83042174735254814522 1.54702580237920983564
3.34316914283441768418 -1.77966875242370337062 0.06345768008972818564
-2.36164325161157062638 0.16803576097602501704 0.03122494737350489658
-0.07684186031617468160 -0.23330835845202546608 1.23831135149245508131
4.10095356060722249225 3.41906505168349728052 3.06823537200985985152
-1.87198894005240923377 2.20432235865276293652 1.85012669170958599096
-3.76751423262310103368 -1.31152122674085624965 1.94532763311463785527
-1.63114981786008383935 1.03850191067546759882 -2.97115770896725406303
-2.32861156967178040134 -4.45443008493484793320 0.88513695606285036632
1.88838963747487031952 0.03085585660613165970 -1.74930418119743125160
-1.52341186905121084294 3.37746929929230965683 1.38316463983901627444
3.71656035188996280993 -3.05956033045168185325 -3.44057275512272919826
2.89294382281236384102 3.77242665771817886622 1.52370290730157353920
3.86206591149619793413 -3.11164374626769690835 4.24595911256816993529
-2.83364460449093691352 -3.18612300425001526705 -3.56377206338778984573
0.60533342790893485130 2.01203648417721669972 0.83664219748302048885
4.27162014453970595440 0.14211719470468686666 0.56279645098908215317
-1.84284546134868687517 -3.35761068200816081841 0.81959617095573822354
-2.06595292913939720947 2.01700058845970797705 -2.81503532772569542431
-0.14186252620489536724 -1.33631651434590992267 -4.04417500440967447872
-2.38961481863762825739 -2.55417802273662131185 4.33242242115313036521
0.17546395980477935694 -1.65911447592883565250 -0.71495235221508401935
0.59726466820783219447 -0.69282317265953352603 2.35688526234774098356
3.09956207007338502279 2.87894203466552944803 -1.77735607262605288525
-4.35807628709966898839 -1.07479705217384324811 -0.47817716034083979082
-2.33212856048828864886 0.43427714458879496107 2.41725023415662398918
1.12746495008600966514 -1.51703226237390165210 4.42467523543394225527
4.44518509285323570879 0.86508798220031479786 3.06042669507385944883
-2.78382623254753625019 -2.54816627485448510271 0.47258214358201655614
2.18693546408359029698 -2.32025757022641343497 -3.97529194650724226889
2.97621872245006979796 -0.05194291433825881654 1.84918096616666538523
0.75673957079242537560 -2.50029137210352470078 -2.42239040678443906529
-0.56389860404054426013 -0.65633981677665476084 -2.54060844523194129252
2.14255829469965330958 -1.64871416907464229951 -0.56499473736017336023
0.12907871572415796635 1.23335119270070503461 3.05752710796810234228
3.74618867818062728503 2.95607408158224771455 4.15907829991294075711
-0.19378649999037289575 3.33453224188607411094 -2.98376649908846047765
2.09253768958512598175 -4.48730775344454801967 -0.30562903316503042817
-4.28271114380068507188 -3.11262331804114200651 -2.91247269403602393467
-3.29843914904422685908 0.73740761013164579651 1.70018606180716602694
-0.50130119640158277150 2.68121203395822771398 -3.87281420560315536861
-3.25915526511185360548 0.38571164307314198538 -0.59087555767401234164
-0.83501114580725044334 2.55859599542251281434 3.27911294666100872064
3.53489465961253745974 -4.17790486343782596634 -0.11553434856672772924
0.94420365580201259803 1.10104225163632651885 4.29125115104774135233
-2.60414031665630441026 -0.72983282780928959710 -1.52919613642275731280
-2.18842820603578402938 -2.90164612086654249978 -0.81609558303689944125
-2.22102914893812952712 1.47619790443807641367 -0.77419100266758844597
-0.67352989990934020170 -0.58427322488675681456 4.33695180102926425292
3.70403161787052237486 3.34028971917793171542 1.08405920193782101535
-4.45323411152172177196 -4.11223623127237036812 -0.36630224239310571477
-1.80169521658344367054 1.30796928601718764895 -4.15607198654979281827
4.28365158950302049590 1.39467199040540368316 1.24313906501190185594
0.46488954669066018255 2.15764129061738785254 -3.25578942369555512926
2.54986528826749747623 4.40032667598688842503 0.79940796313173834164
-0.00148467883956993063 1.05144281036093989457 0.52842002954398825665
-3.19811218560426668844 2.95161044295282692929 -1.43108776964959583111
-0.14928027447079461609 1.48807177751942898425 1.50680664721622470381
-3.71895360050470946689 1.12476800868397663891 -1.72620306045132299033
-1.87903227658799210076 -2.00098489251690336843 3.43303512071572303199
0.24420112804072235946 3.05507045115576136851 0.79114592789693727326
-3.67702749419055008318 -2.50402291100632679033 2.51070713362086994636
0.00338092351131891178 2.22118466927927382670 -0.32889073817104375053
-2.61668518874224931281 -3.96319127790563063840 -2.64591491151384117231
2.44593671910386323276 0.89319586864814937144 4.00358751522492095631
-3.40337163717574853194 2.94630935684344752445 0.02657629769269487241
2.29435750255048898083 -0.78851661806400352717 1.30589527746134859143
4.41949192787594835607 1.46908242226768237515 -0.82225632596087283588
2.82541731384839422958 1.64580274575067964093 0.91226581273646889514
-0.47808382701673046711 -2.02891283866257454704 1.73723014499781047704
0.91640252281969125647 1.97205706835745075978 3.27835891593065742455
3.53582404068579148060 1.84478884613315319285 -3.94819221816684695625
3.97515340481767065484 -0.84280334149370927932 3.26869888072924386080
-3.99406784016091709333 -0.58020939195309750858 -1.31597815631165770967
-4.41900784409800273522 -0.89515964320148810884 -3.11631016279777162126
3.21093423173360204004 4.37528264229936336704 -3.79624445943961630334
3.19025888420953140923 -1.37731736733422582830 2.33912644136600800238
-1.31481299713662824757 -0.70108158803759490496 -1.34610553738436156124
3.11190961667322429918 3.77450820014339694097 -2.38070805564734566673
1.93813135708289863146 -1.01726761453368963473 2.80108505993543754897
-2.39271847099274470594 -1.36767016858386725175 1.60718729825167461200
2.04931173769113872396 3.44699625539318699197 0.85266134735429854885
-4.01100237280815008489 1.00203319641109533933 -0.10147392020755141573
-1.81721668556503823666 -0.42384141702924971185 1.42447168495545195555
0.07200071512504635507 -3.55417790799860933149 0.20784500266680971947
0.39891625401737407230 0.67425998137616272032 -3.98051584589311291396
4.14562083597136687985 1.90428662916810953476 0.10376492504298440167
0.56662917741126506144 3.50181708405578273613 -3.73929276389639797529
-1.26650721355867768025 -1.56357931402017946709 -2.18007091375041772707
3.88819056566730036906 -1.79092622655082633898 3.59724397037798393484
-1.83112094500431288324 4.44702709945172092176 -2.22642451612901570712
1.26468779073008175118 2.44034998005891257122 -4.27089162232292185450
2.96330405187498691078 0.80536549570058113545 -0.53987680636746215868
4.09087287452838577195 0.79054320258934218657 4.30237620391187025604
0.09249218472149589587 1.63203492917147574559 -1.21387534138951291851
-2.01628636069429001410 -1.08767675857495049740 -0.70315792028472046127
2.82368441416216153783 -3.66342667294313573123 0.43486626653378657181
1.03245027884276563412 0.03184409263768106513 -0.99764738843160838400
-3.96761045634291864559 -0.10818594800133674028 -0.01047631170545404444
3.14022380174079085435 0.41769088243186125453 2.85381852249250389519
1.33158234659452645587 1.09269918940431320920 1.90931261941414831540
2.11254745191169046592 -0.33987619072176133983 -0.57873026051721376817
-3.56328887014786666043 1.78755839573545483034 1.77988350146791685091
4.26277997079920023538 -4.42409808899119205705 -3.06741084880158343395
0.25956615565967045001 1.81587790741792876048 -2.21925908205547894880
-3.26666629551946741117 -2.53742134529503049478 -1.17153143890726685328
2.06367080699979243974 3.45285107991618556156 2.10597455319450421740
-0.26627392292037210808 -4.09618173653050288152 -4.11377880900579917522
-4.27950370106355926225 3.14677240259253387933 1.32563741626450326550
2.38306737891988706934 0.97568091455155236957 2.02559286264904248043
-3.76977959758360769982 2.83584403678631247203 -2.69634046782469161130
-4.43762188000182788983 -2.20882736028559101271 1.66190114519673937110
-2.61672820079214041300 1.03137469994850050625 -3.43761525629241804225
-1.12523015588833441569 -2.08974976301446968563 -4.33139226053346870771
-2.26379787316401159813 -1.63089540066948135433 -2.48112344374938009750
-0.44997496931561542510 3.09411551287147812417 -1.05824362885752742969
3.67439732894948800634 -0.10083495091009009315 -0.42469549396263595042
-3.10058940675629468586 -2.11690412056272858621 -4.06317485387443966260
1.47732908713169841519 -0.68004434046709150152 -2.78029179483893962299
-3.96408097000292425349 -1.97021912385341302354 -3.50488115469256733547
-3.69738927400990302630 2.72012617785824684091 -4.08553755300333776290
1.31158880452042314602 1.02143104867053313711 0.67173310785784412502
-1.77911114528921476818 4.24957491759110528307 -1.02344435426179680704
-3.07184568699999482888 2.90221604807574085072 4.13255193715427981971
-2.47428381275607955914 -2.65959282885699588306 2.78911290365133979208
-4.39006674936687346644 -3.08180478151345305093 2.19728062327977813339
-2.33860526666567736243 1.10994784627525344689 0.38343071869501166304
1.63431016447066568276 -2.83356036070075578692 -1.08232710352515582031
-3.97217736234338980594 -3.83916587216787741355 3.07725546837952013135
-2.65672102554244515815 0.52535588421762025035 -1.47350307380188416673
3.43577886271151822228 1.97481476313723636196 -0.75581022264533803678
-2.98257367787403548931 -0.70718154612400363490 1.03405735022838740633
-2.98076538261299051058 -0.29197127922332377636 -2.94462926808923164401
-0.40720659477604925769 -4.51914961219219435407 1.59315583911496005953
1.65417909898009263259 2.59039959122871366048 1.55227040233383384304
-2.82888213329402260499 -3.84879607781199473138 3.61465302260735921180
3.86523918872100846755 0.50558842437583084717 1.75065679980421595729
-3.26563556851645619972 -1.57772882430710348345 0.68251147471030915170
-0.22963952549928645652 -1.08140205482178197727 0.09574765578689081735
0.32952115744285226384 -1.48272161548130165798 -2.92682180867984120809
-2.53796214913254880585 2.66873395042050720605 -0.57889248470987686446
-3.31498825435614818957 -0.29807651326547279780 2.05886701120992299252
-4.37987318404277381489 2.28041825169850298494 2.41047523683142284057
-3.47179119818285286669 -0.91914996619435029857 -2.22785391755719830442
-1.90890739428869693484 -2.86737475637549943386 -3.94976772285668698004
2.55614957285778299223 -0.92250453681681454654 0.12656233899122071307
-1.92191254353892748696 2.02728651044570185036 -1.82199950210642480641
-3.42448192058438882768 -3.65319396609242108553 -2.06804617838959892140
-3.08234052530209012843 -4.39614633031368384763 2.52169118306376649485
2.35655737449805169348 -2.66790826001138725587 1.08467804949723500840
3.97875681099270206431 4.26945204682083545578 3.70138698801072951738
-1.42164267387224274586 -4.19713968251431612799 1.54451636812738524185
-1.33101217121425419165 2.09354014677948629952 -3.86467843441639757884
2.06942767174720909651 3.73132954924472226566 -1.82421922146957493638
-1.94104186001316048049 -1.32223084473084107060 0.55674430312146938604
2.62731425585641709119 -3.53528051514134755706 -0.70228167857045109557
4.25166170471755489046 2.83750799772498485396 -1.21665302580409306898
-1.03095653823446120612 -1.35296042646197456349 -0.47201432743909776946
-1.01032003975931772288 0.60689832005629185119 0.66363572146772575877
-0.53347286272072036439 1.37071163099488302350 -3.23745644483579164685
3.51120226392109824332 -2.38474172839086051567 2.04753361390325583358
-0.29362943743944036612 2.79802963579211994016 -2.21470858817398053020
-4.09892401144478135677 3.29183125481318228367 2.48893492812576155870
-3.34217219163423528983 -2.95953688586858243426 3.69436270276305389615
1.24022412396661962930 4.33662042001440450889 0.30702952174994102563
3.76832941860482417695 -0.27610269980380497401 2.46793652591937817675
3.88153758776687762833 -3.35254290241795827043 -2.43248882461778226372
-1.19613755771201812905 0.55552877890186547205 -4.23678220701649266289
-1.33144779761316778277 -0.22785292958513458927 -3.17369244624606361427
-3.65177091475341608628 1.49256389394352506628 3.85555407141656036885
-1.26235437063604472030 0.79942262716398726496 -0.42042054715211296667
2.62397222608338065442 3.01544257945558147327 3.77883253124060214390
0.38012163449267255544 -1.36277062213372612831 1.46486868154840177425
-4.26732432930205174415 0.29769780673048895636 -3.61803560017925818215
3.00443121625745135361 -4.40855772490943120800 4.13433860587207657744
-2.88460759467968808067 -2.49250086856001606961 1.84436097008189570090
3.60421556530447428912 1.73425717578358895565 4.01791817291074249141
-1.34913935327759748617 -0.06825417201468919615 3.17022703165630037603
2.04504314392624664265 -1.07441914707507724103 -1.73126092087381344697
-4.36236535519517509840 -1.03707061144130596730 0.52961497201722984585
-2.14858947931719912461 3.11415597354681761288 3.94235771479417262952
-0.79588086140515734712 1.29228663787604336477 3.56894120129950831455
0.67224779869684159195 -4.12293515167455115744 1.49940611648319244154
1.45923370892477688443 -3.69975904433974855934 -1.71816060416966687185
-3.58864389888515500360 -3.95910530450299269489 -3.19445769341715735123
0.08592147336969802041 -1.68757010263475315526 4.07996555310462927224
3.35811131654113825817 3.22715344536511938855 2.36738615143486619274
2.69139803883835337928 2.26373292046069263250 -2.52343455274715067205
-2.99839768731781886046 -1.74046868445940638992 -1.72959441425746662802
-4.34754962956669288587 2.68399575422406844183 -0.35450386443847303752
-1.10354055332109313170 -2.67588765773070935694 0.16345228014803048211
-4.45595530327299371720 -2.62891111336217830896 0.32603349976967699320
-2.76388599897979814202 0.35856918997975917307 4.17951450359699894221
3.01885075236320599146 -0.92221880021092506041 -0.81314567652379654561
2.87871916117524850875 -0.74545283522098415574 -2.30102528624993096784
0.84050042640066191524 2.84351878004864300209 -2.35061095552647758566
-3.94149257517741524737 -0.04017529626789340114 -2.38464052316547547861
-0.57791106518111501344 -3.33618929008386366775 1.04323214559408761204
3.18464542864095179198 0.16472009530168829627 0.81059376769666169338
-3.70382428908707916904 -3.78118401165129069952 0.73863461780821015878
0.05967666947990668547 -2.51201221125371354503 -0.05014000023142095586
4.15743378404970354012 4.38228369462563005499 1.31860247189429635739
4.18864940374516958599 4.39017237019911998885 2.66223235317679840506
4.14412464660860901944 -1.86578011183436398568 -2.20124936079027166969
0.92195795485694009841 3.78251959855327068993 4.39427221874004292346
-3.78834174605152718129 -1.49323074968338609381 3.30777192162552058363
1.81336867070551477354 -3.25815261870424643931 3.43037087825882736070
0.82835983510043220690 -1.44707685638172556253 -1.93938631623370083545
-0.69079697151660557353 4.13233324654522515829 -1.52042527113026659791
4.50200373032577072507 1.01908385787570665570 -2.74094228387406380065
-3.01927730081091727499 4.42686689992246140690 -0.67419058104456119906
2.36985678437107605276 -4.33603302130144285798 1.94007657653781873108
0.94513914562184631052 -0.81971589855534343627 -3.63676161486551752233
-3.58199512607370795791 1.39564302002163564964 -2.81920342998316497685
2.84786984584408209287 -3.63397235692595410583 3.16542052257228601064
3.49148818868467269994 0.70345202887917590573 -2.44337298269516578486
0.45609283265623101755 -2.70355073235971410384 1.68565522069705675534
-2.13015187419307938654 3.26371303667910250823 -3.22274219633539216190
-0.95225615337019675621 0.15620373099239959203 1.74192387199220721783
-2.40870360089092949707 -3.74380019548459452849 2.01908046984285327596
-3.66789751969277455501 0.53240183520156669772 3.10062064403358395026
0.56601687011880930100 2.56456491286694276965 2.06164094831203659197
4.29019724323417239731 -1.20128320977431579664 -4.02657734590181259904
3.30165142963402491461 -4.02828746962733230674 1.21626277242796110301
-1.09077419965685562531 -0.24932087268823277526 -0.34127684316791206953
-2.06358966215386230303 -3.95388549045915738134 2.99044841262825844552
0.29058317536587363605 3.61472868395529989272 1.67781426532304500654
2.40533285996330370438 1.76257683354941541154 3.48297264333306966222
1.10575708018997698190 -2.87151465905447400573 2.58987782838914970540
-4.34121321678664973120 -0.16719618206058584065 1.51890822690801563510
-2.24883731376758522202 0.01958371751531551297 -3.61753178890285065350
-4.17716915491064266774 -0.35525775126159064854 2.59393074757629005234
1.04499077721295563492 -0.75496776089700645684 1.09254425139991351301
3.99881389996487879301 -4.26856354010178495884 -1.81039045268833520552
-1.81285276837457853816 -1.98189296379985835372 -1.29131806306158347653
-1.58828073763575927657 -2.11976476442552863588 2.23905895354964190602
-1.01331163548300295929 4.10137957575793787868 2.41480356998037937188
1.70586892228908837410 3.72832196970503293443 -3.56091886434983795340
-2.38730116293396177340 3.00583654464384775196 -2.24305472797155358577
-0.06168456070990213647 4.23257848477324127856 -2.58764068421000503761
3.41535425984238738550 0.01131126718406250120 3.98836217514987279031
0.18355939886273731076 -3.80523818641000399765 -3.21731207159788690220
-1.14860399068876706252 -1.12154783045366368555 1.47408725129789086594
1.35106485365516348907 -2.69920814651193907707 -4.44888849601652847099
-2.58017366542073300906 -0.99777150571133699231 -3.59496393913682776855
1.00400121318391022385 -4.04913008264948093284 3.51312659659022497038
2.06918166537651782022 -1.99983295288293971836 4.13760276332727894300
-0.65498374834465078465 -3.09643977393183345015 -3.92979938311312304577
2.63859271722107635583 1.45288291316605366887 -1.85828431365581270285
1.20667988249607738283 1.53808941709880730997 -2.99668154722772595022
0.78529919413052429178 -3.77335445144420411623 -0.53716651173799956354
-0.09632245814485784763 -0.26507791506115463420 -3.38259960015399574473
0.81666999525202665922 0.50452327673909014294 -2.91634454908871632028
-1.67614344431606454577 -0.88961748628821268881 -4.16691129667088677735
2.35602673408573082270 1.36238826761273212895 -3.26228023701148162061
-3.89555120799357990080 4.16550267041688027092 -4.52255429599591796119
-2.74033252678180971884 1.40054027060620445155 -1.98267192589791774182
-0.62126457720725580813 -3.51973823496935445121 -0.60287133654475821842
-3.50706510716833852470 -2.29278553669099327550 -2.57947670770556758413
-1.57404866686897282335 -3.84960928867710494572 -3.73089887986747026360
1.49394281534228934305 -2.08699479340756255397 1.03696532252765027948
2.53527895140476733360 -2.37847389902931460881 0.06908351897236286732
3.86133074508882945253 -1.01188656570241386490 -1.44719031870247905047
3.32271342654620216450 -0.83024553736075779042 1.02601973222316100731
4.02403758361738805860 -3.67188915288641215540 3.31035093918260425738
0.42895330133473841272 -2.22934724799669359285 -4.05342725096013456465
3.63997267422749271049 -3.64460001843659808785 2.40466425401032424247
0.80855619143432200246 -2.29153897291395569624 -1.26834223712942506523
-2.06147623436538696140 -0.80489168008665812337 2.32891846487174358771
2.61052461255878665014 -3.73058350542799166405 -3.08554033790459403264
1.45858145234576941363 -1.83060589796039829835 -2.97215369893255410005
1.06241166980643786388 -1.00030029655842600533 -0.95942419256089905844
-4.19901477363408126564 -2.74878112204418556530 -1.87778655721421738889
1.29603965600441828343 -3.22890242143246775086 1.52249769798133538501
3.78878135023186768393 -0.91113058248050826649 0.01363178357086791692
3.74227750933702107972 -2.76515975639257272078 3.07969289334538309788
3.31542701707690579127 3.24212222717812448280 -3.46024794095639132152
0.35462587204703321930 -3.35056580012743809860 -1.40916078642684539091
3.39401767927198072528 -1.15566522184075104462 4.27534886956438153760
-0.54421446214332958036 2.05135203627967843687 0.50955435020355288600
2.09835139515565938240 -2.60234703227609509568 2.14478805826742568996
-2.06872449423445559091 4.49654208301197133579 4.16655975738130468500
-2.68846256107323222651 3.65184914623135536971 -4.27001178567855976809
-4.26660548686343865654 -2.73961410871587141003 3.42933457358211413180
-2.23385340405096677330 0.49348098231008474812 -2.48032650447734770438
-2.62896048863666687012 1.85094532396801358942 1.39621108904227675396
3.26520542808327984829 4.32704486865925641581 2.20623010943118824656
3.91442464777771714779 1.74796689479145239687 -1.72213934690846715014
-2.78869491325507423696 1.94450317641235770338 3.41642673187766465759
-1.19266883099949794200 2.89359465195762943779 -1.92548730541762536106
-1.17127253052071456096 -3.23580839234893069545 -1.80514066974340403604
1.85312134649652460183 4.45933542037777197464 -4.50955411693751084812
0.24964303014027322547 3.01275630341752620467 4.28455566902521578498
3.98157125468019490455 -0.02587343871135860951 -2.99531950693509818606
2.24654843863631814571 -0.01774597684711309853 -2.69174828367784702010
-2.02774321145843572367 4.33352880322597489027 -3.93584207595195856300
4.17091907572489528633 0.42168633833663538013 -1.69674230741542864109
3.16448687169894071758 0.00598367354478579472 -1.75757631121016855147
-2.18947565389122988933 -0.82512222060026019221 3.40488722916998032275
1.80876028225700125063 0.76469451500429475033 -1.04033092106993674264
2.80911614991323244084 -1.72603548074556423231 1.07338866037134561537
-1.20348937403456091033 -4.22723592703070671917 4.27953849248248996417
3.63302704130723430609 0.94171587046909799312 0.26752396477844087030
-1.63393319080294352474 0.93019633517769673148 -1.73588069989345239463
-1.73332817331647737191 2.89321108297712914492 -1.09923597894777191897
-0.60600266580364925417 0.92417312632420767216 2.36061524466299310632
1.68879649489304828336 2.87595682246886763522 -2.95464849838335252841
-1.57873126901617011342 2.13605139475405803040 3.95988416507938989497
0.11263059121385765593 -1.95865223224368101285 2.58911054421540320902
-0.68720092670753363251 -2.66168202073301385369 2.99726140153916542630
0.64567419275839821324 -4.06746775884585165528 -2.30378863608665129803
0.74729792696768093663 4.50925518688036941484 -3.82520203678674475256
-0.28368900041480404894 -0.66155392213116925859 -1.05717710404434539484
2.34946615954442528107 -0.93383797287877934323 -4.10226600710567623764
-4.50287594360566512108 2.19023762190150872442 4.42095079190340367603


