267
0.14024250328708998126 -1.55204058365269759179 -1.72940355290747760364
0.27885348147398403285 0.28881022050756843811 -3.70050898833852048853
2.51825256051618939779 -1.09741742636059225191 4.22430751310122598596
-0.37567210576952536627 -2.41546402396537729373 2.84855485843452704842
-0.87789774899731121138 4.44415433762857237099 -1.41481598683691967011
-1.14955821268692615078 -0.87409835535207136559 3.33989142229059599032
-0.16895958105170372221 0.99475495218760645599 3.10799149878150338111
-3.62125287613441182444 -0.86655281481941415223 -2.83186677560246025109
1.95502736037148583392 0.94606573179442854382 3.00330038271750510148
0.10562491942538443368 -3.25723432100196497174 -2.63634042906121601746
1.67121489511052256915 -4.49558423725474209931 -2.10846847087512134777
4.32009028200329492364 2.95111230090647946867 -1.77681852008508300855
-0.04918634867566940017 -1.35925080825825883579 4.22890513716362459462
2.40353948991885335573 2.13630189109866197583 0.09052881090662978636
0.88479708029199244379 2.31034363448936197472 4.01841774391114281428
1.70964963408876347017 -4.52803431150919966086 0.20438550213679906875
3.72825075717844978129 4.12510540632282651785 -1.03923187476396261530
0.36188983037584865343 -2.47886411309898813116 0.67708832386101569512
3.09725485687505752708 -3.75630044941364094058 -3.03986034567025331654
-1.67540417914437833602 -2.89175335615027462310 -4.13938777863991269612
1.74985969142845210200 -2.73273889356146071350 2.64988175819656657239
-3.77495554890903051160 1.56923711233096163653 -0.92907844601436639920
-2.92473196884633290793 4.22209399348794622853 -1.22083606034581615418
1.97228195393753136244 3.65736318064619059243 -3.65075391463456133678
0.79912478251306939825 -0.91759945675808740617 -3.67880209757204923449
-0.39345920013814694727 1.97402106679151678748 -0.61334033006128185761
0.94909487024974126257 2.10877207644400765929 1.67827336864847698195
-0.74653123202912485823 0.78111570746365988072 -1.36499924222583901567
-4.13178254642219133785 1.57676649513511879519 -2.28911753782325710915
1.06167588017162817238 -0.21787532256038311118 -2.99785478941969918409
1.39252031552856170293 0.48482393940817924971 -1.12745605901098322477
-3.86183883102543523691 3.49891534971759821104 -1.17749466720212270232
-2.52729975247889759871 -3.45730271928167987028 1.48390278543409959155
-1.21943853384371880821 0.25274750238435128580 4.18721406800456730224
-0.72625751489044532150 2.67033722002391193939 1.21183758128733831683
-3.55544670648073735109 1.32486859605211559909 2.20399150071492400116
2.82206642967835374947 1.27078632004461677951 -0.34633592965502213445
1.51916061393822321435 1.53557052745391242610 -0.51961480761586731347
-0.56266109209574644012 1.56921339865833786575 1.50302512156179002289
0.09890889216139786555 -0.71010821173069960111 -0.06607202575181947424
0.10855643942001158564 -4.29464941078880535485 -1.89215487171283180956
-0.09946376257238043195 -3.51631238943376089878 3.95100522061567271948
3.41347575664352831382 4.18214415758459079342 0.07993317095217555845
2.74554029840535473994 -3.83976036949068832982 0.23282523756104378521
2.48146399761611657908 -0.07491608529392390636 1.32824141290078490130
-1.69675702068218559049 -2.92636192309783460530 1.82428722238193330440
2.44585070645366453590 -2.66985726738426443205 -2.29884770237182456398
3.40066681180053276279 -3.61493881163252916977 -1.94311300152143839881
1.22270651549691233839 3.01289617333813364297 -1.41239762454934103530
1.07094528504498320842 -1.93780733575031138827 0.03710287201159623294
1.33540467303244358988 -2.34706514868234084048 1.58185635593346329841
1.79605867287080211980 -1.59868856113858770485 1.11789379699717184025
-4.14493758001835743698 0.22919360258026522104 4.10347127672261802189
1.30326859959973617720 -4.04737514262205433369 -0.82716974941055676496
3.80564589401290565007 3.17747494034353739067 -0.76329425579118481693
-3.70509950918076258475 -1.76985245773860899732 -1.58678888091320358100
4.26818761589670980783 1.41759320557949841657 -1.57769539177418627318
-1.48407596155362142554 0.81813046928246269118 3.17463791422361030214
1.17420607315220149047 -3.37638701794145479340 0.12504066408668990107
-2.19926112824620112463 0.24103095445318079015 -3.70630249367188202569
3.26845013340883205899 -1.39061455500461050860 -1.51678025703593633011
-0.64267473618020254378 4.27752320656084616957 -3.76357473352653970622
1.47093912129014281476 2.86511384766755927700 -3.94950957348697118121
0.07680569304370976624 -1.44318368164751165139 3.04609942271242850609
2.31700396170584799194 2.48540934384851563976 2.57142684415447675406
-2.17022604350393155670 -1.86476443010803016875 -4.47477551160146447273
-0.39789361423933478079 -0.87761711313237533716 0.95019710786581335071
-1.20957017944346123528 1.95512468528282656877 -1.81679569335560842092
-0.29272212718934831344 -3.55282272236141860589 0.30595148628310653294
3.09751829741138706709 0.05020395903649088609 -4.33349589800604295675
3.47208554853746864666 -2.82503164708239040692 -3.58317808911040991404
-0.94019271500651857565 3.15023622462376451381 3.69724017144581917904
-0.81227473700721386507 3.13944007930132595874 -4.06870254829207755876
1.52805211686786801550 -0.96574037521233080383 -0.52979158119403191307
3.82453448986880051308 -2.54698107794345585120 -1.52881810959191133392
-0.26975381289623268088 1.25081473978648549661 -2.20496382468572571511
0.23832694532412723731 2.05660522879751095360 1.00413819049655028692
-4.14231200366547636094 1.03357541804544528219 -3.46844716684594533973
2.20267450153516097799 -3.55098553474052947010 -0.53207652718786935253
1.69045698998468107987 2.51565772605436421827 -0.45754709166837148615
2.09903374959943089806 1.24425663327254820700 -1.55387414626857101041
-2.23075604009175609832 3.86471799402495630460 3.09569630036365150971
-0.47852237532933461495 -4.05003773621849472164 2.01313797056378263051
3.58621045466839927229 2.83700173926282950276 -4.30966925560459035438
0.68465413081283887919 3.37633522672657715447 4.40551445529351592967
0.72434015131054163561 -0.64020055586934310199 -1.63359259598989137174
4.23321374050908527664 0.96076456069471394272 -0.60662503201416839715
3.13867170148454821543 -0.49091065894900509647 0.11849772115196532951
-2.96691641476862466575 3.70904039631335979976 2.10462361894504468296
-0.95398988919707150558 -0.02954833761486241883 2.78188896138128338720
-3.53692226753713168108 -1.60034384484406011495 4.35846684014115748340
4.17095726969279478880 0.57509513323247762884 2.31000685577558773076
-2.73074282914240296094 0.63454602189715370031 0.41566501022079904715
1.92822837452532258595 -2.77930161396750774472 0.79331072789216339203
-2.70408028874538475250 -1.48157614300597106904 -2.23232380804599772617
-1.97531516126464712357 4.13111054099049734845 1.58611514780809415015
-1.22607148941226862249 -1.45952793786820844701 -2.31663426974015562720
-2.10667831152042239751 4.50391438402690180709 4.09718931804625352555
-2.89416642121792389020 0.23795427794782675335 1.53277542928965804236
3.42256108103149436772 -1.35149883747937771261 -0.42410447389179939393
3.54596918510519021339 3.14116718934525263052 0.48565121263722765832
-3.61469206076234073066 -1.01820413500948525609 -0.26833595192490555803
2.38679351333172018457 0.18910206549777797136 -1.49286663930016016977
4.31602071124969111082 2.15863193280630394355 -4.38563565372884145432
3.55161510813443381807 2.12369469503116459208 0.01629661687732220088
0.28367958601882214964 3.87718914035129369466 -0.43873311050098529051
-3.88894974135223181477 -2.25611545893947118557 2.55291900788638947972
2.40469621447507986289 -1.53219845980140512154 0.19967498607363509677
-2.81046827757987438545 -0.29298401553411945741 -0.87347839117252590313
3.94592697534328795683 3.30575708883624930223 -2.67191605939581533491
2.48396787369606641960 4.31706947870719925930 -0.45023773281059575879
0.67804905577903529235 -2.95566220001009760665 4.31245750714216935506
3.51814989292045421365 0.19097981335095237654 -1.92622255693077049088
0.88213191704444948726 1.07217003639430874529 0.20126321689940152027
-1.92828849374479061041 1.96213426960151249290 -0.29114064896061897514
-3.17338575919089027622 2.97097329516688901663 3.88293324048463883713
-1.65524651717383974869 1.85077559923610035497 1.51054256923419227832
1.01046694593098784765 2.16779784046757839633 -3.15576664767829750957
2.57640029388750946282 -1.99049022373078798864 -1.11562978902840415074
4.38215161840521272296 -0.83463308640391975501 -4.39943287834088891941
3.09870174702314571391 -0.05812751687879202933 3.44205649961488990840
-1.36538115894870104583 3.85552963589057906546 -4.43600692955236208803
-3.02645707140164965665 3.88596091314980451870 -0.13819066706306504244
1.23728419952284163230 -1.80414842600953484464 3.48776972548426034137
-3.76880646338541014373 0.58344492583593599022 -1.69206135973883853296
-0.91990169727539594646 -3.82567015777329411108 -4.24936264151144804657
-3.82197993015794867944 -3.92170998390591307725 -2.50237097700018118474
1.50667412679530698938 -2.54544171270982477751 -1.50567428072494324809
-3.37917524288263049215 -0.69673261620739568301 -4.26654404017820620965
0.39773347536841452410 -4.03614199166292220156 0.89736311458475626068
-3.44876120555409082513 2.55454369004433523571 -1.93967443780175496926
2.87262172274850602349 0.83172682008557519140 -3.56845862190027540706
1.56465813183907709316 1.69785700491528235290 0.72619959792407140498
2.86911128441288010293 2.97141940479494159888 -1.12633334166733778403
-0.37544536187589461207 4.49751853668204848447 3.74406376859440026550
3.31994696014053936040 0.11984646371261131748 -0.71735489673560115520
3.32279452994106794250 0.98077368665874953280 2.71757693203405725768
0.06889739667197947171 -3.90737922289942485321 2.82769472125548482211
-4.24972330423089150742 2.72543114103789019254 4.05406136361208258023
-0.05991975411534244955 0.23286848351685218717 0.71996162387185158593
-3.44403521068909945768 -3.74801693835526172904 0.34708073519144377883
-0.97763080691563253311 -2.94609679515991373933 3.61729992614174289400
-3.95400579984411226775 2.53439411634955380492 -2.95656006412769123415
-0.75539394527337444529 3.62076975295433900470 -0.36030593576655522980
-2.21774051100945790438 -4.10953810346554782029 -0.28160338230278902927
-0.06195225580869578863 -0.48763620870876422941 3.09528762899571585621
3.99517112367071991486 -0.45977329664906907425 0.84676979979566713297
0.78552739330196086343 2.07521756524097167329 -0.02193082234847665291
-1.60719727133748868653 -3.94110430213668472277 1.24297895940102520740
2.09681380151234808551 -1.30901669678170673450 -3.07500582214421358529
-2.68653689587308797115 -2.84739669158076402766 -0.70416912331729930585
0.15749332452096442836 -3.49962665193961131038 -0.78891775399662344981
3.47701344176807491948 -0.68421593746069664377 1.93093188794362635718
-2.76864981046698455103 -2.11180233518497573186 -1.41556255461946012275
3.11710930665799956785 3.81496123342034554327 -4.30069827815520255854
3.98168307733193937992 3.76330160541061342627 2.34590588618239692664
4.29676147420147014344 -1.64699855076961787503 -3.21673753464666489776
1.86374698123259197047 1.43650292386862066252 -2.97220334649130757398
2.84239956998036191749 1.40463673243475373198 4.35319076112369085507
2.62208819151783156798 0.87807423747897139776 0.55008444918413612612
-2.52428083829168015129 -2.73037273017151260746 -2.35774220583441573851
2.37286332470178074061 -0.37590588046585704518 -2.46254400716151478079
-0.82322097424686457856 1.88054926077054940237 0.46279229914002950608
4.15040655549288484139 1.93046350601570715355 1.19054369484098376830
-1.30592704975458318017 1.08244251405715008474 -2.71506219197948128752
-2.55923599800676582205 4.01977071095856874905 -4.20332707423966489557
1.66651990060154364670 1.45629648820440582568 4.02914917913682923967
-1.96892961286422174538 3.28464344919353923302 -0.42769093266553159793
-0.69868109794083554931 -4.06876596646119548240 -2.65818716425226497790
1.20062446903723785141 3.32835316677648851424 0.06657216598540216523
0.11220498650084653747 2.92697178906164801049 0.21467467858056643593
1.22464764155802807721 1.35182541274998602177 -2.07312275602202955582
-1.92588401635296468939 0.34792287743461880467 -0.88844931087269385372
2.85180687737511373570 2.15991526089643404163 -1.66195769207604326922
0.39012064672754398487 1.31473411416613750191 -0.70458054792973578984
-1.64310660076080772285 3.27334563158451086196 0.86553544846396146539
0.05924513998776070878 -2.51949668142304572527 -1.27954270057214181122
3.28958235834860612812 2.89936572909292689104 1.48539771981620649655
-2.74248912477339779059 -3.18480246832301716609 -3.24132283092095496713
1.51729138133283036893 0.65931490293942829339 1.01572285274601892269
3.12521829540734508157 -4.09521406006156318824 -0.93485379996920725532
-1.40852246106828449257 -4.11521664252689589603 3.54123852839404751336
-1.82728772496244440404 -2.19389741722461240059 -1.77075687986044982836
-2.53417947921277386669 2.99078916107211423281 -1.24668841705639454887
2.83510797333920550045 1.97382335166677069793 0.90263495591583708944
-1.72536318934893717625 -0.42258729857688326348 -2.12381013706244026196
3.53767254931868269097 -0.63420665997984615458 -2.76222224415592210178
3.05076548403833847090 4.00982822159722562816 1.22330372823114874592
3.12436702452453918255 1.82081872970822811197 1.90699234143205043068
0.99158980999339174645 1.45571460804363983499 -4.06864909213514636122
4.37011161332620812203 -0.50575669274404155829 -3.18869211342027503164
1.72772625584053507453 4.11760430322485593280 -1.25123738975664799966
0.53762913350243035637 3.68474058248923963532 0.99664994104001713993
0.61149207209630951354 0.66269490497058924916 1.35705267819586161693
-4.32798992817759753393 -4.40012810474834648033 -1.47521115589426266013
-3.73134511360901832688 -2.94047494543069287687 -3.78021242253147882195
-2.27857214304853794573 -4.49893659064933171265 0.67350013752583315352
3.65144491672535220772 1.13226513234955117326 -4.20396217244562553361
1.10556390146047256451 -0.77102370082111271188 3.61795037298914667900
2.10290399604135913592 1.34993208603171410687 -4.14443396004859643256
-0.75878155158479021480 -1.88628048706712059257 1.83861901750787737342
-2.18623329342898164995 2.87706588307831001572 -2.52262299467149819776
-3.06300812691894197570 -4.43071026685272162382 3.50702110471274419723
-1.56040700150054556516 -3.30046006664968594180 -0.23129553934579760721
2.39465724956453041017 2.92063481985465411839 4.50734249947902920752
-1.12067539425541529141 -2.73571372025123116245 -2.48726672575649887520
1.74728980816184797931 2.58747183370740252428 -2.53785995118095142331
2.87374129355209628756 1.40109176620341191466 -2.50235528635874260317
-2.78630883561125353154 2.21210673491565312787 2.48474733393967373019
0.87461961371277308075 -2.73860751295532889316 -0.65737169673146178539
-2.10129228452332528221 -3.90256417808211164555 -1.34854044009560203321
-1.09981260457331142533 1.63427373888303772986 2.44615969604085492506
-0.46152526042189734312 -2.56244661162164666379 0.03797053375552028598
4.41842306042582766423 -1.91073282414167788801 -4.44980249834446439650
-2.17898457918475196848 1.62624023186227173454 3.85573279993721040881
-1.18623722375642115523 0.28649400739161556828 0.73324825988031783197
0.53252848228541616038 0.62627741064801334403 -2.65281989424009356782
0.97954431643810835340 -0.19813099031785963433 0.56798549763557026893
1.20644671184246199402 -2.43673934851423101833 -2.69836563923454653136
-1.02659326555121621638 -1.86900838747247899363 -0.96560280854817293061
4.38965568430613739537 2.55075855994631339740 1.93018901539213949548
-2.01401654833001853007 -1.27840941732686230736 -3.41477449165609980852
3.10015394060430438117 1.08272469198252352385 -1.42974095108018417477
-2.93738726846131781301 -4.14744304321627765830 -3.66141799708493298482
-3.62355570009253069585 -0.53833084905573258538 -1.27819021425741130571
2.83893078840768176008 3.58449286086837393128 -2.36620866844971633469
0.97686150364943546975 -1.53526493539493991136 -4.50418416883470040801
-0.58855574657081488610 -1.86325211125186784855 -3.61280075024175362230
3.52719615473825331975 0.89841784509883382270 1.53828734356813257023
3.62752906838700628356 -4.45470468671888664147 -2.51574492859016718427
-2.96858128513625496581 1.39138664375401255313 -2.22836697405754557977
4.25087933946214047154 -0.69585500379477416288 -1.36345953481335957491
0.28568393998646257614 -1.56384666607411526584 -0.76199853155668995086
3.06835813543960522765 3.41145814560868032572 2.73890057586004953549
-1.10983615284910319687 -2.08761750853319494325 4.48998683167071899192
3.73791163468054055130 1.03324314260552529987 0.20541269644545945283
2.09536922222095522983 -3.45134197684648080795 -1.70311013843691627656
4.15290037811518697453 -0.67838295877341048268 -0.18312800336500689724
-4.45435324778725139083 0.04224445789601638523 -2.32684827905949198623
3.97975333846390011416 1.99033511692065179233 -3.45641249384323412386
-0.98889849139830277025 -0.25736583694260684041 -3.00746460808896420858
-3.01509538727462178542 1.29734392607756543470 1.37138104141137784353
-2.05966239621661761916 0.93033731400864727590 1.80514551762595143458
-2.65771713450199342788 -2.37991924136214150209 1.62067700747346599144
1.78597585584538709469 0.56557254235586285063 -2.44452828783642939214
-1.43673321899199102347 -3.50318579075595915029 -3.40782211541814872291
0.86032865976487471471 -1.36689485491457141109 0.96751858146793967563
-1.13976242450018006025 -4.29666664711185131154 -0.23928249111913402203
1.35295623383190655176 -1.24242867452493666036 -2.35562719803106235261
-0.02329409993463382733 -0.21699397372193907074 4.30336304940095093485
4.20240603466436635216 0.18003583072124484943 -4.06566035013449322832
3.94707592460782574761 0.75289937278495777662 -2.88202801334158698054
0.22849851796487996580 1.04389760035874967770 4.37365050978314595653
-1.98774515574663945827 4.12928561925155346302 -1.09938684938412256642
-0.05278050605864503808 0.95013714948456140519 2.16400963213815433761
2.10505321525237665270 0.58650608494533251758 3.91950291387203986204
1.56164016794863691473 -3.51396347078950466170 -3.05365716400012132681
-0.11656316492577634136 -3.21082933198466635716 1.45078680904491807979
-2.72620283682649588997 -2.77594402731101386195 0.49376110245301862989
4.53038879528736249114 -1.56362873793438295067 -0.88009260462791694124
-3.82501686501153770337 -1.88900168117770173026 -3.74972199592501675980
0.33595478580255377921 0.24324313767469263325 -0.62438216380249045301
2.16338666798343481901 -0.03733183556304719986 -3.49903634086688786198
-2.18291736361275079403 2.49756884730535233530 4.47777933462982868917
-0.86625501275840255389 -3.29252474585359955483 -1.51971896843802589672
-0.77061384029855073408 -0.42179129188207564738 -0.67586484989799711087
4.29381922312625530225 -1.74362249556567361353 -2.08232121127478819744


