415
-3.74504049349998791030 0.47676570984347854676 -1.41786466666687882565
4.05558754366577733919 -3.70850591917943628317 4.43674735422753752090
-1.30543688800448354215 3.47243043163118070282 -0.38821878875917814611
-0.16713127715741737944 3.19540144551754234925 3.35534418380422660988
-0.10522501319799992814 2.26519055710102890089 4.23990415215691296424
-2.03161817379486242530 4.51472426305452767537 1.46797606363483890135
2.59942095994544164483 -3.77288562216303491326 1.02952197584051141632
-3.23656764211901570860 -3.51350389487066383509 -0.91795826193358731615
-1.09526964989816821827 -2.72508041304050063758 1.90610814797328576020
-1.93248528396016272524 -1.54474758563185332605 3.01095436488971568423
4.42983774387387452265 1.24173462745429663556 1.10295347603683513427
1.31814141725138345151 2.17200251240608022130 2.05549205340513552187
2.47977455364292787010 -1.59118158856953373359 -3.53629023101440198573
1.25260797798298728623 0.05886078236476688375 -1.51806946686511601285
-3.15804135230174809479 -1.47540351920818890719 -1.93129958849428984280
3.29832226708504006041 3.63290333087062489170 1.32003363444461374598
-3.62588892815712870998 -4.02263775550706892403 0.98754867769198906302
-0.50050177689114061508 4.24263889345091893546 -2.77061193777762948542
2.41556887220704386010 2.29802309533809268061 2.08005658033828488840
-4.00034662763851933676 3.92846157563667564006 -2.30593735412838363175
-2.62452015506501323827 -2.99515549471715925023 0.29425520097198365477
3.49050373836474658873 0.59585923591840384006 -1.27049823069058032132
0.29835286920390302612 1.14329725638521306763 -4.18195814952626943040
2.02083628452866559400 -3.22044719719146410597 -0.23232973521028821295
1.90024651618688089627 -0.00348381619504856133 0.29905020719739372481
0.57652625171489013667 1.73565709519204247613 2.89153484753234923943
-1.01086508889450543691 -4.03824756011354768503 -0.12054004797003603500
3.91229294112686343254 -4.23118196089535203441 -2.56232549424694910911
1.84631868777010321736 2.96390498393922907638 -4.48976886465584712482
-0.99774451167608635416 4.42209870512188718550 3.32816629926812801443
-4.02649127809969176184 -3.51643449405956109999 -0.02908850865117607043
-4.03888844535783242407 -2.31191838571505048350 -3.96291053229613110531
1.16830401998832122956 -2.53545885527241132706 -0.42109740752378410633
0.08677110108954977363 -4.12942447037363447038 0.01995303439139828328
-3.79196979236597497831 -3.10779354414775133009 -2.13057482439438361510
1.80282824492638393821 -2.14987558032101278016 3.78719494802288192403
-2.50155748571630409671 3.82353791308917134728 -0.67291742805708176789
1.12661712335017671904 -4.45502838781349819186 -0.69637364194809769913
0.65815527193565959152 -1.06963787843536195510 -1.07838811560114589128
3.48722333934998385274 -0.28223680172111631492 -1.76688432303549980418
-0.04428172175842259861 3.46962539403681180517 -0.05104070735234422784
1.55358564517021502382 1.20721651124892037643 2.44240529667659878044
-2.08950787253156455847 0.43179690295502837216 -0.17214831344466663410
-3.96494730439482667705 -0.13997102919412185429 1.26235522262669519478
-1.12220016524879451225 -2.89247340140609043857 3.26526688116601793155
2.40301523264483574138 0.02879019883831190896 1.42622583403450153838
-3.14246160273248786865 1.58761032957336301052 -3.26752938205969067909
-4.51728134314987617159 -0.24073561779488183987 -2.03895187337825900542
2.05755060716315352209 -4.26864039473982881390 -4.09671783733070338229
3.14882607603595321422 3.67170795562050411576 3.57099369984877501594
1.27910638792068187541 -3.02544007963099126357 2.59446574893759152047
4.01700405899770363050 -3.41699514068518173104 -0.46958123870365398034
-3.16237869850927522108 -0.67365211164533533861 3.67647006776813523032
-0.80818615485003908461 -1.12478849724672924637 -1.00564679694157321777
3.30444441570741087588 -0.54006905922337145043 2.45584174421752354789
2.90333614062253175803 -2.50181186066486871411 -2.53235335282986406824
3.93264653975525124707 -3.49426115151209693011 1.96150023537133577634
-1.46259442034477959993 3.39523003841460813135 -1.42084518275836302337
2.15654521708905289046 3.90300433492569087690 2.97822040612997174236
-2.57580754161798264334 0.18126746433003670944 4.25781643107651586178
4.51352454449520568147 -1.26985607645087839046 4.23393732576156178737
-4.49114301500683676949 3.45987728040013209352 -3.90283530105652376463
-0.26414385892710878778 -0.19385068939027050305 -2.91975202174323777982
-0.36117157837465541093 1.73546821901837944324 -1.65550022841745692048
3.30688009620725154036 1.28507361131828101719 -2.41228871082757878597
1.00035139465975309037 1.75349718604859106108 -1.58744569614144159786
-2.97162479646625010687 -0.22801628510986482468 0.67402957016932774081
-3.40869839081868652997 -3.89988560461804611990 2.49638190606336962674
1.82955551536032334781 -1.16455871267918276146 -1.31700704068736040853
1.15474938260718484884 2.82094103197939460870 0.73324473386574240408
-2.06932458297114685308 4.53087442525142858329 3.55646968528381446362
2.98961043325825226447 -3.96761428156625450825 -3.67459241159753879913
1.41337326989815537104 2.84110304361667243001 -3.24888709407637588100
-2.32329982862305683966 -4.11526245920314703852 2.52084573093763708584
-3.41677581729999957361 -0.43856076739550520216 2.61434954987474821309
2.35748584694369789361 -3.02334849328358501452 3.26364013066661762252
-1.10015714557944876972 -0.52869167561841656777 -2.25625330042136251762
0.86347329419284246654 0.38545677539242184650 1.13662532618289890962
2.78948412805798984238 -1.63312225620807005555 3.29711717516788471727
3.28377102355593031291 -3.48993563453491573156 -2.84328984243839144597
3.80468030581177796279 -0.76909531912569883971 -4.02819978527914912547
2.42738965891406444086 -1.05677054594679464827 4.43676862992846832157
0.60095428347088120091 -2.95215977914371441315 1.65472309493311175999
-3.21359614672210414099 -2.24027142387024014170 -1.02468075339152520087
-0.06076001308430445391 3.03171517232441534162 1.24543065302405242534
-2.98664244861329253311 -4.08149055428188489714 3.72034535610743954948
0.21005001351850971503 0.70674879620186548124 -3.26240689091836344460
3.54918557827177405528 -2.68299533857369487677 -1.62375440214820665474
-3.52828302044114794356 2.97699879902893371764 2.17797459902447076985
-1.98605269819257745922 2.73938641844396624236 -0.33780824856818192359
-0.74738103068712780086 2.26520282276641982122 1.59510086877618739720
-3.72992447070661903297 -2.19154800437990759931 -2.70080922955879643155
1.42826420871310322269 -1.01382695751390183858 3.35010882675114896045
-2.32713885901779304888 2.56530666979621013724 4.14115676437553315026
4.29771628475463440822 3.67688911374232585416 4.22433152471413375650
1.94877259547538095319 -2.21651786475610146354 -1.66866197353874357034
-3.86418720955023653474 4.47669934465648378108 -0.17302237111488505406
-0.46692464299903857494 0.45474736432087503601 -2.15472760443365229932
-1.88619333127657640148 -3.45685421689934457845 1.19918263477755981938
1.97101718032543260506 -3.98854678865028589030 -1.61471635739497854090
1.27550494647954781868 -3.84557960612091154218 0.22241242416646844759
4.23893763736284068244 -1.67341067681875799167 -2.62684910869115162413
3.50088181906061013393 0.07616533286614401987 -4.42484525147304186277
2.43036242314376060847 -2.74807457564700863273 0.62944338081760253800
2.60341822574417314229 4.08450175750959854071 2.01289775493273292994
0.73227485351366627953 -4.03755592435426358122 1.61585303943077995825
-0.19077364465439661245 -2.90258574142433856125 -0.35927419157809570294
-1.55992442397604369475 1.32290386130401937947 -4.25952063908176814522
2.90405522834959572975 -0.67239328972515366445 0.34020472853665761903
-0.06944810691712532957 -0.97546970971761792768 3.94446104737394431794
-4.35894352854728861502 -1.49521910219291065403 -1.27933702007776251008
-4.17541204771806828688 -4.17281324278874432565 -2.76757161754929770225
-1.85401895855737208763 2.15016794855124881991 -3.68548072849790697703
4.11243416713279952290 2.34004655674145123356 -2.48410545561259299419
-1.26452774569386239278 -1.70899782319392468111 -4.04213988934960433141
4.53559927778998339676 -2.82551000428718079860 4.02310520449474129379
0.50302801548089082218 -2.40912630208491007622 4.42504901970148889490
3.45174763747632429300 -3.75945209479986042211 2.81010586017753549726
0.16106607858166199776 -0.88936819054114080174 -4.18954848819450287323
-1.10601312507966165199 1.86344173213566488556 4.00402489530141547647
3.22266012037047477889 2.34072916181595491736 -4.05309058833138635691
1.46837238413128279291 -4.29615414221388292049 2.78571600937960894839
-0.15326080051692958506 -1.84355774612680534119 -2.39796375154543994768
1.03942297183806697802 3.74900253838222052849 0.11893445821465586931
1.65902554025064308263 -2.47206143868382444140 1.66419174474833919675
-4.39987366340558327948 -2.82065274495356943518 -1.24568655562470853582
3.29597750414977053168 -0.72245493622726586480 3.96133200719453437699
1.29191973883829991365 2.90433598608831822219 2.81280145486992427806
-2.17288029088927991950 -3.33640288246650262849 -0.78726866360721592386
1.24994243245506719830 -0.77676923980248702151 -0.22515651493568444863
-2.86180631685928377195 -3.86172129324106183645 1.64796618529340577197
-3.52644757314034729134 -1.74675817091151719396 4.32788001944236544460
-3.29818850668961305317 4.49360697441717693579 -1.04080962327704185100
-0.40808529136382176716 0.20170608977688075925 0.33924709165937283473
-3.41433888625573889186 2.35625356435685073819 4.30440526431456671475
-1.62135782581144693992 4.42574144503812316742 -2.59446898499107891922
-2.39684911718109017187 -0.22217478921359745669 2.79568352814222631508
-4.27409282752397778893 0.31144644410980770743 4.46479083429214629319
4.01172342653609614871 -3.79338484936969244643 -3.60598813514532290370
-2.62667379089617947230 3.52896509270637093181 3.72869850021661708439
0.71756058929728094853 3.85548637155297679868 1.19628083489285774732
-0.16615995472823374968 -2.97636447804375769977 -2.19442640034233660273
0.75786387312004688255 -4.42631825410382795383 4.42102024829392714622
-0.79334992219673328151 1.19400206751733861665 -3.66122942237744108951
-1.67121671926801207420 3.12162408565357196721 -4.20334373087191170981
-2.35235337296847735189 -2.24647218131588743972 -2.57068120333472771577
0.27142513828455250291 2.56879841917855866740 2.19068539108871629395
3.88642210230357587619 -3.48179661119341021802 0.72575649336933789613
1.64801384211967150151 1.06734773735515897641 -0.01824156052153824703
3.61224005661328018135 3.04003724088327498265 -3.15696218295840091983
1.62823885703164972227 3.90832135511614264800 2.17886099001304867073
-3.68821106448904156849 -2.31687306991036034987 0.17527801050580027464
3.10454871935305742880 -3.93455092776036163826 -0.00820001474511400374
-0.57763670644850639846 -0.40670662536011992216 2.35627936162810680543
0.89611674389089834847 2.00403188446219804320 -3.87390970259306444134
-1.82676091903288106977 -0.99512803872417521234 3.93583627096726740291
0.58864112873011276150 2.59317649123886617701 3.57969417045311377734
3.37436957155579886347 0.50883321668775138846 3.35599167651578067506
1.48767441558451007921 -0.25630261241278873285 1.92130515688922631767
4.30590433822178386691 2.80684534888547521092 1.91251282492428753557
-3.86388662813772665316 1.32171475416085559829 4.02848116887854512669
-3.08465768359458003545 0.07685075297197307975 1.78931892467760356169
-0.70412156165831429888 -3.86146219544302393700 -4.45943339496909185726
-1.23748816047122911499 3.14950695809519576329 3.53410042888166753272
-2.40611493309501289772 -0.98765698559663483991 -2.40267733163066088409
0.84709704044446976212 0.31442258094363051413 -2.51456025772845315203
-3.79727455030025007332 2.33485313776907954519 1.12882426308531069736
-2.75228644738214534016 2.75293986119339262331 1.58073515352302873538
3.40190831426742779087 1.59406892597686500324 0.69371975146007880397
4.34744311527104709825 4.27005572904287422631 2.01725574635620663599
0.65856237282931129329 -3.89940978436184693123 3.30934423071052474796
-1.14252942556621128745 4.49235579175388988205 -1.65366513286919758485
-3.50760755547662261833 1.39620108736226899993 1.88313546345656934733
3.19870010187566844451 2.40809914679929359949 -0.30484808399465723738
-2.67267548049473058214 0.78739851482949596573 0.93852178656861440231
-1.98481631545144621143 3.76075845893873772496 0.36061326360028811422
2.25715748254159098707 -4.48171996184322285472 0.22331401871354294997
-1.47135258013806158317 4.46703374441280143259 4.44753378544955335627
3.35380611132090056259 -4.37331519404003898899 1.69358351853832811429
3.02681291744193003979 2.51141099302271353366 0.86717917367001273732
-0.90712621928036529795 4.29667305652921083237 2.17810960782313767226
3.81526664303668905376 -1.66890087283452581701 3.54097516837768022668
-0.13675679503037052598 -0.08496232236578560304 -0.90056547189491009675
0.58777998304440615129 1.92156915105478809380 -0.04281629919649443394
0.97031796911327727884 0.89377669546441484982 3.79601283979803394431
3.14485811209542109879 0.49046452594105449663 0.68865236499771764755
-1.29046172931066926992 -0.46681472621993691519 -0.39605124054028184588
0.48544764791032957163 -0.36587059402454080725 2.02603847477659382292
3.81563541513170800812 -2.40645324767138601985 1.57775306770799783607
2.50952981163184407620 0.61241483514360872675 -0.71808827911124373244
3.41366741360295744556 3.40592195695956778678 4.52981848889073912545
-2.98021424057174799671 2.54732193413593233089 3.35252035325536557053
-3.29160722991492882272 -0.88743492332250006882 1.59786216960447102764
2.05221572743443214648 -1.18334411946288620143 2.51082007062216483462
-3.86278133222577091388 4.25606471553661247498 -3.68467510053732816289
2.91588973122757266765 2.56159733602164418897 -2.03947912987242352401
-3.47168208245092246855 -0.17766353504031684452 -2.35053603375852171453
1.45379194491494256880 -0.15229767155753926033 4.20403007653272009492
-0.50180919437161453089 -2.22357608137106010915 3.91288312361792289806
-3.85877384836756487374 2.11871002369927463604 -3.79163770264428778844
2.35871915736735626723 3.65164931456223040840 -3.67981225995958594055
3.80022835057170826900 -2.26456102026430139418 -0.79546327799583860241
4.46883781762301257601 0.13150514974761318143 -0.96676975114491092711
-3.06724368333264685305 -2.73523024244778634184 2.41605023437409816012
3.49693110160926945440 4.40423950365402827600 0.66948190545340402480
0.20118424677248114563 -3.82943514146573349421 -1.48306110123177514737
0.36105697780803858166 -0.55873519595328291487 0.65272000705106414387
-2.75963504580669427568 -3.96760745710986872936 -0.09973546966371404920
-1.72473801173544583065 -0.79294622710056961168 -3.43699034791113078313
-2.70499683653250055926 -3.41283365114299641618 4.53405763409136941533
1.13276152337313451568 -3.83020883060030703504 -3.56522314203497669993
0.63993142603399277846 -1.91167641837085389156 1.94678941216340550824
2.46885223895831185104 -0.07120222322471203569 4.14988449610779586152
-3.94734658196323584534 -3.03440799530150195906 2.12967001015146184528
-3.04274514901328352323 4.31076589232026474718 -4.47607991166713947706
-1.78034634052632290135 2.28474899671239750631 3.13767966758280447692
-3.53057644578995732942 -1.38272181896632018194 -3.51711308391713517452
-0.41730165064438029532 0.94203302649173714656 3.29676884716686569021
-2.41787152758057333202 4.38225884556448885832 -1.78601873506745167930
-1.91852107650983594311 -3.49718950182423649053 -2.45635634709821371047
1.96540288941688867652 2.21327281336245995647 1.10413471415808572829
2.84959333099565537140 -4.35845993568392042761 -2.42186218518733298311
0.58893933243933993538 3.44336198958071104670 -4.52634874629994143902
3.91491044932335707784 1.26674145479746957932 -4.10011698835012072806
-2.52560168805590201657 3.12591337761193877043 -1.49753605485431950939
1.62424988788497781655 -1.92518308671218107975 -4.01764779941851379874
-3.29513046569384959739 2.81450264165643293524 -0.45425077699061411352
3.90557075278851950628 -0.67874718102385100948 -0.38334866962198255180
1.97998436040080072473 3.73129264533578197671 -0.49649302915986037732
0.59233619680817817255 -2.01215723499831655730 -3.37639793321991410480
-1.25061768676969320424 -1.82626661652233135413 1.48115304640054201712
-4.15441989947632528413 -0.57904073710855819002 -3.95833654815263979998
-1.28283436023511798751 0.55157507780025127886 -3.05736719284785340989
-1.47024577567470871031 4.26988147736719181324 -3.57612015303883223893
-0.86639611235591562632 -2.16231276143249662169 -1.60330197132697449547
-0.83956239190020909291 -0.45358787519591903248 3.48162316533476978719
2.77126850339389640965 -3.14311167500514798689 1.90937818692520178132
0.49957058759178263330 0.67985965554547966860 -1.40360082636643390686
1.90389545668243709287 -4.50842932036333277068 1.37234879143084587128
0.08472126012247649385 1.91588040556189920238 -3.40860553533855359376
4.36736444784712229961 2.23224732760351951555 4.03565707679401608488
2.74817786534396457654 -1.04371274485154952316 -0.86610775828710329094
2.28465919044370302515 1.91182095331577439623 4.22377446959333280319
1.38382428743129182180 3.73341871698175342686 -3.91863809028942933210
-4.44158348720697482293 4.44980566181812076110 0.72644458871256123444
3.63738003339412951931 4.14924374903133230674 -3.33914803746877320023
-3.44473462142845487932 1.59880647277978926724 3.00283209195562061922
-2.22480560559477469340 -2.07174399647096851851 4.50761233726342869232
2.90855996076223366487 4.31755001576572450261 4.49958106661358581135
-3.46262710456235112133 0.79737497786847910675 -2.37427027642461929702
0.53027804778104936645 3.74788477783366413831 -3.39547687149854837685
-1.69105690922543017152 -2.18220814393581630242 0.34200453168793210068
-2.98063982373916802615 1.91799119778668281100 -0.00717684001320062492
1.70035053012895875924 -0.82457268456559873471 -3.83663809888216489341
-3.57116988624993592083 1.67056041792862242090 -1.36333531553080788967
0.31612855968449071753 1.70507242464762587275 1.54029757710121018022
-2.75717305800609135957 -0.75758651780853902835 -4.14778958427392385744
2.68305041704587132756 -4.19916171607111810005 3.51594727218721114781
1.27043800967147291203 1.27260024595722498475 -2.98739520570779326647
-4.11601543723675522557 -3.88004410182607140101 -1.59539397539653382552
-3.30906364723254498017 -3.76938970531967409983 -3.30436835268415629585
1.63315972994648905825 -2.58796348163573552981 -2.78359291783102369422
0.28506375666760064291 -2.04971479197143136020 -1.28368876988259827954
-4.02053189339187611040 0.50469564136222366812 2.11964977399277731962
-3.34435342683105352179 -1.27640729041788958398 -0.89912414687148434211
-0.92046790381585719132 1.94543565923571115661 2.61186615364865559741
2.63248051138072636235 3.04342588168542516058 -0.94870108814185405421
-3.99692390767088712167 -4.01900746424743093854 -4.50474701324857829121
4.08969299459879831460 0.10126105344858871149 0.68177000746046179103
1.14456948553951942671 -1.57085258558127582873 -2.36939799155520303131
-3.59844052154495619433 3.51728619590678182050 3.68869097219475516880
2.07302407255166709632 1.00575409645836089112 -2.24511078555985932326
-0.19060076839198192289 3.16240447730787899161 -2.06425620261394771049
-1.36512984892485045307 -2.83061493083769910584 -3.57733323416257320559
3.62709291403213018867 3.80351178365661457548 2.63665728421893952316
-1.67720748986042700324 1.08399864445641824773 0.74553514546736199264
-2.77892790139899537039 4.41460759691611581701 0.69548967301844211164
0.11949585971682097352 -0.52155925651370971252 -1.96851390050606678273
3.72301004270790070194 2.45513963307570204364 3.11304100274118145109
2.49721959599676157637 -2.46095325796152764042 -0.73199729067069441157
1.87892672032707697127 3.53487793345879897089 1.16621561320934130634
-1.87737879494670067970 1.23403992039912946410 2.51029482030704631512
1.77840881298592190518 0.28487806231548962188 3.07256857947114792040
2.50705122201999941467 2.87592669362126240884 -3.01234187661193253405
-4.29230319445841779213 -0.68953979583521896046 3.32961813472244827494
-0.24011720310056272609 0.19401971091762781896 1.56616329861415426450
-3.33944815671820549596 -1.42392773832990737759 0.67132672942571058883
-2.46617104747300741607 3.55065332463303473531 2.68682244909150558243
-0.83135073924261426725 -3.79533121459528910435 -3.22184528408624926143
-4.19858573408438040531 2.84347543417027548429 -3.08225904017448915084
-4.27243192957982031999 -2.90881541820854039315 1.08556337126458668507
-2.21708096315841318713 -1.74622699756118393566 -1.24442517965216437048
-0.50250129232785401001 4.26150767636374094849 -3.89969975500842069849
0.53061768139759912799 3.12146325850997019558 -1.03627599130388725612
0.30294278765552906663 0.93004899596320722566 0.31132222499972161955
-2.48662501443250505417 -1.57907762559875219921 0.01685181478579433900
3.75516331127737768014 -1.30314664166371185772 0.92601526303054537692
-3.33498644985084125025 0.33127367190427214894 -0.26731882440602294793
4.43049427525780981085 4.25100123618812464343 -0.69778007126469976384
2.31881166011846939767 -3.95052743102613312942 2.40176898452812892515
3.75555071582154464949 1.87393252472484217463 2.02133299173960079287
-2.73946053208583872873 2.71153861139040497363 -2.73575086080255491794
0.33461243050872280236 -0.94382708480411015017 2.87238923203345297708
3.47783864688880317573 0.64612609712395840944 1.93229790723408090258
-3.56022283131217687213 -2.93563956193562125563 -4.53129429181311405017
-0.37390104753277508820 4.46364661642724325219 -0.82519929634576349997
-1.34472125073319093147 0.36588314073325189923 2.54421928172495004361
-4.11008328877904727250 -3.27460509030893254234 -3.38589578512992339654
2.61238144811105943432 1.07736837680013497476 1.25608144140033051173
2.65019120528704998918 -3.72827260144986283308 -0.88989541455636933520
2.68571470099389486563 1.82049190403044658382 -3.12389650807078167460
-3.93277172036197830707 3.45893948740635970296 0.76397324235827035466
3.65598069395374647428 0.28233671484909361737 -2.67916429407014655695
-1.50082593037362910238 -2.82148041839204477554 -1.84400038536257682154
-4.46237470645370759570 -2.25378265860429838341 2.59238409991456730808
1.55272709938864927892 -3.95579378431432138186 3.80276618574393321381
-1.93503090870820670943 1.64694770549927227421 -0.08035404079438457359
0.92541206968137856848 -4.46715781662131572460 -2.33796566930112525995
-2.20224806732115396812 -2.24625629362576173520 1.29534774377794104083
4.45591944806045514582 -3.79049668458704891449 2.77272582483079865767
0.77624868320957940426 0.59936449518004764059 2.26947309507286298924
4.44144401757528139996 1.77181078208826114917 0.01087749587812858465
1.91211593887523800817 0.21322764660063775466 -3.32012805036601132969
-0.22027948187220758314 1.84820498409677558271 0.54903072083796367053
-0.86676352467725603645 -3.13726388515594978301 0.63009120866767265312
1.57452704012643263098 -1.79834456390803776316 0.79006863099834845343
-1.39033273694950398891 3.25300518622268963753 1.54281742065427351918
-0.83280666313317297522 2.24458182519278270917 -3.94754021046012359974
-2.54262615614787046425 -0.13168504816863269014 -1.72850758877940080538
-0.98586829372381679093 -0.70581263462072429959 1.30834331190135078060
2.69074930673806900217 1.16375449591935264948 -4.27110628451457952082
-0.38161662942612828431 3.29432995564515884723 -4.33365060027216930649
-4.53341366634963005566 3.16466733282069956346 -1.78061222996905854643
-3.08756175159126611263 -0.32032076928852770692 -3.31794174865354785098
-1.59885579352755025084 0.58321953154047090351 -1.38890954306841418742
3.39761785270448246621 -3.86104730865920808824 -1.63744575400681524613
-0.17911035484813275787 -2.80142017631734452365 -3.30655288923728374328
-3.57334974297098417750 4.32485584727395444560 1.74138095725491570676
3.32777148348860762894 -2.27201904399849530236 0.60726265801176548820
-1.03355475828280241046 -0.27398744303704347658 -4.48663986942988124440
-0.43786616784962362203 -2.23278521888525860462 0.68387561122067541675
4.46976937150415221112 1.27179777967190954513 3.00147412111959432934
-0.97555800956652172218 -3.40134504733001952204 -1.29549102634790314070
3.17845142084608855981 3.98565892837892921108 -1.17675879317903397947
1.80879452123292860932 4.07257745330515685822 4.12149615741842989536
-2.67207938707881531570 -3.16258638759384069772 -1.91664649683867693852
1.12020293308675356059 -3.46490993400448799022 -2.33949489418263345542
2.02814338888462852850 1.86208661990832879951 -0.53472253506131739442
-2.07296309394994793251 0.10888535179264735575 -2.72626680851954761309
3.73682671256765441825 1.22419695056000588096 -0.41596932673243980361
-1.79940381740527488574 -0.96712160098798527486 1.92346163463035235708
2.64856557589044516732 -2.43991308928970873637 4.38781875292678780198
-1.76867932718840048523 1.22231394760995915050 3.63973460957026073714
-1.92036913745298276623 -0.57447704791066556140 0.80908449560498141295
-2.86214506759582576478 0.86885629395888841486 2.50230919959702013955
-0.32459068061499873892 4.29891007801867974791 4.11324161390018527840
2.03651035973600613715 2.20395396493412309979 -2.15158799978530446140
-1.01300660765232297678 0.70230639318721266307 4.20868080148513090677
0.83469715475338013277 2.64222530050522319556 -2.20393362760179689630
-3.47960451156275984985 0.69127686479852368251 -4.13261608972491423231
0.58396950201470332331 0.06096235881831368886 3.22371397332568232486
2.45465453111671827457 0.89388447124937719934 3.77912785118148963903
4.06276234086815524194 3.08654991414032675578 0.84267552259542810589
2.18228757452606547673 2.75202296845880400866 0.01123798137436793354
2.33275754928872824934 -1.03537168097989429327 1.24507029107761368891
3.44968671442006336036 -1.71315183342372634456 2.47009894531118323613
-3.88511359332116645859 -1.45435227411353373839 2.48899348506876538778
4.25938803727729986548 -0.07085512780871283667 2.26437584697251992338
-4.14220706684473416459 -0.60985250278237224109 -0.22803596787482849351
-1.22394050975228507738 1.73462291217545061528 -2.52484855129367691262
-0.53058073800337091086 2.65395257875734191799 -0.74287105066500158657
-2.45598883181312332979 -3.18300386295861681418 3.50860074451903347637
-2.77535114529333792888 -2.14772320391513371618 3.59312605563216092008
2.20004811685971368718 -1.30426501738343691983 -2.36710552986585298640
-1.99399097703450500774 3.27616849263215570431 -2.37266422350294403643
3.45942909212512184070 -2.87181924640844776775 3.44876156623770313558
0.15220318055392834111 0.27732521018309075345 4.38357248113318487270
4.04343327649409456370 -2.12988914700543041647 -4.27378913800740267703
0.01688529964035279107 -1.81513751648101884228 -0.29237981903456233823
-1.11106853807846395199 2.90117748972323408196 0.46549126317811229114
2.43434225091988487577 3.61308654481720292750 -2.08191057310193095020
3.36327374829150027580 -2.39828384629652058280 -3.52764351695309441581
-1.37810517443293267803 -2.68316157257083398591 -0.66599554925960546825
2.57947695083315320375 0.90381181607918481546 2.59965410029082111265
2.01304081655513833482 -4.16282259550254174485 -2.98014136430142251299
-2.70658075395958208631 1.42291017035529687718 4.50076111762484121215
0.77094037804114812218 -2.51880775982615023878 0.65659746144471675677
-0.46986898032498025657 0.99834497310632563938 -0.59363978344873347126
2.48008576164830163435 -0.60806815549746850991 3.17511779058096887951
4.47845558903119123073 4.09972332552270746220 3.05604224693533321755
2.61795648183894957839 -2.15628116171968553516 1.66963013203946974983
-1.54597171007069178472 -3.31741829422094625102 4.17879871436020788877
3.58509881002769414948 -0.44349627595771767830 1.49215323078529493728
-0.70054269941058411320 -1.00304009025878304584 0.31961877684307893333
1.41945150102250750024 0.91937419034468259582 -4.13620339807736225879
0.78027035364648344995 -0.04438890712318954712 -3.72879726253267396174
0.68372134672130346900 3.96772767701280582031 3.20704708528120363553
-3.47364294817380114822 0.45476884892131153038 3.28487354037256906736
-0.38318037327064491393 -1.79619618679233816749 2.26831085569589685491
2.40235248328477979385 -1.51683193301196883596 0.00052582861962857663
2.70839230508268169473 1.58245605689580504105 -1.47867530867206653511
3.53796145898827685272 0.24178218752252345070 -0.30250293481188084144
1.19011245319284331146 -3.41395870926444944260 -0.96993061995856155733
-2.49398459385719339920 -1.68480865195665829859 -3.56930297513933725284
4.45652383379104488625 -1.70060510230427031075 -0.07675435873373359641
4.19341073093729743704 -1.04831916584280726568 1.99834238079827386514
4.21230133911081860987 -2.67856831891367885845 0.11838715784218578619
-1.28744239381691016888 -1.67156183224989440816 -2.91949843034993516966
3.14215352690084959164 3.46465967712074895957 0.22952944771231198473
-3.10181639872002046232 -2.76415076011381311005 1.32484715447576828495
4.48527211692744298688 1.03079837105973926015 -2.81948620007331340886
-1.95180863418921024532 -3.68043977349826745282 -3.48002682393209727962
-1.31667384265496245632 2.15163946900178437716 -1.34690340649809980889
-2.56582498120185409363 1.18847840396596549084 -0.91253690310731849777
1.09973572046255263501 -3.18906197608496455587 4.21357569201036863404


