47
2.46840626547605790364 -0.34813632469666533353 0.26853912137290869566
4.20296835541401403447 -2.52717460422476891679 -3.55557984636074086993
-2.78709415484877087721 3.49939991197955801994 0.10449176912491253688
2.60350678838727933595 1.36538710291620279946 -0.23340896843094771640
-4.26295981511894073179 -0.19124444199066914507 -1.97336443469449296373
-4.15671486963052760899 -2.01599192442436603301 -4.04431805691484047571
1.69086275482923831248 -3.88288227081192838241 -1.49503609449546104315
0.34055221634530585817 -1.46260575201425835346 -0.79243525942584103205
-2.14116962472176997068 2.46311928544782876571 0.80167683063273553756
2.73678297865853892290 -3.89285370803825481190 -2.13830528206484071774
0.87655826070808284811 2.02847281229974285566 3.52029069985907039353
4.24187683634361700769 -3.17459778467035036442 -4.44253159929344398904
-1.87828470095846356003 -1.46715562688566691918 0.90002254433270323375
2.45602918207377474147 0.92796440339688590626 0.78713980529724558721
-2.19066660541148028329 -1.28847800873194184845 -3.42093475846876060587
-3.07968649850332099049 -0.98489716834702845105 3.07486691473042750289
-0.36194596748223428762 -3.79214728121573552144 -1.31704255203058817614
-2.68592699548401547816 -4.09680093585621918351 -1.76224858583359544895
1.60489885082823224849 -3.93882323942334533484 -2.83572905405363551168
4.06540402446371995637 -0.80934975228612859866 -2.80003167778487460637
1.26111604865987469992 -0.45620651666134737212 -0.46474751846133788291
-3.51953579515962067248 2.28736253749847762151 2.34393727236477822373
-2.00667805058791604012 2.50921971057137938033 -0.83255037417636401642
-2.51404830665140632817 3.80278664717446890364 -0.94176911564342979943
1.15121881767038658495 -2.38096260694377948042 1.53040523249036564124
-2.50932921925996410550 -2.44512564733329762490 3.37745940751741802188
0.68819840107565521947 -0.21169035866311158856 -2.68261397482578578533
3.27332913228908228831 -2.70919639298220227275 -2.11277904982693787161
-1.43762376060155450119 3.19067733984757939680 -2.23328107210731596766
0.04993692422123086061 -0.22505852849383067849 2.82035122696778550733
2.24187944812572315101 4.25159024101952010000 -1.67493379763806826688
-2.90095389335138742481 1.09958930153090594928 0.59112953558364456086
1.40799934500293044692 2.51589759654916367282 1.07548683724139237938
-2.53204484239994531691 -1.25050959202599587528 1.83218338263043989400
3.51149979242816012714 -0.90734777052583748258 -4.14777860940681897262
-0.95226017777939908626 3.12969200158232041531 -0.62415507568403549854
-1.69136705122718300487 2.15594209413838466816 -1.76724751944459157471
-0.98210193586353389250 4.41000345420422146248 -0.80400345991583854754
0.61813373928439130367 -1.45058424877085556659 0.29597083365110243847
1.97224281134445167396 -1.93394096503829793221 -4.02991628014294800408
-3.86297275078615376387 -3.07309412944867732520 1.82233474685298713069
-1.87622730219457345413 -0.07768476002263202673 0.61430874340091623509
1.99379103457958617440 -2.65477287454848065451 2.02514018666215722675
2.59210092294563754223 -2.86665041954906385513 1.24213425231015595074
1.11016569767810402425 -2.89300598423220201028 2.78152456718872809205
-2.32041825974984750047 1.26893830029241883040 -1.35802362903365914093
2.28289911428190439580 -2.53796407193619755205 -2.80177745259107879860


