466
-0.19314676793395779697 -3.05464555232569168197 -0.01733074983862969987
4.11799160907815586796 4.25212344430240474225 -1.62554327567237022478
3.23994266862018687192 -3.57233191086896173516 2.62810453818690792360
-0.15011826789845983399 1.82493597435684851149 -3.67040809979662219220
1.46195957925139641276 -0.18623421053965927285 3.20486913397941641790
-2.58360105207176715680 -3.81819317493848231493 4.51293221657624155085
-1.18109824185973355526 -2.22460836965524233477 4.21700472680768978506
-1.12028521396166436119 0.33007880913693465885 -2.79016394831597969173
-3.29853478829387336546 3.86533710984975886760 2.89177825715515712801
-1.05931315666545522447 2.32942239605332268582 0.42337117701365123423
1.84459019833321935522 0.49070525422156574535 -0.72981603242444759161
1.59169006557521530709 1.71325191635046802929 -0.47164231312718385425
-2.55761772213992566449 3.32869300741316020975 0.95107832926648416816
-4.53468176818887602764 0.18710017035833370613 -4.44273885623589226412
-2.96368794801437340780 -3.95284118177786414350 -3.24659904653253184037
4.15408005831916593564 -3.82813207624195461776 -1.82704424937144249697
1.43543111545254031824 -1.77194934107749091368 -3.41230474483439216726
4.29282499562112018765 -3.30266742392467804734 -0.67080756285878617717
-0.28865701454367531653 -2.46571893413970855136 -4.10879861897695519701
-2.67676389368297673599 -4.11901525335050688881 -1.06531018270681787641
3.82470367196557159417 3.24322349610225746375 -1.92158079092578404357
-0.15802385660824391778 0.98615861447372399340 3.62555302373365773150
-4.09911730642703098226 4.10913730628652462684 2.08682492341217695753
0.74628833374500658238 0.43561305971989217056 -3.93481704342387716977
-1.27968042396073578004 2.83931696518263354534 1.54944790182317415628
-3.25039276916184816102 0.08294700068766669432 4.18689359399760530067
-2.68131250872249715655 2.14837384348314763827 -3.89829061519703312655
-0.33931691885408632459 -0.36149927821281213625 -3.07608090570453684975
0.46242678150959903860 3.64145128587675426246 -2.30940990131110179817
1.92589651311625420504 -2.37799500891368698063 -1.44598379001850840808
3.90856140575256905123 -3.25091521660057836129 1.77028164676394528243
-3.36017781434989126765 2.67634930394325110115 1.17217658877204566892
-0.39161445158387930832 -1.85755786207144613087 2.20446475950274756173
-1.46012773034699883112 -4.03452829230392584492 -3.53735669322231327527
2.60836961638176223488 -0.68179681558564109167 -0.13822271018087128880
-3.51383337836445130975 4.11428468342120279289 -3.39767341451219317960
-0.28263682821477598139 -3.50285366875874748516 -1.66006357431890894105
-2.76452686408090642090 -3.04006925267961891635 1.53158099771818267953
-3.39016143488787413673 2.56273687548450990192 -2.08427925315843998177
2.03959094521001205180 1.43422896317564330104 -3.72094532974980030104
0.58173844138727393016 3.66166068993503213136 0.92105149668710328825
-2.29654922194132060653 2.86863651707277345082 -1.80132067294455522344
-1.54586965259264630390 -3.90194065930473010795 3.71042527821818790557
-1.98678413426287825416 4.11972043991920156003 -0.85702221894211305653
1.17360958191210507096 2.90672965610555955607 0.46522897417568387368
-2.38247702555739548913 -2.87735060773952744384 -3.23521825914774519006
-4.27685618570544967554 0.64265435870688403242 -1.31169595779134739999
-4.24806423333055516167 -3.05828883954944341639 -2.27984235087405462394
-2.16069427205447439633 1.07256966521400531889 -3.11376783159707404280
3.14738765810830134484 -3.94610857375405776892 3.75207965763328576969
-1.86114017948962162663 2.10004189100068483498 -2.78032033047236692980
0.01806908229712078651 -3.71717383909777021600 -4.15299202787578813911
-3.67451699188026204013 2.54511001718197249488 3.55702369755003733331
1.72289695469278836271 -3.50569682093363610420 0.04426482661405994889
4.06631390301890771610 -1.13581039340502432111 3.17994017423394925714
1.95927230149934761272 -0.65635121859810574563 -3.69279196789253205679
3.06068904974909106187 -2.80843390725419217446 -3.21314959571608138589
3.37032707055584257461 -2.51259183662651519597 -1.13172024068716137180
-3.57276482310438492362 -3.85571984540810008824 -0.35246203079534854652
1.32453121708055032713 3.86535398165424037842 4.07794986920075341885
2.46874792748333948822 2.46159038936724616775 1.15420519527542975169
-3.55138252204178650473 0.91372762715282540569 2.61240649586131379323
3.46861181309172383891 3.25447899253367278760 -3.71969370273844868180
4.25722966531959645664 -0.76241435761513187686 -0.23871054690103399309
0.84179795078615260451 -0.32011724916952566389 -1.55864853368877431805
-4.04464035378591191261 -0.02046171612538749685 0.62645847009271893313
3.36216502823257901156 -0.74859698089829684875 -0.90939381072000324835
3.95859028146195601749 1.54042123895999960581 -1.46083085533886336549
3.23236005922814584324 3.46821468148846978607 -0.85451163128848595107
-3.41727956738217031329 -3.36932006572659226151 3.02676000601202499496
-1.56494127777241098798 -4.19436390253398982964 -1.31211035139859966137
2.23650873143413964073 2.52220581722342185316 -2.66146751224231037369
0.12528560044820036268 0.91152867189471908915 -1.19363527072573072374
-0.05852215932205417914 -0.17242395527008902434 3.59705001840005866853
-2.17420364079735417562 -3.32411006586064372570 2.97156563914696025819
3.42635326498062919853 2.28618400970763158142 -2.24529859973221590508
-1.17220345595778896453 2.20490358623866544718 -1.88039137482661100620
-0.55317686521083508921 3.21501173381274352181 -3.91877584828897340685
2.49451508325574522473 0.68158279382232045407 1.87454952287159493096
-2.80426028117877867984 2.82606752370529523688 3.00594832246594467762
-1.90907674899510215738 -2.17705659419402541843 -2.43651037770869649535
4.09125595921916751507 2.25562471738685577094 3.47039130046545007957
-3.75562529773677633571 4.52472406507192825842 -1.41090390057118941769
0.22703552095481072115 -0.90605752638533765264 -2.33708863871548944147
-3.94220366521525988901 -0.68246802599601918971 4.47089124719811170650
1.42548439675246818581 -1.65462740230898797122 1.82958541355597237299
1.65899095247111638685 3.33212431735418412870 1.30152857408785838089
-4.10854914731754305990 -1.48226001981001154206 3.61649704607945832180
-2.31288715624948082450 4.01784646952580981605 2.78150391417702547159
-2.78023567287093964495 3.62772151569523604309 3.88675790910706009385
-0.31770478659807199762 3.26822601867671380660 3.80396389645226218335
1.92434140260522479338 3.95959311648403744499 2.25964674194333792201
-4.40411085985650796459 -0.77074057076294533175 -1.48891470470230791179
0.73708775073948018530 -2.99968938802496420948 -1.72109032406743223120
-4.40378427792588222900 1.89328369271231355953 -3.54699163047581311758
-2.71494299418464857254 -3.53413668536961544930 -2.18857240834876209945
1.86077101457461591139 -0.51058511867632194736 -0.84036629109605165411
0.87067887525086540279 2.64887759615147455605 -3.17746885831609615636
-1.46215360808494532208 3.54514610872842883538 -2.51949062870002160608
-1.52918243412247889523 0.38806073121067896636 -1.66898890359278784246
0.73194569828359501429 -0.56721048939864093796 2.35830253081226182132
1.34099294016100323290 0.43172446880474169006 1.35801683417587426561
-3.25055194562591420748 0.07454474936056065815 0.00145096919290299553
-1.72633328062759350274 4.40366561199950634631 4.36968856690988882718
1.74578566393328937778 1.27262428577637898286 -2.38234188152572912145
-0.08191515989921693830 1.94938544269164371059 -1.47302830156050079680
2.47431479698289624736 -3.63319472487920736015 -2.33426736978224624863
1.99077878864860569053 0.22783892833779351150 4.25446964154758600074
0.26327771590978432670 3.89809631271275502939 -3.34099816560776741170
-2.16591600703673625716 0.62644215623768317869 -0.84928110261216360755
3.92325861279559173767 2.85818388348492469220 -2.93086349447726668416
0.76457756907166896099 0.43558581992365663638 -2.83818842712052754607
-3.55069822703440385325 2.88714977010816298275 2.24692956540420230027
3.04945376549990232462 -4.47439380133897923741 -4.39820894659507555247
0.96752149967631151384 3.49161574946165043087 2.59826829710679785279
-4.27829181751368992082 -3.61176008118490798893 0.26485724478272487659
2.44516435013281974165 -1.73489434342362791597 -4.41257411521489473216
2.45525107704240230788 0.16173663091502810119 3.15914008140332214225
2.81938215241960232760 2.55295951456523795287 -1.10181381967978531122
2.47560095327585560909 3.64266179948665236310 0.81427695016317613863
3.11587104358828526074 0.27463636980855099523 -0.55067158202529276068
-4.34575144348832953511 -1.93985400905734328703 -1.06465496321936781143
-1.18182621912496621519 -2.32128368160309594970 -3.25800741347975408857
1.01494447119283304204 -3.22658470944610709097 -4.12279438781386708968
-4.46571782352651780457 2.43678537623055024852 -1.37031792160944654313
2.61306119528709945854 -1.07905538171620873911 -1.59906081213657147444
1.51675227274361379415 -1.61852857697293117667 4.18466613392590058851
3.74290668846226903810 -2.70067724352239135754 3.28096736323966897686
4.15987904656910512102 3.87852031045984002589 2.83547891066082069500
-0.58330598032281466558 2.80117841141926415816 -1.07021098232014200136
0.94127594998978292296 -2.45725688060387037481 -0.77240354132541089172
1.70459028195048656329 4.44044254719486541916 0.28281089777767132176
3.30920669288143898257 2.30586055048098170772 2.48500856160393457372
-0.56340063801143180910 0.01779776290197343513 -1.11053355733022707241
-2.19394956134384466750 -0.60872369361696021528 0.80404201483670068029
2.69066267194981900701 -4.33824802662596198388 1.87504724874573014404
3.02892476915044106534 0.95150681883809529182 -1.48820667321354038748
3.10228096575251388600 -3.41316933002081857040 -0.64580710489492787474
-0.13128589606050677929 -4.17880099329237353345 -3.13405667624963291118
1.69304618450174881872 -2.79159069217902899851 1.14562642123158386909
1.53293997654354274829 3.29676360025947179366 -2.22519505129346750749
4.11318167632878850526 2.53656660636640562956 4.49220128929534734397
3.47197750009083261347 -1.46163361507198708011 -2.96865199537107926631
4.07789831590506945957 4.11240975459281354887 -3.90377421331322782549
1.78707362837011007883 4.43338795156380083284 1.38843661987685695891
-1.38739449821935423302 -2.27219491028055298187 -0.19245174606127601891
-1.14084896626099174810 -0.54616814483970888006 -0.35892480194638487490
-1.67931618947551442034 3.54143495381474604500 3.45645428473929872126
1.48650285058197972887 -1.44296969829028043364 -1.29589565265479089717
-0.23675971559678998801 4.07035346088267946385 -1.65388130151463119688
4.48826277311014987248 2.85858792209191747702 2.72696659960708309711
2.20589295823957698417 -2.56859108962930449138 0.14881279367522370904
0.30173957880979340729 4.41648949073400753917 -4.26850930102435199842
2.66227637575970277339 0.01810297856245668413 -1.48683912204714951955
-0.17224706728725713845 1.67721914661128224111 2.75318274554394193387
-1.75081910139823104799 2.77275542239739625217 -0.93970170107473327548
1.03565870492521572288 2.39637416686329629556 2.33079477030136050786
3.30164830582884860632 1.32584320831756308223 2.62289987470941010628
1.77857776704666914469 4.33477820884826936521 -1.91149307296559811675
1.38674988279763855559 -4.25117196526997531691 4.52132106056882054901
-2.95662783343382296053 -0.89565593890641670427 2.04740347533957756099
-0.26622645640167785785 0.89368527634095773493 -3.13920423286464878032
2.57915812720756765231 -0.53383959441924755396 -2.64874440688819046130
-1.91490565005155888301 0.16929356848000143287 0.20527060232497529313
-0.65935028681964125141 -3.19062720721679049518 4.02930182557573157709
2.86624532330311065920 -2.25041689593855309681 2.48546809088479836447
1.91836495284206964840 3.22565072124429175204 3.38222778887319019958
0.07983341120040510219 -0.90229105836380174566 -0.01848568871762967802
-3.87098498447908978548 -2.48672286323643731976 -3.05136229541685777278
-1.34064618724278572515 -2.66930501040776002597 2.23632108550432118221
2.28270755159387750410 -2.28201911267475576750 3.38409322025506487108
3.94373289114254443888 0.27942818446775774532 1.18081565008664579608
-3.10819972784884113182 -3.21040668841593568317 0.50175060891416922715
2.88321409504657744094 2.83994669942734478951 3.88872560893323093723
0.42589725621242191522 2.58474838413871843557 -2.26290174644654573655
4.45367751141701351258 1.40582385727199010717 -0.53040525090375734152
-3.65000408605700021880 1.03263213464490100080 -3.56555131285780468886
0.90677056041565240463 -2.77631408021178138767 0.17623972880456495460
-1.15397986068975555440 -1.48691314223687864882 1.42658306855537464486
-2.34678377004315130705 -0.91246651799257083582 4.51005070180871836527
1.08772889463190036707 -2.07527817363114186477 3.37217205301852018806
3.40970634647975412435 -1.72799673461164227106 -3.92088646480599489763
3.46131400931488819595 -4.40616943369118629903 -0.82802038899129648541
-3.52315671050533874009 3.11909144906200275216 -0.83132201475001066271
1.51083921285529587664 -3.05429088376484481060 3.08282053166414460321
-3.19759962547702247804 -0.33222380904826120940 1.16572520137548796271
4.17120332437821250693 0.63660711043751039284 -3.50893402833099221638
2.25466503767163839456 2.29448825493757180283 -0.01445290626990836103
-0.97217940099879207594 1.11739561587055202807 -1.08064492331941153225
-3.47867502845095710740 2.59485440403356726335 -3.52416643731443324228
-1.68696265056055061393 -1.55826213503899824175 -3.66286315100396331346
3.74097973254252291753 3.58101749213840658825 4.03452732534497027217
-0.99316510232060473129 -1.47446084474495275884 0.28931554627780631250
2.04160190379934025628 -0.43965909526672408703 0.59258280637360272181
3.96254428445644268919 2.53502364567795090977 -0.55040692965264792491
-0.08764927638275388233 -2.70810112281576431670 -2.34864223316678932818
-2.59759480104356565988 -1.90196227837544196149 3.15012647603843376487
-0.82601632622709963982 -0.39104209980542048442 0.94818049671690474156
3.17364545477916148997 0.12686945625407464178 3.99663209034041155832
-3.16014899659581871560 3.03281728053642751775 -4.42779192160173451498
1.47951297582030072419 -4.13826817113170619677 2.37251147599063560989
2.11171623906713357144 2.22112241425848999654 2.89990864520716051800
-4.26886232366145712547 2.35336122760646215823 -2.40368597772453718164
-1.07207383360622454660 -3.67722526337803490293 2.24602595871184984588
-4.45315315481797124875 4.40379953474681773429 -0.34930592814971639370
-1.73173483973515018874 0.77921364194006148551 4.44164580926026619778
0.82266464832274976970 1.57296288975624154460 -2.78043979683221387234
-3.29350197280582968062 -0.17045837424264220772 -3.88369940256454881933
3.25990016280568095652 4.06395674506924731162 -2.17117225243704359272
-0.84494984056163069397 -4.35305055441982258202 -2.10234982867023578734
1.27941706882194861095 1.35215994749664503161 1.72613681296480780958
-4.10752743495402850016 -2.44057086859590954830 2.89231707052489550591
-0.48305645125436491583 1.88073980397496764994 -0.29781383699646202246
-2.21185391686187493576 4.32455093883186858505 -2.03547430784078775545
4.06081360485879994116 -2.99541240323297852655 4.44053870837381747805
1.68789094993300903269 2.21556518754640396907 3.97181966275189157756
-0.83961170328495704496 4.29903647955270695746 -4.26238920769358564655
-0.39766918623476588124 0.05719363841213276345 -2.10214109499666079728
1.34933687358832532510 1.18627663068996813678 -4.46308081752039775836
0.80762509461191278604 -2.64946348750537996608 -3.23981294953219478572
4.32875037411244445451 2.07643336480573648117 0.77528580966133731067
0.22728380847105533746 -1.85674987608966457486 -1.92992601156356347047
3.85916183463351014638 -1.83862831427768780301 2.22506867513573158845
-2.14195508466681694415 2.91592518251490151471 -4.51536398322411525186
0.81224530094548619275 -4.47586252945663964908 -1.63489089715378721479
2.56652990695034244339 3.60941380637959152722 -2.91430744629512128441
4.38851342003937450187 1.18230285216222874567 3.07569217484424051179
-0.46706598286806499942 3.15190247864007933032 -2.61471875762441730018
-0.67982178673490878396 -4.40862854021176175934 0.73619334957128046426
-4.39988164179307794655 -0.14397372587412338163 -3.23684984613984827462
0.80403686365342252884 -4.23864225816664319524 -3.42785835286070383887
-1.44593844903599055840 -1.08851310370047293929 3.74718057433427542691
2.55266158674098520009 0.44701755310290991474 -3.94897036727025296798
-3.49799810428599844414 -4.34551921608308333589 1.36112971652671888023
-0.21763897713112267951 1.73630411298969189460 -2.60638596943897571379
4.23448654809873037408 -0.92902843351091890511 -3.66842799449727596794
0.32048622865228892920 3.92912765074081082872 3.66497139209292921436
0.75098265099274730261 -0.01254905265490524613 -0.55445233234916502241
0.95948968035742865368 1.49349540030392535783 3.66278833012886639864
-2.39713656517676199087 0.82643418378667377056 3.39999542854862379926
1.59227777260716685248 -1.20327404693471073927 2.67206176861922983790
-0.54586389740286822558 -4.25974737502687439417 -0.99909059669508248902
-2.96649501537909676685 1.30297456618410922857 -4.46905765078423922176
-2.45292858878177666426 1.00415390067844167987 0.93522495541799521845
-1.76286553110029187152 2.56095862941984631078 3.57747363985585220547
-3.14066074377615178648 1.91295404241980637750 -2.84881555618683801612
-3.18435749956580638198 -0.12431841162195134132 3.03744886314623130374
0.34621007939699577349 -4.37690536349454806242 2.95486532476676355685
-1.28408188907011533431 2.99623608606848446101 2.49711009865487465476
1.87406795639054379876 0.32557065777257854222 -3.30093175720965703590
2.39312657118576854742 4.48897257185577469585 -0.78953440923175399746
2.09950337762828631583 -2.94886298891484699425 -3.49218126887392354973
2.27137445647743074773 1.34963381223845235724 4.04324960869623861726
0.54365994110455240218 2.61434047467617691751 -4.17955246357999499196
0.37244036570765803873 -3.45533733688226396552 3.71280083509435332445
-1.53556274952731186545 3.44215131586440747924 0.13062703765155969649
-1.95721296509728981405 -3.76828154366303147427 -2.68650101029711274592
0.05948222256620550041 2.73332579549626419890 2.83467788520362251603
3.83295463535835256863 0.06523918528869554478 -1.33307022225892524148
-2.70645177460935837388 1.31584575290284266913 -1.94644620528225642531
-3.91993105523077067787 -3.27208526275755806623 -1.32840121438615899052
2.81632025736299151930 3.13376206686474834129 2.02456582192823208999
0.29929294656888227877 -1.16586366408099317837 1.58402892643017434438
4.32436212626557736627 0.28668900372792283093 -0.18692644305428185447
2.39692316927327286891 1.79997389539013763482 -1.70921070010063802513
-1.14066355193428226045 -0.28590015589796546891 -4.39246600237747752971
1.44412047902850115833 2.34903763501348183951 1.34633297906823923284
-3.96868680286145369962 2.25432511535435597949 -0.36836771466344053749
3.74595679217073485034 1.20074261418424033110 4.09579191130061825987
-2.09244896600414298504 -3.49536177321339236457 0.29539075939227021905
-2.78438726600599872896 -4.19752356204794718764 3.24574157388486295162
2.95810933391165331585 -2.64473498999492839800 -4.27123300039096864822
2.45612255134139090273 -4.33735533132999417916 2.84287731473672966587
0.38173971242589743724 -2.50019667400306344618 4.24428290175486377933
-3.17792143025753004437 -1.59136682346583713255 -2.82565500010925596541
1.26252527653285895326 -0.59148755017702825398 -4.50446992444605509576
-4.41690682735293549399 3.49799582582755075322 -1.08622878700840130861
0.51550266554714507805 -1.01172502839031963617 3.78290263431900708468
3.01972426407472394061 -0.70500177577147749020 2.62259545258584214622
1.67418935945418478894 1.54466492143114120239 0.51110100289396154238
-4.41576406760278228347 1.06752013819279056861 0.45765773833936052029
-4.05571716423130901319 0.72995316596405945830 3.80682495253794517254
-4.27095987886153860558 -4.43517159715599174064 3.30007454080786111206
-0.99804171760756155152 2.50900118745648992302 -3.25734932134469712395
-0.31882528617072747323 1.95622137088715231101 1.71344528078503888224
4.22240451965882446217 -3.47419183183051760722 2.71958343709266436861
-1.01210787263496859723 -3.26832225392001873843 0.57492812693447614691
-1.31838098428104721904 -3.31639562035800539164 -1.85103323997224178399
0.88534797546496246667 0.23947171872015360350 4.11628440852237797998
4.07100282008403180356 -3.03607745176062104875 -3.36540094330303807268
-3.90763841725671312588 2.21434106180215284354 -4.47920483751520936977
-4.01964668095847255103 1.88397755836288727238 2.68564384064178440781
-3.93830172260447541888 -1.33462271056083459086 1.36590291961008869492
1.50570038283852181138 -0.69909926472162808864 1.46275242746573397312
-4.13126446193344598612 -1.04624991078885898332 -2.73095446508119854556
4.12766967779545002060 -0.77440407532906707644 4.20735090081550122676
3.51689464800301987424 0.17781122587065478768 2.92233793988178813805
0.42807380419328389110 -3.60596630228643100224 2.45984116613837056065
-2.05898159564179872305 1.83304624255019543710 4.44236929408616720849
2.32799914001565166899 3.57164029103038327406 -1.44348637275172198002
-0.84461553909502784521 -1.58173059007741434456 -2.60183583621592751101
0.38907952516731292292 0.42608126142330249309 1.96419143305594001703
-2.59892408697959309549 3.91797641880038138851 -4.06712336268780383364
-4.35535141947776160976 -2.50863690839758612938 1.81829153506001262031
0.34608338521137849142 2.31356405647192442387 0.89638911950159805286
-4.04794379832444040090 -3.73957360416788553437 -3.11245406099930921329
-4.34738283757753407599 -2.78910562841756837216 0.85393907427811299726
1.81819136144060156113 -3.79843620086038935568 3.64971519812406786087
4.05225694151489346240 -1.96160044974273528595 -0.12188596786452254861
2.49995843188543975799 1.21217773971604803052 0.99684631269366619222
-0.60647658332980247664 0.12537360282434750758 1.88297674795407044002
1.74975282848846891426 -2.68143629030454055950 4.38168357124063501118
0.62914500992746358321 1.14098720519407859086 -0.04563074443701076177
-3.92396017996551682572 3.63045917973096532450 0.84799189081994263972
-0.89868619223016121822 1.18504804340484337644 -4.05121945280910544795
0.27150310153709877881 -1.52169495237459573289 -3.76052601492027482877
1.16136530756385969454 0.94591065363927295806 -1.59431520000170312557
3.57356846960892315934 1.10824824473585170637 0.46903431563512221203
1.73445766174318460884 -2.50830492633285917492 -2.74291609848176554110
4.00540483782605694074 -4.26626395460480267730 0.53104748662557010874
2.70983437402776328184 -1.95626317516984116196 -0.63172318320882725473
-3.26149180088998624782 1.51866248370799805656 3.42601480285299775375
-1.67100642609379512749 3.98333514646566211326 1.92653670180961800185
0.53904618934010883891 4.17992470671842308860 1.82497403722127682357
2.98275730949584971796 -0.50291764164412011695 -3.98360500545709639297
-3.99363136954042108329 -3.54856600425815749134 2.04323901485953918211
1.42155113303006164216 2.87830636326743505293 -0.82088427789628770626
0.52088109368897139717 3.38932043967352214509 -0.85963121891747906744
-1.53331104227809023044 -0.47532828976927365972 -2.30174915595172846494
-3.72714046929255227170 -1.39432455867435667329 2.47011890371719911030
-0.25238156349181029015 -2.94866160704792612535 1.99485308613590195392
-4.52751514215165595800 3.19942193292395327120 -3.61412067439390893853
-0.81284424869074678455 -0.85204827858369291960 2.16885772996566217330
3.14526412183970549563 4.17503913382799485277 3.34146262717815467624
3.42653512958276973421 -0.24886343536381350106 0.42884839068335534051
-3.02406517640628713650 3.70813269317658278368 -1.92214869718116654340
-4.32133830590318090970 3.27312834080307535345 -0.14029115463117136642
1.34770374658115876798 3.51514230911473557484 -3.63832725094285569511
-1.50126535464500943107 0.68340632138581902666 1.50660386317239325393
1.44785192176337496051 4.29592777555876903506 3.15501481131929484292
-3.76192857685403048151 0.97111082471788900961 -0.46390677257933443656
4.02440111757830276673 -3.87398542326953299053 -3.88213212775213811767
1.88924975409189510600 4.32236949049405705381 -3.69445517924197064374
0.97624699626218536253 -3.58942935149340813794 -0.75883176519238126900
1.15367095765099225702 -0.96767890712287041310 0.25894517450151521842
1.28933669107635662243 -3.52251204014973007261 -2.99619331868262372964
3.93854283296837248685 4.06107345075723724648 1.19588866602921140014
-2.75116367632211522576 3.76645703955499566717 1.86237462719411528411
-2.17570652057113367306 -1.49040549288437063069 -1.85973310144382919518
-4.27868229789011600417 -3.20145459130628218247 3.70341781753669341271
-3.40297191837460388797 -4.35508880626985828144 -2.38831898605489811871
-0.73773804613870641589 3.94615806246139033675 -0.45027082991826450353
3.39406767509419449169 1.67438076864864893167 -0.73113394897353689572
-3.72197753179752188757 1.71739895818719201515 -1.25640247210869926420
4.06127417974242543863 -1.97239042545790521643 4.03955533690461887630
-3.00403250594703896681 -2.38208281399861121486 -1.80523735304939858537
-1.67725157598020135907 -4.28026303975205735242 2.71450426587001025780
-2.40324798492270952366 -2.34247379913158582099 0.47482867766176184432
3.68195483895051989265 3.99075104584861239942 -0.06340683506979694073
1.39392062627205959302 2.11995969259385486083 -1.65448165072137731713
3.39960115272090401817 2.41644042443958628752 1.54912292588665234661
-3.54831103383491530678 -2.11656146108303877540 0.50001412096180963829
4.10635138650568176644 -4.27434581836878102479 1.99001074677973921467
-0.34833882687420381075 3.62296609730623675460 1.99050896077739736256
-0.71581134163294724004 -1.13936137658904668157 -3.91375570453596921539
-1.45207113493105310909 -4.11871298972501342917 1.32290606213268624458
-0.95585290562339153553 4.20766597210860826550 -3.29439691865148809313
-3.18249499968900151359 4.14338638749985310739 -0.04852071753082931593
-3.09085323163788849854 1.54117206900945014070 0.15774294524293708264
-2.96148845522591530610 -0.69613424529514489336 -0.61151356488089270158
2.66248406945185855932 0.50344750517678882318 -2.64879595666254408215
3.75013730232195197090 -3.26767963900180058445 0.53210773692815660496
4.39426578934463041293 -2.28802281463373047288 -3.99396079903257739119
-3.99041344067610737056 3.23141045402337034886 -2.80986726809671560900
-0.34781793299675900499 0.37235008163303184858 -4.25598446426657694985
-3.99834989526575679264 0.85717470146445862156 -2.55276910709540194588
-0.61637371122352035968 3.53238616541216554623 0.98712752948150050969
3.13233771017497897304 -1.61238377343252148322 3.81397672874736404225
-2.99502911216756695367 -1.55946366844642270166 4.17945762615187188516
0.51838787859724000384 2.33360232235265296907 -0.58276076005240096123
0.34625197209533720155 0.07542816719337963605 0.65655683626205885162
-3.42364742133551569481 -2.72747498901833829166 -0.46792155769278220845
-1.49518593624623274962 3.50000183003330089804 -1.53470790374510546172
0.37858651485096483924 -1.83804036602346743123 0.37766306992003695342
2.52119933433672382961 -1.69937608732554279456 1.43793445262110797245
-3.71352854490189221437 0.79335242163150443417 1.59819484776387366054
-0.63483811309606164031 4.18906730058269882733 2.80677034455749474517
-1.63277957569084453127 3.34615631545845371164 -3.63067343520441632165
-2.31686176586630931951 -3.15100179379996214735 -0.76021273601457206581
-4.24483225558992316451 -0.48065049460151509919 2.71530903016655766891
1.19597940612064679300 -1.21581726037944370944 -2.43832421012307110075
2.42658011237900428370 0.56811678158315181975 0.28444527996839052975
-3.93624159445041943428 -1.49954767271539424200 -3.65006393282658780919
0.78270038413318676618 2.92969593624048751934 3.63021884760371360557
-3.04686741518587123068 1.66178683050293418688 1.92350831283185286225
0.77570385910507333449 4.25892224062246871341 0.06703613048932055563
3.45488525007935542988 4.11345133609100255256 2.22568357970839247884
4.23454599381199781050 -0.89753946571833509438 0.98626361344000468279
0.18493250157958840418 -0.59820150229392643482 -4.42672905784385317673
-2.26962560067303398270 -0.29860340941813934279 3.51340725176650625627
1.18037881306614078625 4.15279869111237953661 -2.87664203593389489200
-1.63030008558988415146 -3.07041268860913074690 1.40037464468054384525
0.38269742393024852589 -1.21584545497165308348 -1.06285791320585953912
-1.28083148561507442764 -2.90214330673273623873 -4.10601047439806876582
-1.73701347922845883431 -0.53179414670321190073 -1.26982238230552990643
4.35323356043884768241 -1.83323864843117423362 -2.04403096357991120868
0.59800215356883601459 -3.69911056895339296346 0.25920637866932239035
-1.17537845857369660507 -3.51196446245720750312 -0.47155820449921836968
-1.18008370957574904025 0.21865880534018700132 3.69965542941805036747
2.48067830782556697500 -1.91983069786998505890 -3.27958174045627259829
-1.12626288130337615101 0.94059992500109768088 2.62502631461929603063
-3.93342545166375456844 -4.32605837234124912527 -4.22660498832565956207
-1.16276489407058214454 -1.27601655609753628084 -1.63598602777283552712
-2.60049868705617859277 0.67664243292378856154 1.90085037782211863089
4.22313834393857856497 4.35643680236146213502 -2.82910435589397035727
2.25556580178246424140 4.10535095643665126630 4.07523063604294843998
2.13374002538674645280 3.27773547217697025502 -0.14561791707628302106
-3.72445771220491028686 -0.12512229033580535287 -2.04086920887257772250
-2.92611324602213551671 3.36517453012386535960 -3.00560362745718645527
-1.03536644591005622118 1.56739300223090527453 3.88504477524036406777
-0.39135718031365307468 -2.72897237461214237086 3.09283142986355752413
2.24757778841630972977 2.54761112024894664785 -4.13857339162775872410
0.91561587525393672848 -0.65907308590098656609 -3.60049569545948155991
-2.30171117389805601761 -2.60663609495507220259 4.05455197002626999137
3.16535810525716687636 2.20413021032476574845 0.36751186087209841702
-0.56139247559171367996 0.54210232158142623859 -0.13042044095490279432
-3.13189917979599252718 -3.02479380486054827415 -4.01465531369483663582
-3.39008831819034206490 -2.48235921370105838690 3.72159184129177678102
-0.23556094079797507135 2.25302867195554856750 3.72930089014257415414
3.37181179284385112993 1.38013532515515180421 -3.72731568356717790635
1.45472381646889825646 3.88602800485782839957 -0.77919025557854748598
-2.91993620866584446816 -1.55705458414689701385 1.06313742390704213392
-0.51951785405765882331 -2.66877894700975426545 -0.86016233919615459058
1.60818784436349471179 -0.18000988338999412974 -2.29234644453608238379
-1.80725073241048050932 -1.40268912955809232912 2.62333008492641361897
2.77873003231443416183 -2.35907233568734531204 -2.05134156276748358394
3.55643310088523367796 -0.60677144474529143281 -2.16900419140509370663
1.58615068838302786247 -1.84671151299348457187 -0.20941182550457515532
-1.91914657713979108777 -1.37262264381616727604 0.05256052315229453598
-0.33148969213344781082 -4.37984297634733898974 3.99339137728670667826
3.70556641264672936842 -0.20346660414312101040 -3.30110671884260664655
-3.84696335279189671752 -1.12073942253307112793 0.38524280310681735529
-2.14583369935344414614 -2.18111941924676910887 1.69458145540133031659
3.57909229084719537894 -2.04304349454928901864 1.16177514815776650181
-4.47098037170486151126 1.24448575340862443994 -4.37002551739992917135
2.39909389917341719922 -3.56974606038978947709 -4.47348516635630932825
0.52576406362898886471 2.97404698780262499724 1.70918574214163410119
-2.69275276871793378675 -4.16351087016884147118 2.04520236696032231549
-0.91289671545562089960 -3.38365759808096866479 -3.00625755559578022869
-0.53875812503185294133 0.60786825794944476797 1.10277309689429170447
0.22894173099664616444 -3.14252836888471698273 1.06375030293887373745
2.69683660292045512819 -0.31249746864227478937 1.51168081379979479806
2.34010369206990898050 -0.89409667103308620995 4.00124956056381986258
0.97885682261098683199 -3.77608101457757516783 1.37273752766341150533
-1.50076284718225583248 -0.21127622032271275998 2.62156699713628160708
2.08204281244201183654 -2.82396356319818586655 2.12651480252127189630
-3.06715370980276968993 -2.30130137904380260849 2.19695330640766339769
-3.92927580423517408548 3.72362011720597951836 4.39505447025859208310
1.74873226062856534924 0.00470403693695420344 2.17272422540748255670
-0.19125719629052007065 -4.00703272446592251299 1.59962920443286016337
2.05433802346677563122 -3.36595354020036330311 -1.23763150354788065144
2.78277786800839166403 -4.10824690630839128858 -3.42711071384245302696
4.13552450396593851423 -3.93436898163916648485 4.15641348622167416949
0.76682803253669984400 -2.72389947219360228914 1.86131329875336870572
-2.49544573558276816527 2.55559690066019662424 1.99788130848912626192
-1.62131322695683000035 1.67431127718761008083 -0.32685675403640956915


