258
-4.05160713531644578467 -1.45430663106585456035 4.47834911629261345212
3.85132286153022374009 2.78446003717727563753 -4.06986326994800950985
2.69613720514307697584 -3.22840629736613848877 0.10905482565763602310
3.52590777364061036536 0.61039845030415307292 -0.68749192897469058039
4.17848933432686475697 2.68496739465632483501 3.61649745829277247111
4.26742739870420262349 -2.32078699438156776935 3.45974546083588219147
-2.00051268978476626259 2.43335405744095378822 2.53469850517164196901
0.38022138901600666117 4.49624107399325989576 1.67191374017390348428
-3.87564936219130773409 1.26784309141738216198 1.24354424636951588212
2.55405080833821962472 1.02324681154982410902 -2.36270563201224792493
0.88295308862073618172 1.63236336094740774882 -1.09031526410743317967
-4.45875286933384717969 -3.99891236946606287717 0.18961538167325908688
-2.16066379266486796595 -3.67552103007804831236 1.09379367709669050868
1.08250351397232247308 2.14970587186214512343 1.03178418316665876375
0.75222728370195834913 -1.88794339870102101386 4.28670222959534807927
3.61910708354430088463 -3.48318096440427016347 -1.40947274593254601172
1.03224461058854544149 3.35154531203345396051 3.73156934786565397388
2.21879011283953353484 -0.07632305218909074540 4.47554729732296063816
-3.99037836245316990258 -2.52074910240351535151 1.92978365152037678598
0.33454601657502358592 3.47473080203231265983 -2.32733926372171806563
4.46494259792454872837 0.75465457065312513407 -3.79448696338482083235
-3.37394864615820200271 1.69420953053816081280 -2.14657115299787504270
2.33565533933893210161 2.58937434166915370071 -3.48655943412016489091
-2.82969962345398284853 -2.13723592109854676480 2.07070165703781672306
4.12360166581564069332 -2.67314104292650478456 2.30102535495018489797
4.17865152365012360036 3.36821759348922444843 -1.99309424761703546380
1.05134228078767133496 0.30020749752107356301 -1.87392751456966077939
-1.05382544658380838953 -2.96877160039834731009 -1.11569647027450002952
2.59754092524029900346 -4.05838412726134301067 -0.85806770422813460897
-1.55184536984097221080 -0.53305149703151677443 -0.21975357647451509990
0.25384491599259639827 2.68881524535003624266 -3.60279935422905372988
3.15379169399015424347 1.76605326783292060355 2.97994719711805000628
0.49371200998159103790 -2.12625217982574943321 -1.46358703248133670272
-1.56605383126630304247 -3.19511343541358927567 0.12436753652725052177
-0.59074841385627063772 3.80291880361298506585 -0.55218449132174818317
-1.28116121626538070899 -1.71428250497581879941 -0.72133396907752711513
4.24282388950271549533 -1.58542333322378592442 -1.91768781248645359128
-1.71650337601367564133 0.40806656078104364127 -1.88035454660372458591
1.35218864902910329562 0.60710775935404370784 -0.99877898461230651961
0.26612988294594863703 3.34764925163638249472 -4.40733044779453386752
-2.10396334226959647040 1.42495632351485301825 -1.90042179823132517669
-2.74795246369931112085 -1.51538197960508469464 -2.18679666287246421419
-3.09370151521349256996 2.16030358950216427871 4.34352218806755541181
3.59322876240225408395 -1.05512805490779371098 -0.04356501281326075059
-0.44308395006296485974 -0.36541745287715077239 -1.47054882634770844874
1.63935469608684147858 0.20675255893248056793 0.41596428262390450215
-1.07275249600237021497 2.94629265903354031764 -0.69867787757208077437
1.90076056823954520070 1.63636108994041773457 -3.03248872286148429822
1.08267574391583210058 -2.41276346190484813903 0.17252489013554228592
4.48279424567398532275 -2.51004448898772025700 -3.84729196938361983626
2.09813355753219621391 -0.25618506971482624124 -2.76910653003932205607
-3.50215817242350002658 4.37901331196769572074 -0.28965559775419080779
3.29493975942905592547 -1.72164503891597231444 1.72303337449587257169
2.49929402197589922707 4.10872212333951214447 -1.83182290430024652395
-3.09669083383868803949 1.92175705238696181709 2.52160176623955756270
4.09714112324917234531 1.70381067799165375476 1.32750355315001034029
2.41231877302844033295 3.53708677726152398435 -3.04065678013288920312
3.12680260859870085000 1.20920710839094169842 -3.20407620790851810355
1.80193516866967051726 2.75050269380777034911 1.83721551200460186948
3.81470341038065452466 -2.53271345164664918315 1.04708894858633350111
-3.37854226280688818562 -2.75805237127873503766 -3.79204395382480718979
2.80550172553429710831 1.78430457384768992313 -0.96387283639892373799
-3.73135624751739314320 -4.18417912669619251886 0.89262955482248340644
-2.11779205187673857935 -1.28073326527385855655 1.73804256999930206717
-1.67391155286309123440 2.92183796908466408837 -3.42478430671841049815
-4.10056544201581285591 0.80102673673360147433 -2.47126977046977414076
-0.99652975950240918479 0.28662607568837916716 -0.40393111355341115853
1.77280914538151890270 -1.30562820658763367732 2.88677412707687075510
1.34292150615938243874 -1.08723177231647083474 1.83121085006768158365
1.89556126273353697798 0.91467730919285816782 4.39092882308356191601
3.59359030040117044535 -4.21335806624440589729 3.69053484721787850020
-3.01951248230562629971 -2.66505942700637588061 -0.81434058119484564742
3.63692322482240815162 -3.27760822106829774469 4.41186362133877008063
-1.61251683688227931412 2.93189182493431577115 -2.07468266928703481966
1.37438176797606637081 0.80813177534894897747 -2.94226567156758633814
-1.95284704737795955509 -4.49032346367563750533 1.99941707767919130134
-1.08888325963121168627 1.49201313655639200562 1.60230310405492026860
2.98008548091436420435 -1.13204303477637635567 -1.61776221908422179752
-1.67763016218976712679 3.40899496788332623254 0.88128533872815761896
3.61223141139346015649 0.72540803614038829039 -4.46044945232227885157
2.49601307073582123763 -1.19542764765257425452 1.72105329023065767302
-3.63096445015132740508 0.46879926176617914280 3.13775631899197460228
1.16434337135807464136 -0.69174167964423549648 0.18630208958509619777
0.55050803505871837018 -3.52032651941556773423 0.74794420575587317046
-2.76487509700269074031 0.38960545911008637177 -1.04243696904187510555
2.45724803895592902592 0.11080957115317069395 -0.46197064823939637535
-0.79018768757013768678 1.70841477236689165409 -1.19000449811179231929
-2.12587689961249104442 -2.06235043819879626525 0.96947924484922065602
-1.58389272876726927564 -0.84808996774414113773 -1.27040091740054661429
4.16273971373866036316 -0.10381849756602967716 -0.18380126086641457306
3.25812342100476204365 -0.38057857212148071824 1.35684749221388134544
-2.17518336535340450766 -1.87676105303762064125 -0.11930424795051663978
-3.59403732560411448560 1.49809950318633866573 -3.42860520621065756330
-2.80663939653313265765 -0.68395941483010380679 2.18261843893162410524
-2.68015188644138468987 3.43273066231718981811 1.96481099208788112520
-2.63935147771236788827 3.85586288645872610203 -0.90508526647973663870
1.09911733147686963008 -4.09963298043959678552 -0.51334503406412768101
3.00717356994836482187 1.51046450715237501328 4.17634319137513454478
0.43463267112472703246 3.26027832576200538028 -0.14547015885163450122
-3.78884324620400692041 -4.08500103059866148669 -1.40323107876537367389
1.44263437934621219227 2.55245977047557559558 -4.48304690481506895594
4.43886057054772020791 -4.00214984627788528115 3.01136239587973353338
-0.33350009105519351493 -4.12719399879349246874 0.54694626871114149225
3.30676084019443816686 -2.37806462297030796194 -0.19846764453965448638
-3.39409442763846724844 -2.03205792643498828198 0.70397567681970407705
-4.48592131504484292748 -0.39875295315916670091 1.74321175011182116776
-3.85555534660581455952 -0.67293072945284393427 -2.92010371482747643768
0.00803015910528426247 0.20097692105222275671 1.75282373347581721390
4.24653594779763476907 -4.24210656437838196098 -0.75363495939777624955
3.03397137631034485850 4.24366088312968070539 2.97578593071802277592
-1.76702794780151251075 0.26633440885693993039 0.45963990561392886747
0.33491256553729620293 1.28001572589358847409 1.91692583231454438675
4.33484149076559699409 -4.20480334392170629343 -2.27553995109481688175
-3.51463523516100595501 3.74858001322609712958 -2.08914508308167112816
2.48814192005009893194 1.62893511956534631224 -3.94264473441600138415
-2.71239214172741194275 2.97648134546388121180 -3.92333053333368342308
-0.40824689633033717229 1.52370960169863067790 -2.80643103966076079558
1.01961758994670681489 1.40372705554415144746 4.47617534118555138178
1.56935553887550227614 -0.22642397736617780879 -3.66309198377246048040
0.58343397207572866847 4.08098026061188523528 -0.82902409406753285737
-3.19387143909482151827 0.20067491306721585431 -3.03580780867948751833
0.68285171239517961084 2.09234382706279564701 -2.70606565141203381231
0.57541163298896425005 4.36677130048766581893 -2.76934569084008641582
2.76371099912637685492 0.53002233607896176437 2.28335974287383525194
2.25471370973372930990 -2.51345749098418735912 -4.12520019785671632206
2.26515738743473438177 -0.80827335976082892444 0.34853251558128306442
2.09735596827985570911 4.37892212827733562364 -3.94215229808504963316
3.16465091152245925343 -1.00930361622887287965 2.67288516354539495978
-3.20594725745081099433 -3.84040376850905795791 1.89236928401907267272
-2.80898307989716089494 2.58536736446801285183 -2.70265642890219170980
-2.23428470783779209441 0.00463173421008633568 1.37679543645872026758
-2.61860419455914117393 0.54781179740586072313 2.53790567865286131877
3.57443813104924057455 -2.38290104081244313861 -2.12610821289874429851
0.00355405446221013221 -1.15869408549914965079 0.77768354585461096917
-2.55597181907470449858 -3.01059247203747437638 -4.46242746013869151511
0.11301497965950879632 0.86662227028119609429 -1.51379619890677341587
-3.98919357491403925309 -0.33868284913743806896 -3.98676755194503229518
0.12008796133283539120 -0.66228230886749761552 2.67369123171378841874
1.93682354223861796783 -0.22126507042820087179 2.35039192289428822136
-0.37496858264412580297 2.39969389444693703695 -2.15495292593362552935
1.32087856377041124034 3.09903639997922386584 -3.63640637489273865768
1.09617846951393449473 2.23773221098792429729 3.39566008657661466685
-1.32325621641682644736 3.90696824908871942483 -2.47424461967235576054
-3.57255661664685764123 -0.81571148547654370731 2.99010041533260828572
-2.13484181130180461494 4.49768735561564536596 -2.90505662675220666102
2.60399498546120344855 3.88998486302004398141 1.63145236137755045291
0.69418786675663302077 1.29018472275121087733 0.26802993173189726406
1.49722112208932944810 -0.77042854765237134274 4.10801418499136072882
4.37703944850794979260 0.06392801249292734411 -2.87204332549899721272
-0.68336437290480045448 -4.44099797487668368490 1.89214983637879097245
4.19369488278387425595 -1.07480978816869843229 2.48575403635588987328
-0.52570884291395092447 3.33796864406495874533 -1.50171974192461066266
4.26408333772339442902 -0.67444808354654384175 -1.18740706468932710749
-2.59283135915932883009 -1.93306036633049194151 3.28587986058079017937
0.94705420055919109501 4.40083614461483474400 0.55540901179370916196
2.10156095018669475394 0.20678966023991218748 -1.64630517213712668223
-1.04002094057816485417 1.74565151971357135352 2.71705602722778039038
-3.14551125006412179985 -3.00076805312492567168 1.11685341356489509224
1.55076179339111508426 1.24873105673020123874 -1.87362089530053577136
2.50810694690423741093 -3.38290979200625896439 -2.48077449455215370833
1.92280227346704002400 0.47709578360324567115 3.26924341946097118949
2.92883401446051028216 -4.29905081588571391649 -3.27368873387655057172
-1.31169951660385386560 -0.55560562434871485493 -3.80057734594955665131
-2.41073467954630205057 1.77321038913504747114 1.30715937265535675493
0.32681328041951385188 -3.49788045939529457229 1.91098362467262550268
-2.69259389696142381609 -0.60945769266494709271 -0.60161352791925004624
2.82196969920430085210 -2.35782068432938451963 3.50203386693190221735
1.14336254776141466039 1.14317735782109153320 3.42609153816715750196
4.48689434639872519739 1.67370200567663740543 -2.61457465245878983851
1.45187552011867726520 -4.14229341138440876335 1.50395950666991140565
-2.98320935050911328901 -3.37393717803613313322 -2.93223587775239469266
-3.69932649842867578016 4.09757845895951167137 1.61813261016479703613
4.45737657901460249121 -1.48695815049832180677 1.41794786160220720461
-1.68926468589041789414 -2.85210123386263703082 1.46551146328934844831
2.55406109269148640095 -1.10840280039555239000 -3.25009412647955731046
2.12143638292833802694 -1.36507716840219472942 -0.90671409366675037589
1.12478236289944888426 2.01372523284408178057 2.28471280335560589236
1.66500423122824781075 3.42707736651776162518 0.13871942296028105801
-3.98781697989314576347 0.40909734245110040973 -1.54542067482948386470
4.05963534696413486103 1.63995817352923101140 3.92473734118296579965
1.13171957270080980607 3.29683759217472793779 -1.40013263907736007496
3.32370097070227910052 1.43242260947101129887 0.17581037438846713883
-3.85225215394322928475 0.86176914996468045871 2.21113284333573112406
-2.76956134059896363908 3.53925636165322021753 0.56771353386962175591
3.46135344608477790729 3.91511975611611529047 -3.87147995300966707433
3.98562240482729190916 -3.29192212120650262719 -2.93790630210340619755
-2.29761771616559684617 -1.11502699583213482626 0.59967717152542565628
0.07966522633512251872 2.06468959633932769293 2.75810170074427496445
0.69626385066559848269 0.16295337176942403801 2.91763385050551438127
1.83490488996720291226 -3.73277878941124408030 0.08582683604334295779
-0.27919974616915421706 -3.36848907629661464824 -0.46784963450287797571
1.29374999653560518453 0.34360212140728307872 1.57574550615079012061
1.67292340126715455284 2.05792507347349040714 0.14800125829005139622
-1.38809530341596865100 -0.51414769876167820684 1.04615741243510740333
2.89598014140783543979 -3.77211467202198580395 1.31321860719327165867
1.94767129017567164340 -0.98247404502548363325 -1.97190462991049386687
3.44898399195572569198 0.36646494817205965688 0.60470756379167944772
3.67005602628659044484 -0.78367052747627674592 -3.02011362861666654567
-1.44451627189579889787 1.28164027526567103621 0.43358522214868777667
4.06162206856263718890 0.36351061507754511837 3.15051087326744028161
1.97267826511916233301 1.85928772455277613318 3.78717479285427760516
-3.16650774972630477677 0.24575923310269853772 0.08668857088295833790
-3.60313436907208206605 -1.36740227431025829219 2.02204206748953119188
-0.11915358006303300442 2.23320693449945117948 4.25792429546763795400
2.08400842764317939526 1.49452515544247166446 2.77670050992166306258
3.49948901189859906680 -4.06829526486822512510 0.17088025444436638622
1.56653921735062162668 2.92007912435214311841 2.80941421348270470304
-2.94405162446400225917 0.66035240381341786531 -4.18118126426546954377
-3.80735248886938260071 -4.12809496635601291814 -3.01340092942405668452
-4.36084363644038397467 0.23165350814836749294 4.16541573268389608842
2.72216820801321901513 -3.00979420288243249004 -1.57654660865322737706
2.31825941656125156243 -4.20118657203312295678 3.31436856528587409088
3.71831816876036125308 0.04375653006774360421 -1.91101447122230050368
-3.91861499688327530322 -3.08853568085961072143 4.36901936792186074143
-3.78678461467695104403 -0.65103928068116445615 -1.60561281548180678769
-1.91390872923862209731 2.03217316498186040263 -3.12097073799199264954
2.36122123054144861243 3.38058463457289004594 -4.30442804045674787261
-1.97042318088205803406 -2.73745619812195428722 2.41404544604990434209
3.48214379985233346559 -2.03992800246513361628 -3.89778591009090824571
-4.01407738286809046002 2.71725526092003999423 -2.50789047265661624309
-2.47697226765688549577 -0.87143091792616189650 4.40716775932568527452
-0.15166852851274192915 3.92247438819434801616 0.61777573055677947877
-3.86591800310745714597 2.97025119517923119616 -1.26570281715252130894
-0.72731685695786918444 -1.21317208143748400673 2.13599312699661236792
-4.20471922038985912451 3.59132807440416979006 -0.49378412641337643407
-3.84565270836759642847 -1.69023705978908189707 3.42611203425570476355
-0.57618037643536057502 0.92852927119520778376 2.31325770880384151695
-3.17505687527778812651 3.25197503980856961192 4.16727528180506379130
-4.14275535749259926632 3.79485037061808494485 0.56065739370078127024
2.42931226240457931453 -2.49523687607736999183 1.65044254959390013227
-2.93196527181893484837 -4.50303039089140266782 -2.07022471584949618872
-2.04145601314427560524 4.06601406152829891738 -0.04050672304402613833
2.19197698303652810381 4.35642349058985711707 0.52149942666303683581
-3.00466927674809047843 1.32280204972211290482 3.46573160701148719198
-2.19684399930430318548 1.50445090595615571516 2.94364094792846930915
-2.71617138630066623506 3.72548939997866934704 3.38766705739493811933
4.16929131514454365259 -4.38577025270676301716 -3.39330067124635048614
2.87563448476075311788 2.59913837586321250228 1.95203794914701322938
-2.28368198244130216068 2.99143798546934647220 -0.30032201132954483569
1.86811787741478951830 2.40917546268436932877 -1.29671176459737447217
3.07356445976178171975 0.78898160963771246657 3.40737614387039489117
2.03830170770951824011 -3.46823643993913899308 2.32399959853639703766
-3.97982215745173162347 4.29696658697803623994 3.76053972471392494725
3.77852001240264545601 0.81230135350392451699 2.25902540179596744707
-4.43326148068134084923 -2.67017343591861244789 -2.10912397101593152016
-4.19668590461910451239 -0.12302120458159748750 0.61553647302419900456
1.59858864238112996503 -4.48804332558042506918 -2.44209365281972834438
2.97882889535923034430 -3.20218016603003130527 2.51510465848815645273
3.20073846097496872432 0.21675339603488108509 -3.21714823646023040382
0.22002897225394679737 2.57557341965297847963 1.73105927820784355475
4.36862356354571179651 -4.20318927404507913792 -4.49767559088624846453
1.35614974217731987238 4.12339982530278614803 2.56547637896218727604
1.76399357064831363573 4.24104789799856529697 -0.99427607749932533920
-0.77123627103806047245 -2.48500849532307466205 1.87792489528428507839
3.34338374050288855699 1.70243689537153830571 -1.91815994981147319720
0.40535311884759472889 0.78088281264762038347 -2.49278242269302685585
0.02697348177805913849 3.27423805671413070684 3.36911119849624718370
-0.82293880159990795420 -1.91630144748537745159 0.35667711371930366226


