482
2.26299722495329014293 -0.76703598530342809170 2.63706567372226974300
-1.49697137086885501134 1.56226173652377564594 2.34781544484334503409
4.03306449660372035027 -2.18945898302468711094 -2.55014361312424053807
-0.45174965792164112344 -2.56042681109850978061 3.64075087628891846947
1.60976118488036146204 1.83065265951418165713 3.37283709674400000722
3.33703036980450118421 -1.40985172072976272517 -2.98315003485692864515
-2.00071284622995149149 -3.79609191841396453881 4.13601262031165273214
-2.54747551387018589253 4.28392834320403448345 2.21786106670740501556
1.97334267045324196488 0.12586199643970896744 -3.53612254178886731282
2.56696315120253526487 3.93938335253952143233 -2.57607453675423547779
-1.39918024975881971628 1.42015519040648197091 4.19983431301981458006
2.72273419060443178097 -1.73850568084513268374 2.05998236134237178163
2.22720478550423806041 0.77349808392026542236 0.59776077094971657999
-1.07940813698623561123 3.32471017848443750609 4.24535607631614109181
-3.15237000698242031405 1.99754531181064010070 0.67530268749174471310
2.91742084065848050756 -1.92714050823304638982 -1.36838942553499354204
-2.74720874517492585909 -2.71644108928946792503 2.71981820945125729594
3.53670320587562603265 -0.19468873924272322995 4.36949532126271744659
-1.94515679585367617932 0.30963235261683585975 0.39852148026950473536
0.76624083746155857710 0.68012974579016827192 -1.74707591048878096984
-3.37655249225862608142 1.50186031222848370703 1.62710489732957963582
-1.46931438580176099151 4.29189080700064184981 -4.02432347333394613287
0.94947030132347176590 4.44168031714987154857 -1.11440429958589692916
1.62071138211693988040 4.21594209110324324996 4.14825612081701589062
-3.32134726161983007131 2.22059568119538131015 -2.43718641116372047861
-2.71297260364038983482 -3.29395230234051039631 -2.34677419055472125109
-1.17620068195366078712 -2.07442686032505196891 -1.06560875107231334269
0.33936977004839175009 2.36643711825154223760 -3.98847614044141796086
0.03548919754745050170 -1.33230896651972496869 -1.10442300981723651176
0.75039272254658584416 -3.56147794346522861275 0.91553228855487311932
-0.17085588982911747991 -4.28634691749106089276 0.27556133645792435516
3.79101537886988015913 2.90679251106193881071 3.95726870495537230710
-4.19604559490836681590 0.44333964783722734637 -2.49782383934108498380
0.24328136322250593082 -2.79993804672552393242 -2.65199867288041435387
-3.95856561576822096882 -1.28876619973343853331 -0.88881613000028902860
0.82984661434478734776 -4.45129086113706051719 -3.49569194264965465990
0.61087830032652679080 3.65020192476983051932 -3.69122501358798249527
-1.54341498644165309173 -0.82585027887662310064 2.12170446073125162911
-2.09594896770944538744 -0.72530778888813962624 -2.61600018088357577639
-3.74790173044040120232 2.85752366655244482985 0.34625278779608681390
2.50106767485763636927 -1.45849829125194219159 0.60659075884090452035
-0.62165292392228321816 -0.80834747497431580499 -4.05472069726473893780
-4.23618656921324099329 -0.42707002163456930788 2.23189776233037395770
2.50038035635383781852 -0.44550557105994670337 -4.21985322290188857863
0.11612614143240573839 -4.16013681364450516043 -0.73767492777340937238
2.16832446225651409577 -0.58741523821620234003 -1.75954834976258878143
-3.68887090282017515719 3.22126255272714079325 -3.80280897753029734076
1.75420467349999231743 1.25151269042687385280 -1.78331292441476163546
-3.75429438570525331187 -0.98281716059970936072 -3.46681259414766396176
-0.03405610162453154288 -2.29304377063626496636 -1.68698517000052872206
-2.33181262439212000359 -3.81113311971475798856 -0.60485390539578398617
-0.53719475782665782049 -0.40657022943483056565 3.63039437437995982094
1.90735020729360993386 2.03080362565180649881 -4.21827035046944498475
0.26887882062149515150 -2.26013423302278937399 -3.55330403181469600682
-3.66536858276771493337 -3.87735804872188616343 -4.49699664955076183759
3.58037202565533174692 1.27738223869626210671 -3.00075775271097855423
-3.27890708903550276432 -2.15365960549988821882 2.10616281323728316011
-4.36589876287324418769 1.31565152029563758873 -3.48005819524826476297
2.66716379224449884333 3.15252323986219895602 4.22224134894229674586
-2.79505784687914582420 -1.33785454096191847029 -0.28620205276091414959
-1.70360455560264512087 -0.88957549550912373704 4.00479941848531151294
-2.20314340627114901849 3.65882675219448127990 -0.52981667734515447421
3.58410704725409967608 -3.11544015059802514855 -4.07245424210490281069
-2.16265065836594105875 3.12339558500532632479 1.49080074739284906826
2.21009198357668434909 3.82869356161368568081 -1.58017898376784904357
3.70032053127392490666 1.42662673492334057812 1.95078075754657920271
-3.40253458292263966101 -2.17134086771670054006 0.27894619986707436254
-1.16960156182436136874 -2.73556484676605826678 1.06096854888027447572
3.96715422187983168811 -0.40182102932191110511 3.35718560939035981505
-4.45856883804631554113 -2.66034138614919335453 1.42153645959679586497
-0.70981939344940503389 -3.26792686341850791010 -1.20078794543473321710
2.84902274303952918189 1.12792290270593209556 1.47427387246275554133
-2.45572901930117692970 -1.61310469560334279748 -1.49550229691039060498
1.81750026026616229302 -3.87179754247545204748 -4.13044217381523193211
2.12662850403232628338 -2.80481993039142940560 -3.21888203544037310166
2.29221156253571312078 -2.13983058195754072273 -0.16757158590906229279
-0.30798823562544086485 3.34031639833769222747 -2.13060360840887819123
2.05301611145174955908 -1.35643964973717157108 -4.34841022749383743218
2.45395724446635909999 -3.64546089541954332347 1.25199074620943928693
-3.56236065659549083762 1.99917945207562919308 -3.68379431803357393349
-3.27156466960116709686 2.79905879594697015733 3.85675736743390817907
-2.61221768262671938388 2.04414539428493835516 3.56131063814084125596
-2.81633240087794645135 4.31764559018643279131 0.12410957507856146265
1.93739313682207825451 -3.38635121195996990906 0.24028161750085974546
3.76731703543052720562 0.58050913592981512323 -4.02110306359477043259
-0.50133973063598258335 0.33574806054619354967 2.71013822308610397016
-2.34696720753031318196 -2.18863141508255587553 0.06561152883215193299
-3.75933647182254926378 3.81261865800108612490 4.11275683184466256392
2.71658444054699987902 1.62250081591814865334 0.15333844195913481911
-0.64601541703617648693 2.38103206623642105200 -4.46055076218227508633
2.13680389878500776035 3.40712263831074224640 2.95480027171324177715
-0.44079448192278736229 2.38998130373943862281 2.63289904294575105581
2.55985163369356172325 2.56969649621474705015 -1.74492344045372460570
0.29124925935593370951 2.41695808361554309585 1.80993334208045286715
-2.44363271695744854739 2.14824887268273201357 1.88967143788840896690
3.42615311598825833528 -1.74489936328694517087 2.92825826321128435126
-3.01788176809815311685 0.86662295958982316080 2.56024448104034707541
-3.54837874009965847932 3.89428501168675555988 1.97098037549052573780
-2.76689655654329635937 3.04352776601212138274 0.21086037609128016612
-2.50448895243849012360 0.19334449985740320699 3.72118654865385689590
-1.42057294686614232759 -1.89728052878475672571 3.86983351251162499551
-1.70781786945548397227 0.78046554884948715625 -3.64595506897552068537
-1.84516334510447155282 -0.57212671631332323585 1.14375035134108582469
-0.68412599321858813539 0.25524924794191239386 -1.31661528751092626877
1.75114861126782894729 -1.79816663309563384843 -1.53695558515285846113
0.14762943842887921164 -2.41606158698192885481 -0.43644458626805882062
-4.41618246859139862437 -4.21797397025093356859 -0.96695322491236090912
2.07455328263100646780 -4.15161251109543805171 -1.52940340314515976772
0.62502318839792980754 -1.69896408072002724765 -2.17147310228918088981
-2.20711096541115825431 -2.50650416770601314198 1.16685885726715898869
-0.62530411299822485915 3.21395499784384153230 1.58493516113543542190
1.79296258224490845379 4.21651013143769670677 0.43291876954198205141
-2.09513645541062354383 0.30004759376379741553 1.99428613796281783976
2.46380172306343236954 2.70045188788506784761 2.24074167214077224486
3.24071714820222744891 1.00572144611436442574 2.93032375134880940237
1.43149246234017279988 2.94665753791745199663 -2.09524590785511488633
3.58393977901315974322 -1.23547644806281642360 4.14417386968440570882
-4.18486042143126013571 3.80777777354270607901 -2.72623006668781986406
2.05740871574773454000 0.69069987335889049263 -0.46855349882719377064
1.20548925647598359490 -3.53761345366024437809 4.11546256967523138570
1.74818436174981250986 2.64087202807135312810 -1.13154044225229366560
3.58105688664247434616 2.05532614103605393296 -1.64622446835256841524
-0.81906037013046084638 3.08194774522433601049 -3.62248029184581676887
3.32276695172370128972 0.70676872619944042242 0.66964759562854059283
-0.18689129111381586057 -3.87971279049842587838 -3.00421109223544480216
0.04547152419455979810 -3.22212877054281321421 0.24515080272177058873
1.18211645999600900581 3.05999555550649215974 1.40241221169145457992
1.42915310107521964511 0.11185571673601657494 2.51771880023921301728
2.30270014884975271485 1.12040181381224268620 -3.14802080562586628076
-3.07142587591894100640 -1.02404904266700569337 -4.36090532042358436371
2.67768479155407046477 0.52550532440260155909 -1.46868625311549516610
1.39517260423757338827 -0.26776866872129545527 4.38905069870148434319
-2.03347499737398695885 -1.97754048062460086044 -2.73040924924133676654
-0.69918566489622779869 0.74301291511226441600 -3.01621422616142664808
-4.40142778941397416759 -3.28671152376535591344 -0.51127615251952107656
-0.95119593667632296174 -0.99497319390777727577 1.25083003775336010222
-3.85426627427788348612 -3.13754757401272987849 2.64561002011966817093
-2.97885564110165024232 3.75196345826626664888 0.96803228164425902946
-3.59869881766173227433 2.92092996821937855856 1.61469964983958380600
-0.81569926761466060583 0.55910931220899406924 -4.31967522490624222797
-3.36991955286789357515 -3.19811224261284454684 -0.22619173470444930985
3.95411913542743231886 0.42515660741919258925 1.68171853993425557405
1.08630387314536402954 -0.74153489318641740979 -1.81290224497732221920
-0.03930402892990958463 1.97331179991302629873 -0.35820705501217808830
-2.49792118864675938283 1.66099234565555509135 -4.07746504532321374370
-0.27716260165057704512 -2.98745832407620603988 1.49635247101939672376
2.89826101742575303888 -2.84228596235589581198 2.84188273648083100653
0.05477666543029613422 4.23814365943856596886 2.38398456267060954161
1.88655914455914608396 -4.44920433679977911368 -3.18187267952060093279
1.45078018235549865977 -0.08949975089506789772 0.64797304723718784913
-0.53201108079340464485 1.22706702072953621752 1.93151918732333083284
3.92458674518239636342 4.09693715929744772808 0.52939425936980200049
-0.73992272606368114651 -3.96784009260145209552 1.77621433483015689347
-2.97779348679695177182 0.94890586718563429969 -3.68751600057229156349
-4.07281784802212687424 -0.02346571370697692061 -3.44074049545130300487
3.86642312955641731520 -0.20350710956357342951 -3.07323028192194680486
0.90849492066154269310 -0.72450601482257015462 -0.58153617376840616160
-2.93698138512833395453 -4.26297978463901916513 1.12792748112766805235
1.49627430090124224904 -2.61871914461568922050 0.74886633488671172643
2.50070934089130769706 -4.28499195970842094994 4.18564165580810598755
-4.19393274174475472194 -4.29085638377066480587 3.89460602466304006697
1.29276947053020307976 1.15727642338456515603 -3.75863575302676933276
0.70972382085491858561 2.60855256701535598296 0.18153365887161321268
3.91156069367058645270 -2.63923732103138508620 2.71172753078414974226
3.88240335341772269118 -3.59966172093867520232 3.05675668051920812474
3.21935347864348475611 -4.48290284147210726928 -1.64064889806637026481
2.74679071754721437770 -2.64101157259379393238 1.46889030566272982270
-3.66232556705660350360 -0.29855171885648257302 -0.27333585513925751087
-1.52492323178799882299 3.77786280873883573150 1.99252441978995875616
-3.02551404583756067268 -4.00514166633680268603 -3.63877906422982277945
-4.41706753637630633591 -1.95667623558427106190 2.10353985007822696929
-0.00366270046412253691 1.20437823270803701092 -3.90307938403829668417
-0.99344058112025379614 -0.07593452788224475114 -2.22863391464141002984
-4.45778506788407025141 -1.49518254833403974047 -2.25656598358907611868
-3.14177829195164681764 -3.96859669068867315644 2.16789399301404905884
0.10728021250805319653 0.86824765184459895551 -1.02643138879413831077
-1.18296323385744761580 -1.00034419639559812865 -2.70926119863469683224
2.69782115957936419193 -3.76257323888176697935 -0.76323233680893398656
4.17942950679441960204 1.52330023426996241653 3.44714459817862994839
-1.67625666024127717435 -2.31989224182325681767 -4.17858836941812850085
-4.26435674904767836324 1.09750764846486337234 2.66347662616740166186
0.29206876135074288925 0.77059703058595285796 0.82070595184775640973
-1.84103708000006349721 -2.46127061336158492466 3.03436136428699487766
-1.15093182969936114191 -3.16829306737803806371 -3.33027604894948847658
-1.74775349422847536829 -1.32991551032854360415 2.98816314217472456249
-1.34479792140924958588 3.45846668313191418775 -2.63245332581783664239
3.21647534438449778094 3.16792684801065060896 3.05025330442111286544
0.53886789448792882240 -0.68150048202021062949 1.77740739663427671502
2.44824888120874639696 -1.70355345822853410098 -3.30133110406644370016
3.08538716492325626461 -2.99444451480249362874 4.02879105862454611753
-3.30084488130041275866 0.30837589233611950590 0.68634495047479315843
-1.26357761527968781579 -4.29778536066061978005 -0.40233218248277324847
-4.45404486381563291530 3.98840915392325623401 1.29559750715426869050
-1.07011456739730004273 -2.54335525298474651734 -2.41662621960295043166
-1.65006006546103334287 3.66655341029613435211 0.30589477214163096619
1.01761705215336295538 -4.15583584922655902005 0.15204865864257932628
-0.87607779100889615620 1.36037859267924243767 -1.91229180760585171228
2.94943101596119561236 -2.51462741489371843784 -2.57176609224376440110
0.41288231328352598126 -4.07591146314908314707 -4.49303983153743047296
-4.46680558827481899442 1.51991217642892628703 -2.33673256812696372720
3.74278695956425710989 3.85334359238095824907 -3.65902252208699874103
3.98395293643439440956 1.03785001420167066755 -0.75254010986602315469
-3.18519044350149194145 4.03959393490525098258 -3.05431942222810404175
3.52050198409743320127 0.30895909249873554359 -2.08590316431219058302
-0.65678368105213991157 -2.21762000142567261562 2.73602539394250410254
1.85297107794308768547 4.43331382787203320817 -0.70093541097275879892
2.05343262635313994480 1.80242846007265278274 0.90056048349778805573
-1.37650367560624520280 2.49963544036106899426 3.69371494338947403691
-3.56855721941463510660 -0.19797255188986806473 4.47001376379269910188
-2.21287841232162429961 -4.43565126704082768327 -2.48013709772147450394
-4.24859543829307906293 -0.39704404520444214199 0.76356053650168576041
0.91953935843366085834 2.04107079388796019970 -0.94883922941553233699
-3.86574895614747937600 -3.77201897508867745046 0.63042157258907760564
-2.65002982454792235245 -0.52756036716761389727 0.33551644805352331957
-4.51234340698121894064 1.68820331999995687511 1.01688517660365285167
3.61912455649511688449 -1.12334491115066903433 -1.72506013081068720894
2.03300294118721236458 -0.86721931706883736979 -0.40307479617154040596
-3.81644658292627658724 4.10462516601426496976 0.32682887313262654061
0.34348691656082319668 1.60971371302271304415 -3.05437897639213895573
-3.71398147329968253416 -2.00523718431473207957 -3.88489188449104050349
-1.32354967038656212708 -3.11755326949388988922 3.74276637552331070680
-3.05225328785004190735 -0.13405528673541589058 -2.45854821180609972586
-3.05646840911687744935 4.17120165679882415333 -4.38554550828477474056
0.24236848783260267481 -0.43564603075763752571 0.70523076162456188598
-1.32258407797769361736 3.14846214108790789510 -1.34505705952109444468
3.07483010620533381285 0.58203471127495554072 -0.49190120934711956124
-4.08404729388820175728 -4.41280706253723220556 2.74826838740134427042
3.86250109364422566927 -4.48177628767493363426 1.58574543118089561489
-1.36292137847032801545 -0.16947773463554227646 -3.35674914207524821563
-2.60080678128069076038 -3.42336506820305430665 0.49256377091975256377
0.60147663024284625521 0.36751759197128119894 -0.10400108474103308964
-1.42718284041227061465 0.22129891327380324384 3.98810069105564668490
-0.03308302491086223540 3.93774146298748295436 -1.38735398769153572829
-3.49760278205956387509 2.11851054313247022520 2.47839687099489847100
-0.89325830496858138474 4.28731579011912078414 2.89744560464966394164
-1.37029364734844882889 -1.96414474924227722141 1.75896699263174127736
1.65221057040388519255 -1.22525020344104040859 3.68928316953476009843
-3.11610668496074927347 -1.98916410439717861180 3.46479282991574333295
3.58399983935101840160 1.86631813976708826885 0.64622665388952871268
2.85334385523846911781 1.90951032292433886539 2.69475974418088259910
1.09732455990040200788 3.58091990171651364250 -0.07183006879960274205
-0.02172524582591517373 -0.64470026580350481282 -1.96853842914140786391
3.72289867563805554340 -3.36531809916202151456 -1.33433545682019394363
4.50413015369630809204 -1.25301518234124475981 3.09289732876896561464
-3.68831321580720583597 -3.24104999480978639426 -1.30706863797853323206
-1.01480506466771647212 -0.16013058820948256056 0.52139900679813422357
2.39330446240565297700 3.77070788501369325019 1.92263527560706837249
0.38376602650168845088 -2.78019895694030383382 4.50517191425807705940
1.14257373564790398746 1.15986896315174803362 0.27001813293340770628
1.50260141342736375236 2.70343046466883496493 -3.28711959670278153212
-0.99158614412297430007 -4.10157282910375897700 4.30679144898493948546
-4.01843922496591421378 -3.85572281995097343454 1.79399056198140716134
2.59022494531963953790 -0.61782526599777520815 -3.04831646798643429719
-3.88519637543686835457 -4.06803068932590328188 -2.85146337504561797616
1.35693087871726714155 -0.98003666641922482228 -3.53749421048445533700
2.49066337167782414497 -0.01443457870693620748 1.55351035789188784975
2.74195657372885737146 -1.42769553126793224962 -2.19267180953958984446
1.31045008774746651881 -2.08740067808191120946 -3.31820414532386376294
1.69519950903407501386 1.89033546561007970155 -0.19235190191158757500
3.43234145056930906037 4.04636991146352986704 4.07627173472130532872
-2.63271518711476337771 -1.82874017971494762236 -3.72808492198822571950
-2.97231568540299573300 3.10551472255909111198 2.50866626795077163337
1.30815139142751668544 -1.30102416550973432052 2.50980878993548728317
3.02105139856302429280 0.46799225760754747938 -3.33744275689375324845
-3.99414172092722274954 0.54350112857398258370 1.66966562981079746919
1.02351285140731107504 3.42002186273419805929 -1.13604582536310338980
1.41699246212289775571 0.77033868439483921264 4.37952265836331289250
-4.46011340415258406011 -2.30359859754719353830 0.15308281507251475517
3.76945750837871695893 -3.01471797953720566099 -3.06295499526887793351
3.43726964485301156316 -2.06872736410019841813 -4.01170792690447886031
0.98904550448305972310 2.98186570131499362191 2.68510007964409691539
-1.07133503033205990107 -4.50711251354061470664 -2.96977107910453153039
-1.00962149261271338929 -1.87207560419108531846 -3.32957466304645866018
-1.16441941900577283775 3.14064788307024933545 2.74597777920423347098
0.75246717040386457143 4.49460610752708067395 0.98407346614835411458
4.23934106675368571615 -2.00063745015334060184 4.01153943224057929484
4.48474636881510857478 2.68740203610868633177 -1.91206497340596870416
2.78900327574514239615 1.42409125696345828516 -1.91784931830497207272
0.75766833440628467145 -1.70669173809686647303 4.49512067644107826681
-2.05055862919505793585 -2.56509634460200075523 -1.73629051673662049282
-1.23316397170584313159 1.08644100532078358157 1.11570414231729841958
-1.64300774412289030124 0.85977388650554065208 -1.33542093466827838100
-2.45797140108033973505 -1.59565334589368212903 2.15116045774031849902
-0.95691706623727990078 -2.18285382443346831494 0.16812564758141412824
-3.83410294617036173648 4.47812723014816338463 -1.88966674616334540104
-2.57021418514926347498 3.17755206892748631731 -1.37544396400710455808
-2.23616010548027777105 3.65400066017587388245 4.26832729976094693569
4.47408678228210643368 -2.04781319955606555538 -1.23342886311049504400
2.94595659968799150619 -0.66919915308903465956 -1.05064195281017491723
-3.31480692532939436035 -0.93664434795844453419 1.57428895889097386629
0.76877527238506448981 0.29636686418181756864 -3.69448914080576029662
1.33633476213967572477 1.78357982807368209421 -2.65419338769969259673
-0.06000709376354329549 3.77413872985873322108 3.30784799239165838713
1.95635597388212900682 0.20512204612610585031 -2.37930617339133032573
3.32362072856674384269 -2.91101061239297687067 -0.48480403941057037542
2.76551769700544713970 3.24018400985651933155 -3.57627441625245401369
-2.84592866147103196184 -1.39277213203332461688 -2.65820120576207763463
0.47460958515704376737 0.49998556030408192186 1.92236555637035255728
-4.12507057196548032607 -1.26186764918471006069 4.34185290554029545973
-1.45270331499073090953 -2.86921279392782357931 2.09786626971926981611
3.40747649796629481500 -0.86638383283340392182 -3.88276367317768844600
-1.42996549532364092272 -0.96055507063715594995 -1.65822171159820808128
3.83744626337035921182 -4.02212294576288797998 3.92336210908402005515
-1.44554816394089336029 2.53198646035095187301 -2.84089169812879793753
-2.99774333169445394986 0.03253186588328471629 1.66163370406076804642
-2.87990930079371754147 2.44033663331966632626 -0.74424233639972436904
0.94152035539569034484 -2.37830227642427116663 3.69657620302318346006
3.86935847708035307591 2.57583109641512209009 1.59024388250902060093
-0.56960683554763935632 4.31640479475316407587 1.06729722525705739145
-4.48344208301962066088 1.94126759055097775075 -0.21158935481072660423
-3.38391249114544168108 4.21549165240261825005 3.24283878815723269895
-1.80679934286266252741 -4.14581432329663357450 1.77580046563659532666
4.23641701464868969396 0.51530770300517048099 3.77363643607778076472
4.45228784228498764008 3.71615525153085979326 -1.29898422356543452594
1.21091691156974956556 -2.60923357501756481014 -2.18641528498738191288
0.78864212426675184275 -0.84378621503824069450 3.45886232217943767608
-3.43791874780192374672 -4.27565231463797790212 -0.76719032540766196604
-0.58947251393626709515 -4.02906527046386386814 -1.93144339182112556585
-2.44980807518135090817 2.32589173902087598123 -3.19751702177927166204
1.98109591913219507120 0.84890729070928383493 3.10237321314785763349
-0.29091890898410088795 -2.00269115276081910437 1.09282001342599421889
4.07257118608913426527 3.95453155906438791334 3.10704892339609273222
2.85280273636105174972 -2.04603828519815822418 4.07697754345708229806
4.49332616676492602181 -3.33655082063859609320 -2.20783862040558354067
-2.61718279887043836496 2.77318332161874447905 -4.12137882271109567967
-2.64868629563538693361 4.41624407628059412190 3.83662020694343208760
-4.14776224926438530360 -2.16106920430834303914 3.07111454475179534995
0.51023552586482256999 2.13695666714588927704 3.45675243423903477691
-1.77131929891428052670 0.92979577293707826868 3.21554113195127388991
-2.28558521844857631677 -0.16180911096404759775 -1.63334339137452033697
-2.55171635154934062228 3.16069499874049508747 -2.55474331645168017957
-1.80441344284048277302 -0.95020554047247784979 -0.73157279162263622041
-2.00911167030195558780 -3.82450018880228359563 -3.81688454216908290562
4.45915410360687314295 -0.95667323179101826369 -0.03024865299652290673
0.54972702113654303702 -2.30481712770982749561 0.58567049516329383607
-2.54437277498541325471 -3.02226196492326337761 3.81589486868025584698
0.93450856794625103419 1.79751957475405266251 2.31197760560291598608
2.80310065797466112514 -2.87831203158260695574 0.37910374639127741858
0.64950806434258634425 0.18071170153392834834 3.43307626395711285028
-0.45273943613393718977 0.11492690771089186796 -0.35156422513778817773
-4.50812993918238813507 2.49742393157745468102 3.28104383262501908547
1.67604061493669487248 -2.19639185173862649947 4.46098036497330685535
4.31507003483329842908 -4.14366720145209743720 -0.00994739105165187709
-1.92265485741307440293 2.11211387925538573995 -0.79203476598629318772
3.20542310375835715064 4.31445527926653493722 -0.39401571388559997189
-3.26334589679517561578 -2.81957534221088446102 -3.51171623118024367471
-0.65972863439236739680 1.77338520604706051387 -3.43652680622682682454
2.34765984231429225559 -0.22345553620597247146 3.55408648162798623815
0.26449830660620587963 0.23722321948341829057 4.52097624232978656522
1.07722651812907699309 -1.79556962078426796126 -0.78163560718759450552
0.24571498149293713453 4.21739152141283835107 -2.72852213158461598397
0.45949503060306184921 -2.50887022249091362625 2.64871112771410910369
-3.13513939329905522158 -3.16873182608840853192 1.42588870047699511900
3.88332551100189871107 3.24026710921918503772 -2.89672692208573012707
-1.39316512512231671650 -3.71615425770412333151 0.95740476851668887548
2.59603281745984926232 3.29822576827710278735 -0.05023223520790498497
3.43314555709890800728 -3.40053659471023239647 1.93344332557083387059
-3.52055411633798920334 -1.67334099135078862020 -1.81667273214685698335
1.41526145733153185802 0.97638891125966686957 1.60185632288260304534
3.18899495182573033958 0.37248115963333017220 3.65784565797722560632
-3.74713887583965732375 -2.59418446512724321096 -2.56212980866712003447
3.90766041791315199561 -0.87149145015743512133 2.08313300598233031025
2.75922228298793559276 -4.44778076157303647875 2.45005932894712952219
-0.43385234144849071924 1.10519526713164939480 0.18742766804461385988
1.09968728514757341230 1.07676882901176806939 -0.94509856649959811392
2.76185197304294227649 -3.68499292104565379091 -3.65654577298304905852
-4.32818782319051997831 4.19965463035422725824 -4.17560659301288428225
1.57712949830554105546 -1.36700293032818587236 -2.46438787112835733240
-0.63266268272370851378 -2.23410939974272704234 -4.26036286456023471914
0.16464434456792442774 3.57097548741783921145 -0.39095927338313529731
1.09740806873045126935 2.05387400748174009379 0.96737046556375272388
-3.44750534507878114709 -1.10940388483781049445 0.48043640288379840797
3.70092231679731664684 -0.68814023477129815376 0.73561262636964208639
1.53949649312609082585 -3.26433937454586375893 1.70133544505569300753
3.71048812128736837934 -2.17150800974092694773 1.59585435100152484011
4.46681278796963265876 -0.12210959383944786083 -4.44209371973982491966
-0.52550272688907817553 0.11784868103182688515 1.60602118735245724679
4.20793591614409390189 2.32570600234783686489 -3.67386240235765271223
-4.45742578751986506802 2.59394227921232545242 4.45736091776025755706
4.16031081277738490343 -0.69858229285752315718 -0.95851530388515993053
-3.49363182515573056364 0.69886718752650001107 3.48468650924746281561
-0.17540750103009461469 -3.66414351824570427851 3.62410807696914272213
-0.84877373587644733277 3.52622859623891660164 -0.37167088425654970507
2.63457561049920219176 -0.33758346084967705281 0.15692429507526473031
-3.46593549546843826548 -1.08049362989775721289 2.79734979459794974588
2.92725229684723498025 2.52350829742046034454 -2.80648279806216605081
-3.87309645887712816759 -2.60242884795569162648 4.23509683999149455502
0.45714747286453505382 -0.65892287380624381399 -4.08928570019354875598
2.20287836939030512440 -2.60718132459091433972 -1.08255550962510671553
4.11447208266978403657 -4.35786314830911969409 -2.02056845763047876474
-0.23809973719571519979 2.11316057936378154380 1.03670876478612417060
1.53842089953554062021 -0.01502843844867030043 -1.18708015420840418130
-2.06440830073368930542 -3.79093094350471293552 2.81993848949785164137
-4.50494842066214395970 0.50328228568672273013 0.41030506765921348489
0.98662744669899637984 1.88432207283448693858 4.34901687443339834971
1.31921339349765087690 -1.44034500228247219766 0.21769627910182887121
3.36417596106664262834 3.62006397148729330837 -1.95727657778735508742
1.41405517713024231341 -3.00477299669478625788 -3.86668278164324563662
-0.67131402788599370268 -1.48160668260566152910 -2.05507145460028128880
-3.45714602296062434306 1.33657332001397310961 -0.19935006185845516313
-1.01086625066475654933 -3.61051051532997169247 2.95847255146174514806
1.74334943325678004555 -1.79765524127307818603 1.43832470093937114797
2.98096338721799458682 -4.47043822875885776824 0.85147363373698148337
0.07026695888685186020 3.00388644862488796150 -3.06406608611283459709
-2.29656536299917357624 -1.52151512112038744817 1.05152604118702708291
2.97801283971620467383 2.19265034019364968287 -0.76974690247366961415
-2.09602462630768204832 1.68857072138966568531 0.95479840515697311787
-3.12524615998934329753 0.96607322729986044862 -2.38113458181954884552
-1.64156467795290161860 2.58389540637698100767 0.44521737392709681558
2.06980963419287977700 -3.47988968970985412810 3.30838272358624596592
2.57305922878649795393 -3.56085374211717731185 -2.32863288565774073646
-1.73375173252349412678 -3.52894491274154020743 -1.48044477917698458214
-4.30576226245722715191 -1.46041558079866984343 0.92699357227424350469
4.51020030247611369845 -3.50960250408428064972 -4.02882054561076241583
-0.80234427674235675454 1.51302462729211661951 -0.88186912342853229774
4.35912544427915360501 -1.51226848989880835461 -3.41819437614017473948
-1.82594290597594888226 -1.11826489369808435015 -3.81493173099736404552
-0.33782504420574710480 -0.08684168150952764620 -3.45503896517993602799
-0.43957296661804257099 0.68291749537089163624 3.77434494923513508269
0.41753016894901318068 -0.10061113057515402858 -1.08230231748599203812
-2.63854867195595810259 1.08322222958516434232 0.27726757312890182305
3.49378634238962337832 -4.18890788592405982627 -4.19421287271188436563
1.23502204431497641934 4.37829455410195489407 -2.36423656337730392352
-4.36833447971798527476 -2.67275804532565519622 -3.39201660923432291028
1.07861588104352446038 -2.79228242691088146543 -0.59549664556112258396
-1.56355402138416899049 0.25509816184315514676 -0.62882144402015693885
-4.06818232285752756638 -0.15631383150508781910 3.59574721678722841745
-2.55635418275173442737 -0.22905488220596392779 -0.71665624199474819989
-3.69644075640804636862 -0.54362986527163359440 -1.61286143437006268542
-1.93186980962334597933 3.28888614109168742061 -3.52098595253947843631
-0.22893805166802128070 -3.12101164681171283632 -3.86592829318669561900
1.67556069821697750655 -3.68459030556960254188 -0.71991466053486474763
-0.68887546834689938891 -1.13807513982434649336 -0.16573565386359412344
0.23752296022936469910 -1.43972827831751892802 0.14096056623629404925
-1.53726510151912743041 4.30008762659857435295 3.67724829842849576522
-2.03923534193376587709 -4.48697294376924560311 0.72710873614640370022
2.43914192065606894033 1.01748958256287114210 -4.10697664037629817102
-0.26982987774342070963 -1.37660619408272300035 3.61932710960512959986
0.73004222818841402187 -3.46104595480067978031 -1.27892936545907254242
1.53270437861317621042 3.16934830789219201819 -4.35145873879199474032
-3.79809977845183688316 3.64040629257214742864 -0.62756906607624785011
3.70620582196076053805 -1.67172520339210128881 -0.54709389773191441364
-0.53338688114233168136 -1.00478217289188043182 2.33644686888276265080
-4.16718349233881912852 2.38058688719942868062 -2.94014096543439817921
0.70350258419513700403 -0.35703053528405526151 -2.87135372293903090579
3.54525810123374629512 3.27104431863205835640 -0.68173838585381130173
-2.56068775570034290467 -0.56170095303426892386 2.44852626528760719538
-3.14530178017114092626 1.34670917330833805892 4.19404593463194697023
-0.81113275522625105651 1.47521808212903060564 3.17056904055016186561
-2.37699292073653367652 -1.78899256421003549633 4.21674869942520746946
-0.00708195467764216602 0.25504331680373759639 -2.42128731102638106165
2.95699570266558620091 2.14902206337949497339 1.49200464082364891993
-2.71568966820131008078 -0.72249129659724653507 -3.35905970203713311051
3.50020231992703312329 3.59048124677811753003 1.85884577971122144646
-1.98463823877061695811 0.47817113038576408712 -2.52494196319042307763
-3.79561674323201669878 2.47192048347839676836 -1.30788004090137555124
-1.22875641965293969093 -3.13277577081642233381 -0.24308377094302358046
4.29732636883513752224 -4.20273819793789638055 -3.33029991497990707217
-3.39257727402540520956 3.52180761206537784602 -2.10434466747165549450
2.24248906697377758945 4.04429586687107356369 -3.99944287735827286312
-4.26402985381895316408 3.23111234326129270755 2.58361077431613406219
1.09897213866567611262 -4.46904288455080589415 2.48120334939189834955
0.22705089143547052544 1.11088917153127741955 2.95921689703751145117
-1.49130597979025347755 2.43617905245074872767 -3.93526288855686257051
0.94414291591127064152 3.30595938438117720182 3.68718563738583693379
-2.89674955252885402146 -4.27898064355738494413 -1.58352799801283561365
-3.05070783928828737075 -3.68473935463947999125 3.20594252355042730329
-1.75953312921363558274 -1.19302947949166782138 0.24742100962183499746
-1.38902950410011838400 2.39297027520413063684 1.78233097683190688798
1.07797742791311890187 -3.64493174326166613497 -2.82771285367294877844
0.96612650743110606300 -3.27004822584536070096 3.05602078525254761132
1.19957275966963106129 -2.35868371198212622986 2.07899977142223235660
-0.34498575009585508155 4.19099891730097962039 -3.86224333910619543886
-0.13124468095048591465 -1.13083148561037249991 -3.31176000780823898140
-2.40268162111049621288 2.25400408284999898001 -2.01696015855891186419
3.95315890527311797342 -2.95838194137070154000 0.56429500819550959534
3.48822828856263544850 1.63601479427026585967 4.20854824856001830113
-2.66022779997620917314 -0.89681808762744941177 3.44705834317968662361
-1.59650368034814693630 1.23362291664177892159 0.03173185276800971621
-4.30493597811284711696 1.08956846192259515504 4.53756919354445198422
2.49115102147396694221 1.86447357866327312337 3.84548611720705668660
-2.91086516302026820924 1.49538895149033645993 -1.29929565783702072324


