178
4.22029686359432698595 -1.55713193107843128615 1.95024088575465892603
-2.97238117092062914537 -3.51145072523864509861 3.17316341256609479871
3.27834855724616769379 -0.88401800069958103023 -0.72374922294998134120
-0.61242740842270526613 -1.75883209108549953825 1.52792248842911426721
2.81152288101746794524 0.57807158788917600845 3.02434846986446803641
-2.20004723184639905398 3.87919977603564891666 4.48139080681798152028
0.50767348236091347502 2.74384511969354072392 -0.20113726322865144169
0.41273861851032211945 -0.29575390032925152894 4.45255232903484898799
-0.95833496849560750874 -4.06423742619912786722 3.54657138017000139740
3.30034651253951860639 -0.20764981181841424274 -4.08280303093193452924
-3.27879530452663070506 2.84965163153151745945 -3.38616211191549165704
-0.13360867161348277676 -0.94583324864592333014 2.25146824567177006315
-3.71845487506660754562 -3.87380955634086543427 -3.31475073622053351130
-1.46687253342268597578 0.20209444783755081687 2.95038923204970426895
-0.03769974535119047232 -0.83553775962007836853 0.70726812116641291084
3.60771375720264675380 -1.63379779637798083769 4.46436012307098106788
0.23307244350888378648 -1.00296535215237936356 3.56449520291280119721
-1.35573983007604592643 -0.79385713620985809413 1.88113084190673429674
4.34331997958566251583 4.36682331085885078181 0.76321363503377526172
-3.41116399301216199902 2.05899418163006586724 -0.20485275404469760474
-3.32759603634319489629 1.08523073502622668940 0.41302759138543976292
-2.24647345089971128829 -1.05657028555680643223 3.55485334775504480120
4.28325182226291101273 -0.96206525069298987063 3.94760680697220767144
-0.96963913337778562251 -3.94954165096099796273 1.41102325233578973496
1.98692621047323303429 2.96157865598150404907 -0.79581505317879797090
-2.48848121178751879867 -0.99737265547417397471 -1.53555972167924092986
-4.27016547526022183234 3.22856188453348647016 -4.05392817087628998252
4.42806485234624869207 -1.29446923164479965607 -0.24461643707530456027
4.05676948994429320550 2.73956915122855892974 -0.15174790487587497267
-2.93561364275067049334 -3.21115538953920021115 -3.81017686783415143736
-2.66664998965076582849 -4.32155879551363675262 0.39258678513195111037
4.34886936626823494834 -4.00484507248089371956 -3.55401779914330395727
-3.43097434914011190088 1.77893397233779726463 3.88518695249434120598
-1.34651062819365652246 4.07752162835701792432 -2.87394836041384493797
-3.91816468117581617747 3.62529813520440225005 -2.19616083582757726234
-2.79536008095412302765 -4.26893956624607096018 -3.11820323837847812598
2.73410629910447955382 -0.32323123726543379064 1.89354988762146181358
-3.60180911756207722263 -2.04581599777351019753 -2.23153019539713470820
-3.61053114205055525332 0.45150712190007791236 -2.49035776548424214738
-2.09844311265495742092 -4.30677522489327824218 -3.97378058131924660756
-3.62139384902178829151 1.47283438211313555399 -3.13534290479748412039
-0.44559995201816171573 0.17625159458040418059 2.60599532125589838927
3.49028589687491486160 -4.37086199179056222874 4.44868940740983642712
-4.17553670393872877753 -3.37321343829655528879 1.30746176204841990653
-3.45591594599174634084 -3.95347153380046112403 -4.36745242871537264762
1.29850111304331150563 3.88667393095462099240 -4.41401710469045749363
0.42048733779238300912 -1.72153807013128368197 2.59413050587056748242
-2.35583159442513778714 1.44234713698664673842 -0.35655803628791016280
1.56365311817212582213 -2.86128256780766854206 0.03017262894461048006
1.75732110976154576321 1.44022594636390355305 -3.87465120288110709268
-3.06815705290479723288 -3.10093697456726369310 -2.62679404034036378945
-3.89906112365920476392 -3.26856961398382761530 -1.03299989901155786498
2.91743308383187560651 -0.98729514592046196952 -2.05096288328021714165
-1.12632731028477728330 3.29927048293082147978 4.48018071194703981774
-1.10162560019939537170 1.98100819290619956092 4.47352039648680577244
3.46648823533222039117 -0.07378369953961616545 1.06355246057203167709
-3.51981277627432520561 1.90219824703265771859 -1.29523178060777022225
-4.38069185482227929640 -1.87766759100964986118 0.66860603239728444436
2.15702699293290045546 -1.45999391835835590214 2.15318264606182996346
-4.26776501025704213532 2.94398562463487767360 -1.39235526268635023683
1.79321709910201665394 2.10480714580598782248 -2.30494182484090526231
1.78020764267151676563 -1.32389799046921075032 -3.55947402155851921890
-0.16615366806527465116 3.51802350278286635188 1.18866674412535733296
0.87398400264041953278 3.83633756359592847929 1.34368589221730427852
1.43139856736789372604 -0.02099814425300117193 -3.90035243329603620310
3.63124797272590971176 -1.16780927246606047731 -3.62562390910738896466
-4.11385718535429489862 4.42075661943889297589 3.85321318867455619994
-1.57678444073460433117 0.48892316327773066575 1.80170570977274024926
-0.38007699199536215673 2.12194681632688908479 -2.12975463570225809207
3.72822948457820668722 -1.06903015149418889607 0.74859763670607115671
2.22652862537127571585 -1.48583850949461382385 4.09032177036054900299
1.02050911348939532530 -1.38503076089897003698 -4.27926631492916165200
-1.11274324704863092350 -4.38129725572924133559 4.51717585261501053395
-0.01604650756592018723 2.80685532080967803381 2.42121234608490443208
-2.80361152192173790354 -2.28926123761901223475 0.11139205834368226533
0.70409696585965519944 2.20680172918170747209 -2.94650954602151182726
-2.43100755918630895280 -3.50792772558690746365 4.19900252334857437830
-0.81547137856252049914 -1.58404045793646908180 -2.70575295961668693678
-3.98926912624695706455 -1.13774901897250479976 -1.09524309309988909789
1.47685316697179569445 3.83397522124198975035 2.92566680724767547161
0.79476314478437082300 -4.49778482086396547146 3.32356992375797943851
-4.35054692154667499437 -2.91361061490235417892 0.37362879009136484854
-3.51055858421367350530 4.08318963239275500854 -3.61447519897554592205
0.36871617821422475458 -3.47585701570607730204 3.09683955282868073056
-2.36940505856562566578 3.51738726322691430681 -3.58310185539859871184
3.02541822955815664642 -2.28976858262278426537 1.82951312544589139719
-3.32676128905313017725 -3.21924316389658793369 0.07342370969202427489
0.96396246487876791065 -3.60956143707968957202 -4.42050112429819730409
2.79741873199179114096 -2.51524705114418711815 4.09268015289758135822
-4.37074783111372866529 -0.42918329349080952539 -3.57505994673842231180
0.19930734552036000196 0.86208776590004188023 -4.34189560643418825947
2.48891392720924731208 -2.18376421327437686415 -1.05648162358099817482
-2.67072997967708758438 -4.32166437770470679425 2.08866040345542725021
-1.91589999172835767638 1.88024199741915953865 2.22020878189944870229
0.01033640602822760712 2.51400870737416948231 4.18719950869539214722
1.21948417756005511592 2.69255402018580713985 4.35016543084701634569
-1.52973553759136038366 0.16950197205493822139 -2.56521441891734935936
3.97971135175793211403 -2.45962795053774030407 2.87470679630566738894
-1.87521714464770328235 -2.46126747432166315122 -3.11042518934545952902
2.65752044457126945787 -1.95146443908891953356 -2.54282394215710683127
0.07544511600957637398 3.53691386500617444000 -3.62562248446745938324
-1.22535604127684782938 -3.56435692976783524699 -3.97550058950966889171
0.26712695217899184996 -3.04025271535112739940 1.55993484375900415273
4.43810337153400613630 1.96667431236442169507 -2.03814092694702608810
3.95819338490263294972 -2.51812906174364758982 3.96206477609769525117
4.53771630658213087628 -2.30106721914988776589 -2.86256455511833785010
1.19002473439288003476 0.29484727880839756153 0.95765942503833567656
2.90491237366586130264 -3.75782901650901068891 -1.03017073235813860776
2.64777597231620109852 -1.95605170099525516036 -3.85436306653967752922
0.05762192455823189619 -4.12290638948555621113 -2.93201243773307096419
0.06784065667696559387 -3.51964161312162193695 0.02259836597038145101
2.79365520601306638326 -3.26562667275592843907 -0.07522936255697398877
2.80901626881057708829 2.68463334734120007141 -0.00159013928697326890
-0.13024311983097991430 -4.47318185601285200903 3.94859011695727613045
3.29555851449924741559 3.63181750393623214990 -0.28407008329228933263
3.25832998008680529978 -3.21091467473747549377 -4.26118776869744486646
4.15735263288750100941 -0.56280718948730701356 2.85965350655764360965
-2.54088635031022747057 -2.04571116343578740526 1.08884369567282401903
-0.87479899243527459163 -2.19917892086812649666 -3.76488285585834869806
0.53331673833034276555 -2.66588477044203342459 -3.65048875206535994309
1.82945504635797817627 4.21058041739578836626 2.01941192328372576270
-2.08714531472197961648 1.15018493611698513490 1.03811148963414279223
-3.93580538606057928064 -2.26467102496803152079 -0.49341909315884180387
-2.93064419009501442304 4.42637465277343178371 3.68698648362588610183
-1.73411134454789372938 -1.41428380554282684400 -4.07995435093741143362
0.28927202265572926621 3.96897360622446360168 -1.24763551494964985977
-3.70396149917507733207 3.11866760003651233291 3.53064188169007930895
-0.26941972955219206654 -1.18735465541920248711 -3.63645446654293147404
-0.80709055782987126904 -0.59876064403646633849 3.41859396189240083430
4.35611353040868376496 1.24155598983448989259 -3.88927531111488944404
-2.82836385498657927329 2.16919430346185126979 -2.03224358405589811127
3.53849803862415068778 -2.26827513252846557634 -3.48021927344150716621
3.86795731639371798138 -3.75968346954080745448 3.25382103848035608706
3.52307410630542872099 2.60455498898709247868 -1.76239264158862996013
2.18924931797566824088 0.76682878073083493575 2.18928195004035774929
-2.61257174150258375533 0.18973414001316690758 -2.87587390834284084562
-1.82078068153202288215 -0.05966121912812649697 4.10604800882254306060
-1.58827847484356210472 -2.55059224042057675064 1.20129954386356718743
-0.62360097048465190639 -2.44056849744320780715 -0.65512098654688832866
-4.23337133791188602316 -2.08546039978426067663 3.09520505429186609803
-2.86944817417682340732 0.77279531346691232585 -4.02189933274235666971
-0.76376207960964936916 2.74021618349189122199 -3.21451425675472046706
3.49389156315604676450 -0.29415941923311006434 -2.98637682379111968345
3.46822026337009869934 -3.14000016924930847040 0.71846954871160839673
2.73889189757080764309 -0.62506346037627391610 3.99322146611619910317
-3.59958005783781676001 -1.65385949450840730179 -3.69714029555018708351
2.88065886761053047138 -0.66929719948202359703 0.26673293745354342832
-1.92361807968750397890 -2.04843475691131038374 -0.72552614810487270347
3.62394026172868333191 3.36093746006658999903 -3.81135760166460801912
-0.61855452081826856059 -2.61245690631313864927 2.20717161308215548132
1.61914114840443357224 -4.00828558220673158985 3.75798372439069350293
-3.81998423045172730284 -0.80704301731201422143 3.64169933335051876355
3.22689906773367862769 -3.11363748420222474778 -2.97065175455173990926
2.57232433247390002151 4.11166545223651436203 -2.34529467545954029006
4.36555369063510934069 -0.05755302431655717754 4.39371397155024023817
1.89014189430547485671 -3.72550240323996328939 1.83274391211054332729
3.82885053614985526593 -3.84079786730394090455 -0.43117702086343534518
-4.26886523730576250557 -0.90219652366338154437 0.93570345290043377418
2.50907449546580085809 0.25565164717058141974 -3.56798851228991953377
-1.92952883006952369271 -4.12517945766042881672 3.05236519875712453143
-4.40914056473578952478 -1.93505427323391421268 -4.38108763326003725069
-4.33692898198427823075 -3.20158434308965444970 -2.28052298573128409132
0.86655021343830007652 -0.65894828196683175037 0.20911614187036775547
0.43208762952633872345 -4.11230879343808464199 1.10070255178191001022
4.29948121867025090381 4.15817636051088879157 -4.23981320429302321884
3.04602050630487486416 -1.62994187787305211401 2.98294392059100221815
-1.45171741911569363026 -0.16040281592095428920 -3.97520552530651727352
-0.96210732196069637112 1.31577570151577294411 3.35966686556062388291
-0.75977302675686875233 -4.32211340786658038127 2.41918572710013446425
-1.14918084133633957578 -1.79340885810555761282 2.78268863015194867216
-2.08434216048781806307 -3.53636918194111027347 -2.80846810659187484660
-4.25912498739448253104 -3.01814099364908150491 -3.78771988347154398014
4.12852055982332633022 -2.52639644252451711637 1.44654605233925881436
-0.70686746426356261708 0.23878450372032133942 4.27235739558373150970
0.28425131171231665661 1.02474119910415328860 -3.17518502416870163074
-2.48719932045727665226 -0.39593851912270761062 2.39123548970005295189
-2.76478993494221070293 -3.16332987831147427471 1.39707270076213330157
3.75532595430745796961 3.58588578634761478980 -1.23140938677087374842


