473
2.66370924246285145642 -0.00162612928943417501 1.64574848314396948723
3.70141826425635311892 -4.03655590733043556639 -0.55012087370116802276
-0.93593284526445774674 2.16081841716629874384 2.19821103093682612695
3.69849185333265051412 2.49055610564637230908 -0.17651298621141187084
-2.75809793602825248371 4.42814846112642168663 0.16064365742449293606
-1.84818202501352457645 -0.26456840593047470378 0.37184157821046159853
-2.65072179526280038431 -0.15950228024046175790 -1.75545343830718891809
3.67483469644414828537 3.57427189308338721929 -3.75333862606059387446
3.98458091495177146868 -3.00646751182002835989 -3.55530949229893877828
1.73091617033442002338 4.05623391894808893454 -4.34896462060420940787
2.04962033036203639114 1.49338597405590522982 -2.20125110855861061410
3.62787382019276716250 -1.22054348773296217345 -2.19961220643851262935
-1.22415708545933910045 -2.58570508257077324998 -2.30577214743527925123
-4.23541680526432262610 2.15578997386459025876 0.28566382441406190651
0.44096754338024624076 0.13992626306766098310 0.25184414936830279430
-4.43866713927012135343 3.81174311124667841710 -3.59441931229438171869
-2.18292548424845955779 -2.29694014400774237927 -2.92687407124737797304
2.26242253114557900773 3.40973370364714778447 -2.25911098903023210838
-1.31534056108436470112 4.06800417541061154481 4.19789339616808820921
1.18823997019876603787 0.64771284987662358645 -3.77228381417767533179
3.94513978708394841277 -0.98390374638792810202 2.00947190535422759439
4.02749278332418203519 -0.11581249949030958390 -1.20251264099534083130
0.02163756383760961910 -2.98662573741308223774 2.05089327756390815694
1.66175778068438617652 -1.98007182702540429631 -1.97617105113115432147
3.77750856957374292477 0.64250475053365807554 -4.51738449054696200591
1.11275099916355113550 -2.92687179942840502989 3.74634151587900898761
0.22121774996025855842 -3.20785054675863934293 0.19538769648328369044
2.68548680197792677404 1.72382979747507825152 0.12244192237603623852
-2.93813066087009255867 0.58437387937335660837 -0.89761248267073989737
-1.57213450843775426335 2.53589007076652883654 4.35901201190420106713
-1.78414347277652396428 -3.72612174964500031393 -2.39366319491729662161
-2.45841989491419443681 -1.40575109138985743229 -1.20711417950585664371
1.05257191552914886046 4.10915403605221296601 2.94956537823419218114
-3.94387610364652507755 -0.74849061802017535783 2.79892597443690682724
1.77266043080960233880 -3.08834106504189209730 2.35237787232260853187
-2.89949293116022532857 2.45482383187256303358 -2.02194190904219084359
-3.98141833256347421610 -4.19530928973952565997 -2.06347842773416711992
3.87987173846256450105 -2.52581247538561948218 -1.80055424667751662327
4.26598503335736989328 2.51670630484303536889 3.99624160779629189477
-4.16419146039706333795 3.72331263099202924849 1.82873965831797402615
1.55194193721370243821 -2.65772824126757845065 1.13157499216315393653
1.27767711108236792228 2.53128907192424978945 4.50351223325197391745
-1.01687839488419928813 -3.31342271178373826146 4.26060122443222599742
3.76124728026888188737 0.71088761271235778594 -3.46357825235806116027
2.02313632907275220418 4.28367781292830596129 3.49340919672048055844
0.34062879677262447586 2.42989670191410933597 2.58035795063095552138
-3.65945255449062711861 -0.31838826270420472753 -1.44384984212343603360
-2.75406002666655025379 -2.42797944451757796713 -1.25556727521466404696
-2.15455312252834874087 0.01136842338492805027 2.65543888034857555880
-0.72128710019892805505 -1.95328716426042525711 3.48359888942029893855
-1.02201085751618103714 -2.21128772127306305606 4.52076309329972669815
-2.57000253893083208112 -2.21000101932373826941 2.07723064903217746746
-2.58370086419460687210 1.50955530453909769761 1.55645478141884563428
1.72063827067421204475 -1.67634875246061509912 2.50949941418107957958
-1.81641369341688285743 1.22437128568882780399 2.34222725268844467195
-2.03424759069004235101 -1.39131940514648455576 -3.16218909546582693793
-1.29221477665580009031 -2.80783579384938697387 -3.42217122167330733973
-2.79621129138134971726 3.22420675546518697985 1.81720423789770357814
-3.91092033681884787555 0.83017811987404233065 -1.48734817094421156725
-3.10344052418738547416 -0.09663992383851116585 0.79866510516017452659
0.15076588396495438360 3.53217406419509227788 3.30841872087356225762
-3.84383944164330815241 3.03288570041579763625 -1.73882813193530560980
-3.79140598637409809157 -0.18707276153399110541 -2.87804128725829055924
1.65679496458619990307 1.92486020818327840942 3.55905465334127324439
3.58757912734784678577 2.84799626427256225014 -3.01500190388899191873
-0.61393315888303456873 -4.42021553406616085624 3.68476955621808155428
1.65301569818814364510 3.39741428901784203731 -3.49430318232571268666
-2.14804308927737119816 1.31001575978146700407 -2.69925822238343027237
0.40187273665409950496 1.84421108787651899519 -2.98026669615481409892
-4.26297920361523630106 4.37335518336723705346 4.44869997401619610145
2.48340942268163278328 0.61994977950736096517 0.36716386747684559566
-2.73134402932429543043 2.81420232899974820384 -1.08396089515554816529
-2.61868400897147513007 -4.21497093107804854384 1.32742298889529664052
-2.03607397267787604278 2.66129713960839175968 -0.34009375604436975493
-4.49118092996285955820 4.43135673574099353544 -1.16041500002979436346
-3.73692190995471662518 -0.36400766673353324165 3.82432705348075341334
-1.31533859249022277993 -2.65331257933764241841 0.29835881340517378391
-1.95244136117722622004 -3.78541422368062452364 0.56195285547675410953
-0.82880366376770764347 -3.71523872186508619109 -2.92535130023543743505
0.41227763695691255208 -2.37751497270376122017 2.99673533720386320311
-3.53097262675474565796 2.23833967501323183313 4.19473340443042896908
-2.87052408107462397879 2.47160686959781283889 3.09668308004027537095
0.01172481745529285746 -1.46356863678651727412 2.69886220413035715637
0.29696060449712025076 0.55564296494529408221 -0.86277694685109151962
-1.15271583183906844994 4.24671221067785875647 1.41976145071040971146
-2.74979937726704104506 -1.92343742563142372504 -2.21264703245064087156
1.65256533853276277313 0.55636490845253394610 4.08626514527915585262
-0.34539543918275938950 -1.93712704387582945742 -3.04661677902299299348
0.14544541678959532760 -1.70988412058420147233 -1.20248078476065822784
-4.11954970517614516012 1.77680098935948027616 2.02228755135919513464
0.91867141313234856881 0.50213357478378117804 1.60527027326286297892
0.89811587143953719448 1.36699031756352074041 -1.49084090258480950197
1.18377893171537618144 4.05487154466924248908 -2.53688850626059858584
-4.10304289257022425375 1.93061178178327264021 -2.24471171633928312517
-2.06317964514569096579 0.20289571520347315925 -2.46042787129123752266
-2.70181154395027656179 -0.77308445245346568697 0.03281894228464654617
-2.03243066305590724951 0.83457249500731212066 3.43420041185868729627
-0.08349570619954871376 -0.67420457565478919548 -3.73588440896726536877
2.59148312943724068447 1.27008915509959585677 2.05449294903312473792
-2.14534377731744640982 1.34292092852253208690 -0.60228554933517042258
2.87508930968326748001 -2.80841344509218782122 2.41429117489022893039
2.60195614294157273605 -0.59739836427226711280 3.24181545032287843355
2.61490843659741933891 0.47049262791395918271 -4.51758547972128088333
-2.97578692119611520894 0.24295807693445148345 3.30286416188043485676
-0.40904612882982593902 -3.88585005139325945223 -1.72177884712594408967
4.37913000771811145029 0.33580030653461001577 -0.47891298703624585187
2.91387207564460837261 -3.78747752333944509573 0.89099850293708726667
-4.44247488399153755978 -0.62161969843598985364 -2.01763285514456258696
-3.21649421558794212928 -4.17766754783670712925 4.07433903856939227950
4.38952505760043276695 2.67879065271018657057 2.41608920005809846288
-3.97662033133998615853 -2.32502077903938442205 -4.11640876935297583827
-0.41423804781094197836 3.51839096596942280115 2.22063428799879236664
0.87534857301717661215 -3.55968310912027652293 -3.17659784716186122111
1.14045025600242233565 -4.05751668219284411521 -2.23286713479814258321
-3.59379838620074743005 -2.52456739018622844384 -2.17301664985036557809
-0.71338450617915416530 2.91195792113481211061 1.49398664386808111004
-3.86614685040646177683 -0.32381093341032052280 -0.10859016585834435631
3.79841397852847872940 2.14276640892799985494 -1.32423515592837759414
0.41078300113839105734 -1.84304632477456920014 0.29131069408667098486
-2.83008860864996147910 -0.51199024628640810164 -3.14743962714627745214
4.31205230454632992831 3.22885940920697844803 -1.11391954750112187611
-2.85747853023736109179 -3.39185640479226480082 2.06044268893096660378
1.00262941488641033061 -3.62395916232706349902 4.51949632664707490193
3.62945369029619779866 1.57530998899782570533 4.46795158054053320740
1.97237669944999094440 3.15255112416597249592 0.56352647415408263498
-1.95161719022770840937 -4.42185469482626469784 2.17166292241049330158
-1.01987817662990831735 -1.12191845961585157099 4.11999379443020696812
0.80970206700821734103 2.49076478006452095570 -1.33760043319336130452
1.80150401637733015292 2.17496562493677725314 2.49511213047467084181
1.66429563341930464304 -0.61203597945662169266 -2.12795652590342143640
3.68772477677131238494 0.51342548232180984513 0.38538670114959305835
-2.31837852261857868541 1.35717343226927411592 -3.77346417986916105036
3.75208846155582076420 -1.43609961412858044838 -0.88828002818249718331
2.14535726395345704987 -3.42853897629958259685 0.24756796864359742472
4.44822687407679762117 3.33916481544525733938 -4.52155324908016176266
-0.07441475276191500399 -1.71809018599476104328 -4.01460405305272427512
-4.23098533110630548038 -3.94592073077193239428 -0.40123545578589858707
4.46358508153898991822 -2.81314938869687836132 1.34197389254588106411
-0.91225882469452601597 -3.76233120792372277563 1.22266097063864265237
2.06722493559206377256 3.01207155823658556670 4.15521782880380730063
-3.67631773965950570116 3.23387397780054364205 2.58227213466584260004
-4.02102881090289532295 0.80024921296693385386 -2.67432966794678872446
3.13373302322837066214 4.47001988697647067994 2.57004507670767523564
-4.17886165366733042248 -0.94823172878443662270 -4.03123796089049690750
-1.73157433137505556431 -3.38669907572857464828 1.78117431402428127996
-2.63511868098967827478 -3.15496334550369716965 -4.01607279053050181261
1.85967530929081181768 2.25959034007430048518 -1.42644680626791853228
-1.09182515900104881723 -0.88771566746593189023 -0.09540563301092408466
-3.20908838534343177074 1.94007345568087163912 -0.36595592590027603563
-3.47276236572188112817 1.82827842457440947754 -1.34329599314758141304
4.27317234835447745667 -3.07434901453514930481 -0.80160571091124488419
3.48580276323370430447 -3.73416346021476552863 3.48991073613800661946
-0.49784991899686126260 0.19858564114826826597 -2.79216693245163272152
-2.86875663862724339381 -2.17284620966525876540 0.94737433705477602786
-1.52483124125126723314 1.05011804919339102327 0.21026551467425935726
-0.31056487445601632658 3.09868324378456794221 -2.88051151960996243417
-2.30905450081768970350 4.07301498692440677729 -0.88191070102395885399
0.59882156551981147175 3.56315649247922383580 -3.28034990568693762825
2.51343266221305938757 -3.75849119343751647548 -0.81014984610528895104
-3.95711287101021991219 -2.33823704176112601161 -0.82998007328429546092
-4.20091947820928979240 -1.02054004630899575190 -1.08719650939662493272
-1.12250184791494556080 2.17547429841481321233 0.76887657621223493010
-2.64865789058191225536 -4.36887505438836409866 -1.67283684610944494153
-3.84973836941853919669 2.86657866204775668706 -4.05869498985576182548
1.87912152229467199760 -1.85750825650558271107 3.83180522151912139606
-2.74685315399281337889 -2.29961771513349910734 4.06973073067691171190
-0.49599259450902088986 1.73499458960840780009 3.15718830685077822551
-2.17473635668285503186 -1.55416470114372273770 3.45633061014868658845
2.91524623175456465418 2.92354634070596031137 -4.13714758402938898030
0.72472303313494279564 1.37626818963719532718 4.20610463763288056072
3.90871471844524887018 0.74907617807601489801 1.85880403096737101265
-1.70273588006694076569 -0.67574727558988723075 -1.53013817955206654631
-0.99069009345356340290 3.11706621730068356158 -3.87906750765709906759
2.48439433663377950978 2.68094076720800256197 -2.85200842667802678676
-1.46387998918502049150 3.85153918872387546202 2.96020394976435508028
2.38340736517673779105 -2.42443061022323202991 -3.25636211614562753880
2.76230311886790236287 1.21143546364867926712 -3.09397500682806736449
-1.85881346733126884274 -2.74186331557506690615 3.71217611927715918085
2.88103449201691397263 -0.31398258971285475383 -2.94748225590109846905
-2.14185528231413080391 -1.55851575497007210913 -4.30558326479441966228
-0.91666593287949993396 -3.00720231073591426352 2.62216481786246458086
1.21219467785719903219 4.12707100837377627300 1.28281937614112884205
1.15292123787037592564 -0.62305120375626055207 -0.64412780411702152961
1.75427873845508397466 2.73996354811333997503 -0.39438213344091899160
2.72250687152873904751 -2.36328411019975481722 3.45476117755343992144
-0.60029392076058307737 3.24057959005673890118 3.98892387044565221998
2.12272593388072383647 -3.10194259423097395967 -1.67294297195918328924
3.56407186014903754057 4.47869863840141402278 -1.48187303781331669583
0.29130426724259450566 -4.46184005192203425594 -0.92341293274334468322
-4.42881786938407184806 -3.24263726660393247769 4.47845863294948554056
-2.54583239484416568033 0.65689936079759991827 4.33164068827778603321
-4.47657715631946739876 -3.95796725331793508573 3.32791430108635122309
-3.27734085783341999587 -0.57295558435555360433 -4.23247672981759226474
1.46257473344988486730 4.52337637844793771791 -3.44976258510079825115
3.21467470312847591885 -1.66818526834803293468 -3.35199873317999541555
3.23629913112731948388 -2.38873188675309622298 -0.67169952138887367710
-2.22571500576248837433 2.48197455605204098106 -3.00585685596613494397
1.03494111209629124914 -1.58124395192197164661 -3.83053174823632591739
-3.88339662648871986050 -0.36470029664174852257 1.70069931047502276300
-4.40765281537637232390 4.28413518377373403467 2.64093888956708422455
-0.69356303671378327635 0.13993292617122676802 0.82918557164948758498
2.04586767255712942415 1.62889957412177022178 4.47284195197460032745
-2.09247849896519300117 -3.71482390169077447695 4.27743858700568235776
-3.23012998435857490165 -1.36633663630214119422 1.42086069916840784799
-3.54986742918314712725 -1.20536059557077290805 -0.31839550278022876739
-2.49558035003575628963 -4.44861954344526289162 -4.14175767593143540068
-2.65813611020837337051 -4.36800114052049082147 3.03248471653517626123
4.06941739732275653552 -0.37446712383587499318 -3.27250166328357128265
4.22739098189140616313 -0.75741083594616354091 4.26101390405100932668
0.47458232472701578075 -2.61168209307975729416 -2.03845419608931033295
-1.69403159267460790005 3.27447922756580389603 -1.36269860125050001898
-0.81079101977795353662 1.37808457562263431129 -0.98731181503240428299
-2.64574854450504703962 -0.58031423344812127496 3.94719516599699904447
-3.43043531626592113071 -3.13008217773413255358 4.27620683937470413838
0.90766265642281229731 -1.63915458574790928736 -2.67582724781068126418
-1.08034162022942137327 0.82094462315207028524 2.86833230349243439861
3.76648002433805206834 3.20379296387804135549 0.93716210296525392920
0.98659996797486027020 -1.92551326980018089330 -0.63887953752797965734
3.36022685102809770541 -1.10415262348830323091 0.59640156662814458599
3.36604978353896466814 -0.09168096623558774638 2.27878933905477065736
-1.86650454569391399673 4.43831837768302417402 -3.06775779933912540187
-0.48010947802212111668 2.29099446468056555659 -3.48781651263308845046
0.26382913647844219440 -2.59265521406724763764 4.23648103324008840076
1.30249398860348808427 -2.49866586520353983758 -3.12533627891439680369
-3.60443481567560430889 -4.02632735730553381615 2.79629155744378543602
2.41140440805222322496 -4.16698750687561769723 -3.23521757098185380741
0.06498855943610859498 1.67205221459792063854 -1.90596010283161465537
-3.51012756060273156677 1.07706275487707081595 1.09505703098161166764
-0.35015579633948856753 4.43687545272026451215 -3.03722325229163114813
-2.56605568416849072477 3.82195166805474162430 4.09750229637801322014
0.81020089051678834124 -3.97789969849165148119 3.20354211424688539722
-2.87936664626586269478 3.51447616345173141639 -3.71920220694241132620
-4.41791077027157275126 -1.65504638578772755864 -2.16082626558649604220
2.74927402434738876735 -1.80280842470820168444 -0.04951279948147124799
4.22107797194258171913 -1.88490314135933267892 4.49864016231620400532
-3.98122549614690557362 0.68127990745578781429 2.18844723090387649478
-3.72554771481553492762 -1.32320443878590499054 -3.00086263384798845877
2.50676212836158551767 4.26523187261979597196 1.21784006304409242460
-2.61388177510513575186 -2.69265501385651662147 2.89234852468030556594
4.41646310633939886969 -4.15509811354538172168 -3.85663884524036060242
-1.36259725448794366542 1.43757671901350558841 -4.19333608092197973605
1.85635520047186819426 -1.22536841074880920033 -0.16088479513546261046
-3.58759022761922841127 4.06620453834736661491 3.31756646790793841006
-3.80867348417492523893 -2.99090735362674564612 -3.38462739436886206335
-3.55532686475810733029 -2.63404214921194235188 1.79075791564889641450
-1.79636443700893533304 -3.68363222948549973168 2.78986529069100530620
-2.57717585159342688073 3.70050851219297260997 -2.40276966634261635036
-4.46620356870713752784 1.36703226979043090950 -0.59002163092001946865
1.29141373508656354119 2.35134238369498405063 1.17775324951302806653
2.85400184179412175212 -0.99464943028953101134 -0.74818705164279908360
-3.19106485361501146514 -3.78756850254602062122 0.58853659984258221982
1.05748909979148830729 2.76450106700112829827 -2.50688783764963885048
-0.92698733667036892214 -4.10854773292352604130 2.26199242486814888764
1.70722695300560634024 1.39613600791934633349 -3.29427196619210693740
2.93573423397830612913 1.49922397904969972871 3.09133254026721893126
3.22896287968963680015 -2.84557705634308044651 0.60362226158719245461
2.97627819754417988207 2.48153954074819882436 0.73791246884983063836
3.63951103092978467402 -2.73336445024049767838 4.30844245976303152901
-1.97269690646634376918 2.06905437233124711582 2.86852103016681336811
0.65743269243298740889 0.48055028977028158010 2.70278390452033612235
2.60962046143420867139 1.09053836513781732265 -1.08457184755674918009
-1.02805567858441193607 -4.45120890909347988185 -1.04898521062958627326
-0.85771327807347219618 -1.31237991749496263338 -1.24202524410202697069
2.28103662039113874727 -0.17748551205865492619 -3.70567328386018424169
2.82306085250836247269 3.74237363302851111513 3.39004885271186218176
3.04180576845914973916 -3.26161717881906776384 -3.04301563287466647623
-3.91490325946737582896 0.61746052120514161032 3.49990614506420261165
-1.65255249230184286802 -2.27334608905380353150 1.14506041109090173080
-4.09466544976965707292 -2.84533127093519278006 3.38449757777416859739
1.93023738817492951370 -2.41593018925722136103 -0.91943184690674151227
0.30375438682966393600 -2.75334043607494294292 -3.67702745648850770621
-3.09492178366255021871 0.65249212187659288986 -3.18314403839266235607
0.04943213329801388056 4.03772389530185460416 -2.03223722676986007230
1.32234576332464559556 -0.60429458628167909140 -3.09260697055805700018
3.52730352916892098136 4.31838676484531358568 0.24226303723377640154
-3.31888453556048990123 1.35103350780815212318 2.82050355391458129617
0.85758375236005779385 2.36092104604099795040 -0.13372150950461758612
2.72979620656794708111 -2.11666316101667639771 1.28737774649771896662
-4.31437965494146613565 1.23290742838683176075 -4.39241250972246088935
2.72325540668490440055 -0.99413413140882767038 2.11680706110002159193
-4.42371675011907417030 -2.37919834414554154378 2.44653040094319340625
-2.33513096134283859584 1.99476913996527738249 0.36179357670485412513
-1.04748376405277099366 -4.51592401084479977413 -2.15567058817115286828
4.29165533480731742344 -1.99521008653458320481 0.09221313901525807211
-3.44619206907392339190 -1.54652015919548269096 4.04092814141729927968
-2.44164953800876505241 1.76401444765897341682 3.97735686239403296582
2.60309427907679502567 3.92024477302701424009 -0.01290063024979826167
3.46846331176418498643 -1.88794416801114284254 2.31341451641739404010
-3.89913112241485482201 3.50143954721608263725 0.55266678259024981656
0.82666935728641810499 -2.14835785710035453988 2.11093480593324933636
3.68964177618353605936 4.43310689696940851690 1.46940429948190054432
3.35212108389536478370 -0.11995599532397172027 3.97950629526439936257
0.00704389638472768809 -3.45352466603079477636 3.77958633853659176083
-1.40159598403727603255 3.27733379381541478637 -2.70733715498940563648
-1.70144680255933256063 -1.61492166636409439917 -2.11594902758538205845
2.89890931907583304650 -1.56852569155265397782 -1.58713103919046272239
-4.12875132012905599055 4.50038536287759338705 0.52116681585936763810
-0.23426064068168805932 3.88684750772734499691 -4.41098376148659010454
-0.06020261896115108868 -0.69047348943534592181 3.47344707315350031962
3.62440085295219649453 3.03037635319336207118 -1.96184962706938126331
3.55365736362881801114 1.79841543053409491648 1.95549020769395021091
-0.77947368968327612748 -3.89375685548618255538 -0.05739326787467646795
0.92351463025605884383 -4.08838201053131555796 -0.15467337751208631857
3.09760224812934836791 1.93428048005517805308 -2.45066680986835860878
-0.79775614514097403784 1.22464169927811372673 -3.05236143574496132658
4.08312155065115245378 -0.63825953179769179258 3.07630099429756409535
0.87630699855176885649 1.34590649536619544335 0.84138439113002494452
-4.43595605263939862795 2.68787998683155482382 -2.81161197033348075891
-1.95204359728145959707 2.17280385044166024500 -1.48863325319360395582
-4.50737771498687944671 -3.46123179449924212037 2.35126713677496912425
0.21684233581829293058 -3.45335358832375005633 -0.96523975264982064814
-1.26114599850784880886 1.12202960370511206634 -1.91404662400525005239
-4.29747424494203666967 0.14279328107621491739 0.83063492174834152593
1.69539098872141025254 1.17165184638124397765 -0.56501106946397383624
2.16928411970674783760 -1.31690345375797424055 -2.71679938482558158697
2.31337574573111748322 1.98356847835841154648 1.36678882319447847493
1.29693659688871409941 0.45711792163541797862 -2.62111071609236345736
0.37549785178147221387 2.29445257500306443177 3.80778955764435966813
0.52516151793040055651 4.40752597191862616199 4.20870065212607702421
1.86290553257487712102 4.43551670575072787273 -0.80665967340508126782
-0.99145623673381333418 2.75785448598745297488 2.98149068470436784395
2.85789040108612280022 3.55990101331234054527 -3.18211615164740457828
-2.70969789650190451269 2.84614749803297506503 4.33833111093432943761
-1.59206928951229986779 -4.37995317806854345122 3.45344865922933497160
2.75046069595054998302 2.47495588624221074525 -0.83656119302145226513
4.03297845696556489514 1.46755046202249328502 -2.27052947847285047089
-0.77761850778230456882 -1.78383955378707748096 2.05046388983194294298
-1.19264882071401334684 0.26778485221175429842 -3.74850852652922661434
-0.35093408581806162516 0.85223937507206048991 2.13312245754828833100
3.38726485375595398608 -3.97735262047417181819 -2.24638326973198099168
0.56223523309297895878 1.35531749975943593967 -0.23599064486765186643
4.37031991265078456621 -2.25991468649307369887 -3.16004900879188488361
-0.35149982351229969169 1.45958129641904754692 0.49557070312995588068
-1.06838080857005923718 3.78850007169861324741 -0.42574288792303516260
0.13008008548703653418 -0.79481874924968209939 -0.39758839937999379543
3.98095075509935103497 -0.51895765955386341517 -0.13695527882003144526
-2.08385525930467174760 0.05677174666520468094 -0.81212491595614055839
3.02884427470720307696 2.11362903955403069745 -3.53483350022590636641
-1.21051304026743045128 -1.28802030466167583000 -3.91795647419555326252
-3.37364339628433373974 4.01737023606421583821 -1.30217766766047615690
-2.99574123821708848681 0.19448844041428881013 1.77383563751211159598
2.84455110330961780107 -2.56746056076614737052 -2.09827459351575962287
1.89542519824036137521 -4.19559939103756818213 2.62682675266354959120
1.18120919554121694972 2.88083008157673869931 3.12663075734946716011
3.58592825957545979776 0.96183629204363363385 -1.54763775491678190477
0.00828196885587306753 3.56465613422488569739 1.02850363182796300521
-1.05017068495370624603 3.03570203092032997461 0.26974247846418109020
3.52015598727651291000 -3.41440982093865352809 2.00354566322967642122
0.83227697757954732793 3.37334115276302703990 3.97461504755653916021
1.83094770132896389470 -1.12605451095709208076 1.24650283161690200728
-2.44552801783664452984 3.62218966705257994221 0.65583409836050954311
-0.54937201372660293686 2.40617139245203404130 -0.51767920495071262366
1.16416674865917446624 -3.23262245861091557231 -1.06740940654293181566
-4.47532064281910280101 2.65782499291821583398 1.28230896496181756561
2.55803918239402250379 -3.73947050876451303481 1.84109339768415747329
1.17505799844613090244 3.59377508626404118530 -0.03638673210128651192
-4.49623527680310619559 -1.66429130000250191657 3.40655423257080780530
-3.20782414176955876783 -3.87182872117693577252 -3.37677748025947499499
0.16930801841568143828 0.50388376167741721900 -2.01887814221885975030
-2.19062874816389907551 -1.12166491085198538613 2.39009003185670021452
-4.12558516092806382147 1.68018726542646934519 -3.50259854204706533309
-0.62707545948954646065 4.35660274612666942318 0.51128313649983692102
2.38665763363700289545 0.46524578308036268481 -2.29427079180400639302
-1.65607755713944371223 -2.10954589713219187175 2.59076147923898858494
3.36763279459183184628 -4.15422741957333130358 -3.67100763754589332066
-2.91865794125072630649 -3.18040040853542294030 -2.49008433491121206060
3.17636533052746283801 -1.89037981412799815928 -4.48507979254852617856
-2.66292440120579776419 3.49568977642018641205 3.04522209486435979642
-4.02020921196681424448 2.15814474517874366200 3.20544220988396677541
-1.46586967580119775789 3.15453922340623549303 2.09077122857450259374
1.05265029727312242613 3.59319334054788885879 -1.20594561456584870029
0.74838182325809476936 3.42561328574056656038 1.91565341699996150027
-2.28887389740017166417 0.30984907488747470694 -3.73774240220914322208
0.22484719034364175627 2.82325065028256982913 -4.27989858587485194619
-3.75327786748291503116 3.06403681707031783077 -0.62647897279253594860
2.90171033628503760582 3.97744625554813691082 -4.47830168391799698924
3.73323961202219312128 4.16707918665653576085 3.95349350496642504282
1.95099427758010790512 -3.33391292774223968465 -2.79924666056199278330
2.41467492245507742155 -3.43593130621304165828 4.00411788826682180087
-3.50812166432678340655 -3.27166227885521809782 -0.26088617321795748438
3.67057879588816060590 -2.55373879118553048784 3.20893527066470696241
-3.26079169905934795892 1.64762597614100503307 -3.00726293044770587315
-1.28863529629325679338 2.15079668547642466336 -2.39805429459590335739
-4.21871979213608483406 3.29935197098646337821 3.45862512318895998220
1.95318370373822514097 -1.26440389773051409250 -1.26693155961633197037
0.38426624578594203996 -0.39156896831689902427 -2.76739703701594130791
-3.64009035986754181380 4.44662226346868916238 -2.90609673052479555722
3.86234748115357628961 -3.94954780113066439284 4.35266499458687317059
3.54209876960227365572 1.36947108299641673312 -0.41626925671179826338
-3.80066347538422277808 -3.99494423647642271646 1.71055929149128260747
2.02547173510683986564 -4.44162609047312351152 0.36811982776580354226
0.46225614342850107619 -3.90567015916956750132 1.17526785705025904605
-0.17377813375789763484 2.67605567721142900695 -1.84899172425916713536
0.64231866816458094149 -1.48645660552330882709 4.22396488424666838313
2.26321708589889514229 -4.11367411364117518957 -2.08940219116028380597
-1.17480544879241710632 -0.51237897505579876878 2.74484166563624576440
4.25019790300480604373 -3.00826904054321087045 0.22707226508530276021
3.86849547091013068467 0.32538697904203495170 -2.40846177818513940139
2.22500544991451842947 3.47694048465071592346 1.85578792116859059291
-3.19919137754678839514 2.21383324054271835024 2.15240584321319250449
1.20402482059563364913 -0.80120576594379944169 1.93983861432346049725
-3.41252548854730486383 2.58819111769038823212 0.78764905893588910146
-2.90968801367145557535 -2.08887746993351175462 -0.11948091849126019071
-1.51729226536387962199 1.31845933130659265231 1.29325931958072715133
4.05880396142732902121 -3.76508114230315626969 0.80890087191269710587
-0.36522419256766536222 1.69092271731784737909 4.29687012734292839156
-1.34270391562955815346 -0.55627965165804393877 -2.89075328016641330819
4.49738118630996641656 3.82632514881795682271 -0.22136399154933616984
-0.64337189114220016961 -0.11444512796775629937 -1.70364521156347903386
0.41126210641619298514 -2.44833854597210498483 1.16690586992812672662
3.37441294634884592085 -0.40432109211948308314 -4.04485952511247504049
-2.99430764079297473401 2.22991145745364516273 -3.86787552208404239451
-3.08985714104666397972 4.37468342888188477247 2.14451898559024822788
-0.65130301314800842505 -0.92070824071036749814 1.60583372229483867244
0.04697783286694345861 3.91098623471155537601 -0.24547516163132687694
-3.81684674846830596096 0.78884284147454941660 -0.06802545833931272767
1.49789686159474388916 -0.81266183799724700521 4.08178899092517877278
0.12668491513676283233 4.43021456322408635486 2.67005037182493776271
2.55617904748998192588 -0.50782850378917476775 0.53761522026617658554
-0.25022203217351268734 0.66389379500019796154 -4.15003059788066774871
3.81029919848000897531 -0.27815039318345657904 1.11881125627260491484
-2.90754060114116175129 0.91424882038605037593 -1.99464677547720947715
4.12530289965125884777 2.15062638133002881347 -3.75868815873977757391
3.86532364999968169883 -1.87497691630078389124 1.24914439211872885238
4.26174268064368089171 1.32066177169760123888 3.73198617839323798506
3.03886365905497246587 2.97846580220482426427 2.65858573427925382049
2.42427212013360904308 0.36012615473223696938 2.62863257129912675225
-1.11384112416019487313 0.24337976629564295195 -0.14048373688861204300
-4.25304517827883810099 -1.69490100542952326634 1.70499646068742372051
-3.03605898145183106251 3.37862467677613587114 -0.13455260113593681126
1.75277928841493046974 -0.17596577556530057507 0.99516355671153799989
4.29755446226543380561 1.39495885564818600244 2.69331165208393930044
-2.03179276775372086306 2.57749052279530932452 1.30779622751202584396
1.91016233670698287739 -3.50798547281247685703 -3.92915333324862681152
3.58220362274838510785 -1.40264113690543723578 3.68297578073147757749
2.61326754025242458113 -0.37829865584373756349 -1.74897914752366379076
3.96781337156207580819 3.32098878890190807311 3.05884611848130205658
0.82157040180342377766 -0.92101743783065348481 -1.59430775971346871955
-3.09936496053308818688 -1.90655697568010840115 -3.72745956143451850906
3.07674837956187818833 0.13553594527588774810 -0.36904501572384873498
1.37417068785663687436 -2.67918222661137583884 -4.26445932111706405010
2.11065513547823258023 -0.21132647439396379241 -0.54597123242725364989
-1.23083144437626623713 0.64031561659083280347 4.17275930974384134942
-0.23075293453898471085 3.51320597306683790606 -1.24061162209967834613
-4.08157756542113059339 0.51804620665114597955 -3.69477373501530070854
-2.53598233501549019664 0.55507065888940321230 0.20537688758357131036
-3.23045342183127992541 1.21031973610539900221 -3.98984477918404634167
3.20696879177095617308 2.37109370475577652115 3.97540674848728503576
0.22316936275628229680 0.75715631641188085865 -3.14387146108634896180
1.65719506954032524959 0.95356330035176473103 2.98693653022602845226
-1.41229715661154875406 1.64885829168388120536 3.80813548673698232250
-3.23546806493859984144 -1.53329696696513195775 3.10357489392916807702
-3.28738300722423870681 -1.02777339825688907027 -2.13935491959958579145
2.64009773195368158127 -0.99619933051244835553 4.30783799816805323957
1.07765657594579167267 -1.08079371134647139741 3.14821391516915394249
0.14152672387580356173 2.17408048282956922748 1.52621804995054954901
1.27389255128077127921 -2.80366972661775237796 0.02370086087943690245
2.06273025046132385540 -1.26963115972298723477 -3.74839051643789344936
0.01064249341439804653 2.64563024903587429293 0.58461442996805423888
-1.35816360168583161183 -4.10033805603890311176 -4.08234156724947627737
0.98584729747395272170 -0.84981836355554207785 0.29987514764896427977
-3.65108150941497466846 -3.56735421526765206224 -1.26181952828989896176
1.08092122620438146896 1.46028342630211760422 2.17613985822249755842
-0.25013233114399469059 -0.99981080720305159915 -2.12578116079476009403
1.47041983140212018100 0.66842006709213297455 0.49061221486328765451
1.55156165680942148555 0.59421573332332044970 -1.61739967001701234750
0.52485601171295570566 0.32365546779699094770 4.22828430704991387046
0.02404197518827722035 -0.73909434807242613275 0.64672846577460774142
-2.00269346295157690818 -0.34061953598528749154 1.48207158382778825256
-4.43798870109863141664 -1.13520247845485844351 0.66785962393595710296
4.44718358164453331227 1.29184141339677083238 0.89504578733440975924
3.37232492363262981172 3.63946586937598492995 -0.93103654501384180975
-0.05381682249385644212 -0.31833325676498169798 2.17527728862356095618


