52
-3.96823319161871124194 3.46165300274057319285 1.54722671797367450353
-0.76481718450564795120 -2.40231336274932738561 0.93513035717555492710
1.15213639818678093008 1.99516610712018316320 1.97384023804986163952
1.31817995357966566417 0.88922193468507160219 -2.49700472610599710777
3.58612003683107527507 -1.28459241216046748946 -2.50114452395008513008
-2.78687312395706188184 0.49903047986826898352 0.81839956579478823073
3.46976152617714905801 -0.88398555022588398700 1.36694682695274316586
-3.20934542172367764934 2.86062780314094222689 -0.79433436758941233791
0.61032924875150218469 -3.18398166418379569009 -4.49967504869489776098
-3.60738562888334968193 -3.13566425230111800460 -1.43274781765509651166
0.28346836315035872644 -2.28333437332365463135 0.70505506664900963187
0.17317840287045971337 -0.41921636021197272726 1.03718807724245909441
-2.71658939359211837328 -0.98206949754319694534 -0.76916630598893176440
0.63473220539564323417 0.88891752109448152197 -3.19400954988615470853
-1.62373897476244044569 -1.63000093998586859101 0.35715268130856880902
-1.33676031826545704817 2.48617288210550935190 3.27935708918480806062
-0.40570132709632122925 -2.34863014649209977946 -0.53884937808331301312
-4.20962100968875674312 1.32666282830256321290 0.60897863853303046966
0.33343399997885114772 4.51264220660192361123 -1.46343613086713197902
4.28083310986988063718 4.09970278487398953615 -0.67971613206758130232
-0.62422933575677452822 -0.14522481265173503573 -3.97131814585498776893
0.24062918432582680595 3.70187677462316866439 3.90569505173174302826
1.42749882743742784186 0.17993399790516839687 2.05803758101546652171
1.57976862851181554248 1.01438455540076333250 0.44507867054460348299
-2.11557990738247037044 1.04141220109428012108 -4.15772984203913509305
3.53030227513867433942 1.57201638822451617017 -4.34725451025452525045
1.38820732017927817026 -2.04244630478937505558 3.77564709009090382352
2.63680362575264304326 1.54370879984564712828 1.40741717143639011312
-2.90536654802654403795 0.92132474830863753112 -3.56453007407680111385
-2.28754952244571896358 2.35286630515117156648 1.33568776363418884046
-3.44370909987162798771 1.86697310191330512197 -2.67851317110970521540
0.48568266228450518440 3.16504459497696188919 2.82521874173623555038
0.07627367247448990639 -1.38795647892624840480 -0.18828998580879030555
2.87634226404349035988 -0.33559820276572516207 -4.09260228055360819610
3.72890770503183244244 -1.88279219943233533385 1.04454008426909350504
2.85043505545826736380 -1.69860896674202521694 -4.50978798955008830518
2.57307256703109654694 0.49810577369244057877 -0.00465634517043600482
-1.86978820884491092613 -2.02359082366168152589 -1.56114965754718415525
3.05640100232838651806 1.86321476777923233925 2.72642117685644436165
3.45833446735046212694 2.50577224445857282831 4.12291776890620109697
4.46492728785635417665 -2.37146312580756069011 1.95483654268267592613
-4.43456739283761347536 1.86095219990413784927 -3.13457026576240771476
-0.38091214274670104345 -0.61611617705404864154 -0.65992602999463567670
1.65361735243849494736 1.23767415497548416425 -0.57744941097927338092
1.78759499780668829061 0.95086823789235630500 -4.09364797532811852676
-0.90169363755169218422 -4.47517899079518421956 -4.49036546217251775204
-0.73664238983423135920 2.09070478446600116484 4.00399773300304939738
1.97243154098858486378 -1.06264741139872187503 1.85802453049831139964
0.96872872257634767834 -0.87712706311629640155 2.21056098376158782770
2.44653210679874266731 -0.62254777549324868957 3.96572861888438144007
-0.02530053712785207409 -2.84314341674732196097 2.68516170540471499351
-0.75489868463123821485 3.73963734121838964342 1.49547487987128580045


