344
-1.92602851611669345644 -0.79485474304680181490 -4.16782563960022311988
0.23975435939683897857 -0.04478759402145193746 -2.77254129356398859585
1.81009182010706304311 3.79059708658976912687 4.26118729120641237529
-3.16314313247981893085 -0.97059218158450288882 -1.33280886388952746202
3.22925392526636123591 1.34425422395384597252 4.18933176316786148874
3.24040595338760883948 3.29872342102793592034 -0.86984134028179660447
2.67161128945139036972 4.07302572897293924115 3.93010563018610259434
1.11173253708011809948 0.81067799693805486783 -2.51435607512670955543
2.37778804713785696379 2.00400326025447661493 -4.12477383351520465737
-0.47087268228279022253 -0.82210370710128533034 1.73791847413013389456
-0.82015466814397397499 -1.30944969187291171409 -2.18315584721637945265
-4.17548962502803533425 1.00296549782962340913 -1.76473563643875674956
4.38981006910972393342 2.60228059481976981004 -3.38187664632460283087
4.37650489191233571518 -1.18009447108042264674 -2.15836688323834469116
-1.70004436509364253993 -3.29534244453505476002 4.46275653833672603099
2.22050778123650971452 -3.32686294493212164625 -3.18231990954431909202
-2.50100855113320452716 -3.31807086893262237481 -0.74342626392244959277
2.57337771709837870304 4.22362187314536097205 -4.01654500039195294647
3.46099767541674818716 -0.28381984947659777418 -3.65543166874205205374
-0.70318357618252180785 1.15290530503923793759 2.31179823472845757948
1.77307499924090183896 -2.13548114458354243439 -3.42065165165271034553
-2.12671941351233240169 -2.85541307893044660204 0.54553368532388724077
1.06489705523699473844 0.57891542469646317670 0.82205346592354189283
2.44262228688474269944 2.71167843141253239736 3.36680443017977548692
-4.11478140736471686978 -2.13564348059209763164 0.89888040811236358252
-0.36981981577148115292 -3.46498837892622324475 -4.49100351515625373366
1.58110022157001139931 2.38267880703362067152 -1.42361142501031867624
2.36794845686894195325 4.34346787991707206089 1.03340342351535152687
3.89857450548452799666 3.19505098387375063851 0.73412916883643397625
2.71779867453763213092 -2.14717471104364721057 0.05023593921915203708
-3.85862292740478496356 -2.61241127506267245550 -0.10297613260679483460
-4.07896109939812223644 -0.34128362944712087312 0.35093301698866774530
-1.00168469253094816196 -0.66499533194920523727 0.60719902775760026259
-2.90633837888131019156 0.84585213755878196906 4.40035712883418295149
-1.02241838585138511419 2.00360518313596625006 4.07545268498673163293
-0.61505385112726429497 -3.00477772041690993632 2.22972223052666240761
1.54110002443257432247 -2.65032659417467986174 2.16912721822575793595
1.37774767486985894038 0.25341530178868332257 -0.60380038497929344743
-2.60686555825510479778 3.02584595014474988517 -1.28666810859850100357
-2.63661915777315103426 -3.83491303851291576166 -1.65294303808969367253
-0.06195419253289102812 -0.69884238756545880022 -3.95959844789644765939
1.03677721562716129711 1.79281618791702079818 -2.03208283798753663874
-2.22345755836448999432 -1.54950616062010437801 3.28547523086942572235
-2.11747739041673677107 3.42656248237563954007 2.58210708121514365132
-3.42056552006067438043 2.49057728668590971921 4.50615612723440417398
0.50983623491945717632 -1.33229940625402587528 1.63690080825004713461
4.25673738245593913376 -0.16574363563533989208 4.38270430066371918798
2.90270657640273110900 1.89735928225301808681 2.78132129044638443105
4.42058311437671225264 -3.72667318002817626876 3.00731448809221557639
-2.26930000469297343813 3.02408878269323810883 -0.07593362056776253866
-0.82574861973544955163 2.53671607209920235704 -3.99025603593256450452
-0.46856474084106825018 3.65347254762003625927 -3.67546551227860662792
4.45046391231825833046 -2.71021301310655271521 3.57075406433620035074
1.73311844414749494092 2.41239768969179468883 1.00711514059657236686
-1.14623209179978147176 -2.81786396321906051909 -3.42996100613269749857
4.14116243432799446822 -1.54160710808722178911 3.33091504908519642214
-4.26741489057350342762 -1.35474344914175226506 -3.72334163233137216409
3.45336565519133298352 -1.08834076427394421671 4.01788425248121061628
3.51019822686166715897 -0.24570132803544009192 2.75533703552801423342
-2.34587674305385007756 1.66509724280410420505 -3.98420652837594690965
-2.98987183203284478950 -1.27642798584804939566 1.08905465265531464780
2.33530816477183744695 -2.58575435320248958604 -4.06529884257186591157
0.16052946651857258331 -1.11260970045525819927 3.59774558779279107767
-2.90819602014598421746 -2.78346980373274455189 -2.98589038351411417693
-1.14090001097618998216 1.67255041016260097564 -0.77994082580314039177
1.85759391790328542982 1.42630700972384172331 -3.43972751639124485479
-4.42945015798624908143 3.70081832815087441446 -1.47724517483924788763
-0.41040368858902898097 1.49533981116004444090 -4.06275814940520518803
-4.05369411172536509014 1.58860387042074702180 3.16809023015520629940
-3.17402392224781104701 -1.06194203484188554043 -3.69175983466594415106
3.89462225480446644355 -1.93605969518548715058 -4.35508528980133569064
-0.07570895159626189752 0.46539250669520804138 4.35906736956155871354
3.29607251792799882395 -1.96747005526269802544 1.73646102808275681895
2.79038912045536680040 -1.43026538435924788217 -3.63857168264991104323
1.18870643700760947326 -2.03844086434173998867 1.39488435123856646669
-3.77137180308814645713 -4.21802202827122041384 -1.69326978247138004718
-2.35945784893393240012 -0.46914634792313769651 -3.24635245165909180898
2.71809958143552687915 2.13091848719423548886 -0.46416637552016748458
-4.15134855230702815021 2.57014079099249048710 0.91687427632432338953
0.62529418062733910233 3.78380912312463291158 -4.49560157659656578488
2.91280679102358508459 2.57007091571271040209 1.73019070341668701474
-3.57722476474453143780 -0.97227398166093692566 2.03535662856526755604
3.77809035282982197401 2.63813805301547876780 -1.59404418322032537247
1.22326915606048469698 0.91231290715539969938 2.30906557588930727576
4.16461610016176475568 3.74358076378927950856 4.42112670816898845061
4.11759028424178818995 -2.03752848420625465309 -1.62118347746708257873
-3.07652241446356899957 -2.66516319901080311894 0.96590094694799333297
2.28489761302486993344 3.21807988595719063341 2.35216552116553856422
2.03351221295173445469 0.36222270001583645183 -2.99228416260122598302
-0.05098367834785921815 0.71225522086207426753 -1.73140214950332937960
1.52947783560824923654 1.71371295948536861431 -0.53145267320345013218
-3.36326355277046706860 2.95343602557145512577 0.36242939296690135365
-4.37286295131271973702 1.82918272349967381274 -4.06968298666951877607
2.89074344431819252321 -2.12229446623396267313 3.97647198298930515392
-1.01605700689333788844 -1.89567379150216108741 3.46389764413537992738
-3.57206162317762299097 -4.42938046745013114247 3.20555357478547442440
-2.50734523044427781713 -3.77787516017251867595 -3.73269306917541854318
-4.49566678145509879272 -1.21363880880616514801 1.51064633551596383398
1.84191651228120623074 1.78538341968673552884 2.18770366063042143168
2.85879413746393140627 0.60795750416057980914 2.76062899353058366358
1.71903813212977674141 -0.31847773976996851530 0.19278946250289852316
1.40891832923148552226 -1.56397376431263435137 -1.37386245991880429074
-3.60094326789412821910 -1.99690239557491233668 -1.17296870093238059241
1.67517747107424952446 -1.53666287179186511480 0.05517129189894109942
3.96763762913159023782 4.53715937671729019343 1.26114149324497848426
3.95976722546545456538 1.34498898095585595058 2.73756407689844927233
2.85522144026241875281 -0.92722941057893404349 2.00655090114661760481
-3.64261772861616961450 0.13399731883295018520 4.17268322473776986925
-0.73015295632145438276 -3.83055262271535434948 -0.27617863190733693557
-0.44965937763994023868 1.74163586157283578615 1.46174354417331198164
2.38034861343459969163 3.84112307086591453498 -0.30562696910330000577
-3.46003078300739819184 0.19478798492460924763 -3.83453160298866269073
0.20883112320138774720 -3.23272781214487858747 0.84371665918836225018
2.87208923396596738087 0.13883207624446836093 0.65727375210052230159
-3.08278799836120454003 2.50589912617779209114 2.95794138422642038933
0.03003837457221170126 0.42678380747467770107 -0.56246947193035357060
-4.13320483890545453676 -1.13417225956088474348 -0.30695830244625543770
2.42650704944839912258 0.35289321122358163763 -4.06654890340692976025
1.42291224932112303492 3.14492213489703420493 3.05423047902966526834
-3.81737208118405790813 -4.29219123345127950842 -2.93069685607924279580
2.72638381109854943674 -4.27780091477476887007 3.07524417791671123013
3.80501919995985549150 1.98908570997412059711 -2.53945469406034263216
-1.55213826096999696347 -1.78990559613521948990 -4.23584957433298381346
0.96539548527076490814 0.94307481683701244179 -1.50394956689114023263
-0.84772888098514309618 -2.87468856734916977658 1.10943322771486485578
3.73694541332060037320 -2.75084261354946457701 -0.08880512375935722957
4.06375976893626766895 0.78516252633666905325 -0.56669736064400533238
3.94987614515684537508 4.28696910150315080301 2.82745674254635215306
4.47521920704563580529 -2.03448440335145974700 -0.41937311428084367293
-1.96759422251691118433 2.41163780638443636661 3.27493950580606441036
-4.01286479692376119033 -3.24475682315875513240 0.95411726339442015643
-1.20725298643751033367 1.16776849077984046232 3.44702951784493905052
1.87723217361667860104 2.82863539559124266276 -0.34692165220987281060
-3.40178003160063235910 -1.82157517304278693260 3.15141088283891157573
3.71083360147240970406 3.03372440840286472508 2.25548361643042749591
2.86241775071370518901 -0.64869419475387513074 -2.49905085390960124414
-2.78546626749119274891 4.16235413026273715076 -2.06799632055156878963
0.07712383774245878953 2.04155208269088284112 -1.90021999868475299778
-1.39479564920591281307 3.41476524729410346737 4.45928931842714870726
-2.38187469847627175668 0.49223887404612387542 1.60443293835588818297
-1.73285479864416824825 -0.71275906982131198575 -2.44194661512468114140
0.01191678330699641464 1.11597670288728423316 -2.87258961294266645936
-2.97876149410578161536 -0.14364235409914449804 1.03293781174967147507
0.85761780278721833071 -1.16908424589459070120 -2.70929720268302798303
2.35128248742507306446 -0.86551392186255915462 -1.11119077911411290316
-4.17922399032651448181 3.29932240377164820444 -2.67178182023159438430
0.87675864611515574865 -1.84427735475918330721 4.09080705149127421549
0.01845777264696746300 1.97746372478706078368 -0.07277989995661915401
-3.12659980613135290994 -2.18554155721153220426 2.16723603953679688772
0.43904168597461268320 -1.87502103042624357343 -3.53168959814109051365
4.28236288944654130972 1.80773730517495767600 -0.75834990926401868450
0.68543077203917412987 1.12807510872566396642 4.01307068232577091038
3.12934440276921144175 -4.07154808854399874463 0.77163820873167399128
-3.94886241198716181344 3.77353807987103184729 3.77086577902215847047
2.48450508170225337068 -4.20896571591465118445 2.01329960487392511936
3.88466807888768084212 -3.37684491625670091253 1.14327060070255637214
4.02183144072732456920 4.36883515505860398065 -2.54794782189596524802
1.75264974950620722183 -2.46295436180836269102 0.72523266711590306244
2.72831822701604931325 0.24318600076498597673 -1.69805121093222943784
-3.61632605596001432957 2.91265928728584899687 -0.97598668298559498879
3.28152615977757466936 0.03396528189763525774 4.18311415923224583224
3.26116861861414886192 -3.58691208571748543221 2.52046546840966190217
-2.93658641593006075610 2.11358427926829683940 -0.62681421200127296345
-2.74305986724078998407 3.54870039348818888669 4.36440039743570107333
4.49084259892100678968 -4.09084661470596611110 -1.10339025222525677350
-1.52263494350430539370 1.94289896971503406320 2.47005213123271882836
2.95848808359693382641 -2.26553184042836619483 -1.64194741618477824119
4.00595117699820324475 0.43335581009777257577 -1.72390462675210454080
-0.61871394879239405284 -1.11733185090668385442 2.76774336733899861684
2.90921629563856942724 2.69974219150133887268 -2.27385135731446386131
-3.94435487282519936514 0.13952252451473423633 -2.81580538035984329071
4.20646309711781807295 2.30645622880004363964 2.92334180985862523983
0.31176055920440148839 -1.81961455739124389197 0.62534684733774703602
3.36963652623038889544 0.41383606201262868041 -2.67315493627056932624
3.64046871684328987584 -0.53880661202217527972 -1.80240979913316712313
2.40667188617899352465 0.77210905372192595308 -0.14948900945981247190
0.84028075007091285187 -0.48305710046227545718 4.23813664060877481887
-4.49130177890754822556 0.31130645917223898067 -3.71153636888463811516
-1.61742151913113252348 3.43331520115690569384 -0.87904968888897361268
-3.81293107967117839152 3.92447732031883855797 0.34136310152707594057
0.10534140265334546172 0.52851483739651694549 2.15036634434492324175
-3.37020644167049310269 -3.81926415517099160368 0.16021161788639481927
2.96745027375066072750 2.22082782364178310530 -3.13611764386340308164
-1.96892373358056049781 1.52638975892932382550 -1.77818404244922190216
1.83983026932203586057 -3.00646785691531537310 4.18370194034853337683
2.68389413941442711575 -3.92408131712006502667 4.37160933029801324068
2.54684775162332055487 -0.74750567588212391001 0.76384478537701649969
-3.34391191468288928590 4.03411878553572034178 -3.58710173925296782471
3.58241335144678441083 -3.32274032154103204917 4.14217323260869374479
-3.48988883936161231603 -4.44328323784234591187 1.26109275104799412048
2.92894824526152408595 1.22826189900014259848 1.77340304374687729450
0.41101836280924164413 -2.71901390922845243026 1.75749279320739493215
1.28931545453628793041 -3.78606282585845699273 -2.25336631028390987908
-2.32783399621691833303 4.52487386838622551721 3.23886823169798976352
0.84746238534330942116 2.62433646395093145287 -0.23674833879798828917
3.29145856363804423239 -3.37067173305294964791 -1.16403924986111739770
-1.63485502502883761622 -4.06764169478629611376 0.17776795830551073152
0.15270169194173988103 3.00179920068840999647 0.63573253296586251793
-0.51326672122949457133 -0.46304149288439688803 -0.63419810279494992500
1.82089162592896247617 -0.43970711481474200610 2.09189779121397378958
1.39271707917754294925 -3.17681528088977005453 -3.64015634513391495020
0.95056559516480465533 -0.22768997710631033726 -3.75116614157079464320
-1.03938301234547880725 0.89128045640339337297 0.04351590185885267914
-3.43068704881055230871 3.46867229492810746905 1.29273512914235677584
-2.13284179538289730971 0.44053761020150172811 -3.86439923589454537023
-0.44958440907651464613 -3.01639057445857039497 -0.99774721131173604860
-1.80543904430922363957 -2.35252460647827499329 1.80833244432612882946
0.11554847619838248818 1.73054426928891480486 2.39228455442981502443
3.06626812147651595097 1.09772246029270359458 -3.51211530885513356637
3.59664048467196462155 -0.51189642404452939672 1.31210278659880774654
1.43020225182878402137 -3.33355328240254689121 3.08458223493751226840
0.36511348062965698347 0.18478324380789068471 3.32852624872196667383
4.13766068643232554081 -3.87930618190256781830 2.02527570349360619417
0.67070217126832964993 -1.23834100278417658103 -0.43494703999781325621
3.82391443713852563491 -1.20645241728363483702 0.47175990799311673385
-0.72644023645571964565 1.48299743502768510695 -2.30311195900494558586
1.54388392523174200477 0.91313886020297196922 -4.37687352163018505991
1.33184555790580194667 -2.23696388566955617350 -2.28729848896020637739
-2.67361219222884516356 -1.80244209825889578624 -2.35679425434149258933
-1.96768613163962369228 -2.21736154012324337970 -0.30405885065121474042
-1.99906912026203542609 1.68153915678589793714 1.59341467698765271166
1.25117100181834040029 2.36461168429549850600 3.98182371425742243076
-1.75743053653796632574 -0.50282677855778779019 2.69596800620681609217
-1.03539594011017577202 0.71401888357974563348 -3.46372152410253830723
2.72217122879532968938 -3.29903725620559296061 3.41603760918174703676
1.59223995420230135522 0.17272982731610753149 3.11125977081515614486
-2.74529452177763966247 -0.18859115460644559903 4.52333510702492613831
1.17707926126347661722 2.25490511923106140557 -4.00228024873561327723
3.11875143238688057323 -1.82522293932269707994 -2.81590222613191176748
-3.57882196219100823242 -3.70087091032486448228 2.24556828195543811688
0.14761473512680112208 4.16864718063132411174 -2.17295597485364799795
0.05976763160463516300 -2.08997765587989325908 -0.56041290821813616319
-0.07966129821520251397 -3.33028537188120710155 3.65777322502605262144
-3.91029694433724461788 -0.35341291156436049903 -1.53285794193716373712
-3.94521531134528524731 -1.74335669421764682951 4.36984487642793073547
-0.28760759935526358788 -1.99584117886133949327 1.46456995147414037461
2.49533799634200814666 -0.64229068081589346662 3.25666514092995829088
4.14771705535743695492 3.28689108693162790331 -0.46133409118458246212
-3.76059339188985264357 4.07036888590682988109 2.24106837546732506894
-0.92935817019882449586 3.46814900929456637613 3.05036182343099504521
2.31023098544436944479 0.43427257533274854495 1.64839590830743087935
3.22275681049449413962 -4.25006592924049186877 -3.19399381963103978777
-4.10874685675549589092 -4.44232376137466733468 4.34201057627956021889
-1.20197060684559264843 -1.21997084159379554080 -3.28065957628501658760
4.35573059552232333402 0.39156751803923040001 3.36963208903575672792
3.82553263782428221162 3.39587777489716469148 -2.27845435623646741519
0.82926129561613048935 0.95280187493095169771 -3.51546657728646350094
3.04327589169024559368 3.93355462879430017864 2.55732864928812286820
1.96963311475121294336 1.30792259129987620270 -1.64311589794654011598
3.82176835654799074149 -0.12929512223432748641 0.12984983354446111292
0.73798733418992235045 3.88186911374285070764 -0.56851048350960553535
3.01450950806408091154 1.31306997333570851794 -2.24682907085571859085
0.08810643436420750874 2.74962885118888866742 -4.45254945183196149117
0.32949623214545287198 -0.21087543662888563745 1.25805041685328244938
-1.55010617015851437372 4.16263439828298853485 3.71570612770795438706
-1.86845057824076699049 -2.54348970849140476602 2.81329310135659671488
3.63455623757764190174 -0.90542381597657417558 -0.58083136599578821802
4.22370212539431033605 -0.33610700752116784429 -2.85052475250742176627
-2.45452653913909513150 3.24405206672940327195 0.98521141516905785807
-3.00501156773043875958 1.72318523824165392710 2.04338186139819644183
-1.33356469341439343168 4.05122079141585000883 1.79531797628195288752
-4.07357990200227693123 -3.18212692319034173849 -2.40273110537850653756
1.49496606228846129483 -0.02351389344262067027 -2.04330582327295751099
-1.80512944841113931460 0.18399964398598722681 4.33985220099658786097
2.88707489063826994169 1.92379051059061456641 0.78199156048253826157
-2.83536186292046110680 0.36243218853039671501 -2.12499374767356030702
3.25600229231380389194 0.18773091558416510338 -0.86082492727472059713
-1.25787265429864447697 2.49193543625975610922 -1.40375810132265765873
-4.17047987487722870981 0.79761702677483903301 2.31487152176936206160
-0.22836900259349679487 3.03451338253645630516 -0.44489587102061811663
-1.44432293784611420762 0.50752002421994379944 1.12685354036708229586
2.87223905460350081853 3.10855539048474405206 0.71276070424256232627
0.87982981547189798022 1.51395989082268656034 0.55328581400026077830
0.15943215642665453657 2.16349132107172703599 -3.63205356191770789565
0.69290680944822824472 2.88914942442217093088 -2.82104877411397581000
1.75540368189753248629 -1.57305129892209549780 2.31226578599463916674
-4.46254034011503719626 -0.34000350204760643180 2.16858591136461331672
1.61643964066523171397 4.35686152321940323162 -2.80946154976819162385
4.00863085344738845350 2.33650334733520459451 0.12356623175393188774
-0.35342660117658475372 2.53036160125200115800 2.90592598225952336577
3.93894550192005699074 0.53314178943194878713 1.92741992199780121098
3.62357329311331621824 -4.33579121853089421990 3.78616390523044099581
-0.91654470346896355082 0.00128949213035500776 3.74548569176737355946
-2.66506881620724911386 4.47773384664318374604 2.13907302636412044450
3.96982116372458104792 1.49476135187018854822 -1.69016673853338073030
0.70479041910591622155 -2.12386728512728284457 2.97259513522846585687
-1.97953022579880322240 0.69357712579241503903 2.50357984276264566859
-0.36754047826461366810 -1.57925764058978712612 4.45715250093286652344
1.71888446305282815985 2.75356457677778987403 -3.00310236811007547075
2.68109438898897867176 -0.66943014996868654976 -4.29716712587748261853
1.32233563077228843952 -3.26461576109236339960 1.38215677352936161526
-4.36242955240822194440 0.39516494559086012828 1.10526294559912141580
-0.73101193773572559209 -0.18620723568834396389 -2.30600635159875011482
3.47486012422184398218 -2.61977037959358494135 2.88046897523876932468
-0.03494178671223657773 0.37641453901604293719 -3.68430743784761594029
2.72721758594768726169 -3.21203638986127737454 1.51281909575665363121
-4.01646942405954909816 1.62993469287580161620 1.47020086801567373413
-3.26322759463283018633 1.13409660845281923258 0.92291279660472191892
4.49237919605490088060 -1.92279075285628398007 -2.99681146794549047030
-1.33888026043426489053 1.13653001667886233150 -4.46342939978149466640
-2.40019613199679771043 -3.28780774087306770781 1.66483773519588940104
-4.43935821463118696073 1.41651730260630603908 0.53334859194545014560
2.47127926455477453516 -1.77481640598311374291 1.11010214673347817893
-3.61838451223235235688 -1.42005666948484421397 -2.68915765810286977455
1.63859560370109313965 -1.45791558142351629357 -4.13663743634930369808
-2.76553843312124358889 2.16559390659790018674 0.39432997144254144928
-3.17771020162357675787 4.23720025313822556967 -0.97816975413108098181
-4.31497260033971929971 3.62574573233487829071 -3.79112330002145236918
2.12037854063748820721 1.84870217146220294779 -2.39815352555091765296
3.65968720330005492514 -2.74004473108350721233 -2.58583893580799717427
3.95424584659084477067 4.33368342235030379328 -3.86229248324012441884
-2.54047499868453874328 0.15872178575955331326 3.47827980093305644260
-1.99851665147318335869 -1.38382255272867027429 1.74808790631624955125
3.72550198572972401934 -3.88204178567867019822 -1.85430134956363357190
0.39886328163654205525 2.85071163115938208676 2.09487175848507600762
1.83623211371167815997 -2.41502404022623240465 3.33782061571611254891
1.24723668248529051539 -2.50968624036125786958 -0.37887537828002404439
0.98893826850644028781 4.11759598097965362484 3.60372933762920677481
-4.07607605887652812982 2.39495157213353859760 -0.19310572033485851051
1.45152112739113636763 4.21104735133730567753 -3.88130458242787623746
2.82376885084500095502 -1.63681932349672276672 3.02933055413101559594
2.29498135951626647255 1.64499186266748154139 3.76957305269293119210
3.77176726452126143130 0.84467274352625221212 0.76679815446597565654
-3.34139913720775094674 2.61241118200476485356 -2.09316587972119538819
2.84106520360097558608 3.89957650404158417956 -1.87009787324477505521
2.49931276135031499308 -2.71925938956466550778 2.56787054894792721171
-2.05076406440175107448 -2.64314963814192793734 -2.21670907843620446087
-1.76671344906830007915 -3.63922000891616326257 3.37067383914246665455
-1.03475849722378931972 2.53000691652566356282 0.08771188374681582189
3.26682842619494095970 3.84108434490947647788 1.47656678254680695517
-1.44797214321165590434 -3.47696791503452606875 2.25268803279679818985
-3.56343939875049642296 1.10398803467429740266 -0.40083554300826662598
-2.42449620597491843910 4.50627661241592303298 0.97659828615944199726
3.93568235365903884571 1.80885396276782461911 1.61572285403890614219
4.28833987517403780743 1.99709128069352814805 3.95681844593986387082
0.37566547690809226623 -3.83490094593130548262 2.08166521529625203613
1.81559059279082912752 -1.46741316740853289247 3.63123226851976266261
-2.68765110129136530759 -0.21956142124843491814 2.34665084219642050556
1.87008916781385181594 3.27084198575926254904 -2.02140746037597462959
0.65899748648205580537 -2.85685686551686668366 -1.77232167548348495956
0.40418349915090256985 -1.16211862511606955906 2.60579925937256273727
0.51222610587712757990 -0.74411091485539859747 -1.87385899185808835199
3.83891574134316382327 3.21774135691052620700 3.35193079539917704324
3.30061764475727237311 3.81697094670514314174 0.08569054922868968305


