375
2.46578394534857192610 0.02534776516707104577 4.09187663277577851062
3.73984025116495732988 2.77950428886962352948 -3.13422209396033846218
2.09868068754691528000 3.73695727130662458393 2.00451856422081142739
-0.62795137817389656831 -4.40095119110244059613 -4.36639265511008911602
2.64812959469013620151 -1.11312750476425481594 -0.45288562502250062636
-4.04594813628685923135 -1.92495281401342221983 -2.53876670761421152633
-2.29516152556753239011 -3.40736088080875454409 3.62595617448549045747
4.51302089490389324311 -2.69132925088249752577 3.51555298289444539961
-0.20704232936452182656 2.72623686991832858695 -3.11451413147187583519
-2.10740730085877947531 -2.99224757651131056946 -3.63364700547929375674
0.19343022771405227189 -2.33666983612750200905 -4.28177128222388425627
-3.51027888910711638459 2.60698755155405326178 -4.43662041144807961501
-2.72102084280903167013 -3.37858565400697141712 1.85667999237120717737
-2.33755736263930913310 -4.13411777020662807303 0.38830912319072297123
3.59193679986228264767 -0.13768852414768950609 -4.40447428839307431048
-2.33951777361892698792 2.69786139016904424892 -2.25562965417285399283
-1.88299997987658596088 -3.07584727532488644286 -0.10993515300964240566
-0.20306737054833590150 4.53095629276478373271 2.96649357765234444884
4.28399744830902573511 1.01262424327621758380 -1.39946229832471491505
-2.21373237618131346593 3.14244730331395061285 -4.45339971005747159438
-4.03683999347724498108 -0.68068089263108788600 -2.71267240192830261236
3.90088368751605418794 -2.75255527564996960166 0.97303272929356410259
0.29352455062894211579 -3.60676287225980596318 -3.55786929431186571549
0.04001590108843089411 -0.64522400144846914216 2.83979388056374570937
-1.05594193239162192910 -0.71999666797838113297 0.61702150410350142806
4.24044932934546725534 -2.95581213323463076748 -2.46234880409340295415
-3.42900575161009824043 -2.20031677643789747023 1.91123542400517809625
1.74288997298408965264 -1.06520505066077042500 -1.61319875684859592724
2.82779279951014839156 4.43831181436906785365 0.86277364360813102451
-4.21932154289018157556 3.02310955497664490821 -3.41019331635085798382
0.38680456810812557933 -4.11124911055535680049 -1.04146097202962462092
-2.12848261802395599673 -0.31032773449279282829 -2.61244632076716065683
-4.06601260299492395234 1.18892699890081132708 -2.17685067608793625382
-2.50931882610332346317 1.00435023418889546321 -4.22834432285486538916
0.81639630505285154527 -1.01375645699679273193 4.16851706259609589011
-3.25148880120742145294 -0.95577595370150536525 -4.48015285549896535855
0.66828912761850300939 1.29248483170788386332 -2.03690638010084423826
3.27418908645447626071 -0.42371870647174691982 1.33762459999755378703
-3.07536890104455862271 -1.88688978948544416880 -0.49346089709819906943
-0.23652881412220772006 4.45232706647565468216 -2.34007609979690389679
4.34354502991239055376 -0.02316656777629244601 3.96030632639624879943
-4.45299019139963636604 -0.91619108070018917545 -0.01055049404032715188
2.78782318820515051527 3.45500372659370391659 2.77671313013627596433
-1.45020613950609611464 -1.14778097120786259921 -3.28849073190332807926
3.39176468777575657043 4.02634812790395368864 -1.23821807901023639431
-3.05574623714005078057 -1.28663887404595911335 -1.88585278009682966172
-1.69676384892173537366 3.43208574646030228905 3.65436717262082932933
-2.96132064667720751316 -0.08557569304985879199 3.56691042635611577083
-3.24168741010600580665 -1.84702956174327015404 4.21636583606037174121
4.22335542455869639156 3.96036507322798936315 -3.38109319261595731021
1.48201877652225899595 3.73311734042322829197 -0.92197869382939545702
-0.68801698531118882229 -4.23686980204631336022 0.06439048785701828592
-4.29755046527434725334 -1.96275307696490264320 -0.41359733084689853655
4.52912430874099758427 -0.18075028640902601751 -3.75660663587507492878
-2.89247377515892045707 -2.26804652610011636682 0.88476669080143999224
0.33518797192828131415 -2.65138504746256664646 2.31899710416554949433
-1.54880235296754431573 2.17180219901544990790 3.13569424435773491666
-2.56622428847651162798 -2.66694888223267367877 2.76027099136050413364
3.94352586042439678948 -4.21746153209663265926 1.53178151503574699888
1.39304588648058924605 2.14068891796940530270 -0.89270718938079118843
3.59848789738736396515 1.81978989233396504233 1.71868487455101526251
2.87234291320900769762 -4.49617688608963916863 2.40145268112642540359
-3.81766241933977656942 3.43543878793532186933 1.97363130507066308894
-1.21224959541813870345 2.29151179617192735094 2.00899684702936820457
-0.69664274803594983254 -0.53330868117510199511 1.90388869842335495264
-0.94080148537071561776 -2.49090882532074431310 -1.50461068654533969280
-4.24812809385234224635 1.13033366456163886227 3.80442878074033341562
-1.63185395244368081080 1.62773088872943549887 0.11484991677397715648
-3.85720824476643509016 0.18175286924490663409 2.15510764214505279313
0.44038471066227291573 -4.41276127735023937504 1.42317003099071026639
0.71423145970593182597 -4.29906652149311163669 -2.78387704714066819278
3.31516194902861460747 -0.54053463962046777169 2.59000547858043628224
-2.65074060275567902067 2.12284641228910864186 0.36356603470599502259
-3.97930536347535435127 4.00056846757070783127 -2.42243065520566736026
3.64580222494522576682 3.12033525812571532754 -0.71016445470732092460
-1.63172347405054640745 -1.47355368635317462989 -2.08746724619047130389
1.71854256450453224403 -2.80303106369621479743 4.32227397614415931315
-2.98405694424895440164 -4.12622031849504633527 3.41909263137007268796
-2.29607917306235753685 -4.38706122428182165862 -2.25531978607667138448
-4.22151106988468605152 2.26046624404851304035 0.89512881522469101014
-4.19333035443444046564 -4.27620677081164668465 -0.27645612241198591619
2.57333827926302216582 -2.21052214782583389407 1.46208423961612599129
-4.07899403941212668201 1.56610421943904398745 -3.82976938267268351979
-1.08430859197858131537 -2.79042665083257590553 -2.82994452017128095278
-1.31859348524214681220 0.31471169938344178973 4.52977703445948076677
0.63291485014914972140 1.45801202228630355506 3.24979566109458506418
0.56802475891878945191 -1.57763256623329395367 -1.09736543606278180718
0.57096386557915046467 -3.23382665698167359736 1.58878453565834298900
-4.24739141363973971011 -2.00277168907947800136 -4.53443268385945419396
3.92614304279713355328 0.41708626752852406838 0.68237612448083240224
-3.58159008252232746727 -2.13447535458270065689 -3.76144942985582098061
-0.98262066608785225696 -0.76754973074288823653 4.40267211235360189647
-4.38998301044571270779 -3.23833809539179062753 1.63233369952540652292
-2.61917811474405937133 3.95683980014268232850 3.06730120397250427544
1.42369818543757897800 0.35012336869643689852 4.19250397182474809910
1.56290497382637294521 4.02002354705880993180 -2.18798950073556452978
0.81908460989650411221 1.72967306295872713662 2.20614395495070869657
-4.40707572536792469009 -2.98928342955867432096 0.04057800028680969007
-0.08497553058047824237 -1.36240181932615911364 -3.98057548977089314945
1.12232154000904849056 0.14602665340627751789 -2.73571307460240742415
-3.14907841439084013047 -2.21903381677076660949 -2.83916510922369846881
-3.05459752092349567931 0.36120650294800160651 -0.03034930979680350305
-2.10646964997110641704 3.71789775507789332920 -2.70763706146375682238
-3.87250348936398047783 3.25406118859858484171 0.25512124436537320094
-3.53148114250321354390 1.72226425192023313571 -1.34880602016507378238
0.16549791215152698243 0.00479461547914183939 -0.32299220399673522763
-1.81016728372694757354 0.51818580697371885435 1.34241619860843997003
2.39627579440783211595 -2.93123622040252707066 -2.45483981648860272173
0.50612716263479917700 -3.35480410552938668189 4.29233775346529622396
0.64271097914429375919 4.15227766243060525397 -1.74342175108769215086
3.64097838771594961571 -3.64654105730373734318 4.15958244765961548950
-1.31991331161905200986 0.31745666909036529546 2.23034400268478272267
2.10073705209307082242 -1.54311862001197885874 0.45373297307579818494
-1.92667352563257932019 4.20916926862448281810 -4.00548077343645658743
-3.64336141477139552336 2.80407507417564350050 -2.43521297017714655198
-2.22228416586965638047 -0.03618059738732437580 -3.88301057071867239401
4.04138774565713543296 -1.91126211613865937267 -1.21640183592456185835
3.95525668604976932130 2.79587731939524886116 1.47554177602860736584
0.71509993827195650340 -3.15913660613668856314 -2.10664021686608515793
3.65098480975977235374 -1.63607881493899665060 1.76878443245723548927
-0.37447935018342715097 -3.24890077660232456935 0.61735167280353397956
0.97904481359256578799 4.26119456246367800389 2.76659304553799856308
3.84308615764844585527 -1.94625212281921156077 3.94351326939500257396
-3.73801703763366033328 -1.84499533425990902558 3.21502829457580130423
2.64761556677042708685 -1.84214677226159651013 -2.61495741502143985713
-0.45314798744827466948 0.33648887953714368138 0.58676221351001078830
3.22101795981929672763 -1.76534510916784004309 -3.48835555268971697629
1.16965429242042251445 -0.36128760306914475819 -0.06310248155504361023
1.44328594896934170322 -3.21359921770323442303 -3.17549471906587710279
4.08367168331867791409 -0.93815739039114198761 1.04742534122905173177
-2.18957185821479161092 -3.34583198200082820861 -2.39798521038601553101
3.26715915993804717488 0.81330083438475408997 3.58704544048761153618
-2.14068334509545898925 -2.04296626311527163011 -2.86826131099028902582
-2.28717122880285694819 4.53347778043080840149 4.07202074781550305005
-0.13516562718245861419 -0.44042389104745627293 -2.18662814614381328937
-1.35443226541474537328 0.05118292509118838041 3.25308442761531768639
1.12906059423650972917 2.96762174087017260860 0.01649302916481865111
1.37419217363881251970 -2.63074401462098617088 0.59748640869881075588
4.24968034017708351513 2.35813951373576102810 -3.85465322482497896317
0.19398953391895812359 -2.63480066888283870341 -3.20712392491482223278
0.39351378360123057121 1.82998737034673641944 -0.47919007701623250739
3.84661755777261138434 3.22540267781970246830 -4.05129782773927882289
-3.93665036388476519136 3.35578575113493737803 -1.06443401702109596840
-0.41681013853888249088 -1.85544500583064531085 -0.96963486946287691381
-2.08146230203262572189 0.64372810720607542834 3.05551669308019491211
-1.48219447569232309903 0.29573669163944860117 0.17567948293059121312
0.94731826249598771739 -4.35693856083147235125 4.31118711181300273694
-3.96385924671075695613 0.07359888562449423688 -1.90615620411986075311
2.84451425619598108341 -1.97195918693909622021 4.41766998868302973591
-1.42370281996705561056 1.44416654479882922146 -1.68963089160682988776
-0.12425372098072706706 -0.27928024813800256254 -4.45739002859484401142
-2.15908229819010211159 -0.00347043159178461735 -0.85707621664228650360
-2.75393406094408987883 2.82226350732506769958 -0.45609600467453326189
-1.94434731322402853948 -0.39458537572495266943 3.98709596201856886211
3.66790581572465068660 -3.20801371878005081584 1.90578666635831250886
2.46807604563283344845 1.97596135190125643533 -1.24154882173308500626
0.38342405015711555905 -0.05543975835682335429 1.73841975476717891524
2.43419972404941287181 -4.51123456147279799922 -0.52290552630843212256
-1.60411127650564999669 1.07731045093792410228 -3.62731332484257551485
-2.36807236146333810467 0.67135233428729268468 -3.04471574631131858268
4.15340001523799084993 3.14048899965862471362 0.38769908376495809676
4.22901465260296216542 2.40107210551773331275 -2.02306805804539191485
-0.99595881953973375289 -2.42191190940972012058 -0.28909591468193696073
1.44850757411075381498 -3.67148049123964748119 3.14284390394439760996
-0.00274319157165070493 -1.31692407779575848537 -0.04121978303665585486
-3.69376808122532906964 -1.54803364225990414127 0.46573234984388367508
-3.40417617525608529050 0.29324443702919467114 -4.45497344715596721443
0.09446099264268958962 0.86072987002744127949 4.18332889779300653998
-1.74989846791018877070 -1.88806490670689397504 2.94554852127850974597
2.78724068350458065169 3.46271182335119842577 1.14429893905753310435
4.21680102924638955386 3.59908090233881505782 -2.01669921172650568053
0.36561720262111840896 -1.33856432292394611494 1.83654520064776693999
-1.46296429836838193239 4.12512293095544801957 -1.26157608609295346369
3.24273457834762179886 0.86797655241367710488 -2.62294472296703373715
4.04519242293759173634 4.38803409071699501709 0.59868149687136895665
2.87163389948683533959 -2.27404276645769209964 -1.40028774843449799192
3.40354769660201572634 -0.67487443199304175678 3.86213248380259432935
3.00476844594296732538 0.42504698709231547582 -1.39710294460311512665
-1.77602717308502633387 2.51955479693956263532 1.03168533437560761001
-1.41763274390925975155 -3.72373954525611283728 -3.02946552328499629780
-4.27306396583002179312 -2.68232339589058810247 -1.30396862013104186673
-2.87217372828550132624 -1.61062618953092773211 2.47181348323516925092
-0.64495949241515626582 2.75034427640277367999 -0.87470248582860055109
0.74559453591171465092 -3.24059693605074450318 -0.19910340274652327253
3.05292190488293435635 4.40522176772816909107 3.64309603976263840508
-3.73435096951609057925 -3.00303010866828845593 4.42648911621032592478
-1.00339698961643319919 1.34026107465358190751 4.43033255083497135018
-0.82114301682504731161 4.11451120642259748905 3.75801955478101046282
3.34528364205605743820 2.98821080914946968221 -2.24094846087742238794
-0.09287715496955506467 1.36657411845790921490 1.64781875663979793245
4.30678868339660336773 2.49944330643232071054 4.19884937754221265749
3.45018678846572868224 2.36046606175007323003 2.99083114866148491728
2.38319797908683117527 4.19657754668988314251 -3.86321976951088252861
-3.69370052761280742715 -3.17929219456962552925 -2.13311749259641247889
1.61196972223370860178 -0.91712101296675818674 1.66052039837461684613
-1.34787920676376904439 -3.81461901768818467673 3.85221436787051185746
-4.17895533005194241838 3.10217405308322558000 3.57719672895940288271
2.21896545869375483306 2.83207091503229513307 -3.04354141736547667563
-0.57089524545274272782 -3.18255772560590433073 1.58811213861413502713
2.73153954225745554396 -1.73911259185081767953 3.22894568865479758557
1.61514547308685774141 -2.60503963278308869889 -0.50055783418961574682
-2.53141666754149907703 -2.72403646058406989638 4.38900223192234317793
-0.05551627168048955951 3.44202832083705878574 4.14488559808393741690
1.90547688322412867024 0.78196999332967376262 0.36229256856120795049
2.15991538259180959614 -0.38878138126372441263 0.38863692514324821303
1.53214018395362483460 -4.49717659221237386902 0.43044523656153188540
2.55091953218500044898 4.03167840019490864023 -2.70542674324714349510
-3.05899852860346399552 -2.27284083467345698892 -1.69135764672656208063
-2.51472179451054467236 1.53276301672931136721 3.53231728377482578907
-2.97371469310411828957 -0.69343063821660511081 1.04341808002174740722
0.58077844593231464643 -3.77872096589122863364 0.62008801372997091050
-4.02575979164610053829 -1.69303096364946803476 -1.48554959002256570244
0.23666141728674006117 0.45424946717763070581 2.66232095720481520829
4.28603906806114931527 0.01853175527146699864 -0.60250391325548591226
-3.26771730554733563778 -4.03839977462748223047 -2.74018792345731210247
-1.48973095245376008222 -2.67054768119246466185 3.89994335683549930849
1.17243418941548949164 2.98829315978605425386 2.08596506292409866745
1.16492208796807084070 3.58497051851287995561 3.93992459616767565223
-4.22131161858789205610 -0.69466741022674316497 -1.07850272919201461974
0.50576357620875622700 3.16264735518313599982 3.12732600095535318019
-1.13399452727833649490 2.84631574984416868546 -4.17374045097182655439
-0.92973068164079464282 2.61598811250922747007 3.93544847854783963470
-3.51301864981019340561 4.11908255613587837018 -3.38704651376734888757
-2.54782138439180005918 -3.90250153279425271435 -4.13586880202586559818
-2.30855037814861629997 -1.09694595484907342353 -1.19328109769003498641
-4.28839645949133618785 -2.92225538913159832433 -3.34090913707577419345
-3.04218520903169364900 2.83113940736087954519 -3.32778519961672403227
-1.26706501856982312049 4.46359642598535888425 -2.39797716281343520350
1.45087273458578014385 -2.01890575475069500300 -3.32862394824829443962
1.28393832859527012857 2.31666300409273429040 -2.36770342954911505728
3.65317654651842449454 -3.17781966547147165514 -0.54609014876431860586
-3.57003494747368677054 -3.01690217084713241391 0.77630566293230707231
1.55637116779022210977 0.23549087454459360913 1.35619476595786903061
-2.09094711749601636086 -1.83699944302073259195 -4.16999995856896088497
2.56494006394926898906 4.41148116848668170320 -1.62553033764133481043
-0.62992631999076298399 1.78221533683117705493 0.31555425595503105995
-2.97606371102081412872 -3.34276997004566345240 -0.22385059995187628346
-0.61058461786830964257 -2.00073483860170320270 3.73921083680459620524
0.52995827837088338441 -2.06950756796452184361 3.93771621882162659034
-1.61132439393752857626 4.41791096356115442489 2.65300250239782720030
0.03512224898544324958 -2.32234882841742251713 -1.84864850689694515395
2.33113800601541587554 -3.65466225290494861611 -3.91644686376104012027
-1.42850034240015677511 0.43687229312103159629 -1.66918197893876740778
0.08664101773835941600 2.35805953011685875964 2.24046229418015219181
3.26140911875820105337 -0.42782032127919933373 0.27939246991300681344
-0.87870187226249907297 -3.22296376668344164429 -3.86336607751525651366
4.36352224300697155712 0.88145804139190886417 -4.38565036316711243103
-1.46746116333714127222 2.82539378824757836384 0.03532665326502826275
3.91003270158047211424 -1.81522380211192135846 0.22528633369100248274
3.68843355204132006264 -4.04341928972840047862 3.01352382461931700419
3.70012695026308779944 4.14982832176737037599 4.53326978504067934495
0.70371656845470553776 0.81571807827177433836 0.42338892048983289840
-3.90593421024663589591 -3.78979025572083072504 3.17492325457512336584
2.50029224512239611755 -0.89387976510177580280 -3.43668830336752684218
1.58743944607555320658 2.44869544024733620802 3.53764646835654961166
3.11261113692134117059 -1.53868835008616811066 0.75788848313524681544
-1.91190312035746412533 -2.14504758778065784952 1.91099723244134800382
2.37281299503965126263 -3.68713601383616218499 2.77227981842838389070
2.17596344344457381936 -3.88942022727077629796 3.86508110851163788624
-2.56286315512400086902 1.05534290883233783376 -0.97825581158289942607
-1.43743670545474699907 -1.61914302264304055257 0.44066013349472754612
3.29425635274395389729 3.85566909545303193596 -0.06096146486332187919
-0.30494767730840344200 1.35761686267202463796 2.60168604525893165658
-1.57624942193089667697 -3.36832217929330646200 2.31138754593939843573
1.74980861968404166618 1.85256307045012125201 -3.61741083748782044083
3.08053568356199836131 -3.83854005672211684441 0.44012631732936924323
-4.25777030058659988754 -4.14827164587214891611 -3.28572212064594859626
-3.22739259562418823180 -4.14458841117145393440 -1.62554759601718679107
-2.29127361656455041938 1.51970269204276231534 1.21187068004578613056
-1.97030452759207896918 -0.56456125970697446093 0.18181574363650554460
4.15350445580409388668 4.26792501732210904919 3.64793778927970624437
-3.72770705068513397151 -0.17135679346194265804 0.53539088368058251888
2.44673655332188477729 -2.53616425704237968830 -3.58671856029142688271
-1.89447637559275960939 -4.02120578701791231424 -0.86118132566607474843
3.61240913510860917057 3.62426012331401192768 2.05143666245530820191
1.70746322995207844286 -3.67703387206681098220 -0.17903400692805870875
2.57731872840543729808 -1.38171411104132957348 2.16831360318263488551
-2.29529730737247827932 1.54435820144537405696 2.37719852897516226164
-2.08341555706912151535 -2.35041668540918857744 -1.50768026074844474493
-4.20055884467117035541 -3.98105917119706065321 -2.07922188885559755533
0.88274064805391461164 3.54398698076613793972 -2.82476510053742746464
2.45628685690485060178 -0.14417358773298527552 2.00721486434501894536
-3.73546886814790113363 0.30691092504972861121 -0.81354542561864340300
1.99735244522124677502 0.66871869380904946922 3.30993877273593728461
-0.87865816370719862505 -1.97538878858103306158 -4.29145059251584193305
-2.78664581096056629406 0.54080426644428047922 2.34816910667523792711
2.91439869255994210562 1.58872119381208687372 0.82348105356487533157
-2.08446104762384498699 3.06507266942896272610 -1.35933242456319769431
4.53603406422350996507 3.65627644827298770025 2.62090092270585284240
4.20890770501418298721 -1.51625226906874743804 3.17166710405817919849
-1.60667996773090315799 -1.05085936364374754604 2.17801576357150050711
2.75156676803113242613 -0.80176937183925645058 -1.35619090591483315578
4.51045213981481563081 1.88478432554882768812 -2.92158267557160655770
2.81253577203891058645 1.47691465296534207852 2.31514315021166616759
-0.27200959605919639017 -0.68496886315503413556 -1.03612972825262161791
3.84736573966420447590 -3.70061030551538960864 -3.24645015448741114383
3.40445217592924720407 -1.31923526337335683678 -1.98191441038008342446
-1.47216274260959556486 0.89284491672908306015 -0.70269005472704115789
-3.32933176554793597290 -3.20868667134202301128 -3.34921976692339695703
-4.12012543781122531072 3.75207246848574893505 -4.53469212057649873060
3.01661984289965889872 -3.81461109638293072166 1.53440656483671045152
3.45834927798136515520 1.83772214975888115163 4.19279237553676953354
3.53014335383101229837 -2.66906263467341497986 2.75155483608684914287
3.32459451973626318733 -2.47518850722860506153 -2.29992484519441564572
-2.78948072154829906921 1.82408022367542432818 -3.54037438068331322683
-3.46285008099653390801 1.57598350619393290373 0.98123869751689785090
1.15605880109970104996 -0.24777696609753352419 2.55327264240515017235
4.15108062405153699359 -2.74627264231576972975 -4.07381984853574330430
2.58721411994390315670 2.38319045302794396690 3.93864983109148969476
2.80811839600947710238 3.32068092604502229648 -3.72809640053418434036
-0.79107652494857916281 -2.11066132381755533487 2.46650744175740666009
3.23019837954576782835 -3.15148390367132291701 -3.88524737370772577094
2.31498540449435719069 -0.51861676130508627125 3.04946487165927049290
-0.16487749472074586521 2.32510485054304449903 -4.32568328672346247288
-3.93629666568623370893 0.35635018322648992495 3.12096251858233930676
-0.54713316334161543608 -3.27246666085585058426 4.23656292970507220019
-4.39522818254265157378 -0.77412281049553710588 2.23999209109706054477
-2.19852924858470144542 -4.36477409195687915400 1.61768884794259282245
-2.80186017773432460842 3.36322220901715862595 0.49662609294158333029
-3.84308223549837313371 2.26261557744011287951 -0.37137595929553590679
4.19244535431522447055 -1.98466217441362235974 -3.34671826709286923673
0.26479557683770238441 -2.05831126137996278658 0.70604157166370384857
-3.29011018786178199846 -2.98069460211751646739 3.51083562568398388493
1.41444197665780535544 -4.23238923841353997801 -3.80415666133815566496
-2.96032038876249092851 -0.89314040991110044132 -0.37849448628281567863
-2.42320890796102395015 -0.36106209986511306198 1.81894840299487281499
-4.28863419939520884583 -3.89790070375503816535 -4.38143256674362913117
-0.76732831163705483846 -3.88085141396049504436 -1.46233872940333498036
0.44008496231408145150 4.12696176578762941034 -4.04040427756650277757
2.31985457973482223082 3.56269084910900968310 0.01728503213090348822
1.07124272806282583304 0.97663437423230448076 -0.76559336613349060485
3.09166060010505550082 2.18367408028989995472 -3.91071205154061241061
1.70163580080229248637 -1.45313319369803783943 3.50842521575095656061
2.25670796279976837440 3.38964782356590621504 3.77994542403357502991
1.98468789353166830125 0.75174203217980206659 -3.84342716555767571762
2.53107316076470656441 -1.03398312420610505313 -4.51299263552044305214
-3.38468627390202669858 0.47046238876120405337 1.25739912204051496047
2.81286870816164569220 2.54743462025810085692 2.11872446256117008545
2.21692512907601990690 3.02519253242059438236 -1.42512744263784663090
-3.40178509507826243308 0.85017436393302414643 -3.48908485525484124423
-1.17897449194700731923 -0.64916135618846615429 -1.57426596146461950099
-2.95156513752499760628 3.76033976897617439050 -2.01727542549514282655
-0.13634812410001551086 3.80519423058161176954 0.19702305973910583248
1.69520980629206619028 3.34609371672158850686 2.86922457438455413836
2.13472755077667475376 -0.01112289172601066412 -0.72919051528067369006
1.68696023142586515320 -4.42334629243830601553 1.81154693400591693120
2.60774219806204321515 1.98620791533078211444 -2.41586360850691717062
3.52459164391493739998 -4.48932138002263769749 -2.32512586321322878291
2.46315278143489546636 -0.24374881936234071844 -2.35096812550834766142
-0.23027181706849564335 -3.02976579357958852867 -0.93376863239663787652
3.34073361678764069183 3.27769024531146868640 3.84274999377589931981
-3.56948557189804427381 4.08737359534293798191 1.17165644876363739257
-4.07665504943856760178 -0.65744682439341550761 3.48976664906300992897
3.91089982598875973707 0.24779064076722789878 -2.16433052853965124385
1.82382472223190639227 2.70609273883615220058 -4.42839991453400472210
3.37288151237212385780 1.34370158413939311259 -1.06494828683800690783
-0.61580698994288685100 -1.48268228805562074513 -2.17654051981644602876
0.41436185559630445141 1.21216940080234536481 -3.76989143804089721357
-2.32902074359961375194 -0.74160702552196244852 3.04870564702886870379
-3.17890284351984409028 -0.20692185331171941698 -3.44853030534768389970
2.00056467725099285104 4.44451119923854687244 3.07970528820317657193
1.34787534408811549014 -3.82885805704825976647 -1.57188511679438214230
-2.07156179916115279482 1.85116424443921712140 4.49370079893731766418
4.00905894691139064179 -1.19194520433661965697 -4.32440337816169328988
3.03079778008513134324 -2.17236995888362560692 -0.30784395913759166064
4.03709888024178642496 0.70941893809349476641 -3.25015549012684035191
-1.14322134249363926983 -0.45321529452273789929 -0.42068520135337017507
-2.04269923154921828612 2.04229756890863090035 -0.71557761881754800015
3.27941817388950695999 -4.25182665515342339546 -3.90990318721943230784
-1.27835796495058851008 0.14776709889061745429 -3.20777848926249742334
-1.38071660404962948121 1.31899315207764811220 1.76344270922557289083
3.12519280090269102601 0.42367036503242427870 -0.29931851803496822839
1.69128003016377181922 1.75794527712264869734 2.76046905019257504676
3.80553444898492276849 -0.57262753881827377356 -1.25348045451953638008
0.37919864820359094892 -3.35316132702478153504 3.26841511496438652529


