344
4.10528641221593471045 -3.33591294917906422413 2.25030979051723889484
4.09196443439251122953 -0.45010152311919338075 -1.17327796833766306861
3.21098239586174383220 0.19794165913376637889 -1.72747047059596425811
-3.46369191879361082442 -0.73653814945985107698 3.75423706437343529529
0.33850100795730941883 -1.01825281137273560006 0.77710514811097475274
-1.25773165543967202495 -2.32887815860806046686 2.65123668915239552035
-3.30539676771406476519 -2.32746886134929775736 -2.40597474504196329192
-1.83603467568476652616 -1.02716805587146264855 1.75237283375790653395
-3.19972688051169340540 -1.25221144422077568237 0.57957201198682017917
3.26429961978447469306 0.23339280033105147538 3.71425995456675739348
-1.78622391394400370501 1.84112238326912791564 -0.26700453031412685334
-1.53190226296168408027 3.89050550249206050779 -1.75359032235877076999
0.06504268887110953301 -1.70667202529510131370 -3.28835045964979899580
3.00531613729288249459 4.30542406524865040041 -0.12887670758696678774
-2.49863464639096033437 0.11703100966521073900 3.45422750335081651940
0.09983425285443470187 4.41425573226551559713 -3.68330292695325978158
-3.57127906184595911299 -4.33043419482955727062 2.81264935596675069718
1.58586034820699683934 -0.98843310459782340871 -0.52191457120922279955
-4.04885963322903297268 -2.95590607803997951208 -2.85802337984132304172
1.22465094865709556160 -3.22711972670661140228 -2.66429278058319995992
-3.08415172599606401960 -0.07610243374054448395 -4.00254854719748642822
2.11098941345947554993 0.01746934564428848091 -0.52667093899279215918
3.81723453432991188805 3.23707436274036819412 -0.04302911143713128439
1.12377827859822776446 3.94893523417464731295 3.65927948672542857622
0.10279129903561834425 -2.56845000341360796270 -0.32648320627806270977
-0.52822860178481789717 0.76332686078102707228 -1.63023962553451129409
4.31732944015658670622 1.25318381065340478386 1.01985885937716513894
1.77645478516761912147 -1.52884401040434836361 0.48389416586098032980
-4.52419053485156563710 -2.38818116827709081562 -2.14166060602589469752
-2.37026588474242672078 4.06573781564160707802 -0.62330181238170556668
-0.64995123961189049666 -4.52513002069219449908 1.32713033185125528490
-0.03966622471177494447 -4.50523981682957330719 2.20259872217192587129
-4.06011340881485693899 -2.89910856436932862223 1.85031359730268452068
3.55930910013372869827 -2.91834408163924408086 -1.59709269717420898616
4.16978075421079008578 4.07612223300780396329 0.51158422214091547886
3.61341919901710451057 1.31056280109257539124 -2.30252202700376473743
-2.64013187376087898883 0.38368183685231382896 1.40210200100056692207
0.72464602488890683674 -0.57260562348400423360 -3.15083658825006152071
3.55411283060034843828 -4.37540091020934607258 -1.41799666025669335312
-4.44700910780164004876 -1.66680809300892995850 -1.39656262056929669768
-1.38719968381781999511 2.16539392821750187323 -3.52945304060227282861
0.85702203691587897083 2.13236404782813693259 0.79028039473060918141
1.42713673038898569700 0.83844880381981923279 3.69962946987782803632
3.82059030429240298332 2.56812335237853872627 -3.74773356622616393707
1.00215122368640852102 -0.29272699105086186222 0.28502266483014349063
-3.87898846082653614431 2.52244267244253617122 -4.03013767365184438773
2.55980909554701074882 2.08360480033479600337 -1.77567643975011879576
2.20020464688789196828 -0.50013506189681944392 -4.29757399343953139237
-3.65003312128692547489 0.75612458703874896315 3.88564321866919026860
-2.53039763100816417207 2.86020367254098584198 2.59740764130380430430
-4.29578281074992407440 0.56776527957792488621 2.12778702109585537983
1.54217172407026392733 -3.73174779595051431258 -1.78799417585183828550
2.36103465605697682150 -0.12667876847593895207 0.55387121994942134506
-1.02811159222824732851 -1.35227352902622843800 0.60509891700722384655
1.52043776662725793614 3.86835499045084585390 -1.36703508002265561316
-2.41500453372199430646 0.55238608238283770646 -0.91605578778460383660
1.22371520337995054462 -3.48582327784269185855 1.81957431268511538036
-2.35157698654757929546 -2.47960501855370063495 -3.14707384823860980561
-3.92568260510928057627 3.97512191709565865239 0.04395006259827383133
0.87275630464666598129 -2.90386186432892978715 0.40796439381783411449
-3.22354214522008541977 4.48007727741811745403 -4.25624519824956504266
-1.49387983026282356036 4.49368639850586060192 2.97788274342281855667
-4.52680466801694159074 -2.07972742484707984190 -3.07475019124617610089
1.94971012425783651878 -2.87895911817967142809 0.18159813727533080652
-1.40895165795273502596 4.30672226177377570622 0.30477590267708798422
-0.71300694711293033379 1.76492516312842528947 -0.15866582345452862057
0.39094370519427634747 0.27181840856630579140 -0.80954926498884249852
3.17066760929017821269 2.52878934978807379252 3.23176117993252631777
-4.32677482610930042028 -3.90477474359191578657 -1.97726112810643961382
-1.81708061242583163164 2.39117369777952237797 1.89406529300608728050
3.48389711209256613955 -2.06184608623940057726 -2.53932935081252431075
-3.66787319845699011367 2.17303775146460420586 -2.69591118951689567851
1.63559856412303528117 3.10336902882900655953 -0.30386323515635726977
0.88094931548668586885 -1.80886264144649500096 -0.30419917022594056277
-2.30708478173833331226 -4.43431548150032828204 -2.13593824022013523134
1.42179996656474649797 -1.92351558483085138818 2.09839798799134502616
1.01878679979490360807 2.22242958134084034327 -0.20986982625702221839
-0.23842391614262758992 -1.66572008211351896279 0.05038041622086986138
0.74310539712428891335 3.09601097534330182981 -0.82752644134098840567
-2.73197831925121192853 3.85202931050262886714 1.71386660864939965876
-1.18928411175516890452 -2.03163199005474837122 -0.42839048214853470142
-2.19458468870040990240 -1.62633797673714219911 -1.71380243203363402671
-3.30549950150401006255 -1.31333253824075324445 2.81247448202615668578
1.73456726519795090269 1.40017654182353812331 0.56967446874868610251
-1.78743548218432835029 -0.81359544384427540109 -3.77166941704959768344
4.47692495081554664438 1.35359532451570796496 -4.23189916654678555119
-1.64881376623944664317 -3.88843036401447772477 1.88633856576708947017
2.78550356243422214675 1.49557046241084545812 1.61723090659835833094
1.11095268834835714244 -4.12032967635705205112 -3.54926478260489464134
3.58689439779432905908 0.73906679919484563612 -4.25802206052938991832
1.93230979844497863240 -1.26215574403826824579 4.14637711790687557567
-0.20712855051595990830 -1.60550347506126067643 -2.02601558260107017517
1.39690603634354282292 0.89473274290059467972 -2.51835088888011204844
3.12304859907923049178 2.56563725958833277474 0.55739406453358331106
1.96672550413800273361 -1.94487252098738228057 -0.48361226925473577154
0.03853262451869277072 -2.96713542760692972067 1.33320713729980067086
3.18016814348462517614 2.86116965994397798312 4.24955045883383153438
-4.34328464599778119037 0.47498786575392415443 -2.61236884853012440999
-2.48127873942144194785 -3.43323255955573136688 -1.66161964109274062906
4.18079947745527302772 -0.47031291753640047659 -4.23144271786142844860
0.18908320946282142216 3.86403330076264506232 4.30299900786036371159
-2.50286838258008659253 -0.29452399971364418008 -0.25969167407778215306
0.75182010216799444180 -1.97167777761875440135 0.94169302809522914544
0.66372567933832549159 1.15712751692648740942 -3.20534973635098952016
3.10769709231275914618 3.26428067791261256048 1.54322512797182653799
0.93492352406795919961 -0.16185420075675249763 4.04166380203039832253
-0.19820454487161232038 -1.82028010359731773349 1.16425585193985536847
2.15792479458214092602 2.92555809486509144079 2.26650646777172060098
-3.68791688185852528648 -0.72997604469448429398 -1.34508603716236274650
-0.16577128235103977261 0.08457592982157091654 4.39698711020148724771
-0.56722431281204377385 4.48179333051494577234 -1.68107381114528031674
-0.62164169995556672887 -2.91050290380610920948 0.52096720913610461423
3.35387207036097390045 -1.85111142221762703386 -4.13349695822788287813
0.77587214737221898986 -0.12273753004757104179 1.74801408684676484739
-4.31294020799830679636 -4.34999157702187844166 -3.79525599118351975036
2.37702670984728481329 -4.31888649358876364204 -1.13760706888888307731
0.38643724248755173534 4.10714946656416213244 -0.00099915208827638935
-4.45824343662495170548 3.82060789223705210560 2.95474507300230460061
-2.42605471608433553854 4.48211859233387865942 2.56570295130981396170
-2.20632481527445190039 -1.59803413132445548683 -0.28073465947338593907
0.27700306335218272125 -0.73064787328268732125 -0.29576959087647569646
-3.19072314855774630260 3.39237374292837490231 -4.00865156982596460011
-2.82287329092342309522 3.94030566057913933520 -3.14393646704028117966
-0.58723324290214584664 2.86368105591813204569 2.55848049596323079413
-1.58103685763202417291 3.94455046047484980676 -4.38554585146643116644
3.94426809980809789380 -0.72611313045433600877 1.85715535868956216348
3.31261521585544382873 -2.41683464983105489310 1.79092725962015375529
-4.17274474263313965849 -0.73737861005012916849 -2.40222044376231291807
1.49205105558890505080 0.34025319790202690484 -3.47624145881356749754
-4.26744903243163431483 -1.95836605943232111571 3.14785897158985239486
-0.39462225271420781070 -4.15587662757553832904 -0.62972512792896839784
0.17922539350459310015 2.79515610041565043531 1.16972862868863636265
0.32001813794513278566 2.84928956519101017619 -4.25342040000091348162
3.14822007199936493294 -4.01921970746057510837 2.95374909877477254128
2.31674609289775101928 0.45607813582430978272 -2.10344332129100797246
2.63468692251772917956 0.77596131880995411478 3.16061780887743015711
-3.50579764938552651543 -3.75532041372220337649 -0.75027499156369525934
-1.65638707001094243054 4.04218695850268883163 1.53191973789561952657
-3.52759470447822298667 -4.09437902429718203479 -2.87134189708633158489
-3.61067627060193263588 0.94464933634556924602 0.85822508177454182032
-3.31969602100818628188 -0.35980964097552003977 -2.86356428500062820675
2.48062340864301500432 -2.55836203349382040884 -2.24430217205159143745
-2.75498238197299816221 2.84053914664139295354 -3.26324254123850154841
-1.30374200892868419288 -3.02042679213179132702 -0.92987377570938800631
2.11018621399447692255 3.58467935228801248826 0.90544622920961082002
4.14369400774293428213 -2.24714319704758613838 4.20637225014948423762
-3.56399284159451523735 3.00923944583570790456 1.43613361744399981035
-2.09302116427410567212 1.45043840690300385177 2.55559731249844279688
-1.35797363731373632589 4.49526388457375158936 -0.77110955578575035574
0.86468058143540460492 -2.66002215041385481342 -3.54898925263574849254
-0.83500111992645287273 2.55682971026267402692 1.63396554388933257229
2.14665153814954923206 3.07990454493413601256 -2.23955939471199316770
-3.94309977713073411820 1.21274520342547109664 -3.37435053500872683685
0.78615414393660376646 -3.75321516308506453186 3.09984020430708628879
-3.72878384877157120769 2.13189515262131301654 3.84267469256053129101
-0.93646454284542457458 -3.93131255374972532479 -2.77456657171686016383
2.77371180125728766797 -3.60169026145160264818 -1.88262401174662219461
1.82505644380968234941 0.96320058742412495434 2.55629249963252291877
2.41568371068022980097 -1.21129096017315029954 1.54930881674417708638
-0.94157147627534243384 -4.13413111112072062525 3.77036653561364243359
-4.38455328351842865686 -1.22826917746805808207 3.95427611819517732528
1.70889241693268889577 -0.77548090450530260398 -3.48817951408952620085
-1.43692308615802577521 1.17445287796350061882 -1.08417955365289264691
-0.48631129938642114752 -0.37283746529909755907 1.25915254381936758676
0.47245287241284827928 1.81631815586430089837 -2.30978675512831044259
3.19167879222824968366 3.97395955340057849270 3.44732635337918580376
0.68852928524218448558 0.67537338841746219487 -4.41563633441871239427
-4.22691642198761652338 0.40343271228099908399 -4.19138866572150003975
0.98752616370534340717 1.67793826349760699657 3.12367510881149268442
0.03440403031258920663 0.20151704512938106717 -3.24400258979185185382
3.13632144977465898705 0.03806947886652078950 1.33030719285856857681
-0.59024358634573870219 1.80997704947240833917 -1.39271510036088486117
3.22511076250473038840 -0.83715408516215505941 4.51324125056644387399
2.71752013638391520800 -3.79691987300346678325 -4.45278299164579127734
0.43037966375633018856 3.98759461953848681759 -1.99196982981210091168
-3.27963046440445360474 -4.38360852525699939974 -1.51993453472310235952
-0.01782509593238756906 -3.36016472901774720938 -2.88788197024088821863
1.15416872900591549467 2.84534400004002296924 -1.78312069735640132961
-1.12827009540642730911 -2.89525009386057829985 -3.30210296927768753861
1.26519405445923016629 -1.11611058648821170891 3.31239669494346511414
-0.91023820608947580979 -2.02386579328236937414 3.70763730665862834002
-0.24539210562493973811 -0.68291900993226306582 -2.68239538257966403378
-4.51437363048455519987 -2.67500866226370570544 -1.09539611907480560760
1.62654963890686321548 2.27496132075450407939 -2.56546128041382015539
-3.93070189985152751433 -3.51903800592443305462 3.69958437098086800887
-0.48082919757142850159 -2.44913478292557318383 -1.49854117648643692107
-0.77473548196517150188 -3.48646891912030643113 2.37769748135504244146
4.27593623701913383428 3.10871495535784081454 2.01464621466241045056
0.65899908213056868078 0.66276634429199088316 0.35337834506069398799
-3.30981819757495987488 -1.89834946342688049015 4.04121739809481983485
2.12609046791097089368 -0.46192266422756667055 -2.44810974026495875577
2.22678928086879057702 -2.92256009358434321044 -0.99574594915341929635
-3.86014083124607942921 -4.22767365457708166332 0.74362640432843196692
4.18849616807854463474 -4.41963133201815949747 -2.56137219884997247021
2.60071767742396620093 -1.00434247030467549422 -1.45232036295600064335
-1.54349036276237017162 -3.38516397696197968159 3.09706168578210050413
3.50078012444282560267 3.77507893192359933465 -0.92878209093894303905
-2.62899170561674289104 -2.49837818983044224197 -1.03092436363755846074
-3.34742460443282352500 0.82534662380640178014 -0.31090204697370538156
-2.89410312445691486616 4.43533232946411448694 3.72137057185431618933
-4.32399516280532747459 3.01942502483905883537 0.73634752043652706988
1.87957740684372609508 -3.54058414987099734361 2.73854127815145709235
2.46836448731035140725 4.07745812903579274433 2.48902732581680474766
1.57518018988926922219 -1.26158898026404031611 -1.62178205383965723385
-1.74645859271121750567 2.84324772189727159599 -2.56206982114890857716
-1.36056711965077781201 -1.38424295645871531235 -1.30888698527099922586
-0.40776332076531573989 1.92479136491482005766 -4.07126022333409487430
0.73111134265757193873 -4.29207349748297772862 1.27702905242176534273
-3.22458689396286191098 3.71042592224145284518 -2.15253135876135948124
1.26072002140253669467 -1.09974862620102475930 1.47467833575839968319
2.99858971164561349809 0.48401212612039667960 -0.80129262438593951146
2.81198195777336490409 -0.86535618504298206233 -3.33450158675318508728
-3.16177496702836657860 1.13095215889819922239 -2.53359058777063816947
2.22331489779848912036 0.07474247086217467029 1.83047118532189134754
-1.41216646019097247233 -2.26503061957662765735 0.66814173681902389035
-0.64770869896791749554 3.43028774598174290844 -2.30160167672713100728
-0.72134519334007052294 3.87909647621525888184 2.94046629710647433598
1.88575587644847697533 0.91710320692291080746 -4.28727847953033425199
0.46881405736731984746 -0.82500696437098586244 -4.28123093226087192420
3.92929913892912008322 -2.71721945526879826716 3.10694627014088897710
0.96986881283157355682 2.75433241233148251581 3.48042190183928479286
1.93139032903896445958 -0.78482214405218009290 2.53259012190864662983
-1.59988155315852376148 0.47362634552885474193 0.20659828843494221218
0.72970664266472695658 0.19403872204017691416 -2.26152622772376465932
-4.11967889295362166280 -0.59913051792413307695 1.70357906317330876078
-2.04265349742037871650 1.93214084229228788558 -2.35227766506364721621
-3.80545160678144744892 3.61698889863271322298 -1.33291192537893454784
-1.65042247704112821083 -3.10800332343194352092 1.24942756983222746925
4.33523498710756438612 1.71816328401393381142 -2.94526651878493472836
2.20641928398838249592 -4.49245994282197980141 3.91173081347599360669
-1.34235290606668744573 1.91583243463882713087 3.78798443557871333809
2.15491619261036593258 2.18665576552478402306 1.07404471238775922615
0.82443749259458964929 2.80062937385908039545 -3.00607336687380000129
-1.77717818967743523828 3.56013384950032918397 2.47976751902952674556
2.88041682006971289098 -2.15258472813324219786 -1.22477613827626274912
3.07042846015020653994 1.29854226397625449607 -1.46187227800132379940
-2.41387959667340812331 2.87416119375648193568 -0.00054457025253729086
1.44034815600765231380 1.66852167236383497340 4.27410544501169997744
-3.64000723846056972732 -0.24969647858344590219 0.14973081088911488479
0.61845186693039000403 -1.01636731027776328062 2.29496033834969104248
2.13690010786929196485 2.06181886239967493424 -0.70189824141652312761
-3.81554667946521952615 0.06035239933734004580 2.90326859382941471210
-3.50292842472311560797 -1.91152474131911986888 -3.91540820117345989004
2.87039575219661013961 -2.64898481489654047394 2.73021388179195501067
0.14062674279872311445 3.97196089201639335187 -0.99006100216715520190
3.32599536232364467736 -3.05718676013984369533 4.01220743693145909248
-2.08339206453103420458 -1.02180362965234117212 0.69497452016982297351
1.60304752393955940448 -0.12546098033896413426 -1.47983655580611861424
-2.35265244238397874810 2.17959516223555116454 1.12594003985216595254
-0.59172843674707742423 3.13781315956628237274 3.84906486061731012427
2.23582896438807932071 -1.81383358817994988499 3.24968825736458821751
3.22545530216100662102 -0.04864449450547070342 2.64985099570600368679
4.34761396293883617403 -4.15217263380734102896 4.02564634414735689205
3.50435396209157001834 -3.48021957523753755481 -0.51166379502329828455
3.92618085611464184836 0.67192461450368234921 -3.23996263377272963879
2.55310166232313573431 1.35262769785558223390 -2.58276090749092235299
-1.28952883716855559726 -1.81575977304825864067 -2.47507853364716101652
3.79523045059992103489 0.44565525788859350342 2.00758462219957234396
3.42737055203177476415 2.54277919952655206970 -2.51676163907644312445
4.10060530409805057417 -1.60113653219265517080 -0.37703181702193511171
4.38368724279378252362 -0.71239848986047649149 2.88173463653135453200
2.11135453742958834056 -4.15742824904480823278 0.47204301483536248440
0.56631304033297436007 -1.47260962331319378293 -1.26302769123160096854
-0.77600175136608839921 -2.46973855415527721036 1.64473089342230860410
0.23500030070819644124 4.44022612165303964815 3.18873339188199000915
-2.38863398385594960516 1.47224828288264664167 3.79642414756042168023
-4.49421794580315481227 3.11150969585116587979 -3.25923373381600089971
-4.42150656518390583472 0.04753676764655789810 3.86193458624341889873
2.01849292201320285045 -2.95700741022382818102 -3.70732356822666586638
4.42732798048588005457 -0.31758361993419814695 -3.24078754776741195798
0.25663134865900261161 3.45029805583634008315 3.03940202216757082709
-3.38422649286759025244 1.30370020733306102301 2.87788193030048500276
-2.02763375469436235576 -3.84280269884916858558 -3.42970740642052085434
0.77989419744651389266 1.91391315163811182032 -3.91196262743077660673
-3.66982343464885252260 0.47889193344826974652 -1.38284588461240698365
3.72114380572166059125 0.55809022755293380413 0.00264425333451256961
-1.61315763431673220296 4.16576842732019425597 -3.03047392326586884082
3.97463718508809105145 1.73310417862006538314 -0.36293148987634094027
1.78918642716316345087 -1.84294670260140991402 -3.25775117027073246589
-2.16423847292525151076 -2.58304628194060503787 -0.08760241074244845549
-1.67434942039753931198 1.05088431129711423750 -4.26916976571223916181
4.18748444705422873113 2.15959827183835972875 -1.61839119331465175478
1.09359394480757732282 3.65116962630386066024 0.81594320833981903718
2.79360219494776806926 -1.93659388251116260093 0.86909733847657832939
-1.70914563842236333358 -2.66516743403363598475 -2.00940518315719973685
3.22924463814695439368 2.54632261138230742148 -0.95759117291569761932
4.15671586833765882574 1.31600489027651068596 2.38347798482427375433
1.34909050200854530033 3.17699817398279993341 -4.34158142836421134803
3.64069128380149908963 1.22997581406215328315 3.56472328748888589445
2.65139539980255012352 1.77575827653808282491 3.59574761906317252880
-2.55589443860738096959 1.51523804394582572996 -1.56996718375471866480
1.54391208040174010563 -3.62973282349371073607 -0.51854179395913657658
3.75383792627508672268 -1.40929223381948798277 3.38258577237962043682
3.18476936607219052178 1.23583170799701402842 2.55567870061400181925
-3.53016951409984036658 2.17963783130898125506 -0.07169337476113746277
2.92218043225190537981 0.46780605539872599508 -2.96174704051918125103
-2.59384616847652527127 -2.55877734548769053546 0.87113212503531389785
0.60271513513322805267 -1.31610513024522424175 -2.34081745203291369251
2.09647687879410149492 2.89239805969873930991 -1.22019243787049846972
-0.70498705580957210515 -3.56001443883574486549 -1.74151672408016144900
3.72327856724147654432 -2.87039717230189816988 -3.84521578216670434358
-0.03158736187204613799 -1.82811136712576560726 4.49089227802519186383
-4.44248289097802295800 3.20240188060396047121 -4.46450239160316986187
-1.47229311170845544865 3.11016150317949335857 3.50456987288401489167
1.48415463433203065335 4.37247117512813243678 -0.30920247403540912501
-1.44930355649358144632 1.09636462414375923657 -2.16302267676115667072
-1.88121673830249047654 2.64132479649121254539 4.48437321872405991741
-4.45292698668217035163 4.49839492876956281719 -0.90600648734836441989
-2.49444799241614267871 1.14698230958951885583 0.26988387226680465858
-2.35731989811993258854 -4.34189849856782839055 0.26017678156224555153
0.02718513122999510756 -2.73616416409686857847 2.58234308822327296440
3.29120530404723954376 -0.57606374127937609586 -0.41554635208121037948
-1.36230453867309675431 -2.05715406682695878260 -3.99722258155839993421
0.76293577854625649337 -2.66274199933937838480 -1.36180750571160302798
-4.16039857958114378533 0.12765304016639777984 1.02265458900830363831
-1.04604151055900418399 -3.08953288208371246171 4.30039151956880250083
-4.40885315849050396508 0.33929306433690165079 -0.58983654122056927704
-3.70734668636597719527 -0.84130084326673904016 -3.74147448749793687384
2.31058736795416752585 -3.18216022011974963846 1.22727905493397759784
4.10106699907070915145 0.35304759964533438676 3.00676349481764759730
-0.66766594282806668303 -1.05392844352673265007 -3.90696031458814108106
3.63591400164935851791 -3.98740280371182631569 -3.59077642595898449684
0.85904140125735217737 -2.14444754045257690578 3.10075680489946936547
-1.29103096968502528696 2.80974897927970435063 -0.21039559076568892237
-0.13185760882355967993 -3.84901755532340850152 0.78822491525813553892
-1.00500995304650420081 2.10842991682183189539 -2.44400228037843181284
-3.72755312090636348188 -3.13438410170249825981 -1.81158547504928479910
4.05028429808134848855 0.80236050372374290163 -1.41284797117470306560
1.84063395776509075574 2.23993206079129958397 3.04711168603561599610
3.80281632906335165245 4.17628832592319643169 1.70589714895342048351
1.93902900106821274306 -0.37015082414923483611 3.60777435396275780732
-2.33132767717721023359 3.36970563834553882288 1.00766461503499105135
0.92040326050820020498 3.15350648667664668068 2.12642791207742920534
0.74990772621537704623 1.74220065034852655828 -1.24877124418654883442
4.28485955654188277464 -1.61154059741263289141 2.29124277113450602883
-0.88674868066745515804 -0.90061527809242836184 -0.37430386981842023175
1.25594098385962649189 0.95315546219181435106 1.54583874880799942986
-3.09580435487646266068 1.52834523991064052950 1.79070616943247973296
-2.50608788556656136848 0.58428383769465952469 -3.12256012667664428761
2.51744146020830061872 1.00814830516806974714 -0.01965928992266974262
0.12185540069662703644 2.71290079930347882708 -0.06108578782584395128
2.02429521129034828419 1.07266368053583338593 -1.11800817029995069873
-1.60307373517949214303 3.13936987141821344238 -3.57160930452691749437
4.00059630226216267346 -3.30743843025519090872 -2.54500444083298793529


