202
-2.23793366965224782561 2.69787001127786574273 -4.26785627927724764419
-0.70692644185141650937 3.60397882615374864912 -3.98201938642104424915
-4.05730358904497201422 2.19991007689795914359 -3.16359220842061450440
-0.46365737077271873545 -2.53599049581492019811 0.54216695566694816932
3.89450051178314016198 -2.59720507293235947088 0.12160739156027844388
0.04235610035082082447 -1.38070399569378388094 0.94714024687834008631
-2.06170919298921040408 -0.57402710834332548728 0.10347049193533575107
2.97654479020864570771 -2.82528580913525040330 -4.24548519469868779197
-1.35140403685388621469 4.44583338277648731918 -3.22716472859482461644
2.14729073474116471942 3.14993507105771985977 4.31261245223267497551
-4.53193234398431687993 -0.28377472191723551731 1.74288493059063842594
-0.93779715608526226234 -0.97363454825996154085 -3.47396124155699359548
2.10083980826924321406 -1.25960915792938310531 1.56933282315224342796
1.08406928658900092444 4.18688534870498418883 -4.50954084603388061225
3.32304704855783850093 -4.09309523566157107410 -2.40358819281442492866
2.71929558824139316897 0.65893051156583481998 -0.43015686153042231865
-1.58350208618864352061 2.49004714847319519322 -3.30872262277283057941
-1.30958968585474666568 -0.13667685862087619597 2.73466834966869942747
2.19768579823305554299 -2.66166338372050237382 -2.01364396006437029740
-0.23059562119219911835 -1.26325757423915652211 -4.26816026910452883669
1.81963761197696083372 1.98782341336313717051 -3.64884432822393156570
0.37096070025953142846 -1.76053779149507327872 -1.11517762945958143206
-2.66735398334914819429 1.87350965567193306072 0.87594389774280045913
-4.18769917273432312754 -3.13532470340191116165 1.00130950977452481965
-3.84107155532179067592 1.21383123542062509870 -3.65150037464974674961
-1.82050904897273957417 1.84237326524477129652 -1.11472416838350918411
4.08318511444544629541 1.66627814215284342225 0.31377793360937111800
-1.82736831257787812888 3.39041842973305929121 -0.40814381120268716785
-0.11112527300945629349 -1.56609849609494267142 -2.02202728429087263962
-0.38666569877032941349 3.98222074934810787994 -0.25222228817427794212
-0.06184913646878520410 -1.49037022792160467333 3.02028560814096724840
3.20011148781953291831 1.63752535624645645385 -0.49693520218754816398
-2.19000489496656092214 2.04292949034602688840 1.79515742833044722460
3.88695614094260033511 0.42854134767472196188 -2.40037115026076408597
-3.41233451518843811101 3.86388487868908026002 -2.70327214549945660238
-4.10655395496292374702 3.20496097865911266922 -1.44965775227960769200
3.22775889757519074408 1.64921448413085602880 -2.82149682396893197733
-2.92499477879503144706 4.19962825602162492800 -3.58898530171689111867
3.21596231702326296187 2.89618671209565192726 0.03451831552110462553
0.27492649899161936133 1.06098524546720351935 -3.06863489272509637473
0.55797047267547750238 -3.07167140847932085279 3.50929063588407696983
-1.22226038387803015439 -4.50304334696645813807 -0.94581409764894619485
-3.90833709215382629765 -0.52236176960987457107 -4.10843459870850313820
-2.26683172171702373987 3.93203152835698244161 -2.72219038952774061713
-1.70648409601608053165 -1.10400957943233057890 -2.72475342929467512221
0.24744265804106913009 2.64813364092599368149 0.99841238115213570836
2.03352215502677591275 -1.60049042975501798480 -4.11082090406365274760
-3.27286539294109823928 -2.03975289357930655854 0.11854614169259480860
1.67230111778607781758 -2.90444598172462686847 -4.53720735253163542922
-3.28759250367141042659 1.62771869063982155268 -0.29482188229983830041
0.34888168603547864421 0.28209426192450148818 -2.39264568548905476320
2.01862622233661959115 -1.75513143384441328010 0.67010120532212713584
1.69835467947038232239 -3.45173757217324039814 -3.61501724894862341841
4.30612166987990274691 0.90839368012324683832 -0.53042492164691346090
0.54465095246576300525 -3.24875575780902936529 -1.18219389443480338286
0.20349095362675573284 2.08877032432207965229 -0.79526245744804668902
1.09757157201781563316 -1.00933531706815315943 1.14956313833191625662
-0.96694896169137933839 1.02385902436781517366 -2.83448756230824683300
0.69065174640046578247 3.59895011529921671212 0.35097983952693301291
-0.68282427354111696616 1.95036278179665867327 -3.31829277764121766126
4.40987146888753134277 1.36236428738076131850 -3.07463791743486458685
-2.03135882712337378919 0.30380032082525332271 1.95877371154180313084
-1.00466420860414995531 2.92898391101172084205 -2.63808532019448271910
2.33413113191232213239 1.53183791873785590809 0.24550406064579544108
0.01987570310064334933 3.63579849280091504937 1.99563259932863346080
0.65805118257211780985 -2.66330649545828190838 -4.02008438388437028266
-4.44210221566150131878 0.79931102625546834872 -1.55504568832035650061
0.24607808494677829714 2.52691142862750428577 -3.15372424881161217414
-1.43680067657492793742 -3.64747369167751367414 0.47780511521413604470
2.76610320550191790545 0.76267046576398200841 1.21351403391633727580
2.94215949709291546554 -0.67394015691667608081 2.88204559667864579353
4.31144851797926786929 -2.65037935843495997545 -0.94262133519471724696
2.69142295188880531498 -0.08259315609523110169 0.49135208436211730287
-1.07068708737864515257 1.83304305901794517553 4.44400136230130637927
-2.53226984468470828205 2.70463966682742285030 -2.45891665551332083695
-3.21899131861492682205 0.14384144868013581942 3.67473645981280139239
0.58465240793414618992 -0.67632144935627058757 3.75642907206515541674
0.31908486748101516639 0.83009057993873813786 4.29487211826349213339
-3.10475965809412768337 -1.45219263661699082846 -2.04931890778618219784
-0.06876807856919686657 -0.45113616895813724028 -1.38870224616611270818
1.13462273191208851131 1.54237310422507523100 1.36189203551581261564
1.02474966807440992511 -0.99338187279755585379 -3.83453707728232462415
3.22009751562883739240 -2.13553720900342591804 -1.90187880541290832426
1.53299026934713733539 -0.06038004958540099665 -2.74627961196194858573
-1.00670329220467946740 1.56384223678333622587 -0.10195133576083303950
0.61921634663871572002 3.36513893282037823695 -4.06670771455469903799
0.78785402880632648959 -1.30585606447500524041 0.11234100675603730934
2.71793774453681802328 -0.34637415064285370647 -2.40820549288772545182
-0.63804665601161758559 1.50439489918901081467 -1.23869234003359718344
1.27676122964073446298 2.09518144012850715541 -1.50603762454508904867
-3.85398116057425310643 4.41909167134605862515 0.55321869460826977871
-3.35513077069045273504 -4.13048861807458767004 -1.60929576010308572620
1.32798016937336793575 -0.05498154352949313761 3.26970152232767929945
-0.19805804148806416265 3.44059039552991308142 -3.04394965441717646470
4.21026895748934304464 -0.31948696056530145881 -1.29100623362879751710
2.32696786568329816447 -3.34125941044655849765 -1.13363026814627598782
1.47519659763249411100 3.23464223599014921717 -0.34929594936232355451
-2.76638326333324702233 -1.39975391786136738048 -4.19431256440588740020
-0.37990169467421974758 -1.88827692317362672014 -0.46371225033064344956
-0.50951298290702329297 -3.59832919744036416887 -0.89865136400104272951
0.87802504748395016065 1.90508343912253952368 -4.17846709188247178446
3.09484571433955846231 0.60917898774758860725 -1.42982636529356010868
-0.04872977913524678684 -3.22886214729050058381 -2.51879233733183260924
-2.94578969244131716465 -1.43083807908610838311 -3.10193697646125787770
2.11305613516341761482 0.05187472229629896958 -1.22456509629172094478
3.73114683702163763002 -3.19794745500556798490 -2.95654236812308868210
-2.79258385296452127378 3.04331949227628140164 0.10234257653477030203
1.14258345240253955666 2.36807058688585225781 -2.55587429354621997746
0.61048528035107008094 -2.86486635626359875673 1.63136643091301802855
-4.19826546162358571479 -3.37415033909118466937 -0.18091453979216431946
0.82320528575468809862 -0.05855756721626459438 -0.30947532562159807412
1.76800677362449576435 0.88285763407697537275 -1.78570708178427661750
-2.34449085946954882687 -3.97588128789876682490 -1.70058707784730689383
-1.58304759533532335425 -1.91015836748154654856 1.45470227574011357063
1.21640469361340475274 0.66844603500403287910 -3.71383087306358072865
-2.71951562417955905460 3.02508125604561683986 1.16193157702443894408
-2.72170023899498003672 3.92015185141490274390 -0.53410009018910198364
1.35896530172347240750 1.49312434541142557975 -0.57139196781879419973
-0.86766430618843681799 -0.92958735479606158236 2.25679535218411508879
-3.42412626439391809541 -2.62881580164022565782 3.14380051782606440014
1.34669040588586774732 3.86884235313033730819 2.52621693637855226910
-2.22057971023265876553 1.34691836851456603341 2.83039204895584539656
-2.10037366639470501894 -4.25978179639635357034 0.97118033050454855015
4.14868191706355116111 -1.82660219715181071365 3.02998665352605822676
-3.74575491134588700604 -2.62737940855962470721 -0.88309746588477278095
2.42750421971628860263 -1.39392340995493579925 -2.11783952080642290383
-1.73586741695426738374 2.34067328397228280323 0.45520275279636024379
-0.03684357036267904562 -0.18164989316611457326 2.84406486279990744492
3.24523473249677341101 -0.73047657035033175532 -0.32506347229185905690
0.34682004494278650952 -3.01240375155992134992 -0.12982397088333552659
2.30372022280198862632 2.86905814393947888874 3.27046586744541212255
1.36056134132816008986 -1.01807046390915356682 -2.19689979940243818035
-4.23421005164566732759 4.43549702806953138889 2.06630034398602369095
4.37569934301783458608 -3.96820156296876813684 0.77325628233101628695
1.43766417832191351067 -1.90368851529003135781 -1.31852777706934221058
-2.97061957694818756792 3.46175450441293985904 -1.62174195409279153779
2.67452009852427430303 0.18074207825715760123 2.17447834024355568516
-2.91877936842725471678 0.52746597359923264037 -4.30779206469527053969
-0.48692444395693712522 0.99197145243793283242 -4.12272667222072985993
-2.04656488048944895652 4.07693723460924584145 -1.31929776315510238760
-1.69633490767028760615 -1.90272054044581118148 -3.81501138185505084266
-0.01100361619879919317 -1.59976454534215895009 -3.20575088307048794434
-3.42189857346944226180 1.04205800399324299832 1.10766307674520270155
2.55007942235554807553 0.85803520238153829780 -2.35183228135464128528
-0.74928277160106304677 -2.69911352857036845876 3.66446580576512825900
-0.23228571912646600595 1.93391958083101300758 0.26374227452084664236
0.89006581078191437939 0.02919754631020499147 1.72345581929884428263
-1.54077499731295963770 2.78622066854694327986 -1.23035716107742665315
-0.18872041536379846605 2.95481272206313949624 -0.24504882380158221622
2.78111494015053395401 2.26495894074934067675 -1.45924517038238166222
-1.59326174367698891743 0.71528008510521612351 3.50850307056963384156
0.65175524526148365112 0.75913180583547834601 -1.21352646016384824179
-0.77958953956471876978 -0.30429017074732112036 -4.38828579616035074906
4.20243945677459418420 -3.10718697326578263684 -1.87172795704823613505
-0.34467388214341898589 0.50298961432210642641 -0.86705487421740112808
-2.59195050149732297839 -2.47498807822460298311 -4.34033319094704594931
-4.07018709620098739776 -1.95229724733074672116 -1.84570056944160132417
-1.21856846944569685576 -1.25223945816163739764 0.17720672387684643923
2.17570155196724446256 2.14985382860261431404 1.73503756731626879173
-0.53129222471348125367 -0.43545199011960633584 -2.40642279030436201381
1.44939455515026249799 2.68725817163649871588 0.65115710907638657545
-3.89729727019733873661 1.89614213317556679073 0.62073076106608837677
-1.00247242064876651568 3.60842046451511233585 -1.08510202084414641988
1.95385838290229152392 -0.08802332135724011408 1.27647984688021498556
-2.47638547109918283340 -1.56089643069279127019 3.03490649057801231692
-3.76567462974682243271 2.81627036604774350081 -0.48915043257743739957
-0.52486138733633413977 -4.21254112431873473099 4.30139559713189267853
0.73468811668153488625 1.92201242374752556685 0.35645596217215125279
-2.58251641709756452059 -0.92311387064998706720 1.86206783929385988330
-0.13713872257443782132 0.91676384840978730750 1.81706449520796819996
-1.67772766115343463511 3.43182492000688998957 -3.61467170518895919429
0.99596540087736062929 -0.13069266236474508247 -1.49784913409839326448
1.93092678156476438289 2.38405162208909349175 -0.67580048407060422377
1.75499028896391440213 0.82992198889638935100 0.94598845494078087626
1.72148559638383868986 -0.96861302309295904678 -0.56074072231664828792
3.05040705515343546494 -0.65373282914443908709 1.68550007993852979382
-0.22926214992886695399 -4.17532900528427486364 -1.72005968113804774688
0.58899060973446193401 -3.96241148725440517353 -3.77736545602943740718
-1.82257705434419303714 3.93824064452649391654 0.53947892139998643302
-0.70183842012761132878 0.07560328494173162994 1.70385735774541480225
0.17566832436046020405 -3.72545059488646579382 0.87278365261872270509
-1.11920288963518999026 1.35919348033397380249 2.16186432734108979759
1.20337518462729686775 1.33361176736130015996 -2.39984051388190300358
-2.52866057143184752576 0.37962730803706268290 0.99002548073474461177
1.14632154096484395467 2.72488136148371307144 2.02240618829819762681
4.52157692732599425511 3.28912713417057656073 -3.02149319280297934398
-0.77708157103679154076 -0.86722083853964582190 3.43065512349840240347
3.88854326168728814395 1.43504357136074656154 -1.96788897267684781411
-0.38661045236257773894 2.11875301289592155030 -2.28189828136076622300
-0.98467215337813351894 3.05293802784690182506 0.46899939471177898298
-0.36415661932920251331 -0.36550282114165444369 -0.00019566726737441087
-1.80385588491264758915 1.54594292243517550389 -3.74212888290331058272
-3.08854282655767597987 -4.09127833969287824090 -0.13669865137703407498
-3.33698059567822324922 0.63515736051077098523 -0.98403235449105519450
-1.57691475907722056249 0.45555823720212007544 -4.34867578641520324823
0.55400798831786612908 -0.79086305588904526331 -2.88429152770059626931
-3.77000939058784068081 1.73237254742475865754 -2.09724884819683854431
1.32870030766196745020 -2.80821668487752562626 0.71688764794569426186
0.06447092554519695540 -0.30874194047788261486 -3.56528378724296457492
0.60379819066491702273 0.94626618485196534181 0.32537097590926222779
-1.03635575533449131314 0.20738237147256821657 -3.41111117674799624311
-4.41535897447963154860 -1.90294533885907934945 -0.41973972228767397752


