430
-0.52834695620467186927 -3.34589217193200960665 -1.06516619228078290860
1.49145751236479373603 -2.47118170784893420588 2.97511983199854324056
2.49993185843764997855 -1.79710597158897389392 2.87922465577971209427
0.40581261433544568717 0.19929990101183392426 3.72857774306654743413
-2.85742858683810352360 2.84030596673518509476 0.08016749477554085956
1.71994649949272737643 1.22636216554863874961 0.61541946672454717060
-3.73492886617001973448 -0.33088848128265979653 2.73318308754849237374
-4.28004847565538959486 3.67190218100044862837 3.51147008550772898872
2.30507208718869538444 -0.79816345638933583473 -3.52204705748669510967
-3.29701271868312506541 -2.01866366525004492516 -1.74182223452992968049
1.46913007079931556831 -3.77433031031060695071 -2.47164607258225732522
4.30226080334974891883 2.56625921751083030387 3.45421340142780852744
2.88021836930615915406 -2.09652293507981690723 -1.25017935430972659816
-1.45024324419466132952 -4.14456879434694691611 3.27777348992847539222
0.14472276410703965865 -0.79637829680948790667 2.52185849091595226668
-1.91327392318085731659 1.32998941911822488038 -0.89188369665864231095
2.90188698899054209335 -4.38758581544405323882 -1.75645381087553387189
-1.56235593401439487593 1.66616012699656668161 2.96781466764128687430
-1.43252143252096519888 -1.53088006761232708897 2.70984061582673074753
-4.00049854210959043854 -1.93752013741652007184 -4.48726112702793411557
2.89512820547595861598 1.16702847401927289894 3.42181002229310049501
3.81299779953541229105 1.87352050704879591336 4.21208472133764733059
-2.70310186358910398141 2.30174441665717122163 2.33375349259040998362
2.19099032034114848955 1.35749081482981015512 2.00808078911378462550
-4.34544778587405833292 0.35036436296105488708 2.17910420517368486060
-0.80661665185681252765 -3.40691820064811690116 1.31042531514381455082
4.04737968416046722808 -0.18883726073226902997 -2.06145691888903037636
0.03054823416310714634 -2.16289939199065450737 -1.98608109626362372424
1.27797316773795976985 -0.38729564002116845245 -3.73495916329960353508
-4.26529573849348064840 -4.45932637791355013235 -2.89850306563791182413
3.69725475828979721626 0.66532498430821895852 -1.71654050066343710768
0.72710106375229610620 3.59645684997764458757 -4.23943355609162697561
4.09341404100102135288 2.00660971117365338756 -0.47838868057709316162
-0.98651368799115068953 -1.99625470499077417585 -2.19876379210319861102
0.03534013639007227425 3.93606499537802445587 3.72045581623421295347
4.40266885626873527571 1.27808213829077832457 -4.23896726108457411186
1.04015075778586574273 1.17682183579744759072 3.53802276342523480679
-3.79244627839101555722 -4.46359706710131742824 4.14458750626932381778
-2.71872189235411010344 0.02690248049379295736 4.51082722546469394587
-2.43711147296757113523 1.91587242308648608713 -2.72356385545967816242
0.52145569524238410963 -3.32839490445620134196 3.16493065632620140804
-2.29288472097960926988 1.43160460344751250261 4.30113180819092999485
3.26757525483126709531 -4.27706124259131215126 -3.68731007294728474477
0.10137995659027332351 2.45303152558391968086 -1.65783318698431347826
1.12110539841593581656 2.33047082752885437174 2.69289645501185148646
1.14032522273320591211 -4.20080339467407259946 2.43898063725004288216
3.42259933209434930035 0.74652201609996460263 -3.66068104705538033272
-0.13708598970698382402 -3.59734741887292530649 2.26884691252164660824
1.65573482919968029137 -2.85285539151279943226 -3.69708835640446364934
-1.66386604673781901553 3.12804298294199600861 -1.58175574338689139964
2.93317278503620482155 -1.08633302417478549984 -1.77320545713645039143
4.51327772143996508447 -3.89751081394682241665 -4.35006493730507948214
-2.48764148072140667267 -0.11970254544672975783 -2.78284677510985067883
-4.28055463323803575548 -3.80901079108095430570 3.49608086830968911585
0.37969556361637391007 -2.14594944276648735837 -4.18839945546967751255
-3.64487896121305166020 -0.65096538168676687519 -1.23216497202515284926
-0.23377518593888968468 2.98577040768419266215 4.21699179163439463736
1.89459969947045703265 3.57271955255121920203 -2.30644629681550528133
1.89905802987219285427 -3.90923012764877286784 -3.70274264862511071073
-1.51979677869369211862 -0.31582609245263970621 -0.75268439310322632352
4.00068506822078173712 -3.82539171952726553272 -2.65512197462018573191
3.97343050144234855026 -2.45021877491466844035 1.55251886934761884618
0.31737591439145518279 -1.06563067086639673420 4.50130132971755525517
1.40906151440380877915 4.23176745161712819510 3.86953732742839218162
3.99508607010246930002 4.13241102192993192688 -4.04745910075688897223
-0.86306357283445311879 1.92940744380030348992 -1.26137412527382730687
-2.64297937683630390637 -3.83710837594163445274 -1.42759369445202022320
4.45162421515187123333 0.01082994973010720230 0.56409708488292409356
0.05895639117336415325 4.01113791809715269920 0.06476080286687757592
0.68241465462510042528 -4.15171314926262180478 -3.90704114957414638809
0.34158725738232487146 1.46520390004815492802 0.15930192791508623884
3.85005846619857461377 -0.28969408441848631952 3.92559559491849174861
-3.63413258031499353251 -1.08060125576957855031 -3.87014030175516898780
0.99909378001724924445 -2.39404062168088538343 -1.50537021418713656828
-4.22178820596810489008 3.25632159464915904579 -2.18301690710701112863
-3.18537030940435306192 3.15073243355992094195 4.34137483466879015026
1.73146857329619319188 1.45066438631621696942 -3.06889452199832524215
3.02001222529815027684 -0.52420772345937294290 1.13225529335264862851
-1.23224708677154648484 -0.88358702044861470171 -2.28264611859999755339
-2.08958111985434413782 3.16773872940121759001 -2.74384541411203120020
0.21707794697635129921 2.08103322645321853201 -2.94375375710822595465
2.13352879724390387395 2.55324227838313611016 3.36149920887392195112
2.20385064228338301007 -1.81896783715249066304 -2.11670064547813607803
3.36968077169003255023 -2.47341477620548477745 2.99572733459289342051
-0.72832312179298508426 2.97240604184848056235 1.95154408206080276500
-0.14043759115934761894 3.00627308199015530477 3.17354609016590938353
3.91218517512734731412 4.02139747331075358971 -2.54469935725907969726
2.62652550324992706265 2.06147307439423332909 1.46335720522548928813
3.37415932130484375051 3.29303187967015897897 -1.00785437874271011083
2.10237981783052862994 0.06088446974825778568 4.24693821010537941874
-2.72578410897308698324 4.14546941548492764440 -0.30226754696824986723
-1.98698215339650907652 1.32907627873384015516 -3.80621430885689626678
3.09559981718582744037 0.95103762968417626666 2.36971962504321265186
-0.10285949393983084832 2.13841591420536492052 1.91161303741113730581
-2.11455421490234796167 3.03005050165912148685 -0.61233486370441170266
1.29758647039329044759 -0.38724222280066289414 3.60886989803983038172
-0.73065088132353261940 3.31231375209875888999 -0.33008416593591949351
4.37402890684271294930 0.19112094387765043990 3.21230475321894282104
2.26648494132167943604 -0.96187296782704656550 -1.00186570313698508627
-3.30130155504315414561 0.12900786609159275997 -3.48877866436670691641
-4.29115280520423514332 0.65696128585618307483 -3.53637784841527968993
-3.41995880243886851702 -3.90201539002326391881 1.38116620801495226800
3.67330578969510579412 0.81318520906627078659 3.88070269031767001167
1.22480316219911156139 4.20640766450305658708 -2.84866589139171555445
1.34029179187088853809 -0.33034722154736595456 0.94031245456106660185
-3.12248156386094599668 -1.00065800593229159432 -2.90561619229927314834
-1.60387910173464121044 3.93096602170623743433 0.12369699459905536543
4.00015078282220404304 -4.47447249695896420718 3.93564690193354049796
-4.12403088508780868437 -2.18723980012492180691 2.99216790346518823895
4.52035582243248246215 -3.21295663639740247675 0.80958876102296173372
-2.49336896322359935496 -4.09836296094708796289 -3.93405966865989631387
1.71401867308830624381 3.24384377332450224429 2.17533276659812280229
1.86111944266945439352 -2.16544588340638632928 0.27194081027941763296
2.06749258448685946377 4.03237073353230979222 1.64432943345682414105
-0.50909278484905762241 -1.81497358928652019472 -0.34723656473316921733
-4.27012454747702463465 -3.63061565004822606184 1.92363110921917268570
2.41354187341886650131 3.91674650665311130382 0.53056277333630141868
-3.65063745535795680652 -1.57539934774120959915 0.87829666450146692824
-1.83503364348033182196 -3.09763756560309611032 1.19860934669451690837
2.86005878869082064142 -0.26025483726374520899 -2.86969487764374830974
-2.57386530391288914643 -0.75097762821719848958 3.71012666641166344306
1.59127349067142542793 -2.44578344069052588949 1.29234890773513289020
0.02798900469611353969 4.31203335265643605823 -4.40728301088413143560
1.89454777878018898463 1.18226358668384623485 -0.97024344177539134648
-2.49435293287373882620 2.36040803552171318813 -4.25728629664290192380
-0.36945690820377397046 3.33493997823149701532 -3.90810952416773949025
2.17074838583775520107 1.48874638579667362137 -2.12023209505178655832
-2.05490833831044561464 3.93147448258127152343 3.36444711035009991207
1.92159293718971913023 2.48111329648042033824 -2.70843440865585893818
-0.68955365055267536789 -1.19038352740075481506 0.71920179254173000061
0.35700810825401685378 -3.35641260319128065248 1.48925264337041607376
-4.53097515160569752624 -0.57770176181018140227 -2.95414508853619750539
1.03821981695437148829 2.94566275366638308242 -2.19378942770772233928
0.40421553995536374515 3.49742188920728747092 -2.95930122910571302697
-0.86132449619065099000 -2.71824851005531531456 -4.11617872819611552160
-3.07063237757836704489 0.33355520800425164651 3.63625008631462787179
-2.80679987214665160877 -2.91921537429022892596 -0.80778559476192413058
2.86856160943602844782 -2.46509028775343974615 3.89671653349305291414
3.30382290274739620628 -1.96972680550994105886 2.13065932680224179308
2.92426404915331428214 0.02192956419182312544 -1.37183551559853889046
-3.41647639123821678098 2.06195384802218750764 3.23232912995435395231
3.89643176910888211495 3.21979957079761103245 2.85123569965699807938
1.23801390430981772539 -1.59625592255511072892 -4.39973800926481839468
0.82336476462445862268 3.19296046474907679880 3.56246141673624716617
1.31807937692760379633 -1.78663633677992672588 2.04658526018594333351
2.49829918078211488108 3.04619308351039030924 -3.95150411668747159055
-2.96600410767903222009 -3.29605650679727979480 0.56320696491827693109
3.89153454989997893421 0.81793252386778814156 -0.51418683031805390016
4.15115617174860762617 -3.96873590656430996759 -1.28078338495960064591
-1.70321442993245186770 0.00511013079288158423 2.25478427289117799859
-0.83201234582710403842 -0.32436771252193530302 0.04803956205340309538
-0.18116965583769051307 -0.40708032496073442985 -1.09499990773025368540
1.41380857132146431354 0.53206667972937538025 -2.18054947709316770954
1.91551766071401274871 4.31146502371539153131 -0.33712116341232079009
3.34890443454197228590 -0.65012579755603372433 2.17914909367338971435
-1.12102111247689695261 -0.17210563691905012007 1.08121605533489084650
0.43521367885363027028 -3.01428747296530552546 -3.36091918608146622560
-0.21073604294204084653 0.48128533823727970287 1.53396798369341613721
1.77098943973470923652 -2.55691162838899188614 4.07295062212702507765
-2.51132620246927196206 -0.36108092118591006425 2.68342579795317703883
4.20333266450801179559 -1.88532240203685397262 3.66909219977045975014
-1.70551820046098345784 -3.58893426268580295613 0.24788983824226029640
4.36537523108915603842 -0.86747409137164233073 1.73552677437139291072
-2.49682449360149583129 1.43278608999837242521 3.06353785540152134814
-1.58052396476829315475 -1.98105918972141292755 -0.37297457435965508665
1.41941573385470487523 -0.56154189592788839036 -2.77773916590925207259
2.51942175002457702249 -3.97241583367743178457 3.54115539432491299721
-1.29095594781816158658 0.84691860717114053614 1.78233536564280647951
-2.75926040130695726660 -4.35269504876359558665 3.76228130383514791646
-4.48515347733399138974 -2.49800091375007848882 -0.11012540046101193525
-0.00336220194146363838 -4.43610384192890805366 2.76426653007606848433
3.21161071298679257069 -0.43097679209906303299 -0.37774322194328835423
0.94894129888851974641 1.85731578414236686569 1.62285968472006825181
4.00088913139633373106 -2.75429919005504597607 -3.01003459758438163263
-4.19281467189294598796 -3.48098972313005017298 -3.07913318456229756492
-3.99642261420115829651 -2.72146580429845075244 -3.77912522917232740483
0.30242028952762645133 0.20946380833891975470 -4.19433140309012753022
-0.40503023638153390351 0.90490423900323158080 4.23411304048588998938
-2.05274035397746912324 0.06640940919838467238 0.24214462379455348184
-1.28256489064507306352 0.00473434192364940998 -2.71691097069354903226
-0.83242015164352789469 3.97394581269712521276 3.15104398743514657610
2.97280351646559370948 -2.82564420549194039722 -2.44670418373234621612
1.29634478113438511571 -0.21315688854148184816 -1.21209294767300690410
3.16202297650543506791 3.82630538143259268935 1.74594400883273959124
-0.39063299981750354561 0.90287998915299549907 -2.06834438126926878354
0.39125693897729885151 -1.76030886435274736002 1.57450440225696741692
-1.55267599194393923767 0.26810942491676925670 -4.00092316622773491730
-0.50248915715120467951 -0.12597885037530076602 -2.11231418563854189685
-2.08974344124190958283 -0.75684026207411259080 -3.55165609053778696946
-3.91827699781595528705 3.39462929632896415200 1.02980810178848081193
0.93076371794770551560 1.04435950292179757781 2.32203316267070736245
2.61358949468978796205 -2.38797411150711669237 1.07133289330819714280
0.29585106515118742010 0.29041159981723296823 2.61795228864303197724
0.38607787859082609572 -4.25837942174281458563 -1.83514174880245173327
0.98102588853611027986 -1.13381163319390765309 -1.87214702206756022917
3.48896195104998252390 1.39275592447718832290 1.43917903678896230701
-2.26626292614624169630 -0.37232527790970859627 1.32462292736998765719
-3.37666638253905171396 -4.06300599778790072492 -2.63913642997659758649
3.11572312188468902860 4.11331965003430166661 3.08541813747802429191
-3.82599826394399578078 0.96857934126937994535 -0.81707188123007012948
4.34252469397600560086 1.65751816273262964074 -2.86390050324882494692
-3.52073306702180177652 1.91669426696753042449 -0.97301786646876742282
-2.96106315398988639842 0.47070970446849624835 2.35494625534104251585
1.46737004779672286503 3.32814386876681833627 -3.32858775385153426996
-1.26858498372718031533 -1.23107061878393597709 -0.98925795095026458625
3.27307044124314305833 -3.70330900325339174017 0.32472852248387340524
-0.63473485451897548870 0.93189008740314172030 0.53569848260403407636
-3.72848198459467772281 1.46103340161412287301 4.10093189616687592292
3.05493253478392734479 -0.28083606576929565080 -4.22121237170648111459
-1.39452949569941653252 -3.02864727557014656867 -2.71444085038890658979
-3.67680112846596296450 1.33080772547497172553 -2.01410235308655316544
-2.25949534967973830746 2.03399729100139214921 1.03002532321491546696
4.13580873671409054992 4.24185716358131781334 2.65486255219556266383
-3.95811515558606696885 0.51292238404704626475 1.17171402461801843486
-3.05930211979671495826 4.12773904357498810924 2.84328523080204131901
-2.56535735751667770543 -3.01263744399181243594 -1.93745971125966942594
-1.45020849819192365615 0.96645357532874331952 -2.44547750638549787894
1.70813394502726634272 -3.41846403125408659918 3.25840664249002376351
-3.98928766608990059694 2.32095080327208691529 -3.29432043769286808654
-0.85414719941896688482 4.48923826254835045546 -1.52445314365785122845
-0.54500584150577324749 -3.41317932440026483576 0.26963759419865240829
1.97145908036096262350 -4.02038831211352931660 0.54166042197632169319
-2.91404008846435624847 0.31662266781890036071 -1.90096736608793159817
-3.94008074095472826670 0.85726678678650625187 3.23319598441911981723
-0.48456413838781475789 -1.80703743006578898544 3.62720424960989173968
-0.50788136935369809777 -0.63042180290864191505 1.78992763143827460226
3.96838102255789326733 -1.49137445739641272269 -0.87517740247553588162
-1.73989801250128106602 2.08673824146146280611 -0.09788723379683705872
3.26270409395607341452 2.53480261333098066956 -3.17474393893512063514
-3.58130507013266718985 -4.09414959022996960414 0.06226774029259019017
3.87231467659628503242 0.15316382415087392843 1.39059888483535853965
-1.10829452657834881535 1.77271403147068173922 1.85507456471831666533
-3.40211651984259511039 2.43616063899667256720 1.45265090035329169638
-1.71106001051486256159 2.65471925299885747052 2.09100237290808621538
-1.70872840222453747927 -1.09918083785939035835 0.43540639384862611649
-2.27906943029165232062 0.81151198417601211332 1.15608676349445804732
-2.57282711216623694028 -1.51897273539619526161 2.65807648414483654875
-1.23793824441168665018 3.14418960537092306851 -3.46492555930313450574
-0.22245045667841001347 -3.99033547345668004880 4.03198719066746757989
-0.15527666626046876530 1.57914289000035967803 1.11791333769757361694
1.00689415349811550726 -3.00226101957596736014 -4.52447700982775113943
-0.98683033143117127040 -4.26357243048896084048 -0.28499493921971552624
0.78806266865047014392 1.39242795668139951459 -2.26579933119401921715
3.38639387929786828124 -1.54047008176242350430 -4.40562140644794020261
3.78408826236384232544 -2.65656346012076172158 -4.26394319488423345632
-2.92487196858870079907 -1.77581882816783886980 3.93648889351258457481
1.57801737719821311146 -2.46129487761312581995 -2.62384719567607005430
-4.46062503915054886505 -0.15832577099762801254 -0.62087985736366757550
-3.06698159128823233388 3.87068485075003732021 -2.96320314630006320655
-1.72561356911952001880 2.16074471130863177137 -1.98772519659108670709
1.32396378555990867909 -3.07360909615993138644 2.11166359207441356460
-3.88967383753152118331 4.38357470949946570471 2.01448455050272912104
3.16063332647016714816 4.53677069302845215049 0.92636364284771577360
-2.05561211236723551110 -3.25111820613626356646 2.91971516848865775273
-3.11234525364367087263 4.06032253043539714810 -3.96953972633743346066
1.25005740262718578748 0.16566822662260349830 -0.14784276629722636898
3.19202034026054182192 -3.36379233187816373274 -1.19564397041588588166
-0.91430427770478583938 -2.75642788406940564272 2.53017600901525252510
-3.48484166836395514721 -1.20376519662023140356 3.21900835803726881323
-2.94368139942950479693 -2.70455382792570286909 -3.90763425404025532828
1.41978052185865610824 -1.01911508615087953444 2.72529287212349569103
0.98619206669849290847 3.76068965961846846113 1.48845207255873290819
-4.40022982037320176119 4.36996833482906676949 -0.54373281779468918273
1.53161353764028174140 -1.41723188902276220347 1.01634602682947416952
1.02044646779203507236 -0.98876002168263577019 0.20141706112405710627
-1.27493261640507693500 -4.49208327567772247590 -3.77478312786101843912
-0.22912112594284472777 -2.61253042077466313131 1.39283904769700495052
0.65782283694260001994 2.60398493935679908873 -4.01296014579312476656
2.97536421645194248953 4.36553853343810782661 4.38510682402770779476
4.13456716266645951663 2.75708654391379770487 -1.47668749358407502825
-3.79002486992482623407 -3.73283986621842167608 -1.66993782528460732451
0.01777830495182364245 3.54387368725394491520 -1.99277546000211636112
2.78447167722717736638 1.06394196287014963787 -0.43891555011900962313
-3.61001026059058194306 0.46064275726057690719 0.10471922055357030246
-3.94181410890144734438 -0.38284845506598497167 4.15722135004466775143
-0.23614944001954274455 2.01169579347025528904 -4.04355621159768308104
0.47908734914821948792 3.17693639943336947340 2.26227809078193864423
4.14016898013466505546 0.12723024152055284475 -4.10696748602289840591
-1.40643747510164107695 3.43648126384649454934 4.44186002146451119899
-3.26140389542911535159 1.60063798428827386289 0.03194015789906501368
-3.47350132681577727922 1.40510157949366654151 2.33734796810336753481
-1.00911588097729731928 2.04987330955954227818 -3.17929240062514928411
-2.50960603696704209753 -0.00190553471006271735 -0.73754677479619967784
4.22104655831795216869 -0.78473828358507891068 -4.24772602861995185464
-1.15288007821783544671 2.81036807419171630329 3.48839884268184174942
-2.85318745241290550041 3.36248684569728961691 1.60800522036102844226
3.19340204831639606908 -2.12764761337648655726 -3.42347468302659319050
3.75421968049584986460 -3.64275498631473437783 1.27213762019726406294
-0.51736123583830817552 -3.36596997130855646319 -3.23276864916622264090
0.03627627453758641707 0.29036987487386323181 -2.86684875204840849960
-2.37971891847220096139 4.04256461920259990706 -1.28994740383312134213
2.43852019197989111632 2.09303585348736032046 4.37627912190089585209
-1.72291309835450379140 -1.87070667553686886819 1.19332180245343710823
-1.01903323540403167868 -2.42229150879004517805 0.65736514810315771484
2.56445267878664306949 -4.05425127472920365790 -2.92464947903951166808
4.13435698087843395143 -4.47604013977774961575 0.44254744545256663457
4.15588340371403841544 1.44789555665629787740 2.85301283382975423564
1.31872241899431319467 3.85393144224229455830 0.41241416762915505956
1.19483288136903187393 -3.80763735371518263761 -1.29576787289853179175
-0.91421619977233259391 -0.73529867811181937043 4.46005332584956537545
2.89431289674130187706 3.05328131503168886951 -1.92021872756455636022
3.26732768303831644374 4.24617139046684410886 -0.34239391336001645527
-2.18899818598864870367 3.29426299216612683551 -3.89248801752121886821
3.34846926009503942367 -4.33367870381428055282 2.07816278357175843183
-1.57097763297260328841 -3.00072285305064356820 -0.79833201968524125647
0.56511533400859548237 -0.18151188151169517226 -2.14064255604262854149
3.34357518791641261657 1.70359621026650653874 -1.16089517057278968082
-0.57559940173961887666 -0.11874827863559822561 -3.77529445801699159446
1.67133414617080511277 -3.81261210750277168557 4.25210303381402443534
-0.16322884441625973295 -2.92555993312795914463 4.23058734221036036871
0.00842245902196125940 -4.52088345645177636101 -3.00642653108437585274
2.51896392406417124477 0.70430349280404414003 -2.78601405142965674600
0.86994255606825632299 -1.76368672173710194784 3.73386421978890137297
-2.39671911409155535821 -1.87042260381711145101 0.04906621427846502570
-2.17047901231092277285 2.54228534470821987412 3.24033395181101813165
0.30054946546963456910 0.31626835691515164939 -0.16025890782462148820
-1.97769171935224497005 -4.17022313427239499362 -0.60353049956350535155
-3.35736281352455190330 -1.93123003491681988208 2.04378374964469511355
3.65623925894682688664 -2.06804274242127394956 0.11636392354844282693
0.14375701684387376389 4.23467561661618052682 1.77349164016211613415
3.98390960553351813900 0.51165389851232845331 -2.82812997638425089875
-2.73880840979473294539 0.94212978266981739495 -3.08240917042045481367
2.99754964213864649736 -2.83250689111113729268 -0.05006908374927210303
4.09873522983066518321 2.44661632123857231136 -4.03276037481973137488
2.05084259481523734081 3.64097514896482277180 -1.31463029858271518435
3.31174140501096925249 2.13423438115188535136 -2.18759343256000571287
-1.50855621760444869039 0.25863381299612964170 -1.68089761238743662375
-0.18013970031482973155 1.12301169032328918007 -3.62568368536188412321
-0.32581228504816106550 -1.70910204553877242972 2.28979286758607347707
1.27712505390618158430 -3.97694238056544069337 1.38395700191361381570
2.93502738311052802089 2.76531678779521783440 2.47822663850788060813
0.24038148516579393998 3.24636483847208889841 1.04217455650644286180
-1.59298547992164429843 -3.57206437075591365371 -1.76493285572095448543
-1.47621157748665865483 -0.08181413236818091406 3.92080887625534568741
0.30534776195282109512 -2.87432662516411463471 -0.72891132453802764957
-4.34044880461172510877 1.38319129997555467781 -0.13175901035002102191
-1.81603940225726967483 1.16200074403632935827 0.34302515630716712280
-3.97886292599869673126 -3.29601784832929833868 -0.73863332224066313714
4.31477226451470752266 -3.08500340654900195858 2.81826437277775188051
-0.07637323207976187689 -0.26718195992250226567 0.74898843749453725138
0.28265514339368280616 -2.67880075345880541704 0.48178348166273465836
3.18719815227809277758 2.32214147215000199509 3.45574802314038276307
-0.33441220660069337356 -1.02068711583805260545 -2.90906539243837647390
2.06467529772775026942 -2.81559078707479581993 -0.78320839198930913838
3.27908807273070479482 -3.03542682386711248910 1.87578660264966945448
2.76805575248481350314 0.74621105395666464943 -4.43049775411301904882
-3.42865652669094078675 -1.13255618646187850018 -0.08505170865974420735
-2.53616034662325651183 -1.99959892565882402238 -2.69374124008686166576
3.71069071156119090205 3.33084394399265182329 4.17468961796051996060
3.67325491045464769257 3.66333032680288805949 0.69726190116467012814
4.16469855499373675656 3.16776600249565554179 1.44871400685598672453
-2.10941700252887054390 -2.54346548173070230447 4.41247160652479930576
3.91400646801497753557 -2.40727623389358580397 -1.85893013297722742294
2.72305301954137934928 -3.41864319196072896645 -4.38998169913223801331
4.20235312920378856205 2.63082941725407160050 -2.74008182588777549071
0.15087632664997929766 -1.63660985437512929153 0.52305540073563250303
4.38964988099401320909 3.94935591405265906673 -1.49427171603936415067
-0.16289333904813663167 -2.15260604777525665909 -3.17425270305817575078
-2.43361201079132793978 -1.02147713071420964681 -1.67262831778761711377
4.15704885832031312276 -1.52672205097216728831 2.60517438336435080970
3.19482327512369401745 1.78053620010630897497 0.19932491626594828205
-0.28997985403102877200 1.12496428587201879878 2.93828380493155183473
-3.25035741305453651506 -2.03315550742340844792 -0.63668050798755437825
-4.07738830455711287470 3.95923940544456787194 -3.80053504483042514650
2.48778367436116365496 -0.05888222581122448673 2.13739451916047862312
-2.89852394041680216930 -3.29188014718202737185 3.95205679677945820316
-1.58652685631356993312 -4.36087773465029915343 0.91196767727639027612
-3.47931582168906894381 -0.60437974395978821818 1.77167911107481224064
0.72727760890582793252 0.85171613032441317870 -3.20874163059272055065
-2.48783122651349408727 1.41215604183247744885 -1.76483938772345494428
-0.67300767105567205206 -1.48483449165474734599 -3.83005711981378560438
2.34986430331613771472 -2.78488025309620335079 2.62825195570006098222
-0.60129141255880602657 2.17191396007560211245 -0.15319015215038067623
-4.52454746319588974046 1.57904581432381707629 -1.38270448615844276929
-2.04625919519696974902 -2.43010307698177507874 2.11184495370315872265
2.47689518709617040315 -3.73606337696596657594 1.70267548760864606550
4.05777712412377500328 2.42952451034971073085 0.89403282297262798295
-1.71765255621653167850 4.09012282960662698628 -2.64519167749467776218
0.48887327100044597472 -3.94148501554802255242 -0.24867805469681325548
1.19517502511112727603 -3.11797233203027790438 -0.14300470706332468751
1.55565350875962682409 -1.50832998214269853321 -3.18776447019948561135
-3.89658923115582078722 0.20460887130864779948 -1.73691770442636883587
4.38177342634453648174 2.49795592500261331992 2.12799949795711729195
0.59831278665612153134 -1.34954038169967205363 -2.87259358943985176893
-3.68663240702760397483 -2.08427629624935661923 -2.89506589657782109626
-3.46517826717666643788 -3.61334336612942985667 -4.25887540845189516148
2.96502348928600500955 3.53037360672650191162 -3.10434909330386554771
-1.50704848338369146177 2.36743975351907032234 -4.11923665353365375807
-1.46358389721292470043 -1.33832280713328088950 3.82912071714691304436
0.27585406409481549872 1.94080565387316017478 3.17453000542190100219
2.38551047289421536135 -1.86310158608892040277 -4.43938210132344668324
-2.03972147794697544754 2.94899883219048231098 0.70145232723432116018
0.59286113471111612228 -1.72767891065384748828 -0.70011053629365793682
-1.01145447306549218780 4.39575169537957233246 4.08702370981523888105
-2.56599799720156429572 0.80954718143590920221 -0.18378953628317695745
2.15548607081967791288 0.22491270109635230767 1.12000847614402232466
0.88061059677360997711 0.77343238932974234245 1.02925356136500489868
1.60349049334287574453 4.22808840703976773767 -4.04679116748859790675
-1.54013591153041096149 -2.43177493028640201445 3.49445163341945086444
-1.15888897837408233471 3.62863888560394709515 1.04875593975344383324
-0.48593783673656254507 4.47012505448498043137 0.88073926486352505094
-0.82581333248539046110 3.44172440746420083002 -2.55570712787285136969
0.49601283929256911875 -2.49664931711623294674 2.44566542993180302545
3.67847145034137401609 -1.23224807842262595869 -2.88369107106421074249
-1.11526530340090168636 -3.92669008690421206254 2.14857724234868197044
2.57703641059879284825 -1.34337054954580992217 1.45247448564639647373
4.33606148149161452210 -2.84245226838885489684 3.86401828038259065323
-3.14325599476774231178 -3.05030832406795582301 -2.87341649812140254028
-4.29682473877004156293 1.65500571166613230645 1.64838540860010951405
-3.13377536710633108896 -0.43700588342412061138 0.63745979458135515472
-3.53229892548164636779 -3.05259238750172912091 2.96322415374587588843
-3.15124205354441677684 1.27629455824592152879 -4.14827299939450000466
-2.67204542059789851294 -1.30408711342432592772 1.18952709792336808192
-2.17851449990977030780 -3.90890911257767248443 -2.73588853895183969911
2.07271536654701638014 -0.24611927883892370517 -1.95932645194082866169
-0.82798426931044133426 0.20729799568282469835 2.96498898418469192251
2.32807972543936525511 -0.82529769025325272480 0.36614942609097234083
0.23364052393183420975 1.39278134191074887127 -1.25247598411847249622
-0.46865985426649103829 -3.14679529729988383124 -2.26929678982979377011
-0.60553843039396504366 -0.84793704042814610489 3.17364290296848050588
2.97999673872281611864 2.94327894434694847803 0.43806059464670621395
-3.18357005221637923142 1.34125943822897841784 1.12206662326640671523
0.98003894551747006147 3.89842209140168538539 2.76848217864590662174
-1.09440908976145401255 2.34214868388811847666 0.68361291111311128788
-4.02064904099497333334 2.21430378928174409481 -2.24093344012660589115
-1.30372355910252046840 1.86486814529883382363 4.06959504200907584703
2.64856911985323684178 0.04473424713951068554 3.25860169136781863131
-0.82085496187898376874 0.66011124322135028564 -0.90827538581298083997
-3.18159849019797436043 -2.79107209632125563559 1.58902811250035558288
-4.25686053009472775699 -1.42320492877102111606 -1.87853393235082899437


