508.0
1027.0
1593.0
1938.0
2300.0
2688.0
2983.0
3360.0
3703.0
4018.0
4312.0
4502.0
4665.0
4793.0
5268.0
5446.0
5599.0
5786.0
5994.0
6295.0
6406.0
6424.0
6686.0
6821.0
7105.0
7044.0
7168.0
7294.0
7409.0
7624.0
7722.0
7774.0
7956.0
7974.0
8079.0
8124.0
8155.0
8327.0
8330.0
8484.0
8558.0
8692.0
8600.0
8726.0
8671.0
8733.0
8928.0
8818.0
9082.0
8944.0
8973.0
9166.0
9136.0
9318.0
9183.0
9391.0
9289.0
9474.0
9413.0
9547.0
9376.0
9471.0
9375.0
9648.0
9667.0
9661.0
9841.0
9798.0
9615.0
9661.0
9667.0
9839.0
9790.0
9848.0
9771.0
9591.0
9937.0
9972.0
10073.0
9978.0
10046.0
10016.0
9997.0
10102.0
10044.0
9971.0
10042.0
10192.0
10139.0
10099.0
10043.0
10144.0
10132.0
10234.0
10385.0
10177.0
10151.0
10289.0
10158.0
10165.0
10131.0
10300.0
10125.0
9993.0
10113.0
10221.0
10224.0
10341.0
10059.0
10222.0
10399.0
10230.0
10210.0
10255.0
10117.0
10189.0
10321.0
10207.0
10242.0
10153.0
10339.0
10375.0
10247.0
10313.0
10340.0
10321.0
10194.0
10360.0
10330.0
10356.0
10351.0
10266.0
10160.0
10181.0
10243.0
10129.0
10297.0
10285.0
10252.0
10160.0
10298.0
10255.0
10072.0
10000.0
10196.0
10227.0
10185.0
10263.0
10196.0
10167.0
10137.0
10066.0
10138.0
10243.0
10217.0
10209.0
10139.0
10089.0
10191.0
10154.0
10111.0
10178.0
10139.0
10014.0
10125.0
10263.0
10145.0
10055.0
10029.0
10143.0
10185.0
10182.0
10144.0
10217.0
9972.0
10058.0
10044.0
10201.0
10335.0
10201.0
10133.0
10298.0
10154.0
10098.0
9960.0
10215.0
10083.0
9953.0
9986.0
10271.0
10191.0
10173.0
9996.0
10186.0
10218.0
10153.0
10005.0
10040.0
10151.0
9918.0
10008.0
10139.0
9938.0
9835.0
10044.0
10005.0
9898.0
9848.0
9992.0
9991.0
9956.0
9967.0
10062.0
9932.0
9946.0
9912.0
9944.0
9797.0
9823.0
10168.0
9903.0
9946.0
9789.0
10075.0
9957.0
9859.0
9862.0
9993.0
9934.0
9846.0
9774.0
9852.0
9786.0
9768.0
9871.0
9867.0
10015.0
9830.0
9807.0
9714.0
9703.0
9800.0
9599.0
9928.0
9766.0
9837.0
9839.0
9706.0
9855.0
9775.0
9639.0
9592.0
9789.0
9711.0
9507.0
9824.0
9577.0
9658.0
9721.0
9779.0
9619.0
9849.0
9641.0
9590.0
9574.0
9512.0
9854.0
9508.0
9787.0
9606.0
9775.0
9744.0
9581.0
9696.0
9691.0
9477.0
9514.0
9679.0
9599.0
9690.0
9436.0
9755.0
9776.0
9519.0
9566.0
9353.0
9646.0
9632.0
9818.0
9686.0
9570.0
9634.0
9567.0
9725.0
9484.0
9348.0
9574.0
9593.0
9609.0
9558.0
9486.0
9792.0
9641.0
9505.0
9335.0
9361.0
9648.0
9386.0
9609.0
9606.0
9493.0
9520.0
9480.0
9531.0
9378.0
9506.0
9512.0
9622.0
9581.0
9543.0
9406.0
9233.0
9368.0
9433.0
9491.0
9409.0
9305.0
9103.0
9501.0
9455.0
9354.0
9488.0
9320.0
9474.0
9582.0
9556.0
9498.0
9491.0
9205.0
9600.0
9346.0
9291.0
9215.0
9613.0
9250.0
9490.0
9380.0
9345.0
9406.0
9393.0
9505.0
9163.0
9443.0
9167.0
9255.0
9096.0
9160.0
9293.0
9589.0
9292.0
9100.0
9512.0
9258.0
9344.0
9486.0
9469.0
9213.0
9406.0
9133.0
9467.0
9264.0
9120.0
9413.0
9372.0
9370.0
9511.0
9278.0
9449.0
9298.0
9669.0
9474.0
9319.0
9392.0
9475.0
9257.0
8903.0
9289.0
9337.0
9500.0
9584.0
9402.0
9295.0
9399.0
9423.0
9458.0
9438.0
9581.0
9275.0
9777.0
9475.0
9513.0
9669.0
9742.0
9412.0
9626.0
9487.0
9427.0
9608.0
9336.0
9265.0
9656.0
9829.0
9637.0
9323.0
9312.0
9503.0
9950.0
9644.0
9790.0
9770.0
9910.0
9958.0
9520.0
10087.0
9582.0
9530.0
9585.0
9656.0
9953.0
9973.0
9820.0
9831.0
9750.0
9757.0
9893.0
10002.0
9865.0
10091.0
10367.0
9496.0
10166.0
10069.0
10041.0
10070.0
10175.0
9850.0
9914.0
10143.0
9849.0
10064.0
10212.0
10127.0
9857.0
10479.0
10073.0
10524.0
10639.0
10555.0
10124.0
10294.0
10431.0
10566.0
10576.0
10457.0
10312.0
10912.0
10229.0
10330.0
10728.0
10736.0
10952.0
10577.0
11337.0
10564.0
11079.0
10752.0
11238.0
10961.0
11348.0
10829.0
11291.0
10763.0
11290.0
11442.0
10879.0
11800.0
11469.0
11578.0
11981.0
11758.0
11770.0
11745.0
11324.0
11726.0
11770.0
11060.0
11222.0
12191.0
12260.0
11906.0
7620.0
